1.295022666454315186e-04 -6.073477720747177955e-08 3.783175945281982422e-01
2.495367079973220825e-04 1.348533260170370340e-05 3.716665208339691162e-01
2.764873206615447998e-04 5.568051346926949918e-05 3.652642667293548584e-01
1.893509179353713989e-04 1.377536100335419178e-04 3.596055209636688232e-01
-1.395866274833679199e-05 2.493631036486476660e-04 3.545689880847930908e-01
-1.873876899480819702e-04 3.835178213194012642e-04 3.499690592288970947e-01
-2.396088093519210815e-04 5.298291216604411602e-04 3.456767201423645020e-01
-1.761242747306823730e-04 6.843325099907815456e-04 3.417117893695831299e-01
1.681968569755554199e-06 8.444788982160389423e-04 3.380905389785766602e-01
2.920795232057571411e-04 1.009115134365856647e-03 3.347627818584442139e-01
6.923489272594451904e-04 1.177726313471794128e-03 3.317079246044158936e-01
1.200098544359207153e-03 1.349256723187863827e-03 3.289359211921691895e-01
1.812696456909179688e-03 1.523552346043288708e-03 3.264622688293457031e-01
2.531133592128753662e-03 1.695583923719823360e-03 3.242261111736297607e-01
3.353988751769065857e-03 1.862628385424613953e-03 3.222015202045440674e-01
4.278805106878280640e-03 2.023780485615134239e-03 3.203939497470855713e-01
5.302799865603446960e-03 2.180083421990275383e-03 3.188183307647705078e-01
6.419764831662178040e-03 2.328324131667613983e-03 3.174394071102142334e-01
7.623769342899322510e-03 2.465200144797563553e-03 3.162334561347961426e-01
8.912302553653717041e-03 2.590973861515522003e-03 3.152120411396026611e-01
1.028414070606231689e-02 2.706320025026798248e-03 3.143821060657501221e-01
1.173196546733379364e-02 2.807393437251448631e-03 3.137150704860687256e-01
1.325036957859992981e-02 2.892340300604701042e-03 3.131968379020690918e-01
1.483806222677230835e-02 2.961955033242702484e-03 3.128314912319183350e-01
1.649357937276363373e-02 3.016745438799262047e-03 3.126206696033477783e-01
1.821273937821388245e-02 3.056888002902269363e-03 3.125413060188293457e-01
1.999247446656227112e-02 3.082866547629237175e-03 3.125796914100646973e-01
2.183175645768642426e-02 3.095371881499886513e-03 3.127354979515075684e-01
2.373016439378261566e-02 3.094973508268594742e-03 3.130077421665191650e-01
2.568478323519229889e-02 3.083627438172698021e-03 3.133803308010101318e-01
2.769390493631362915e-02 3.062770701944828033e-03 3.138416111469268799e-01
2.975679561495780945e-02 3.033100394532084465e-03 3.143899440765380859e-01
3.187329694628715515e-02 2.994775306433439255e-03 3.150201737880706787e-01
3.404096513986587524e-02 2.949960529804229736e-03 3.157246112823486328e-01
3.625795990228652954e-02 2.899948973208665848e-03 3.164953291416168213e-01
3.852419555187225342e-02 2.845447044819593430e-03 3.173274099826812744e-01
4.083923250436782837e-02 2.786438912153244019e-03 3.182149827480316162e-01
4.320064932107925415e-02 2.724758582189679146e-03 3.191552460193634033e-01
4.560659825801849365e-02 2.661456586793065071e-03 3.201438188552856445e-01
4.805686324834823608e-02 2.597121288999915123e-03 3.211738467216491699e-01
5.055100470781326294e-02 2.531759208068251610e-03 3.222373127937316895e-01
5.308634787797927856e-02 2.467068377882242203e-03 3.233367502689361572e-01
5.566086247563362122e-02 2.403973834589123726e-03 3.244700133800506592e-01
5.827429145574569702e-02 2.342969179153442383e-03 3.256283104419708252e-01
6.092604994773864746e-02 2.284063491970300674e-03 3.268021643161773682e-01
6.361337751150131226e-02 2.228414872661232948e-03 3.279990553855895996e-01
6.633429229259490967e-02 2.176702721044421196e-03 3.292190730571746826e-01
6.908827275037765503e-02 2.129378262907266617e-03 3.304519653320312500e-01
7.187449932098388672e-02 2.086455468088388443e-03 3.316864967346191406e-01
7.468982785940170288e-02 2.047857269644737244e-03 3.329351246356964111e-01
7.753199338912963867e-02 2.013647928833961487e-03 3.342007398605346680e-01
8.040022850036621094e-02 1.984718022868037224e-03 3.354727923870086670e-01
8.329350501298904419e-02 1.962101086974143982e-03 3.367413878440856934e-01
8.620745688676834106e-02 1.944456831552088261e-03 3.380242586135864258e-01
8.913916349411010742e-02 1.932236598804593086e-03 3.393277823925018311e-01
9.208781272172927856e-02 1.927545526996254921e-03 3.406383693218231201e-01
9.505245089530944824e-02 1.932106213644146919e-03 3.419440984725952148e-01
9.802916646003723145e-02 1.942712115123867989e-03 3.432626128196716309e-01
1.010164767503738403e-01 1.960298744961619377e-03 3.445948660373687744e-01
1.040143743157386780e-01 1.987348077818751335e-03 3.459272980690002441e-01
1.070224717259407043e-01 2.026188420131802559e-03 3.472440540790557861e-01
1.100380495190620422e-01 2.080602571368217468e-03 3.485435247421264648e-01
1.130603179335594177e-01 2.154469024389982224e-03 3.498193323612213135e-01
1.160893589258193970e-01 2.249422250315546989e-03 3.510586023330688477e-01
1.191249489784240723e-01 2.366393804550170898e-03 3.522492945194244385e-01
1.221524029970169067e-01 2.522310242056846619e-03 3.533793389797210693e-01
1.251779347658157349e-01 2.719053532928228378e-03 3.544591963291168213e-01
1.282144188880920410e-01 2.949661575257778168e-03 3.554970622062683105e-01
1.312687844038009644e-01 3.211702918633818626e-03 3.564846217632293701e-01
1.343433856964111328e-01 3.487661946564912796e-03 3.574438095092773438e-01
1.374442130327224731e-01 3.769246395677328110e-03 3.583911061286926270e-01
1.405735313892364502e-01 4.060336854308843613e-03 3.592996597290039062e-01
1.437349617481231689e-01 4.363596439361572266e-03 3.601474165916442871e-01
1.469416320323944092e-01 4.679990466684103012e-03 3.609624505043029785e-01
1.501975953578948975e-01 5.010653287172317505e-03 3.617317080497741699e-01
1.534955352544784546e-01 5.355299450457096100e-03 3.624311089515686035e-01
1.568339169025421143e-01 5.712482146918773651e-03 3.630787432193756104e-01
1.602071970701217651e-01 6.058526225388050079e-03 3.637123703956604004e-01
1.636008471250534058e-01 6.388195790350437164e-03 3.643527030944824219e-01
1.670103520154953003e-01 6.704382132738828659e-03 3.649818003177642822e-01
1.704300343990325928e-01 7.006554864346981049e-03 3.656123280525207520e-01
1.738271117210388184e-01 7.295498624444007874e-03 3.661980032920837402e-01
1.772069633007049561e-01 7.572521921247243881e-03 3.667705357074737549e-01
1.805910468101501465e-01 7.838279008865356445e-03 3.673633635044097900e-01
1.839904040098190308e-01 8.094131946563720703e-03 3.679836690425872803e-01
1.873910725116729736e-01 8.348870091140270233e-03 3.686077892780303955e-01
1.907966583967208862e-01 8.602604269981384277e-03 3.692373633384704590e-01
1.942202746868133545e-01 8.851273916661739349e-03 3.698722124099731445e-01
1.976705044507980347e-01 9.091828949749469757e-03 3.705025315284729004e-01
2.011379450559616089e-01 9.325749240815639496e-03 3.711253106594085693e-01
2.046218812465667725e-01 9.551224298775196075e-03 3.717360198497772217e-01
2.081314176321029663e-01 9.765727445483207703e-03 3.723188638687133789e-01
2.116744220256805420e-01 9.967842139303684235e-03 3.728586733341217041e-01
2.152462750673294067e-01 1.015632785856723785e-02 3.733748495578765869e-01
2.188482880592346191e-01 1.033060811460018158e-02 3.738641142845153809e-01
2.224887609481811523e-01 1.049058418720960617e-02 3.743058741092681885e-01
2.261747270822525024e-01 1.063685119152069092e-02 3.746863007545471191e-01
2.298991382122039795e-01 1.076773647218942642e-02 3.750373423099517822e-01
2.336628586053848267e-01 1.088349521160125732e-02 3.753581941127777100e-01
2.374733090400695801e-01 1.098520029336214066e-02 3.756294250488281250e-01
2.413276433944702148e-01 1.107544638216495514e-02 3.758547008037567139e-01
2.452129125595092773e-01 1.115802954882383347e-02 3.760716319084167480e-01
2.491197437047958374e-01 1.123577076941728592e-02 3.762944936752319336e-01
2.530483305454254150e-01 1.130910124629735947e-02 3.765171468257904053e-01
2.569977343082427979e-01 1.137844193726778030e-02 3.767374157905578613e-01
2.609638571739196777e-01 1.145071163773536682e-02 3.769896924495697021e-01
2.649403512477874756e-01 1.152783259749412537e-02 3.772930502891540527e-01
2.689240574836730957e-01 1.160765066742897034e-02 3.776424527168273926e-01
2.729166150093078613e-01 1.169076189398765564e-02 3.780252635478973389e-01
2.769269645214080811e-01 1.178070623427629471e-02 3.784562647342681885e-01
2.809592485427856445e-01 1.187964808195829391e-02 3.789314329624176025e-01
2.850122153759002686e-01 1.198762282729148865e-02 3.794398605823516846e-01
2.890835106372833252e-01 1.210467331111431122e-02 3.799721002578735352e-01
2.931615412235260010e-01 1.223384588956832886e-02 3.804870247840881348e-01
2.972435057163238525e-01 1.237899158149957657e-02 3.809560537338256836e-01
3.013271689414978027e-01 1.254155859351158142e-02 3.813722133636474609e-01
3.054080307483673096e-01 1.272122189402580261e-02 3.817731738090515137e-01
3.094687163829803467e-01 1.290664821863174438e-02 3.821580410003662109e-01
3.135038614273071289e-01 1.309159118682146072e-02 3.825189173221588135e-01
3.175150156021118164e-01 1.327596232295036316e-02 3.828616440296173096e-01
3.215022981166839600e-01 1.345951016992330551e-02 3.831838071346282959e-01
3.254520893096923828e-01 1.363557390868663788e-02 3.834609091281890869e-01
3.293696343898773193e-01 1.380057819187641144e-02 3.837077915668487549e-01
3.332643806934356689e-01 1.395566202700138092e-02 3.839432597160339355e-01
3.371424973011016846e-01 1.410172693431377411e-02 3.841740489006042480e-01
3.410027623176574707e-01 1.424073148518800735e-02 3.843880295753479004e-01
3.448495566844940186e-01 1.437352970242500305e-02 3.845856785774230957e-01
3.486894965171813965e-01 1.450004987418651581e-02 3.847734928131103516e-01
3.525276184082031250e-01 1.462044660001993179e-02 3.849531114101409912e-01
3.563593924045562744e-01 1.473634131252765656e-02 3.851174414157867432e-01
3.601863384246826172e-01 1.484851166605949402e-02 3.852657079696655273e-01
3.640147149562835693e-01 1.495678629726171494e-02 3.854008615016937256e-01
3.678493499755859375e-01 1.506118942052125931e-02 3.855223655700683594e-01
3.716831803321838379e-01 1.516383700072765350e-02 3.856298327445983887e-01
3.755154907703399658e-01 1.526537165045738220e-02 3.857248425483703613e-01
3.793526887893676758e-01 1.536504179239273071e-02 3.858070075511932373e-01
3.831999599933624268e-01 1.546239573508501053e-02 3.858748674392700195e-01
3.870525360107421875e-01 1.555843185633420944e-02 3.859315812587738037e-01
3.909106552600860596e-01 1.565350033342838287e-02 3.859757483005523682e-01
3.947801887989044189e-01 1.574715785682201385e-02 3.860029876232147217e-01
3.986660242080688477e-01 1.583917252719402313e-02 3.860095441341400146e-01
4.025655686855316162e-01 1.593113131821155548e-02 3.860087692737579346e-01
4.064797759056091309e-01 1.602325588464736938e-02 3.859989345073699951e-01
4.104139804840087891e-01 1.611486449837684631e-02 3.859717249870300293e-01
4.143723249435424805e-01 1.620549708604812622e-02 3.859223723411560059e-01
4.183516800403594971e-01 1.629627682268619537e-02 3.858656883239746094e-01
4.223530292510986328e-01 1.638711616396903992e-02 3.857989013195037842e-01
4.263807237148284912e-01 1.647742837667465210e-02 3.857120275497436523e-01
4.304376840591430664e-01 1.656682603061199188e-02 3.856004476547241211e-01
4.345177114009857178e-01 1.665435358881950378e-02 3.854801356792449951e-01
4.386206567287445068e-01 1.673973351716995239e-02 3.853477239608764648e-01
4.427390396595001221e-01 1.682151481509208679e-02 3.852135837078094482e-01
4.468700289726257324e-01 1.689918525516986847e-02 3.850856125354766846e-01
4.510044455528259277e-01 1.696517132222652435e-02 3.849883079528808594e-01
4.551340937614440918e-01 1.701734028756618500e-02 3.849396407604217529e-01
4.592591226100921631e-01 1.705669239163398743e-02 3.849305510520935059e-01
4.633798301219940186e-01 1.708380132913589478e-02 3.849571645259857178e-01
4.675032496452331543e-01 1.709493622183799744e-02 3.850312232971191406e-01
4.716337025165557861e-01 1.708906143903732300e-02 3.851497173309326172e-01
4.757717251777648926e-01 1.706755533814430237e-02 3.853058815002441406e-01
4.799158573150634766e-01 1.703149452805519104e-02 3.854931890964508057e-01
4.840714931488037109e-01 1.698412001132965088e-02 3.857119977474212646e-01
4.882430434226989746e-01 1.692633517086505890e-02 3.859435319900512695e-01
4.924227595329284668e-01 1.685906201601028442e-02 3.861833512783050537e-01
4.966028630733489990e-01 1.678244397044181824e-02 3.864788711071014404e-01
5.007594227790832520e-01 1.670834608376026154e-02 3.867741525173187256e-01
5.048846602439880371e-01 1.664167270064353943e-02 3.870424926280975342e-01
5.089808106422424316e-01 1.658022217452526093e-02 3.872978687286376953e-01
5.130490660667419434e-01 1.652256958186626434e-02 3.875459730625152588e-01
5.170832276344299316e-01 1.647192053496837616e-02 3.877519667148590088e-01
5.210919976234436035e-01 1.642704382538795471e-02 3.879240453243255615e-01
5.250846147537231445e-01 1.638474874198436737e-02 3.880859315395355225e-01
5.290664434432983398e-01 1.634295098483562469e-02 3.882456421852111816e-01
5.330330729484558105e-01 1.630326546728610992e-02 3.883922696113586426e-01
5.369865298271179199e-01 1.626518368721008301e-02 3.885278105735778809e-01
5.409334897994995117e-01 1.622687280178070068e-02 3.886585533618927002e-01
5.448785424232482910e-01 1.618723385035991669e-02 3.887851834297180176e-01
5.488173961639404297e-01 1.614870876073837280e-02 3.888949453830718994e-01
5.527519583702087402e-01 1.611126959323883057e-02 3.889821171760559082e-01
5.566878914833068848e-01 1.607307046651840210e-02 3.890470266342163086e-01
5.606306791305541992e-01 1.603298634290695190e-02 3.890880942344665527e-01
5.645713210105895996e-01 1.599085144698619843e-02 3.891044557094573975e-01
5.685095191001892090e-01 1.594605483114719391e-02 3.890948295593261719e-01
5.724521875381469727e-01 1.589793339371681213e-02 3.890569508075714111e-01
5.764058828353881836e-01 1.584610715508460999e-02 3.889882266521453857e-01
5.803633928298950195e-01 1.578874327242374420e-02 3.889002203941345215e-01
5.843254923820495605e-01 1.572536490857601166e-02 3.887960314750671387e-01
5.882989168167114258e-01 1.565655320882797241e-02 3.886688351631164551e-01
5.922906994819641113e-01 1.558305509388446808e-02 3.885156214237213135e-01
5.962954163551330566e-01 1.550272852182388306e-02 3.883520364761352539e-01
6.003146767616271973e-01 1.541536208242177963e-02 3.881783485412597656e-01
6.043552160263061523e-01 1.532217208296060562e-02 3.879846632480621338e-01
6.084228157997131348e-01 1.522430963814258575e-02 3.877669274806976318e-01
6.125122308731079102e-01 1.512074004858732224e-02 3.875399529933929443e-01
6.166248321533203125e-01 1.501103211194276810e-02 3.873010575771331787e-01
6.207624077796936035e-01 1.489632576704025269e-02 3.870491683483123779e-01
6.249190568923950195e-01 1.477945595979690552e-02 3.868026137351989746e-01
6.290838122367858887e-01 1.466452423483133316e-02 3.865800201892852783e-01
6.332468986511230469e-01 1.455435622483491898e-02 3.863952159881591797e-01
6.374053359031677246e-01 1.445015985518693924e-02 3.862491846084594727e-01
6.415562033653259277e-01 1.435304433107376099e-02 3.861458897590637207e-01
6.457033157348632812e-01 1.426695939153432846e-02 3.860907852649688721e-01
6.498504281044006348e-01 1.419380493462085724e-02 3.860804736614227295e-01
6.539974212646484375e-01 1.413373835384845734e-02 3.861102461814880371e-01
6.581438779830932617e-01 1.408685650676488876e-02 3.861771225929260254e-01
6.622940897941589355e-01 1.405370701104402542e-02 3.862845301628112793e-01
6.664509177207946777e-01 1.403565797954797745e-02 3.864264786243438721e-01
6.706131696701049805e-01 1.403378602117300034e-02 3.865968883037567139e-01
6.747785210609436035e-01 1.404895074665546417e-02 3.867907524108886719e-01
6.789370179176330566e-01 1.408581342548131943e-02 3.869656920433044434e-01
6.830874085426330566e-01 1.414842810481786728e-02 3.870969414710998535e-01
6.872310042381286621e-01 1.423807814717292786e-02 3.871838152408599854e-01
6.913638114929199219e-01 1.435603201389312744e-02 3.872503340244293213e-01
6.954744458198547363e-01 1.448483578860759735e-02 3.873123526573181152e-01
6.995611786842346191e-01 1.461672689765691757e-02 3.873740732669830322e-01
7.036265134811401367e-01 1.475175004452466965e-02 3.874400556087493896e-01
7.076717019081115723e-01 1.488989870995283127e-02 3.875116109848022461e-01
7.116839885711669922e-01 1.502529345452785492e-02 3.875550925731658936e-01
7.156647443771362305e-01 1.515599898993968964e-02 3.875746428966522217e-01
7.196214795112609863e-01 1.528324838727712631e-02 3.875879347324371338e-01
7.235596179962158203e-01 1.540792360901832581e-02 3.876019418239593506e-01
7.274781465530395508e-01 1.553042139858007431e-02 3.876059949398040771e-01
7.313814163208007812e-01 1.565096527338027954e-02 3.876006007194519043e-01
7.352755665779113770e-01 1.577000133693218231e-02 3.875922560691833496e-01
7.391657233238220215e-01 1.588785648345947266e-02 3.875819146633148193e-01
7.430476546287536621e-01 1.600632630288600922e-02 3.875625729560852051e-01
7.469236254692077637e-01 1.612653397023677826e-02 3.875330984592437744e-01
7.507999539375305176e-01 1.624821312725543976e-02 3.874965310096740723e-01
7.546819448471069336e-01 1.637117192149162292e-02 3.874530494213104248e-01
7.585645914077758789e-01 1.649687811732292175e-02 3.873994350433349609e-01
7.624477744102478027e-01 1.662607863545417786e-02 3.873351216316223145e-01
7.663381099700927734e-01 1.675839722156524658e-02 3.872586786746978760e-01
7.702410221099853516e-01 1.689342595636844635e-02 3.871692419052124023e-01
7.741528153419494629e-01 1.703191176056861877e-02 3.870739042758941650e-01
7.780737876892089844e-01 1.717413775622844696e-02 3.869699537754058838e-01
7.820100188255310059e-01 1.731987297534942627e-02 3.868516087532043457e-01
7.859669327735900879e-01 1.746894232928752899e-02 3.867152333259582520e-01
7.899409532546997070e-01 1.762223243713378906e-02 3.865741789340972900e-01
7.939333915710449219e-01 1.777985692024230957e-02 3.864252269268035889e-01
7.979495525360107422e-01 1.794154942035675049e-02 3.862594068050384521e-01
8.019936084747314453e-01 1.810705102980136871e-02 3.860726654529571533e-01
8.060603737831115723e-01 1.827551983296871185e-02 3.858782947063446045e-01
8.101512193679809570e-01 1.844696700572967529e-02 3.856718540191650391e-01
8.142646551132202148e-01 1.862126402556896210e-02 3.854568302631378174e-01
8.183959722518920898e-01 1.879669539630413055e-02 3.852467834949493408e-01
8.225331902503967285e-01 1.896552555263042450e-02 3.850629031658172607e-01
8.266658782958984375e-01 1.912427879869937897e-02 3.849215507507324219e-01
8.307917714118957520e-01 1.927338913083076477e-02 3.848238885402679443e-01
8.349101543426513672e-01 1.941292174160480499e-02 3.847631216049194336e-01
8.390267491340637207e-01 1.953798532485961914e-02 3.847497999668121338e-01
8.431429266929626465e-01 1.964652724564075470e-02 3.847844004631042480e-01
8.472599387168884277e-01 1.973989792168140411e-02 3.848610222339630127e-01
8.513775467872619629e-01 1.981914043426513672e-02 3.849752843379974365e-01
8.554999828338623047e-01 1.988373510539531708e-02 3.851305544376373291e-01
8.596302270889282227e-01 1.993354968726634979e-02 3.853196501731872559e-01
8.637678623199462891e-01 1.996908150613307953e-02 3.855342864990234375e-01
8.679122924804687500e-01 1.999051123857498169e-02 3.857675790786743164e-01
8.720627427101135254e-01 1.999884657561779022e-02 3.860012292861938477e-01
8.762202858924865723e-01 1.999263279139995575e-02 3.862031698226928711e-01
8.803707957267761230e-01 1.997329480946063995e-02 3.863962590694427490e-01
8.845065236091613770e-01 1.993936859071254730e-02 3.866047561168670654e-01
8.886078000068664551e-01 1.990164443850517273e-02 3.867675065994262695e-01
8.926742076873779297e-01 1.986565068364143372e-02 3.868974447250366211e-01
8.967143893241882324e-01 1.983050815761089325e-02 3.870171308517456055e-01
9.007330536842346191e-01 1.979539915919303894e-02 3.871373236179351807e-01
9.047259092330932617e-01 1.976459100842475891e-02 3.872412145137786865e-01
9.086980819702148438e-01 1.973807625472545624e-02 3.873357772827148438e-01
9.126567840576171875e-01 1.971303485333919525e-02 3.874337971210479736e-01
9.166071414947509766e-01 1.968758180737495422e-02 3.875392377376556396e-01
9.205470681190490723e-01 1.966416276991367340e-02 3.876389563083648682e-01
9.244794249534606934e-01 1.964240148663520813e-02 3.877291083335876465e-01
9.284100532531738281e-01 1.961991190910339355e-02 3.878118097782135010e-01
9.323433041572570801e-01 1.959505118429660797e-02 3.878853619098663330e-01
9.362724423408508301e-01 1.956891082227230072e-02 3.879403173923492432e-01
9.401975274085998535e-01 1.954091899096965790e-02 3.879721462726593018e-01
9.441257715225219727e-01 1.950974948704242706e-02 3.879804611206054688e-01
9.480627179145812988e-01 1.947457343339920044e-02 3.879632949829101562e-01
9.520001411437988281e-01 1.943475753068923950e-02 3.879241645336151123e-01
9.559373855590820312e-01 1.938985101878643036e-02 3.878644108772277832e-01
9.598821997642517090e-01 1.933977007865905762e-02 3.877802789211273193e-01
9.638405442237854004e-01 1.928466930985450745e-02 3.876690864562988281e-01
9.678077697753906250e-01 1.922263391315937042e-02 3.875442743301391602e-01
9.717838764190673828e-01 1.915327459573745728e-02 3.874062001705169678e-01
9.757766723632812500e-01 1.907773874700069427e-02 3.872478306293487549e-01
9.797921776771545410e-01 1.899703964591026306e-02 3.870653510093688965e-01
9.838243722915649414e-01 1.890985667705535889e-02 3.868738412857055664e-01
9.878753423690795898e-01 1.881594583392143250e-02 3.866706490516662598e-01
9.919512867927551270e-01 1.871635392308235168e-02 3.864465951919555664e-01
9.960572123527526855e-01 1.861192286014556885e-02 3.861979842185974121e-01
1.000185608863830566e+00 1.850264705717563629e-02 3.859426677227020264e-01
1.004321217536926270e+00 1.839024759829044342e-02 3.857095539569854736e-01
1.008463859558105469e+00 1.827721856534481049e-02 3.855000138282775879e-01
1.012612938880920410e+00 1.816497556865215302e-02 3.853160142898559570e-01
1.016761660575866699e+00 1.805921457707881927e-02 3.851743340492248535e-01
1.020903587341308594e+00 1.796277239918708801e-02 3.850850760936737061e-01
1.025036811828613281e+00 1.787625625729560852e-02 3.850388824939727783e-01
1.029164791107177734e+00 1.779972203075885773e-02 3.850296735763549805e-01
1.033292055130004883e+00 1.773479767143726349e-02 3.850683271884918213e-01
1.037422418594360352e+00 1.768253743648529053e-02 3.851515352725982666e-01
1.041555881500244141e+00 1.764320209622383118e-02 3.852741718292236328e-01
1.045691013336181641e+00 1.761710084974765778e-02 3.854329288005828857e-01
1.049829602241516113e+00 1.760668866336345673e-02 3.856160044670104980e-01
1.053971052169799805e+00 1.761451922357082367e-02 3.858084082603454590e-01
1.058113574981689453e+00 1.764191500842571259e-02 3.860043585300445557e-01
1.062254548072814941e+00 1.768998615443706512e-02 3.861984908580780029e-01
1.066385626792907715e+00 1.776241697371006012e-02 3.863588869571685791e-01
1.070508122444152832e+00 1.786195673048496246e-02 3.864707350730895996e-01
1.074618101119995117e+00 1.798865757882595062e-02 3.865788877010345459e-01
1.078715682029724121e+00 1.813671365380287170e-02 3.866907656192779541e-01
1.082788586616516113e+00 1.829147152602672577e-02 3.867895007133483887e-01
1.086831569671630859e+00 1.844480261206626892e-02 3.868756294250488281e-01
1.090845942497253418e+00 1.859690435230731964e-02 3.869509398937225342e-01
1.094833016395568848e+00 1.874774880707263947e-02 3.870171606540679932e-01
1.098786115646362305e+00 1.889300346374511719e-02 3.870563805103302002e-01
1.102709174156188965e+00 1.903228461742401123e-02 3.870764076709747314e-01
1.106610655784606934e+00 1.916708424687385559e-02 3.870935738086700439e-01
1.110495805740356445e+00 1.929865963757038116e-02 3.871144056320190430e-01
1.114364266395568848e+00 1.942866295576095581e-02 3.871286809444427490e-01
1.118220329284667969e+00 1.955780200660228729e-02 3.871357142925262451e-01
1.122070074081420898e+00 1.968633197247982025e-02 3.871398270130157471e-01
1.125918745994567871e+00 1.981418021023273468e-02 3.871412873268127441e-01
1.129761576652526855e+00 1.994332112371921539e-02 3.871346116065979004e-01
1.133600115776062012e+00 2.007490396499633789e-02 3.871192634105682373e-01
1.137440443038940430e+00 2.020847797393798828e-02 3.870977461338043213e-01
1.141288280487060547e+00 2.034382522106170654e-02 3.870687186717987061e-01
1.145138621330261230e+00 2.048217132687568665e-02 3.870304524898529053e-01
1.148991703987121582e+00 2.062421664595603943e-02 3.869813680648803711e-01
1.152854442596435547e+00 2.076962031424045563e-02 3.869191408157348633e-01
1.156731605529785156e+00 2.091798745095729828e-02 3.868426084518432617e-01
1.160618901252746582e+00 2.107017487287521362e-02 3.867602944374084473e-01
1.164518356323242188e+00 2.122639119625091553e-02 3.866709768772125244e-01
1.168435335159301758e+00 2.138637937605381012e-02 3.865673243999481201e-01
1.172374486923217773e+00 2.154988236725330353e-02 3.864457011222839355e-01
1.176333069801330566e+00 2.171766199171543121e-02 3.863184750080108643e-01
1.180312275886535645e+00 2.188975736498832703e-02 3.861829638481140137e-01
1.184316515922546387e+00 2.206591889262199402e-02 3.860297501087188721e-01
1.188350200653076172e+00 2.224598638713359833e-02 3.858546614646911621e-01
1.192407965660095215e+00 2.242868766188621521e-02 3.856704533100128174e-01
1.196488261222839355e+00 2.261382713913917542e-02 3.854765594005584717e-01
1.200583934783935547e+00 2.280024811625480652e-02 3.852900564670562744e-01
1.204695224761962891e+00 2.298684418201446533e-02 3.851124644279479980e-01
1.208809137344360352e+00 2.316506952047348022e-02 3.849674463272094727e-01
1.212916493415832520e+00 2.333120629191398621e-02 3.848740160465240479e-01
1.217015385627746582e+00 2.348561026155948639e-02 3.848238587379455566e-01
1.221108317375183105e+00 2.362910099327564240e-02 3.848097920417785645e-01
1.225199222564697266e+00 2.375767566263675690e-02 3.848432898521423340e-01
1.229292511940002441e+00 2.386997267603874207e-02 3.849221765995025635e-01
1.233387947082519531e+00 2.396734431385993958e-02 3.850407004356384277e-01
1.237486004829406738e+00 2.405071817338466644e-02 3.851937949657440186e-01
1.241589546203613281e+00 2.411953732371330261e-02 3.853831887245178223e-01
1.245702266693115234e+00 2.417344599962234497e-02 3.856005966663360596e-01
1.249822974205017090e+00 2.421275898814201355e-02 3.858367800712585449e-01
1.253951191902160645e+00 2.423748560249805450e-02 3.860839903354644775e-01
1.258082509040832520e+00 2.424998953938484192e-02 3.863139450550079346e-01
1.262210011482238770e+00 2.425093576312065125e-02 3.864843845367431641e-01
1.266322612762451172e+00 2.423686906695365906e-02 3.866711258888244629e-01
1.270416617393493652e+00 2.421048283576965332e-02 3.868630528450012207e-01
1.274476408958435059e+00 2.418227493762969971e-02 3.870067298412322998e-01
1.278505444526672363e+00 2.415714785456657410e-02 3.871150016784667969e-01
1.282512187957763672e+00 2.413349598646163940e-02 3.872121274471282959e-01
1.286501884460449219e+00 2.410999126732349396e-02 3.873092532157897949e-01
1.290469765663146973e+00 2.409017644822597504e-02 3.873940706253051758e-01
1.294418573379516602e+00 2.407388575375080109e-02 3.874726295471191406e-01
1.298355937004089355e+00 2.405846118927001953e-02 3.875555694103240967e-01
1.302286148071289062e+00 2.404217235743999481e-02 3.876455426216125488e-01
1.306207180023193359e+00 2.402735687792301178e-02 3.877291083335876465e-01
1.310121059417724609e+00 2.401375584304332733e-02 3.878017663955688477e-01
1.314033746719360352e+00 2.399908751249313354e-02 3.878645896911621094e-01
1.317950248718261719e+00 2.398197911679744720e-02 3.879162967205047607e-01
1.321863174438476562e+00 2.396325021982192993e-02 3.879491090774536133e-01
1.325772047042846680e+00 2.394234947860240936e-02 3.879595100879669189e-01
1.329684138298034668e+00 2.391811087727546692e-02 3.879466354846954346e-01
1.333604812622070312e+00 2.388980798423290253e-02 3.879083395004272461e-01
1.337527275085449219e+00 2.385650202631950378e-02 3.878502845764160156e-01
1.341450810432434082e+00 2.381778880953788757e-02 3.877739608287811279e-01
1.345382332801818848e+00 2.377375587821006775e-02 3.876747488975524902e-01
1.349329113960266113e+00 2.372482419013977051e-02 3.875501453876495361e-01
1.353285551071166992e+00 2.366892062127590179e-02 3.874130249023437500e-01
1.357252359390258789e+00 2.360578067600727081e-02 3.872640430927276611e-01
1.361237525939941406e+00 2.353652939200401306e-02 3.870952427387237549e-01
1.365245819091796875e+00 2.346237562596797943e-02 3.869034349918365479e-01
1.369271993637084961e+00 2.338200621306896210e-02 3.867027461528778076e-01
1.373317956924438477e+00 2.329517900943756104e-02 3.864908218383789062e-01
1.377390265464782715e+00 2.320278994739055634e-02 3.862580955028533936e-01
1.381493091583251953e+00 2.310570701956748962e-02 3.860010802745819092e-01
1.385611534118652344e+00 2.300474047660827637e-02 3.857525289058685303e-01
1.389732956886291504e+00 2.290243469178676605e-02 3.855354487895965576e-01
1.393857002258300781e+00 2.280055172741413116e-02 3.853483200073242188e-01
1.397982597351074219e+00 2.270064875483512878e-02 3.851945698261260986e-01
1.402105212211608887e+00 2.260860987007617950e-02 3.850886523723602295e-01
1.406220912933349609e+00 2.252718247473239899e-02 3.850337266921997070e-01
1.410330891609191895e+00 2.245667763054370880e-02 3.850180506706237793e-01
1.414436340332031250e+00 2.239695563912391663e-02 3.850394189357757568e-01
1.418542027473449707e+00 2.234899066388607025e-02 3.851066827774047852e-01
1.422652125358581543e+00 2.231371775269508362e-02 3.852171897888183594e-01
1.426764965057373047e+00 2.229150384664535522e-02 3.853654563426971436e-01
1.430881023406982422e+00 2.228280901908874512e-02 3.855480253696441650e-01
1.434998154640197754e+00 2.229095622897148132e-02 3.857454657554626465e-01
1.439116239547729492e+00 2.231912873685359955e-02 3.859395682811737061e-01
1.443232774734497070e+00 2.236876636743545532e-02 3.861240446567535400e-01
1.447345256805419922e+00 2.244106680154800415e-02 3.862941563129425049e-01
1.451445937156677246e+00 2.253837697207927704e-02 3.864240646362304688e-01
1.455535769462585449e+00 2.266314066946506500e-02 3.865081667900085449e-01
1.459613561630249023e+00 2.281321026384830475e-02 3.865993618965148926e-01
1.463680028915405273e+00 2.298342622816562653e-02 3.867035806179046631e-01
1.467720746994018555e+00 2.315934188663959503e-02 3.867926895618438721e-01
1.471729993820190430e+00 2.333262376487255096e-02 3.868674039840698242e-01
1.475710749626159668e+00 2.350325323641300201e-02 3.869332373142242432e-01
1.479665040969848633e+00 2.367142215371131897e-02 3.869946599006652832e-01
1.483587026596069336e+00 2.383407019078731537e-02 3.870322704315185547e-01
1.487480640411376953e+00 2.399114146828651428e-02 3.870517611503601074e-01
1.491353988647460938e+00 2.414402179419994354e-02 3.870682418346405029e-01
1.495212912559509277e+00 2.429387718439102173e-02 3.870877325534820557e-01
1.499056458473205566e+00 2.444242127239704132e-02 3.871002793312072754e-01
1.502888202667236328e+00 2.459036745131015778e-02 3.871051371097564697e-01
1.506715059280395508e+00 2.473800815641880035e-02 3.871058821678161621e-01
1.510541677474975586e+00 2.488524466753005981e-02 3.871031105518341064e-01
1.514363169670104980e+00 2.503402158617973328e-02 3.870920538902282715e-01
1.518180370330810547e+00 2.518547512590885162e-02 3.870725035667419434e-01
1.522000789642333984e+00 2.533917129039764404e-02 3.870467543601989746e-01
1.525829076766967773e+00 2.549487538635730743e-02 3.870134055614471436e-01
1.529660463333129883e+00 2.565367147326469421e-02 3.869711458683013916e-01
1.533495426177978516e+00 2.581623196601867676e-02 3.869180679321289062e-01
1.537340044975280762e+00 2.598229236900806427e-02 3.868512809276580811e-01
1.541200518608093262e+00 2.615153789520263672e-02 3.867697119712829590e-01
1.545072078704833984e+00 2.632479928433895111e-02 3.866825997829437256e-01
1.548956632614135742e+00 2.650228515267372131e-02 3.865886926651000977e-01
1.552859067916870117e+00 2.668373100459575653e-02 3.864805996417999268e-01
1.556784629821777344e+00 2.686892636120319366e-02 3.863546848297119141e-01
1.560729742050170898e+00 2.705843187868595123e-02 3.862230181694030762e-01
1.564696669578552246e+00 2.725226804614067078e-02 3.860830366611480713e-01
1.568688869476318359e+00 2.745028585195541382e-02 3.859252333641052246e-01
1.572710752487182617e+00 2.765237353742122650e-02 3.857453167438507080e-01
1.576756596565246582e+00 2.785696461796760559e-02 3.855563700199127197e-01
1.580822229385375977e+00 2.806353941559791565e-02 3.853641152381896973e-01
1.584900498390197754e+00 2.827054262161254883e-02 3.851845562458038330e-01
1.588992476463317871e+00 2.847717702388763428e-02 3.850170075893402100e-01
1.593085646629333496e+00 2.867441065609455109e-02 3.848853111267089844e-01
1.597170352935791016e+00 2.885837294161319733e-02 3.848061561584472656e-01
1.601248145103454590e+00 2.902955561876296997e-02 3.847683668136596680e-01
1.605319142341613770e+00 2.918885275721549988e-02 3.847675025463104248e-01
1.609388470649719238e+00 2.933291159570217133e-02 3.848132193088531494e-01
1.613460421562194824e+00 2.946067601442337036e-02 3.849033117294311523e-01
1.617535114288330078e+00 2.957345545291900635e-02 3.850316405296325684e-01
1.621612071990966797e+00 2.967206761240959167e-02 3.851934969425201416e-01
1.625694394111633301e+00 2.975584939122200012e-02 3.853901326656341553e-01
1.629785895347595215e+00 2.982436679303646088e-02 3.856131434440612793e-01
1.633885502815246582e+00 2.987784706056118011e-02 3.858531415462493896e-01
1.637991786003112793e+00 2.991624176502227783e-02 3.861021399497985840e-01
1.642099976539611816e+00 2.994206734001636505e-02 3.863289356231689453e-01
1.646201968193054199e+00 2.995608933269977570e-02 3.864940404891967773e-01
1.650288462638854980e+00 2.995455637574195862e-02 3.866805434226989746e-01
1.654357910156250000e+00 2.994056604802608490e-02 3.868695795536041260e-01
1.658394694328308105e+00 2.992482855916023254e-02 3.870128989219665527e-01
1.662400364875793457e+00 2.991230785846710205e-02 3.871206939220428467e-01
1.666385412216186523e+00 2.990121208131313324e-02 3.872172236442565918e-01
1.670353531837463379e+00 2.989014610648155212e-02 3.873133659362792969e-01
1.674300551414489746e+00 2.988258935511112213e-02 3.873974978923797607e-01
1.678228378295898438e+00 2.987830154597759247e-02 3.874756693840026855e-01
1.682144880294799805e+00 2.987465634942054749e-02 3.875578343868255615e-01
1.686054706573486328e+00 2.986986935138702393e-02 3.876467943191528320e-01
1.689954996109008789e+00 2.986623533070087433e-02 3.877291977405548096e-01
1.693848609924316406e+00 2.986343763768672943e-02 3.878006339073181152e-01
1.697741150856018066e+00 2.985931001603603363e-02 3.878619968891143799e-01
1.701637387275695801e+00 2.985251881182193756e-02 3.879121541976928711e-01
1.705529451370239258e+00 2.984390966594219208e-02 3.879435956478118896e-01
1.709417819976806641e+00 2.983296103775501251e-02 3.879527151584625244e-01
1.713309288024902344e+00 2.981854788959026337e-02 3.879390358924865723e-01
1.717210054397583008e+00 2.979995310306549072e-02 3.879001438617706299e-01
1.721111536026000977e+00 2.977623417973518372e-02 3.878419399261474609e-01
1.725015163421630859e+00 2.974693104624748230e-02 3.877656757831573486e-01
1.728927016258239746e+00 2.971220947802066803e-02 3.876665830612182617e-01
1.732853889465332031e+00 2.967253886163234711e-02 3.875423669815063477e-01
1.736790537834167480e+00 2.962580136954784393e-02 3.874057829380035400e-01
1.740738391876220703e+00 2.957177162170410156e-02 3.872569799423217773e-01
1.744703888893127441e+00 2.951159887015819550e-02 3.870884478092193604e-01
1.748692631721496582e+00 2.944640442728996277e-02 3.868966102600097656e-01
1.752699613571166992e+00 2.937497198581695557e-02 3.866956233978271484e-01
1.756726741790771484e+00 2.929704077541828156e-02 3.864830434322357178e-01
1.760779380798339844e+00 2.921351604163646698e-02 3.862496316432952881e-01
1.764863014221191406e+00 2.912516333162784576e-02 3.859917223453521729e-01
1.768960356712341309e+00 2.903306484222412109e-02 3.857459127902984619e-01
1.773059606552124023e+00 2.893990278244018555e-02 3.855322301387786865e-01
1.777160406112670898e+00 2.884734608232975006e-02 3.853495717048645020e-01
1.781262159347534180e+00 2.875686995685100555e-02 3.852013349533081055e-01
1.785359740257263184e+00 2.867440134286880493e-02 3.851017057895660400e-01
1.789450168609619141e+00 2.860266342759132385e-02 3.850519657135009766e-01
1.793535470962524414e+00 2.854189649224281311e-02 3.850402832031250000e-01
1.797615528106689453e+00 2.849200181663036346e-02 3.850655853748321533e-01
1.801695942878723145e+00 2.845370024442672729e-02 3.851353824138641357e-01
1.805780053138732910e+00 2.842794544994831085e-02 3.852478861808776855e-01
1.809867858886718750e+00 2.841517701745033264e-02 3.853974938392639160e-01
1.813958287239074707e+00 2.841581031680107117e-02 3.855804502964019775e-01
1.818049311637878418e+00 2.843319997191429138e-02 3.857784867286682129e-01
1.822141647338867188e+00 2.847052738070487976e-02 3.859736621379852295e-01
1.826232552528381348e+00 2.852917090058326721e-02 3.861598968505859375e-01
1.830319166183471680e+00 2.861033380031585693e-02 3.863322436809539795e-01
1.834393620491027832e+00 2.871660888195037842e-02 3.864647746086120605e-01
1.838457107543945312e+00 2.885045856237411499e-02 3.865512609481811523e-01
1.842509269714355469e+00 2.900996059179306030e-02 3.866417706012725830e-01
1.846550107002258301e+00 2.918980456888675690e-02 3.867462277412414551e-01
1.850565314292907715e+00 2.937552705407142639e-02 3.868360221385955811e-01
1.854549646377563477e+00 2.955879271030426025e-02 3.869110047817230225e-01
1.858505368232727051e+00 2.973952516913414001e-02 3.869765996932983398e-01
1.862434983253479004e+00 2.991785667836666107e-02 3.870372474193572998e-01
1.866332054138183594e+00 3.009063750505447388e-02 3.870736956596374512e-01
1.870201349258422852e+00 3.025771118700504303e-02 3.870920538902282715e-01
1.874050498008728027e+00 3.042051941156387329e-02 3.871078789234161377e-01
1.877884030342102051e+00 3.058031387627124786e-02 3.871268033981323242e-01
1.881702780723571777e+00 3.073879145085811615e-02 3.871389925479888916e-01
1.885510325431823730e+00 3.089673630893230438e-02 3.871434032917022705e-01
1.889312148094177246e+00 3.105435147881507874e-02 3.871442377567291260e-01
1.893113732337951660e+00 3.121159039437770844e-02 3.871420919895172119e-01
1.896910309791564941e+00 3.137044981122016907e-02 3.871316611766815186e-01
1.900702357292175293e+00 3.153204545378684998e-02 3.871130347251892090e-01
1.904497265815734863e+00 3.169597685337066650e-02 3.870878219604492188e-01
1.908300638198852539e+00 3.186197951436042786e-02 3.870554864406585693e-01
1.912106752395629883e+00 3.203117474913597107e-02 3.870146870613098145e-01
1.915916323661804199e+00 3.220427036285400391e-02 3.869626224040985107e-01
1.919735908508300781e+00 3.238100185990333557e-02 3.868969976902008057e-01
1.923570990562438965e+00 3.256106376647949219e-02 3.868162930011749268e-01
1.927416682243347168e+00 3.274525701999664307e-02 3.867302238941192627e-01
1.931275606155395508e+00 3.293379396200180054e-02 3.866374790668487549e-01
1.935152053833007812e+00 3.312644362449645996e-02 3.865300714969635010e-01
1.939051747322082520e+00 3.332301974296569824e-02 3.864043056964874268e-01
1.942971110343933105e+00 3.352402895689010620e-02 3.862729370594024658e-01
1.946911454200744629e+00 3.372954577207565308e-02 3.861332237720489502e-01
1.950877428054809570e+00 3.393939137458801270e-02 3.859751820564270020e-01
1.954872488975524902e+00 3.415349498391151428e-02 3.857948780059814453e-01
1.958891630172729492e+00 3.437036275863647461e-02 3.856056034564971924e-01
1.962931275367736816e+00 3.458946570754051208e-02 3.854120671749114990e-01
1.966983437538146973e+00 3.480925038456916809e-02 3.852301537990570068e-01
1.971049547195434570e+00 3.502894192934036255e-02 3.850594758987426758e-01
1.975116968154907227e+00 3.523949533700942993e-02 3.849243223667144775e-01
1.979176521301269531e+00 3.543693944811820984e-02 3.848413527011871338e-01
1.983227968215942383e+00 3.562171012163162231e-02 3.847993612289428711e-01
1.987272858619689941e+00 3.579474240541458130e-02 3.847936689853668213e-01
1.991316080093383789e+00 3.595259413123130798e-02 3.848347365856170654e-01
1.995360374450683594e+00 3.609414771199226379e-02 3.849199712276458740e-01
1.999408364295959473e+00 3.622074797749519348e-02 3.850431442260742188e-01
2.003457546234130859e+00 3.633321076631546021e-02 3.851998448371887207e-01
2.007512331008911133e+00 3.643082827329635620e-02 3.853919506072998047e-01
2.011575698852539062e+00 3.651319444179534912e-02 3.856114447116851807e-01
2.015646934509277344e+00 3.658061847090721130e-02 3.858485817909240723e-01
2.019725322723388672e+00 3.663304075598716736e-02 3.860960900783538818e-01
2.023806333541870117e+00 3.667228296399116516e-02 3.863264918327331543e-01
2.027884244918823242e+00 3.669842705130577087e-02 3.864959478378295898e-01
2.031949758529663086e+00 3.670876473188400269e-02 3.866719007492065430e-01
2.035996437072753906e+00 3.670496121048927307e-02 3.868580460548400879e-01
2.040010452270507812e+00 3.669809922575950623e-02 3.869944512844085693e-01
2.043994426727294922e+00 3.669340535998344421e-02 3.870967924594879150e-01
2.047955513000488281e+00 3.668958321213722229e-02 3.871879875659942627e-01
2.051899194717407227e+00 3.668542951345443726e-02 3.872790336608886719e-01
2.055820703506469727e+00 3.668479248881340027e-02 3.873578310012817383e-01
2.059723377227783203e+00 3.668756410479545593e-02 3.874310553073883057e-01
2.063613414764404297e+00 3.669107705354690552e-02 3.875093162059783936e-01
2.067497014999389648e+00 3.669349104166030884e-02 3.875954449176788330e-01
2.071370363235473633e+00 3.669710457324981689e-02 3.876761198043823242e-01
2.075236797332763672e+00 3.670154511928558350e-02 3.877465128898620605e-01
2.079102277755737305e+00 3.670465573668479919e-02 3.878085017204284668e-01
2.082971572875976562e+00 3.670500218868255615e-02 3.878603279590606689e-01
2.086836576461791992e+00 3.670347854495048523e-02 3.878940641880035400e-01
2.090697526931762695e+00 3.669955581426620483e-02 3.879058063030242920e-01
2.094561815261840820e+00 3.669208288192749023e-02 3.878947198390960693e-01
2.098435401916503906e+00 3.668039292097091675e-02 3.878593146800994873e-01
2.102310657501220703e+00 3.666357323527336121e-02 3.878041505813598633e-01
2.106185913085937500e+00 3.664120286703109741e-02 3.877305388450622559e-01
2.110069751739501953e+00 3.661336749792098999e-02 3.876341581344604492e-01
2.113968133926391602e+00 3.658042848110198975e-02 3.875125646591186523e-01
2.117875814437866211e+00 3.654044121503829956e-02 3.873783648014068604e-01
2.121793746948242188e+00 3.649305179715156555e-02 3.872317075729370117e-01
2.125729322433471680e+00 3.643944114446640015e-02 3.870652318000793457e-01
2.129688262939453125e+00 3.638066723942756653e-02 3.868753314018249512e-01
2.133665084838867188e+00 3.631559386849403381e-02 3.866762816905975342e-01
2.137661457061767578e+00 3.624390810728073120e-02 3.864654302597045898e-01
2.141681671142578125e+00 3.616656735539436340e-02 3.862335085868835449e-01
2.145734310150146484e+00 3.608433157205581665e-02 3.859767615795135498e-01
2.149802684783935547e+00 3.599796071648597717e-02 3.857263624668121338e-01
2.153873205184936523e+00 3.591000288724899292e-02 3.855062723159790039e-01
2.157947301864624023e+00 3.582220152020454407e-02 3.853149712085723877e-01
2.162023067474365234e+00 3.573610633611679077e-02 3.851556479930877686e-01
2.166095256805419922e+00 3.565755859017372131e-02 3.850431740283966064e-01
2.170159339904785156e+00 3.558927401900291443e-02 3.849806189537048340e-01
2.174217224121093750e+00 3.553166612982749939e-02 3.849564194679260254e-01
2.178269147872924805e+00 3.548459708690643311e-02 3.849685788154602051e-01
2.182321548461914062e+00 3.544895350933074951e-02 3.850261569023132324e-01
2.186376094818115234e+00 3.542564809322357178e-02 3.851258754730224609e-01
2.190434217453002930e+00 3.541501611471176147e-02 3.852631747722625732e-01
2.194493293762207031e+00 3.541750088334083557e-02 3.854342997074127197e-01
2.198554754257202148e+00 3.543587774038314819e-02 3.856267929077148438e-01
2.202618598937988281e+00 3.547288104891777039e-02 3.858253359794616699e-01
2.206682443618774414e+00 3.552981466054916382e-02 3.860242366790771484e-01
2.210743665695190430e+00 3.560777008533477783e-02 3.862185776233673096e-01
2.214793682098388672e+00 3.571060672402381897e-02 3.863780498504638672e-01
2.218835353851318359e+00 3.584109991788864136e-02 3.864894509315490723e-01
2.222864389419555664e+00 3.599882125854492188e-02 3.865962326526641846e-01
2.226881504058837891e+00 3.617819398641586304e-02 3.867075443267822266e-01
2.230875015258789062e+00 3.636457398533821106e-02 3.868080973625183105e-01
2.234841108322143555e+00 3.654983267188072205e-02 3.868994414806365967e-01
2.238781452178955078e+00 3.673423081636428833e-02 3.869831562042236328e-01
2.242696762084960938e+00 3.691789507865905762e-02 3.870583772659301758e-01
2.246578216552734375e+00 3.709628805518150330e-02 3.871033787727355957e-01
2.250430107116699219e+00 3.726864978671073914e-02 3.871276080608367920e-01
2.254259347915649414e+00 3.743655979633331299e-02 3.871474862098693848e-01
2.258072853088378906e+00 3.760131075978279114e-02 3.871698975563049316e-01
2.261869907379150391e+00 3.776447847485542297e-02 3.871855735778808594e-01
2.265655040740966797e+00 3.792673349380493164e-02 3.871940672397613525e-01
2.269433021545410156e+00 3.808838874101638794e-02 3.871996998786926270e-01
2.273210048675537109e+00 3.824944421648979187e-02 3.872030973434448242e-01
2.276980638504028320e+00 3.841190412640571594e-02 3.871982693672180176e-01
2.280747652053833008e+00 3.857695683836936951e-02 3.871847391128540039e-01
2.284516096115112305e+00 3.874418139457702637e-02 3.871649503707885742e-01
2.288292407989501953e+00 3.891335427761077881e-02 3.871379196643829346e-01
2.292071104049682617e+00 3.908576443791389465e-02 3.871016800403594971e-01
2.295852184295654297e+00 3.926208242774009705e-02 3.870545923709869385e-01
2.299642086029052734e+00 3.944200277328491211e-02 3.869944810867309570e-01
2.303447246551513672e+00 3.962510079145431519e-02 3.869202733039855957e-01
2.307261943817138672e+00 3.981224820017814636e-02 3.868398666381835938e-01
2.311088800430297852e+00 4.000365734100341797e-02 3.867521286010742188e-01
2.314932823181152344e+00 4.019913077354431152e-02 3.866497576236724854e-01
2.318798542022705078e+00 4.039843380451202393e-02 3.865294754505157471e-01
2.322681903839111328e+00 4.060232639312744141e-02 3.864030539989471436e-01
2.326586484909057617e+00 4.081088304519653320e-02 3.862680494785308838e-01
2.330515146255493164e+00 4.102393612265586853e-02 3.861152231693267822e-01
2.334473609924316406e+00 4.124134778976440430e-02 3.859404325485229492e-01
2.338454961776733398e+00 4.146187007427215576e-02 3.857563734054565430e-01
2.342458963394165039e+00 4.168544709682464600e-02 3.855609297752380371e-01
2.346479415893554688e+00 4.191098362207412720e-02 3.853709399700164795e-01
2.350515127182006836e+00 4.213719815015792847e-02 3.851886391639709473e-01
2.354554176330566406e+00 4.235557839274406433e-02 3.850370645523071289e-01
2.358586072921752930e+00 4.256222397089004517e-02 3.849349915981292725e-01
2.362609624862670898e+00 4.275748133659362793e-02 3.848762214183807373e-01
2.366626024246215820e+00 4.294177517294883728e-02 3.848519027233123779e-01
2.370640277862548828e+00 4.311131313443183899e-02 3.848738670349121094e-01
2.374656200408935547e+00 4.326459020376205444e-02 3.849408924579620361e-01
2.378672838211059570e+00 4.340286552906036377e-02 3.850470483303070068e-01
2.382692337036132812e+00 4.352713003754615784e-02 3.851876854896545410e-01
2.386717081069946289e+00 4.363679885864257812e-02 3.853655159473419189e-01
2.390748262405395508e+00 4.373157769441604614e-02 3.855738937854766846e-01
2.394787549972534180e+00 4.381188750267028809e-02 3.858035206794738770e-01
2.398833274841308594e+00 4.387777298688888550e-02 3.860477805137634277e-01
2.402882575988769531e+00 4.393013939261436462e-02 3.862853050231933594e-01
2.406937837600708008e+00 4.396767169237136841e-02 3.864812850952148438e-01
2.410984992980957031e+00 4.399073868989944458e-02 3.866655826568603516e-01
2.415014743804931641e+00 4.399842768907546997e-02 3.868567347526550293e-01
2.419009685516357422e+00 4.400115087628364563e-02 3.869993686676025391e-01
2.422971725463867188e+00 4.400463774800300598e-02 3.871088624000549316e-01
2.426909208297729492e+00 4.400826245546340942e-02 3.872084319591522217e-01
2.430827140808105469e+00 4.401125386357307434e-02 3.873091042041778564e-01
2.434720039367675781e+00 4.401781409978866577e-02 3.873954117298126221e-01
2.438593149185180664e+00 4.402804002165794373e-02 3.874748051166534424e-01
2.442453384399414062e+00 4.403924942016601562e-02 3.875592947006225586e-01
2.446306228637695312e+00 4.404959455132484436e-02 3.876522481441497803e-01
2.450148582458496094e+00 4.406141489744186401e-02 3.877407014369964600e-01
2.453983545303344727e+00 4.407424852252006531e-02 3.878193497657775879e-01
2.457817792892456055e+00 4.408588260412216187e-02 3.878907859325408936e-01
2.461655139923095703e+00 4.409479349851608276e-02 3.879531919956207275e-01
2.465488672256469727e+00 4.410194233059883118e-02 3.879975676536560059e-01
2.469318389892578125e+00 4.410681501030921936e-02 3.880196511745452881e-01
2.473152160644531250e+00 4.410807415843009949e-02 3.880186080932617188e-01
2.476994037628173828e+00 4.410509020090103149e-02 3.879929184913635254e-01
2.480836629867553711e+00 4.409714788198471069e-02 3.879460394382476807e-01
2.484679460525512695e+00 4.408381879329681396e-02 3.878793120384216309e-01
2.488529443740844727e+00 4.406505078077316284e-02 3.877888023853302002e-01
2.492394208908081055e+00 4.404104501008987427e-02 3.876717090606689453e-01
2.496266841888427734e+00 4.400997608900070190e-02 3.875409662723541260e-01
2.500148773193359375e+00 4.397148266434669495e-02 3.873970508575439453e-01
2.504047632217407227e+00 4.392666742205619812e-02 3.872329294681549072e-01
2.507968425750732422e+00 4.387658834457397461e-02 3.870449662208557129e-01
2.511906385421752930e+00 4.381987825036048889e-02 3.868468701839447021e-01
2.515862464904785156e+00 4.375644773244857788e-02 3.866372108459472656e-01
2.519843101501464844e+00 4.368723556399345398e-02 3.864061832427978516e-01
2.523853302001953125e+00 4.361310973763465881e-02 3.861505091190338135e-01
2.527884960174560547e+00 4.353413730859756470e-02 3.858889639377593994e-01
2.531921148300170898e+00 4.345225170254707336e-02 3.856514990329742432e-01
2.535963773727416992e+00 4.336974397301673889e-02 3.854376971721649170e-01
2.540012359619140625e+00 4.328805580735206604e-02 3.852501809597015381e-01
2.544058322906494141e+00 4.321281239390373230e-02 3.851045966148376465e-01
2.548095941543579102e+00 4.314684495329856873e-02 3.850099742412567139e-01
2.552125215530395508e+00 4.309078678488731384e-02 3.849560022354125977e-01
2.556146621704101562e+00 4.304474592208862305e-02 3.849380016326904297e-01
2.560167312622070312e+00 4.300989210605621338e-02 3.849658966064453125e-01
2.564189910888671875e+00 4.298727959394454956e-02 3.850370645523071289e-01
2.568215131759643555e+00 4.297722131013870239e-02 3.851462602615356445e-01
2.572239875793457031e+00 4.298000037670135498e-02 3.852906525135040283e-01
2.576268434524536133e+00 4.299732670187950134e-02 3.854655921459197998e-01
2.580301046371459961e+00 4.303126409649848938e-02 3.856616318225860596e-01
2.584336042404174805e+00 4.308294877409934998e-02 3.858717978000640869e-01
2.588371276855468750e+00 4.315338283777236938e-02 3.860917389392852783e-01
2.592397689819335938e+00 4.324740171432495117e-02 3.862844407558441162e-01
2.596414566040039062e+00 4.336864501237869263e-02 3.864314258098602295e-01
2.600422620773315430e+00 4.351808875799179077e-02 3.865425288677215576e-01
2.604418516159057617e+00 4.369214177131652832e-02 3.866591751575469971e-01
2.608392238616943359e+00 4.387473315000534058e-02 3.867678046226501465e-01
2.612341642379760742e+00 4.405860602855682373e-02 3.868718147277832031e-01
2.616269588470458984e+00 4.424387961626052856e-02 3.869759738445281982e-01
2.620177030563354492e+00 4.443069919943809509e-02 3.870801925659179688e-01
2.624052047729492188e+00 4.461390897631645203e-02 3.871543407440185547e-01
2.627897262573242188e+00 4.479200765490531921e-02 3.872046768665313721e-01
2.631719350814819336e+00 4.496634751558303833e-02 3.872482478618621826e-01
2.635523796081542969e+00 4.513794928789138794e-02 3.872911632061004639e-01
2.639310121536254883e+00 4.530749097466468811e-02 3.873248100280761719e-01
2.643082857131958008e+00 4.547542706131935120e-02 3.873487114906311035e-01
2.646847486495971680e+00 4.564207419753074646e-02 3.873690962791442871e-01
2.650609493255615234e+00 4.580765590071678162e-02 3.873864114284515381e-01
2.654364585876464844e+00 4.597418755292892456e-02 3.873941004276275635e-01
2.658114194869995117e+00 4.614283889532089233e-02 3.873920440673828125e-01
2.661864757537841797e+00 4.631336033344268799e-02 3.873817920684814453e-01
2.665622234344482422e+00 4.648541659116744995e-02 3.873642385005950928e-01
2.669380426406860352e+00 4.666055366396903992e-02 3.873363435268402100e-01
2.673139095306396484e+00 4.683950170874595642e-02 3.872972130775451660e-01
2.676905632019042969e+00 4.702183604240417480e-02 3.872456848621368408e-01
2.680684328079223633e+00 4.720722883939743042e-02 3.871798515319824219e-01
2.684472799301147461e+00 4.739642143249511719e-02 3.871076703071594238e-01
2.688270330429077148e+00 4.758973047137260437e-02 3.870265781879425049e-01
2.692082881927490234e+00 4.778692126274108887e-02 3.869305551052093506e-01
2.695916891098022461e+00 4.798781499266624451e-02 3.868160545825958252e-01
2.699768066406250000e+00 4.819337278604507446e-02 3.866954445838928223e-01
2.703637123107910156e+00 4.840370267629623413e-02 3.865657448768615723e-01
2.707529544830322266e+00 4.861851409077644348e-02 3.864185512065887451e-01
2.711449146270751953e+00 4.883765801787376404e-02 3.862496614456176758e-01
2.715391874313354492e+00 4.906033352017402649e-02 3.860716521739959717e-01
2.719357728958129883e+00 4.928655549883842468e-02 3.858800828456878662e-01
2.723346233367919922e+00 4.951629415154457092e-02 3.856762647628784180e-01
2.727352619171142578e+00 4.974795877933502197e-02 3.854755759239196777e-01
2.731364250183105469e+00 4.997374862432479858e-02 3.852984607219696045e-01
2.735372543334960938e+00 5.018996074795722961e-02 3.851617276668548584e-01
2.739373683929443359e+00 5.039688944816589355e-02 3.850667178630828857e-01
2.743367195129394531e+00 5.059448629617691040e-02 3.850066065788269043e-01
2.747357845306396484e+00 5.077780783176422119e-02 3.849918544292449951e-01
2.751347303390502930e+00 5.094474554061889648e-02 3.850226402282714844e-01
2.755337715148925781e+00 5.109653249382972717e-02 3.850935995578765869e-01
2.759327411651611328e+00 5.123420804738998413e-02 3.852005898952484131e-01
2.763320207595825195e+00 5.135728046298027039e-02 3.853476345539093018e-01
2.767319917678833008e+00 5.146560445427894592e-02 3.855285048484802246e-01
2.771325588226318359e+00 5.155970156192779541e-02 3.857357800006866455e-01
2.775336980819702148e+00 5.163981020450592041e-02 3.859630227088928223e-01
2.779353857040405273e+00 5.170586332678794861e-02 3.861976861953735352e-01
2.783378362655639648e+00 5.175643786787986755e-02 3.864153921604156494e-01
2.787407159805297852e+00 5.179100856184959412e-02 3.865990936756134033e-01
2.791429042816162109e+00 5.180919915437698364e-02 3.867839574813842773e-01
2.795418977737426758e+00 5.182074010372161865e-02 3.869444727897644043e-01
2.799372911453247070e+00 5.183150619268417358e-02 3.870746791362762451e-01
2.803297519683837891e+00 5.184145644307136536e-02 3.871937096118927002e-01
2.807197093963623047e+00 5.185043811798095703e-02 3.873115181922912598e-01
2.811068058013916016e+00 5.186412483453750610e-02 3.874077498912811279e-01
2.814914226531982422e+00 5.188286677002906799e-02 3.874913156032562256e-01
2.818745851516723633e+00 5.190362036228179932e-02 3.875786662101745605e-01
2.822567224502563477e+00 5.192418769001960754e-02 3.876745998859405518e-01
2.826375722885131836e+00 5.194650217890739441e-02 3.877667188644409180e-01
2.830175638198852539e+00 5.196993052959442139e-02 3.878517448902130127e-01
2.833972454071044922e+00 5.199222639203071594e-02 3.879329860210418701e-01
2.837770938873291016e+00 5.201192572712898254e-02 3.880096077919006348e-01
2.841564416885375977e+00 5.203027650713920593e-02 3.880710303783416748e-01
2.845353841781616211e+00 5.204682797193527222e-02 3.881121277809143066e-01
2.849145412445068359e+00 5.206020921468734741e-02 3.881324231624603271e-01
2.852945566177368164e+00 5.206970870494842529e-02 3.881305754184722900e-01
2.856744527816772461e+00 5.207505077123641968e-02 3.881080150604248047e-01
2.860543727874755859e+00 5.207581073045730591e-02 3.880649209022521973e-01
2.864348411560058594e+00 5.207166820764541626e-02 3.879979550838470459e-01
2.868165254592895508e+00 5.206267535686492920e-02 3.879046738147735596e-01
2.871989727020263672e+00 5.204711481928825378e-02 3.877964317798614502e-01
2.875821590423583984e+00 5.202464014291763306e-02 3.876740038394927979e-01
2.879668951034545898e+00 5.199620127677917480e-02 3.875309526920318604e-01
2.883535146713256836e+00 5.196267366409301758e-02 3.873637318611145020e-01
2.887418031692504883e+00 5.192250013351440430e-02 3.871855437755584717e-01
2.891316890716552734e+00 5.187554657459259033e-02 3.869948089122772217e-01
2.895237922668457031e+00 5.182288587093353271e-02 3.867832422256469727e-01
2.899187803268432617e+00 5.176549777388572693e-02 3.865467011928558350e-01
2.903159141540527344e+00 5.170277506113052368e-02 3.862987160682678223e-01
2.907146453857421875e+00 5.163498967885971069e-02 3.860516846179962158e-01
2.911143064498901367e+00 5.156531929969787598e-02 3.858216702938079834e-01
2.915150403976440430e+00 5.149526149034500122e-02 3.856074810028076172e-01
2.919158935546875000e+00 5.142968893051147461e-02 3.854258656501770020e-01
2.923159837722778320e+00 5.137132108211517334e-02 3.852882385253906250e-01
2.927151441574096680e+00 5.132090672850608826e-02 3.851937055587768555e-01
2.931134462356567383e+00 5.127921327948570251e-02 3.851351737976074219e-01
2.935114383697509766e+00 5.124797672033309937e-02 3.851214051246643066e-01
2.939093589782714844e+00 5.122856050729751587e-02 3.851503729820251465e-01
