1.456538502480434101e-02 1.918195198879091290e-02 -2.424458408004458339e-03 9.997069692056801404e-01
1.632644029101617059e-02 1.983883084745520151e-02 -2.325001223228889084e-03 9.996671758677194708e-01
1.594096346244518528e-02 1.975590768000255043e-02 -2.603281833134539480e-03 9.996743533367881129e-01
1.537880196157286744e-02 1.961676438648599086e-02 -2.913981826490170523e-03 9.996850422583839491e-01
8.650792908424924724e-03 1.827475136441177039e-02 -2.978020863910107140e-03 9.997911425074532676e-01
7.533021056500460548e-03 1.784801427225017958e-02 -3.165088256365188989e-03 9.998073235362048283e-01
8.568908482015471020e-03 1.828795708538031792e-02 -3.579089264025137832e-03 9.997896351498700707e-01
7.381538446366820230e-03 1.722202915271853207e-02 -3.165186799862359460e-03 9.998194317948365661e-01
6.952550564009481529e-03 1.665715545094352198e-02 -3.059477229713727757e-03 9.998324063621957247e-01
6.952550564009481529e-03 1.665715545094352198e-02 -3.059477229713727757e-03 9.998324063621957247e-01
7.848631512577300059e-03 1.674845369426325795e-02 -3.703641015715956886e-03 9.998220698331566902e-01
4.727513746676974618e-03 1.635258179802468945e-02 -2.447763943737697734e-03 9.998521151320277633e-01
4.274732679937182783e-03 1.650730512278868536e-02 -2.600251079491620789e-03 9.998512260493667148e-01
1.450293310125117495e-03 1.662651129020487062e-02 -2.843059339839550375e-03 9.998566761217436705e-01
3.330755251408237458e-03 1.867466051483496203e-02 -2.339609020189153173e-03 9.998173279923405765e-01
7.496980329435942378e-03 2.080828050967761800e-02 -3.854544470570429957e-04 9.997553011477557927e-01
1.182956842145237858e-02 2.331712419701890970e-02 -8.053956684396972119e-05 9.996581248324455382e-01
1.322224404620308928e-02 2.421681804818263256e-02 -4.807510864175918651e-05 9.996192853655775368e-01
1.249271242476992540e-02 2.511158455113675705e-02 1.024348932931658587e-03 9.996060679922199599e-01
1.551937462619160969e-02 2.588787766045794192e-02 1.111070329850084339e-03 9.995437620855683880e-01
-2.474165379004346528e-03 1.699743306397656292e-02 3.764473807633933206e-03 9.998453853030800920e-01
-1.458438610708632718e-02 3.966929960543420786e-02 -1.167172002847062344e-02 9.990382441639913402e-01
-1.229779222424383887e-02 3.992738292215688295e-02 -1.132780087380388760e-02 9.990626853840355315e-01
-1.229779222424383887e-02 3.992738292215688295e-02 -1.132780087380388760e-02 9.990626853840355315e-01
-7.913311648225007655e-03 3.988092770696270023e-02 -9.540002769149052292e-03 9.991275591490581531e-01
-7.436397688141454382e-03 4.227082287194318388e-02 -9.760587080673959956e-03 9.990308345907012999e-01
-6.460531853298215332e-03 4.213382162873304665e-02 -8.709056111846786782e-03 9.990531291902204902e-01
-1.314684436548787562e-02 4.436076410281863253e-02 -1.131290224776502519e-02 9.988650065620360285e-01
-1.228821678720811925e-02 4.578952043706020075e-02 -1.236391560660125670e-02 9.987990053745585683e-01
-1.031998717458069287e-02 4.461448326721317859e-02 -1.068805703833608685e-02 9.988937937459925198e-01
-1.031998717458069287e-02 4.461448326721317859e-02 -1.068805703833608685e-02 9.988937937459925198e-01
-1.258528709127132265e-02 4.568446865697837339e-02 -9.757772428151489583e-03 9.988289772276334189e-01
-1.589463421289520617e-02 4.620683187065975639e-02 -1.105672159236556311e-02 9.987442306213056842e-01
-1.395290702614135174e-02 4.547254157040026001e-02 -1.037214394422902343e-02 9.988142885334833077e-01
-1.035379660926968523e-02 4.333834248409418333e-02 -9.863929092918681876e-03 9.989581021591221743e-01
-1.289418564095408393e-02 4.273100702372201881e-02 -1.375584514602155861e-02 9.989086933948037039e-01
-1.399546577323719336e-02 4.265370985698977574e-02 -1.405997978191329996e-02 9.988929396796025761e-01
-1.222275816317840852e-02 4.057623800635574290e-02 -1.250821968439103787e-02 9.990233818747502603e-01
-1.138970011281535168e-02 3.972328172459808904e-02 -1.263510754386770740e-02 9.990659085754669544e-01
-1.236526966107188118e-02 3.908447121326243112e-02 -1.294797515076730708e-02 9.990754997274648996e-01
-1.236526966107188118e-02 3.908447121326243112e-02 -1.294797515076730708e-02 9.990754997274648996e-01
-1.170608658386376559e-02 3.797325881533464981e-02 -1.311822385494287868e-02 9.991240720524785512e-01
-1.206589095094022686e-02 3.829294529012861048e-02 -1.314755193337567921e-02 9.991072047056444028e-01
-4.918465052171632802e-03 3.681462761531537065e-02 -1.196731056659768207e-02 9.992383476292725497e-01
-4.201532710004327910e-03 3.711046931026896339e-02 -1.246214666197406271e-02 9.992246269438288531e-01
1.904905001693531566e-02 2.472994005867205566e-02 -9.634965855355625197e-04 9.995121987412042275e-01
1.697525352540785876e-02 2.384435865338672966e-02 -1.677181848552382901e-03 9.995701448068583517e-01
1.216549839775668031e-02 2.111611413294421993e-02 -3.094605217233790690e-03 9.996982213604304057e-01
1.371857835675835413e-02 2.087429306618616975e-02 -3.165887380487126656e-03 9.996829705731464788e-01
1.336708131135223160e-02 2.042472352322210333e-02 -3.692164891348741727e-03 9.996952134148842095e-01
1.324795629274734890e-02 2.024937592482180942e-02 -3.079891012228528051e-03 9.997024400790834875e-01
4.278800726377754091e-03 1.425314993529317939e-02 6.495754631113605671e-04 9.998890526618360308e-01
7.866023208263449654e-03 1.773414538510618976e-02 -7.084414432624895142e-04 9.998115441807363668e-01
9.239034432512064493e-03 1.850422096213403048e-02 -1.432967714774338293e-03 9.997850672283857820e-01
8.611934034153737039e-03 1.887981420825840528e-02 -2.488895477174363473e-03 9.997815724481806665e-01
3.409237171034521039e-03 1.788730328330424141e-02 -3.580960971843501726e-03 9.998277842717119279e-01
1.474020342831183078e-03 1.722917358613447469e-02 -3.135982964629850222e-03 9.998455623007052040e-01
1.959350866227984635e-03 1.724339015958469348e-02 -4.241906986149433095e-03 9.998404035970482884e-01
2.224442068004011796e-03 1.708461060850966634e-02 -2.931457708094305139e-03 9.998472755844001192e-01
4.169715297569533412e-04 1.603028245648621675e-02 -2.909634931859536068e-03 9.998671862820941447e-01
-1.592506170680122639e-03 1.485472646098670406e-02 -2.305297586633836548e-03 9.998857367864103507e-01
-9.678915397283539357e-04 1.453136140830123962e-02 -3.345609216246017009e-03 9.998883485772603885e-01
-1.382120261921902056e-03 1.340254227981457422e-02 -2.304445331353765190e-03 9.999065712033970987e-01
-2.231146139663511049e-03 1.276816200014916670e-02 -1.577815807336648479e-03 9.999147496278467662e-01
-3.055327442811600798e-03 1.157559709943066506e-02 -1.329824892176215134e-03 9.999274484140162622e-01
-3.055327442811600798e-03 1.157559709943066506e-02 -1.329824892176215134e-03 9.999274484140162622e-01
-3.255582854575927738e-03 1.073757623880719318e-02 -1.270973021747827392e-03 9.999362430997141837e-01
-4.494824941733800878e-03 8.694446433084875026e-03 -6.769518618220227808e-04 9.999518712848844970e-01
-4.070693084044637797e-03 7.458518279326594759e-03 -9.318917500324054451e-04 9.999634651029299937e-01
-1.583072409403870815e-04 5.898602812387538502e-03 7.658882844000828530e-04 9.999822972627140372e-01
-1.583072409403870815e-04 5.898602812387538502e-03 7.658882844000828530e-04 9.999822972627140372e-01
4.598383222415837967e-04 5.359258404204535718e-03 1.029550564872801048e-03 9.999850033494046553e-01
1.791400822846474835e-03 2.907433968782404624e-03 5.557114449699360800e-04 9.999940144298860023e-01
1.677401467871367105e-03 1.963964060949984543e-03 1.281269881478985318e-03 9.999958437498496222e-01
3.695950416874915594e-03 5.193103161730592372e-04 2.029800966372253927e-03 9.999909750469493375e-01
3.695950416874915594e-03 5.193103161730592372e-04 2.029800966372253927e-03 9.999909750469493375e-01
8.545431087375130602e-03 -1.497332978871515619e-03 3.308196468031436317e-03 9.999568937897324039e-01
1.087617135485830465e-02 -2.594370638182206222e-03 3.949665651161864653e-03 9.999296866674654005e-01
1.201219541837020115e-02 -2.990550518784304817e-03 4.193141233130681482e-03 9.999145870200236708e-01
3.110582779620151353e-02 2.905439689750015462e-03 1.952603554509183600e-03 9.995099665519505683e-01
2.801854688675453967e-02 3.472789449317420941e-03 3.373022020662373114e-03 9.995956800057930192e-01
3.019649017242840086e-02 2.877872498129035485e-03 4.563244429979225990e-03 9.995294225941642186e-01
3.049371834791353431e-02 2.736103675520460896e-03 5.916318282468966024e-03 9.995137037859838092e-01
3.087253298414631419e-02 2.214443571611869783e-03 5.919700060342405513e-03 9.995033467167614427e-01
1.279083902213742734e-02 -5.234327181079133015e-03 5.831715523426162992e-03 9.998874873455138035e-01
1.279083902213742734e-02 -5.234327181079133015e-03 5.831715523426162992e-03 9.998874873455138035e-01
1.252970841494755426e-02 -5.108823410851618535e-03 6.105345732952506717e-03 9.998898094709608442e-01
1.846896659138727581e-02 -4.053982214983052439e-03 7.750483735651677447e-03 9.997911744474994311e-01
1.896363852392081439e-02 -3.983928565297814930e-03 8.197481632527404971e-03 9.997786305087768000e-01
1.835151484356790583e-02 -4.579683068351382905e-03 8.170530066560204030e-03 9.997877228914002767e-01
1.704418583687395544e-02 -5.616225744806410854e-03 8.289480022521555913e-03 9.998046000386764387e-01
1.685329508143265653e-02 -5.773902577141712920e-03 7.952463758517824832e-03 9.998096752953020694e-01
1.663870026686407183e-02 -5.824182442135317737e-03 8.558497045204884954e-03 9.998079739033077784e-01
1.500661801434454053e-02 -6.589050038684591930e-03 8.470193222071429814e-03 9.998298063481304565e-01
9.432995758481740531e-03 -7.428462077872241900e-03 7.350597422666830735e-03 9.999008977192229697e-01
1.408663953040891967e-02 -6.925941851781118423e-03 9.689322040474488557e-03 9.998298430005988502e-01
1.552059887922922765e-02 -5.723450660271509061e-03 1.013806323059306645e-02 9.998117686829366413e-01
1.420726416188721787e-02 -6.382943087186416370e-03 1.071790249870130038e-02 9.998212531490858757e-01
1.313016894307585808e-02 -6.856473453283296396e-03 1.076593817719283946e-02 9.998323269481116382e-01
1.313016894307585808e-02 -6.856473453283296396e-03 1.076593817719283946e-02 9.998323269481116382e-01
1.435727954234549547e-02 -6.878606066039500040e-03 1.237524021624255600e-02 9.997966826971980137e-01
1.347054113570561422e-02 -7.129488624238466271e-03 1.236586226600200518e-02 9.998073816310252271e-01
1.347054113570561422e-02 -7.129488624238466271e-03 1.236586226600200518e-02 9.998073816310252271e-01
1.307226733218437055e-02 -7.907066385348200319e-03 1.382108750397688206e-02 9.997877633118846807e-01
1.276528319086272199e-02 -8.004716650035896899e-03 1.483422234923809785e-02 9.997764339609646056e-01
1.159700808969620599e-02 -8.644641762765565771e-03 1.519355720313626985e-02 9.997799434834028220e-01
1.336860367471616462e-02 -8.481901207071082527e-03 1.555552241375984281e-02 9.997536514112549400e-01
1.206977453840281551e-02 -9.337651690919811578e-03 1.628690461578246110e-02 9.997509017457936187e-01
6.458584402850833274e-03 -1.157617078880288954e-02 1.555311787858489406e-02 9.997911679354016812e-01
6.458584402850833274e-03 -1.157617078880288954e-02 1.555311787858489406e-02 9.997911679354016812e-01
5.982212711642466950e-03 -1.281181409332072217e-02 1.593131558061406869e-02 9.997731061268760877e-01
7.514941853376766630e-03 -1.365608544231312373e-02 1.632538483906714744e-02 9.997452269399383917e-01
2.958555274723143405e-02 -8.867656812534402411e-03 1.788902416592232092e-02 9.993628182725666775e-01
2.037447925981995464e-02 -1.056163995869323184e-02 1.650025077969841103e-02 9.996004572230252627e-01
2.052869496734286911e-02 -1.099507056349976336e-02 1.634591458084944798e-02 9.995951641453438841e-01
2.269265936592395130e-02 -1.190506173112455476e-02 1.640322335190661993e-02 9.995370163129266849e-01
1.620196932286544975e-02 -1.736037787680063185e-02 1.792052267993732642e-02 9.995573862149754740e-01
1.620196932286544975e-02 -1.736037787680063185e-02 1.792052267993732642e-02 9.995573862149754740e-01
1.629329411997439137e-02 -1.816682681740663940e-02 1.779440701228502189e-02 9.995438229758550897e-01
1.629329411997439137e-02 -1.816682681740663940e-02 1.779440701228502189e-02 9.995438229758550897e-01
1.597410753450188153e-02 -1.865679845485956542e-02 1.753684568869480834e-02 9.995445016622230838e-01
1.420892677309508467e-02 -1.961569294640314390e-02 1.612605670625747237e-02 9.995765509881150424e-01
1.389828727571930204e-02 -2.003878246780812361e-02 1.541335382591647700e-02 9.995837700422344207e-01
1.428877385929578497e-02 -2.035037590865881527e-02 1.557983311375790887e-02 9.995693882578245981e-01
1.105223659252650009e-02 -2.111640578220583611e-02 1.384496524424163114e-02 9.996200590276936859e-01
1.105223659252650009e-02 -2.111640578220583611e-02 1.384496524424163114e-02 9.996200590276936859e-01
1.354180486189756651e-02 -2.111838218974030137e-02 1.325302299170163026e-02 9.995974143805854695e-01
1.231644996099531993e-02 -2.206129070726399119e-02 1.284784767257784836e-02 9.995981879349673527e-01
1.763532508031911972e-02 -2.258219396215071020e-02 1.396821078115337116e-02 9.994918353407098444e-01
1.006711347299520803e-02 -2.480755229804856854e-02 1.172218912340523486e-02 9.995728231887142101e-01
9.742036598627809574e-03 -2.559301741386320328e-02 1.148627006307380120e-02 9.995589806422645607e-01
1.103356109206996873e-02 -2.555399812170007154e-02 1.117711008647376270e-02 9.995500617376493757e-01
9.898505880651251726e-03 -2.605084033809830849e-02 1.100604999921580077e-02 9.995510192893729551e-01
9.265086141322808125e-03 -2.621386462972880374e-02 1.066682149170669787e-02 9.995565068565319677e-01
9.265086141322808125e-03 -2.621386462972880374e-02 1.066682149170669787e-02 9.995565068565319677e-01
2.258921223645378104e-02 -2.155685865575546201e-02 1.130589709724485331e-02 9.994484509099300640e-01
2.277767717363837069e-02 -2.117325609471324213e-02 1.088176478837914879e-02 9.994570815417797016e-01
2.277767717363837069e-02 -2.117325609471324213e-02 1.088176478837914879e-02 9.994570815417797016e-01
2.303653296492707073e-02 -2.035418849180580664e-02 1.022726782878257898e-02 9.994750763038336983e-01
2.307319204283667102e-02 -2.031209492886641016e-02 9.670140863593974789e-03 9.994806326208794944e-01
2.322017946735912067e-02 -1.982929683748203484e-02 8.882979675950496146e-03 9.994942295603869153e-01
1.995450759038237820e-02 -1.956983683588292555e-02 8.580407038326342065e-03 9.995725164929750717e-01
1.872163583879022514e-02 -1.998236595406535296e-02 8.175937090842603713e-03 9.995915963307635543e-01
1.756014180704281238e-02 -2.035700916084848960e-02 7.345053464487458737e-03 9.996115664533626877e-01
1.429756187169925474e-02 -2.177658349919572855e-02 6.936374132605427865e-03 9.996365573794908643e-01
1.345038020961112323e-02 -2.211063565981899459e-02 6.771755069692928473e-03 9.996421111558935202e-01
9.841194199348637581e-03 -2.291342746093279203e-02 6.405078906881478580e-03 9.996684954038113080e-01
-2.573326607321777199e-04 -2.723687186004613084e-02 6.987115410024206767e-03 9.996045552164256609e-01
-4.907064390134438688e-03 -2.816592236635946309e-02 6.437063513712011978e-03 9.995704906356748243e-01
-6.492917997827584407e-03 -2.942390051587468955e-02 6.169316010257546758e-03 9.995268959033923872e-01
-8.809073627740823462e-03 -3.023325570451055461e-02 6.251090418594218261e-03 9.994845043020453845e-01
-1.367778090940736067e-02 -3.208957832862624482e-02 5.921425544743405892e-03 9.993738609707596421e-01
-1.386632995040308972e-02 -3.188809030164922731e-02 5.883269551631649212e-03 9.993779373840525615e-01
-1.525814942038566414e-02 -3.218100066843520429e-02 5.792397312357017332e-03 9.993487980708333218e-01
-1.602585549028625114e-02 -3.204488023156355780e-02 5.836029248371173844e-03 9.993409019795804760e-01
-2.016057167579250395e-02 -3.139995572517409461e-02 5.476952430998957219e-03 9.992885454773465792e-01
-1.828875169780034421e-02 -3.004760462321042283e-02 5.836940403678608433e-03 9.993640943842576618e-01
-1.837921106063704693e-02 -2.981549180829804607e-02 5.980661912206288768e-03 9.993685369932905349e-01
-1.562702061678858736e-02 -2.825635073921070606e-02 6.415734874957649062e-03 9.994579597039384700e-01
-1.562702061678858736e-02 -2.825635073921070606e-02 6.415734874957649062e-03 9.994579597039384700e-01
-1.408975602652975424e-02 -2.714197615287298332e-02 6.543272974859326227e-03 9.995108691176931570e-01
-1.408975602652975424e-02 -2.714197615287298332e-02 6.543272974859326227e-03 9.995108691176931570e-01
-1.367178936778345837e-02 -2.693459600385413738e-02 6.609049957514871732e-03 9.995218507727838819e-01
-1.391547449746081098e-02 -2.741405600618930516e-02 6.619574314846584165e-03 9.995053828462807655e-01
-1.394209582301095263e-02 -2.821714901289213220e-02 5.982831768643318351e-03 9.994866763442493696e-01
-1.606171233348061000e-02 -3.040144784778154793e-02 5.415809513553851082e-03 9.993940375912736540e-01
-1.618679342860343193e-02 -3.140439973198020512e-02 5.270258894416264030e-03 9.993617842238913251e-01
-1.647433885047136157e-02 -3.224280299773456954e-02 4.409597977152348962e-03 9.993345552216079675e-01
-1.761661130657340285e-02 -3.313435313649831099e-02 3.808585932332885123e-03 9.992883789584942056e-01
-1.974823038710297324e-02 -3.500530686390807000e-02 3.202888241319132735e-03 9.991868580975508118e-01
-2.098679254019737012e-02 -3.572761099588922518e-02 3.250078856319390825e-03 9.991358913275155684e-01
-2.194938346629166440e-02 -3.751491400556548894e-02 2.561020671631844981e-03 9.990516988453221892e-01
-2.491856115654090403e-02 -3.908042642469848615e-02 2.099416210728898956e-03 9.989231091690319309e-01
-2.491856115654090403e-02 -3.908042642469848615e-02 2.099416210728898956e-03 9.989231091690319309e-01
-2.606235604999148497e-02 -4.163348980305686675e-02 2.054186310202941838e-03 9.987908622141801196e-01
-2.493794138886456721e-02 -4.160253193194749649e-02 2.171195660089535445e-03 9.988206116843717508e-01
-2.585481800533405428e-02 -4.305817576371226418e-02 2.395953415505478693e-03 9.987350906486880397e-01
-2.585481800533405428e-02 -4.305817576371226418e-02 2.395953415505478693e-03 9.987350906486880397e-01
-2.452616853684761941e-02 -4.333652185333813911e-02 2.143162965295162051e-03 9.987571375379810101e-01
-2.452616853684761941e-02 -4.333652185333813911e-02 2.143162965295162051e-03 9.987571375379810101e-01
-2.095856108114861963e-02 -4.173855717086380479e-02 2.026177107599813274e-03 9.989066653942353380e-01
-1.873219766902823810e-02 -4.090202458093326887e-02 2.161478607145134612e-03 9.989852136873198507e-01
-1.371578413032664527e-02 -3.882198582104796208e-02 2.633391540873498016e-03 9.991485354698734778e-01
-1.215583119161874927e-02 -3.812705701737054836e-02 3.110194921187772049e-03 9.991941202683226608e-01
-9.421559856057169086e-03 -3.666440194926656737e-02 3.301789305125553148e-03 9.992777662026539609e-01
-6.571714165203312169e-03 -3.488471195002155328e-02 4.104174655281529922e-03 9.993613086344167451e-01
-5.732883635643113915e-03 -3.426672495124112594e-02 4.257587853968800365e-03 9.993872115211410723e-01
-3.194175999559084860e-03 -3.235573445974287282e-02 4.966649368338890702e-03 9.994589716848343297e-01
-3.194175999559084860e-03 -3.235573445974287282e-02 4.966649368338890702e-03 9.994589716848343297e-01
-2.955444104389197586e-03 -3.173851187905646354e-02 4.891171693152664320e-03 9.994798690585603440e-01
5.810439817878320767e-04 -2.652807055225304966e-02 5.878980428643400084e-03 9.996306125013306731e-01
1.569483305438176693e-03 -2.518773073308595498e-02 6.157065855769149748e-03 9.996625458036924039e-01
5.561415633092661737e-03 -2.191972995370373642e-02 6.724401404386763301e-03 9.997216505211165005e-01
5.339113407678743560e-03 -2.065488434870555237e-02 6.682637422480768204e-03 9.997500747575072122e-01
5.339113407678743560e-03 -2.065488434870555237e-02 6.682637422480768204e-03 9.997500747575072122e-01
2.039987523127944225e-03 -1.561435073858082924e-02 6.012771132484261496e-03 9.998579284504506282e-01
1.717337220403925349e-03 -1.391918290832987529e-02 5.730866897571079352e-03 9.998852255457314486e-01
5.663112302785363282e-03 -1.191838275297747371e-02 6.179265955119989800e-03 9.998938433573113516e-01
5.663112302785363282e-03 -1.191838275297747371e-02 6.179265955119989800e-03 9.998938433573113516e-01
5.663112302785363282e-03 -1.191838275297747371e-02 6.179265955119989800e-03 9.998938433573113516e-01
-4.217639074260407309e-03 -7.009807703935205976e-03 4.869792390780084031e-03 9.999546785923170145e-01
-7.319303700336948250e-03 -7.104855471803018727e-03 4.606091464413682515e-03 9.999373644101356984e-01
-1.255801454898574851e-02 -7.623916479541180749e-03 4.428970850278432687e-03 9.998822712626260767e-01
-1.472108311358498282e-02 -8.295853869807677874e-03 4.355627608891845734e-03 9.998477369223107702e-01
-1.716535202078343578e-02 -9.539227074057247263e-03 4.419709289354393708e-03 9.997973894778030557e-01
-1.752209733922527671e-02 -9.442926222218355620e-03 4.517807375447756638e-03 9.997916766335449568e-01
-1.924836645536423876e-02 -1.006136641562979314e-02 4.090763652881337399e-03 9.997557376416436048e-01
-1.931012395407751339e-02 -1.012330715584455927e-02 4.374580251431269343e-03 9.997527198326245923e-01
-2.050479458874606212e-02 -1.042186255290700365e-02 4.381604599446505335e-03 9.997258322764975835e-01
-2.053520427706335624e-02 -9.711868302487484950e-03 4.079730133343833533e-03 9.997336349255303567e-01
-2.053520427706335624e-02 -9.711868302487484950e-03 4.079730133343833533e-03 9.997336349255303567e-01
-2.248713572925307297e-02 -8.613865086561190570e-03 3.494336448657365830e-03 9.997039160010069425e-01
-2.339387531725812749e-02 -7.437249910173852896e-03 3.243540399856778382e-03 9.996933996766652619e-01
-2.450254593405893147e-02 -7.065543189746560128e-03 3.099084853679355284e-03 9.996699950559949643e-01
-2.485228122959768499e-02 -6.286553707118178527e-03 2.959033768443019522e-03 9.996669882912657679e-01
-2.536691922234474497e-02 -5.615231992504329632e-03 2.443242384045593487e-03 9.996594515861340069e-01
-2.773528000140155700e-02 -2.864991367095013567e-03 1.831135998203347898e-03 9.996095202671223534e-01
-2.773528000140155700e-02 -2.864991367095013567e-03 1.831135998203347898e-03 9.996095202671223534e-01
-2.814849009421591108e-02 -2.274034183996604709e-03 1.665203015154240575e-03 9.995997790980468700e-01
-2.821449873606986583e-02 -7.550264524409366082e-04 9.574362983403853682e-04 9.996011481145182787e-01
-2.879495305811058739e-02 1.225034996893544989e-03 4.525499867005728163e-04 9.995844862572383915e-01
-2.921285132640769056e-02 2.165253370299254597e-03 5.461757053573925379e-05 9.995708669284757431e-01
-2.900671154220014689e-02 2.869200236037424984e-03 -2.151432073690658444e-04 9.995750757641536088e-01
-2.900671154220014689e-02 2.869200236037424984e-03 -2.151432073690658444e-04 9.995750757641536088e-01
-2.905329124704708610e-02 3.880315236253474315e-03 -1.277577032467675476e-03 9.995695159508956040e-01
-2.946423020362303954e-02 5.411245758031453870e-03 -1.321116739764988633e-03 9.995503149959056310e-01
-3.077900293541646626e-02 4.624451310239615157e-03 -1.877293231010696180e-03 9.995137533813658326e-01
-2.831299200995286008e-02 6.003269556690364259e-03 -2.636152996235734212e-03 9.995776037584348517e-01
-2.831299200995286008e-02 6.003269556690364259e-03 -2.636152996235734212e-03 9.995776037584348517e-01
-2.888891021078810600e-02 6.023646691650444938e-03 -3.178395898385722243e-03 9.995594251203279157e-01
-2.988941342524579353e-02 6.239919758298127436e-03 -3.734653222643451523e-03 9.995267573866201127e-01
-2.721480540922898914e-02 8.847569162449848285e-03 -3.695950114826416968e-03 9.995836207337543966e-01
-2.917557180554806659e-02 9.026682355739740898e-03 -5.743839917714833529e-03 9.995170400340694927e-01
-2.836451044097384674e-02 9.818473617036129961e-03 -6.097181313578452395e-03 9.995308281905590508e-01
-2.897632690826180621e-02 9.798692747808984346e-03 -6.597771989216827046e-03 9.995102938460003195e-01
-2.989605244603334155e-02 9.505871342934688398e-03 -7.148722826308231623e-03 9.994822460754909654e-01
-3.122447935908890040e-02 9.657549968530720549e-03 -7.505072710142259886e-03 9.994375605814375119e-01
-3.222206776168820563e-02 1.006274401605155092e-02 -7.919144619277578359e-03 9.993987025609587516e-01
-3.342671632440807894e-02 1.092176211168239749e-02 -8.304283263446841576e-03 9.993469911035024467e-01
-3.509811702354490026e-02 1.227245384186861563e-02 -7.907702665274331244e-03 9.992772274482484285e-01
-3.632712011784031830e-02 1.482373404761580700e-02 -7.962306239601639468e-03 9.991982780870753977e-01
-3.487670585203456880e-02 1.872252979501214804e-02 -7.600346658159831334e-03 9.991873282811694068e-01
-3.487670585203456880e-02 1.872252979501214804e-02 -7.600346658159831334e-03 9.991873282811694068e-01
-3.275672032150778179e-02 2.242364084546969588e-02 -7.030917149912737849e-03 9.991870414537225020e-01
-3.281095888905349867e-02 2.432465064816788716e-02 -6.169020323106297679e-03 9.991464835227508168e-01
-3.067963611211228792e-02 2.627669735929511960e-02 -6.237359129100765280e-03 9.991643460687591460e-01
-3.035537950559445003e-02 2.735882775164383621e-02 -6.311645975892673371e-03 9.991447385660409131e-01
-2.889525868074863807e-02 2.875264449699216351e-02 -6.356987017443121307e-03 9.991486066528153520e-01
-2.779368007225405460e-02 3.013004747377195230e-02 -6.510646798497729884e-03 9.991382802523055551e-01
-2.574169938561308296e-02 3.399244286731020748e-02 -6.612266415964542648e-03 9.990686446253319586e-01
-2.551835210813091503e-02 3.518946515566643424e-02 -6.808916277605734334e-03 9.990316080619612293e-01
-2.532015621549829620e-02 3.715937663071762487e-02 -7.296013116955863027e-03 9.989618804590275625e-01
-2.600194383779443411e-02 3.960720759567037258e-02 -7.961386053267981155e-03 9.988452254254612805e-01
-2.650064232016405286e-02 4.037738893834920406e-02 -8.556395613533961109e-03 9.987963608830604523e-01
-2.780280466993952093e-02 4.198770789912781298e-02 -8.760297678944652458e-03 9.986927924153848890e-01
-2.963904106504386404e-02 4.191060273290353466e-02 -8.619302811296020508e-03 9.986444493624128116e-01
-3.115551139273615294e-02 4.338370723673819207e-02 -9.787172688821420274e-03 9.985246112675507657e-01
-3.167981047697566999e-02 4.319076579331565524e-02 -9.921362004768050080e-03 9.985151545841957077e-01
-3.212271186482071328e-02 4.394864694508712755e-02 -1.102749249365064625e-02 9.984563296526535181e-01
-3.212271186482071328e-02 4.394864694508712755e-02 -1.102749249365064625e-02 9.984563296526535181e-01
-3.254843567593949938e-02 4.335703310060403520e-02 -1.054159963972062936e-02 9.984736559833705671e-01
-3.407740649105383407e-02 4.393033183342445053e-02 -1.150080564683101346e-02 9.983869929948619992e-01
-3.374659813457376450e-02 4.488419484426243999e-02 -1.231334209766666091e-02 9.983461112128958481e-01
-3.371079310409525603e-02 4.447473381122692832e-02 -1.206668530337269389e-02 9.983686571535099752e-01
-3.278804401732191703e-02 4.550483982718024623e-02 -1.274798750767864967e-02 9.983445009295763839e-01
-3.228976751152118352e-02 4.583794146753115278e-02 -1.325860618341670634e-02 9.983388519927210991e-01
-3.224057858988980951e-02 4.596299118462191663e-02 -1.329007610622288775e-02 9.983342738835736530e-01
-3.076941526917696332e-02 4.640782059606714943e-02 -1.386350797411523526e-02 9.983523227889881113e-01
-3.076941526917696332e-02 4.640782059606714943e-02 -1.386350797411523526e-02 9.983523227889881113e-01
-3.076941526917696332e-02 4.640782059606714943e-02 -1.386350797411523526e-02 9.983523227889881113e-01
-2.924641406306128025e-02 4.811090137180748516e-02 -1.536676120232123230e-02 9.982954728354702656e-01
-2.928488890900315944e-02 4.804381030370399874e-02 -1.508515206061289415e-02 9.983018710592489464e-01
-2.940313994252213847e-02 4.934196235533852559e-02 -1.593118571879819506e-02 9.982219309522497586e-01
-2.914916997333065821e-02 4.998740656410799454e-02 -1.625746468485844351e-02 9.981920055364503774e-01
-2.790626107309529882e-02 5.111737419051999576e-02 -1.658857841537826269e-02 9.981648529751704357e-01
-2.790626107309529882e-02 5.111737419051999576e-02 -1.658857841537826269e-02 9.981648529751704357e-01
-2.827967006309465778e-02 5.203705635576395122e-02 -1.792589249028176193e-02 9.980836975952349643e-01
-2.731174474295890511e-02 5.132959512166204025e-02 -1.778113312560370557e-02 9.981498748026327306e-01
-2.648069219541495170e-02 5.169982571569028962e-02 -1.814895318346040204e-02 9.981465405741601904e-01
-2.580963274447286779e-02 5.175301928807291008e-02 -1.862275661049571027e-02 9.981526340136512854e-01
-2.434438450556631467e-02 5.114380187805925293e-02 -1.890121369801210996e-02 9.982156112750617538e-01
-2.217794051806896635e-02 5.008014948868605432e-02 -1.885866347127513123e-02 9.983208243814435390e-01
-1.906066085175200930e-02 5.065311628965392388e-02 -1.952126899365174903e-02 9.983435646484224435e-01
-1.683513981996482764e-02 4.955565242647556184e-02 -1.931308298145734473e-02 9.984426975072631105e-01
-1.554067842446252984e-02 4.931342128285483989e-02 -1.936671801049690694e-02 9.984746386508718263e-01
-1.329207141627303419e-02 4.940745105639970935e-02 -1.939271069052164731e-02 9.985019516203500478e-01
-1.163922659265680289e-02 4.943819940378674921e-02 -1.967401197217861011e-02 9.985155612693048521e-01
-1.173989643361485896e-02 4.843706667372131569e-02 -1.943292298206830693e-02 9.985681683831838518e-01
-9.363746062246880442e-03 4.915462694769354851e-02 -1.883579811334824480e-02 9.985696548657725380e-01
-9.339698346858934380e-03 4.925315858942028169e-02 -1.945779330618756589e-02 9.985530985798446446e-01
-1.084311061929643140e-02 4.820663534666660283e-02 -1.933661579384836349e-02 9.985913290982915136e-01
-8.756492906976266061e-03 4.603605331537125034e-02 -1.972794288623438974e-02 9.987065704683192324e-01
-1.014730028731449657e-02 4.722925584993809683e-02 -1.988520617880681213e-02 9.986345719350830930e-01
-8.861040741290782813e-03 4.593724073538588831e-02 -2.004408846594973523e-02 9.987039032607060163e-01
-7.802319414943571091e-03 4.556289096266283312e-02 -1.991837074493901100e-02 9.987323992370222836e-01
-1.127769988583527880e-02 4.619825866333608644e-02 -1.983800393897808961e-02 9.986716116829784662e-01
-1.014061317120970411e-02 4.483434932699045805e-02 -1.937185584751080492e-02 9.987551152739897464e-01
-7.534383944119067179e-03 4.374994781116212095e-02 -1.986456553760117955e-02 9.988165868472077547e-01
-7.534383944119067179e-03 4.374994781116212095e-02 -1.986456553760117955e-02 9.988165868472077547e-01
-7.340730859095480690e-03 4.079136581257842425e-02 -1.992621467474593386e-02 9.989420023776829360e-01
-6.482784632450667474e-03 4.260333345392595256e-02 -1.951763428674863077e-02 9.988803689300694844e-01
-6.795381679576151940e-03 4.153474688129812215e-02 -1.951941341402763444e-02 9.989232603605282534e-01
-6.795381679576151940e-03 4.153474688129812215e-02 -1.951941341402763444e-02 9.989232603605282534e-01
-7.720805617960038898e-03 3.970263059104285619e-02 -1.948016468052108860e-02 9.989917984992573441e-01
-1.002968452740985242e-02 3.646756330804117041e-02 -2.082989926824330151e-02 9.990673838891596104e-01
-9.417918907670573200e-03 3.636515209466059662e-02 -2.087118172589244244e-02 9.990762094504831436e-01
-9.417918907670573200e-03 3.636515209466059662e-02 -2.087118172589244244e-02 9.990762094504831436e-01
-9.517419685072442403e-03 3.418742889097076132e-02 -2.039476587119951057e-02 9.991619948503956961e-01
-8.139084078271033307e-03 3.480431850552010570e-02 -2.079355352491078085e-02 9.991446556207663754e-01
-7.012031588333331872e-03 3.433612836126629514e-02 -2.062508059363699769e-02 9.991728918223656830e-01
-6.305423877606360084e-03 3.373969576476272547e-02 -2.039099279792789057e-02 9.992027231608908711e-01
-6.305423877606360084e-03 3.373969576476272547e-02 -2.039099279792789057e-02 9.992027231608908711e-01
-5.626992671776847622e-03 3.367759667250461858e-02 -2.057449733565095903e-02 9.992051073204245570e-01
-5.869908912132566596e-03 3.358217936507274654e-02 -2.062229328013304164e-02 9.992059359402963858e-01
-6.995069695767154420e-03 3.266208063944007339e-02 -2.074061012378035015e-02 9.992267433270326515e-01
-8.617729299481013960e-03 3.261785489959369289e-02 -2.139953396392746052e-02 9.992016164066173101e-01
-9.631879727786172782e-03 3.172948693115786034e-02 -2.093687925431492181e-02 9.992307609551885905e-01
-8.474900621848482918e-03 3.235151152128493829e-02 -2.120941963703715932e-02 9.992155504596583748e-01
-9.202911302749999800e-03 3.163110128918422692e-02 -2.086289035842015666e-02 9.992394706278768801e-01
-9.338097252709523510e-03 3.149326235401003066e-02 -2.081203433023978699e-02 9.992436307492970071e-01
-9.338097252709523510e-03 3.149326235401003066e-02 -2.081203433023978699e-02 9.992436307492970071e-01
-9.050309376396701438e-03 3.188784166317244761e-02 -2.109219436926921751e-02 9.992278903187925554e-01
-9.727757056153377158e-03 3.115382810863810692e-02 -2.094310087597054532e-02 9.992478152403100333e-01
-8.722893504023804256e-03 3.156381571127968994e-02 -2.067352253793268771e-02 9.992498396960268758e-01
-7.658323791361083301e-03 3.150500564897698585e-02 -2.071175313866279247e-02 9.992596299149124617e-01
-9.497852358766918288e-03 3.010514117690928776e-02 -2.056689123376292949e-02 9.992899850695332598e-01
-9.242309758870286690e-03 3.045246804377753358e-02 -2.083557417395326752e-02 9.992762909972424668e-01
-9.242309758870286690e-03 3.045246804377753358e-02 -2.083557417395326752e-02 9.992762909972424668e-01
-9.222203270653062460e-03 2.818451121690996805e-02 -2.058515015574148566e-02 9.993482055256637242e-01
-9.146792948489199451e-03 2.696619658984774834e-02 -2.062640692148061741e-02 9.993816647096066541e-01
-9.868882775549705014e-03 2.458850493802858250e-02 -2.026371513422945206e-02 9.994435413902247323e-01
-9.047877406345076687e-03 2.421845090680020685e-02 -2.056233618478701258e-02 9.994542475174831297e-01
-1.096675854346908750e-02 2.112462248523973990e-02 -2.028997236426107256e-02 9.995107791081409010e-01
-1.107111276033777465e-02 2.055061224790765209e-02 -2.036922729874931712e-02 9.995199834809387340e-01
-1.105135377091526032e-02 2.081147665674272160e-02 -2.052951359045222801e-02 9.995115252416729712e-01
-1.202420332293568060e-02 1.965003201139815456e-02 -2.051478448194115484e-02 9.995241059594607291e-01
-1.101450420919322833e-02 2.061262584679052212e-02 -2.082463109182895733e-02 9.995099474705667619e-01
-1.115484719759557777e-02 1.887659802520347957e-02 -2.097442026797159687e-02 9.995395525567838391e-01
-1.115484719759557777e-02 1.887659802520347957e-02 -2.097442026797159687e-02 9.995395525567838391e-01
-1.212321862443061643e-02 1.966541338511636205e-02 -2.106744229762335871e-02 9.995111114748115311e-01
-1.056588114952357847e-02 1.976076371471444798e-02 -2.158257096951246221e-02 9.995159163331474028e-01
-1.029578147027460089e-02 2.032571653088973210e-02 -2.205262573851974120e-02 9.994971454833970759e-01
-7.422194826553749937e-03 2.082973234596403878e-02 -2.240806346037770708e-02 9.995043331403360432e-01
-7.083688542568530346e-03 2.018990841517568843e-02 -2.222503454066182549e-02 9.995240051116757174e-01
-5.222156318006478289e-03 2.010967219643819415e-02 -2.236148490839296593e-02 9.995340385200665034e-01
-5.124082332682056672e-03 2.008567217186714784e-02 -2.248798535667145826e-02 9.995321906113130428e-01
-4.024948458519772912e-03 1.997529378372770933e-02 -2.282128894897944918e-02 9.995318785305785658e-01
-3.913962583232115378e-03 2.004546755740642047e-02 -2.312922733845612644e-02 9.995238361189932030e-01
-3.913962583232115378e-03 2.004546755740642047e-02 -2.312922733845612644e-02 9.995238361189932030e-01
-2.588549211307639673e-03 2.121849241391485924e-02 -2.376960716045141420e-02 9.994889097774417586e-01
-2.745557197921241928e-03 2.151798251591138453e-02 -2.403926734141856661e-02 9.994756385074153870e-01
-2.356611763210886192e-03 2.248606152454761878e-02 -2.435195438721706948e-02 9.994477503779948258e-01
-3.535284608622614629e-03 2.208550458195510449e-02 -2.442900832590616869e-02 9.994513273803329323e-01
-3.014838265024860717e-03 2.317198108566580206e-02 -2.490361594708977513e-02 9.994167198699255295e-01
-2.199695186690653163e-03 2.421910617427184415e-02 -2.525317206560308975e-02 9.993852478087867919e-01
-2.323087836213118002e-03 2.532676191802294904e-02 -2.562614097158493962e-02 9.993480171054313077e-01
-3.655086079074944174e-03 2.564564158326008286e-02 -2.569524445202795576e-02 9.993341262190980068e-01
-4.583337305893020810e-03 2.673544198441813596e-02 -2.618549798091218683e-02 9.992890116760665409e-01
-4.583337305893020810e-03 2.673544198441813596e-02 -2.618549798091218683e-02 9.992890116760665409e-01
-6.488624971962912193e-03 2.843836957705449600e-02 -2.728981199273732700e-02 9.992018930342221328e-01
-6.704461726217381470e-03 2.932280951332584540e-02 -2.725480230218256181e-02 9.991758597897948402e-01
-7.443015834472700015e-03 2.988407115160252384e-02 -2.749624514226152103e-02 9.991473866801486858e-01
-6.825016147172266283e-03 3.129811360581990359e-02 -2.812903760885046220e-02 9.990908889998486586e-01
-8.137448491607192705e-03 3.172968975108327733e-02 -2.827550553748804998e-02 9.990633135627321471e-01
-9.643425670412316547e-03 3.350822939132749173e-02 -2.933766957563434252e-02 9.989612124843828544e-01
-1.038852513713681147e-02 3.391615828631180940e-02 -2.927515908412787679e-02 9.989418090225135050e-01
-1.046670087989250500e-02 3.470340593639062443e-02 -3.006541299622579252e-02 9.988904808488623388e-01
-1.387441976070415486e-02 3.379205577124180099e-02 -3.031755780769817762e-02 9.988725860346924224e-01
-1.628082645540066334e-02 3.446163851364654473e-02 -3.058418122530074876e-02 9.988052553023847313e-01
-1.698449592413997511e-02 3.319055166199513102e-02 -3.060385217470892871e-02 9.988359817360625836e-01
-2.146525378220174446e-02 3.191678658799627921e-02 -3.104775117582210531e-02 9.987775521911204102e-01
-2.416302090904202948e-02 3.013551690212406750e-02 -3.134781651468396962e-02 9.987618902628156992e-01
-2.577415710696481441e-02 2.941377338295176128e-02 -3.158777838933612275e-02 9.987355681146177222e-01
-2.724904905666874697e-02 2.793578803994278131e-02 -3.222096286165606477e-02 9.987186243504035943e-01
-2.755271061321701298e-02 2.664473114125079020e-02 -3.187107829847134893e-02 9.987567976281149784e-01
-2.800922407863006350e-02 2.558291601132291551e-02 -3.278365144303363454e-02 9.987423241121468065e-01
-2.706467363003959084e-02 2.345906998693838424e-02 -3.266905376586403537e-02 9.988242630226252805e-01
-2.713249400157089625e-02 2.294246440935787321e-02 -3.288350075778370685e-02 9.988273857248773924e-01
-2.713249400157089625e-02 2.294246440935787321e-02 -3.288350075778370685e-02 9.988273857248773924e-01
-2.588850259539583060e-02 2.075970465558862540e-02 -3.312954011619683586e-02 9.989000218578786283e-01
-2.673166456116688947e-02 1.904406475729902501e-02 -3.336265396135959516e-02 9.989042371658874986e-01
-2.686646693426850141e-02 1.818559525907518029e-02 -3.332165589252075039e-02 9.989179867877659991e-01
-2.753149923506884381e-02 1.741273227566081036e-02 -3.358426443242421705e-02 9.989048555728912149e-01
-2.806587534593677630e-02 1.629277066662158241e-02 -3.374830302085232020e-02 9.989033508344458134e-01
-2.953656974844354882e-02 1.438923077669875504e-02 -3.400880626116509209e-02 9.988813453968597988e-01
-2.953656974844354882e-02 1.438923077669875504e-02 -3.400880626116509209e-02 9.988813453968597988e-01
-2.914675557419226307e-02 1.452652143970620778e-02 -3.441972033536209313e-02 9.988767339699106129e-01
-3.017374462234311688e-02 1.356283079962544713e-02 -3.424283837391990659e-02 9.988658682607309824e-01
-3.068216087170267531e-02 1.257268491273099038e-02 -3.428384587994596361e-02 9.988619276506679467e-01
-3.101016498661272880e-02 1.207496446110316313e-02 -3.450286130115703953e-02 9.988503979389502518e-01
-3.162396684874339836e-02 1.119423946091011729e-02 -3.527134507773085903e-02 9.988145703482949056e-01
-3.209538002678047341e-02 1.025214081724504581e-02 -3.530056551451819097e-02 9.988086154333848388e-01
-3.243375522722581616e-02 9.997932436446609061e-03 -3.566795723134481844e-02 9.987872094174011783e-01
-3.314124069267693207e-02 8.828936124689547651e-03 -3.597861656776880912e-02 9.987638595794932073e-01
-3.245625548377073510e-02 9.183012607165010055e-03 -3.660079491737970592e-02 9.987605546730632389e-01
-3.304245285750682243e-02 7.432718179945518172e-03 -3.696683933247592313e-02 9.987424111348151001e-01
-3.366956428309044597e-02 6.668327736214097433e-03 -3.697869405331372789e-02 9.987264240182597286e-01
-3.424881554560714469e-02 5.349859384232610350e-03 -3.773385699610371652e-02 9.986864140832644177e-01
-3.449425839192542254e-02 4.732244189596490451e-03 -3.828896358506903713e-02 9.986599557759900936e-01
-3.421817749600580827e-02 4.042994129359149535e-03 -3.851529234920178513e-02 9.986637786475373035e-01
-3.517457738259977679e-02 2.518772335644345935e-03 -3.915410122012832894e-02 9.986107155691453796e-01
-3.476932955866183367e-02 1.640239119255970700e-03 -3.964411550623571368e-02 9.986074040599745016e-01
-3.657074648360738450e-02 -8.790252308619660128e-04 -4.094395795704405816e-02 9.984915623695009845e-01
-3.473117200406038857e-02 -1.159219725492570711e-03 -4.130915797476143042e-02 9.985419146777307908e-01
-3.692710315436489865e-02 -3.078005168550995187e-03 -4.153442679414126593e-02 9.984497014510502755e-01
-3.678766460534999005e-02 -2.499899578895865143e-03 -4.157984274777052486e-02 9.984545732841582089e-01
-3.945785379376827440e-02 -3.030883107775482824e-03 -4.141231542787265907e-02 9.983581079214407517e-01
-4.003800603977689110e-02 -2.591998730160284536e-03 -4.131450652884269270e-02 9.983402982777064283e-01
-4.257048201734157239e-02 -2.351352469054681510e-03 -4.109175034033917678e-02 9.982453071546817380e-01
-4.331745725189393992e-02 -1.517925526745128248e-03 -4.089682454957636881e-02 9.982227925373607924e-01
-4.377657014082413089e-02 6.577483846661486434e-04 -4.065867689596859569e-02 9.982134297167301051e-01
-4.377657014082413089e-02 6.577483846661486434e-04 -4.065867689596859569e-02 9.982134297167301051e-01
-4.377657014082413089e-02 6.577483846661486434e-04 -4.065867689596859569e-02 9.982134297167301051e-01
-4.377657014082413089e-02 6.577483846661486434e-04 -4.065867689596859569e-02 9.982134297167301051e-01
-4.377657014082413089e-02 6.577483846661486434e-04 -4.065867689596859569e-02 9.982134297167301051e-01
-4.377657014082413089e-02 6.577483846661486434e-04 -4.065867689596859569e-02 9.982134297167301051e-01
-4.377657014082413089e-02 6.577483846661486434e-04 -4.065867689596859569e-02 9.982134297167301051e-01
-4.377657014082413089e-02 6.577483846661486434e-04 -4.065867689596859569e-02 9.982134297167301051e-01
-4.377657014082413089e-02 6.577483846661486434e-04 -4.065867689596859569e-02 9.982134297167301051e-01
-4.377657014082413089e-02 6.577483846661486434e-04 -4.065867689596859569e-02 9.982134297167301051e-01
-4.377657014082413089e-02 6.577483846661486434e-04 -4.065867689596859569e-02 9.982134297167301051e-01
-4.377657014082413089e-02 6.577483846661486434e-04 -4.065867689596859569e-02 9.982134297167301051e-01
-4.377657014082413089e-02 6.577483846661486434e-04 -4.065867689596859569e-02 9.982134297167301051e-01
-4.377657014082413089e-02 6.577483846661486434e-04 -4.065867689596859569e-02 9.982134297167301051e-01
-4.377657014082413089e-02 6.577483846661486434e-04 -4.065867689596859569e-02 9.982134297167301051e-01
-4.377657014082413089e-02 6.577483846661486434e-04 -4.065867689596859569e-02 9.982134297167301051e-01
-4.377657014082413089e-02 6.577483846661486434e-04 -4.065867689596859569e-02 9.982134297167301051e-01
-4.377657014082413089e-02 6.577483846661486434e-04 -4.065867689596859569e-02 9.982134297167301051e-01
-4.377657014082413089e-02 6.577483846661486434e-04 -4.065867689596859569e-02 9.982134297167301051e-01
-4.377657014082413089e-02 6.577483846661486434e-04 -4.065867689596859569e-02 9.982134297167301051e-01
-4.377657014082413089e-02 6.577483846661486434e-04 -4.065867689596859569e-02 9.982134297167301051e-01
-4.377657014082413089e-02 6.577483846661486434e-04 -4.065867689596859569e-02 9.982134297167301051e-01
-4.377657014082413089e-02 6.577483846661486434e-04 -4.065867689596859569e-02 9.982134297167301051e-01
-4.377657014082413089e-02 6.577483846661486434e-04 -4.065867689596859569e-02 9.982134297167301051e-01
-4.377657014082413089e-02 6.577483846661486434e-04 -4.065867689596859569e-02 9.982134297167301051e-01
-4.377657014082413089e-02 6.577483846661486434e-04 -4.065867689596859569e-02 9.982134297167301051e-01
-4.377657014082413089e-02 6.577483846661486434e-04 -4.065867689596859569e-02 9.982134297167301051e-01
-4.377657014082413089e-02 6.577483846661486434e-04 -4.065867689596859569e-02 9.982134297167301051e-01
-4.377657014082413089e-02 6.577483846661486434e-04 -4.065867689596859569e-02 9.982134297167301051e-01
-4.377657014082413089e-02 6.577483846661486434e-04 -4.065867689596859569e-02 9.982134297167301051e-01
-4.377657014082413089e-02 6.577483846661486434e-04 -4.065867689596859569e-02 9.982134297167301051e-01
-4.377657014082413089e-02 6.577483846661486434e-04 -4.065867689596859569e-02 9.982134297167301051e-01
-4.377657014082413089e-02 6.577483846661486434e-04 -4.065867689596859569e-02 9.982134297167301051e-01
-4.377657014082413089e-02 6.577483846661486434e-04 -4.065867689596859569e-02 9.982134297167301051e-01
-4.377657014082413089e-02 6.577483846661486434e-04 -4.065867689596859569e-02 9.982134297167301051e-01
-4.377657014082413089e-02 6.577483846661486434e-04 -4.065867689596859569e-02 9.982134297167301051e-01
-4.377657014082413089e-02 6.577483846661486434e-04 -4.065867689596859569e-02 9.982134297167301051e-01
-4.377657014082413089e-02 6.577483846661486434e-04 -4.065867689596859569e-02 9.982134297167301051e-01
-4.377657014082413089e-02 6.577483846661486434e-04 -4.065867689596859569e-02 9.982134297167301051e-01
-4.377657014082413089e-02 6.577483846661486434e-04 -4.065867689596859569e-02 9.982134297167301051e-01
-4.377657014082413089e-02 6.577483846661486434e-04 -4.065867689596859569e-02 9.982134297167301051e-01
-4.377657014082413089e-02 6.577483846661486434e-04 -4.065867689596859569e-02 9.982134297167301051e-01
-4.377657014082413089e-02 6.577483846661486434e-04 -4.065867689596859569e-02 9.982134297167301051e-01
-4.377657014082413089e-02 6.577483846661486434e-04 -4.065867689596859569e-02 9.982134297167301051e-01
-4.377657014082413089e-02 6.577483846661486434e-04 -4.065867689596859569e-02 9.982134297167301051e-01
-4.377657014082413089e-02 6.577483846661486434e-04 -4.065867689596859569e-02 9.982134297167301051e-01
-4.377657014082413089e-02 6.577483846661486434e-04 -4.065867689596859569e-02 9.982134297167301051e-01
-4.377657014082413089e-02 6.577483846661486434e-04 -4.065867689596859569e-02 9.982134297167301051e-01
-4.377657014082413089e-02 6.577483846661486434e-04 -4.065867689596859569e-02 9.982134297167301051e-01
-4.377657014082413089e-02 6.577483846661486434e-04 -4.065867689596859569e-02 9.982134297167301051e-01
-4.377657014082413089e-02 6.577483846661486434e-04 -4.065867689596859569e-02 9.982134297167301051e-01
-4.377657014082413089e-02 6.577483846661486434e-04 -4.065867689596859569e-02 9.982134297167301051e-01
-4.377657014082413089e-02 6.577483846661486434e-04 -4.065867689596859569e-02 9.982134297167301051e-01
-4.377657014082413089e-02 6.577483846661486434e-04 -4.065867689596859569e-02 9.982134297167301051e-01
-4.377657014082413089e-02 6.577483846661486434e-04 -4.065867689596859569e-02 9.982134297167301051e-01
-4.377657014082413089e-02 6.577483846661486434e-04 -4.065867689596859569e-02 9.982134297167301051e-01
-4.377657014082413089e-02 6.577483846661486434e-04 -4.065867689596859569e-02 9.982134297167301051e-01
-4.377657014082413089e-02 6.577483846661486434e-04 -4.065867689596859569e-02 9.982134297167301051e-01
-4.377657014082413089e-02 6.577483846661486434e-04 -4.065867689596859569e-02 9.982134297167301051e-01
-4.377657014082413089e-02 6.577483846661486434e-04 -4.065867689596859569e-02 9.982134297167301051e-01
-4.377657014082413089e-02 6.577483846661486434e-04 -4.065867689596859569e-02 9.982134297167301051e-01
-4.377657014082413089e-02 6.577483846661486434e-04 -4.065867689596859569e-02 9.982134297167301051e-01
-4.377657014082413089e-02 6.577483846661486434e-04 -4.065867689596859569e-02 9.982134297167301051e-01
-4.377657014082413089e-02 6.577483846661486434e-04 -4.065867689596859569e-02 9.982134297167301051e-01
-4.377657014082413089e-02 6.577483846661486434e-04 -4.065867689596859569e-02 9.982134297167301051e-01
-4.377657014082413089e-02 6.577483846661486434e-04 -4.065867689596859569e-02 9.982134297167301051e-01
-4.377657014082413089e-02 6.577483846661486434e-04 -4.065867689596859569e-02 9.982134297167301051e-01
-4.377657014082413089e-02 6.577483846661486434e-04 -4.065867689596859569e-02 9.982134297167301051e-01
-4.377657014082413089e-02 6.577483846661486434e-04 -4.065867689596859569e-02 9.982134297167301051e-01
-4.377657014082413089e-02 6.577483846661486434e-04 -4.065867689596859569e-02 9.982134297167301051e-01
-4.377657014082413089e-02 6.577483846661486434e-04 -4.065867689596859569e-02 9.982134297167301051e-01
-5.038951776649329417e-02 6.542397743573877961e-03 -6.479406309425811417e-02 9.966041455456436937e-01
-5.062305291731658552e-02 4.914386928561118376e-03 -6.476491258542647900e-02 9.966035628133430579e-01
-5.084215790097863785e-02 3.906070816566574542e-03 -6.513879303210971805e-02 9.965725037512664919e-01
-4.976064282909324621e-02 3.098368697160994514e-03 -6.584645653469341220e-02 9.965834248563822939e-01
-5.060345921418869797e-02 1.813692958803937716e-03 -6.657674233236005046e-02 9.964956285974463368e-01
-5.065784836401255459e-02 1.682786236449654044e-03 -6.682216804276001898e-02 9.964766673072060765e-01
-5.419237564873438662e-02 7.418560728277753249e-04 -6.685991671471518127e-02 9.962893091908671117e-01
-5.484930071740412583e-02 1.587507971772494225e-03 -6.717015267528600453e-02 9.962315015190145173e-01
-5.882277911153570987e-02 1.586995426987620290e-03 -6.734799933385812731e-02 9.959927756208057925e-01
-5.976059489851731632e-02 2.440665009944174672e-03 -6.738205574754373151e-02 9.959329159210069671e-01
-6.060835090636261524e-02 5.212648413066918625e-03 -6.742639304793708599e-02 9.958680322299124921e-01
-6.068430592196193130e-02 6.468407804071109844e-03 -6.742220260084400008e-02 9.958563256372381378e-01
-6.059114285817847334e-02 7.700491742720120929e-03 -6.715219667309242635e-02 9.958714768061380784e-01
-5.943885800698258531e-02 1.163944973070107566e-02 -6.658854015557474915e-02 9.959405161397650863e-01
-5.694303954559773451e-02 1.556086659118149397e-02 -6.645932587527250690e-02 9.960414186581019180e-01
-5.587927849301698585e-02 1.673985481449820345e-02 -6.611329582096736601e-02 9.961055745309221887e-01
-5.395235411635184580e-02 2.029716018725478272e-02 -6.602957709467908998e-02 9.961512253279291018e-01
-5.259733527820104060e-02 2.258384077863399841e-02 -6.610119791236915288e-02 9.961697255447324872e-01
-5.177332518609938095e-02 2.348642627252429255e-02 -6.602594244843254523e-02 9.961970113907770985e-01
-5.076375315954505946e-02 2.703460800208396658e-02 -6.631355778021183478e-02 9.961398914760219991e-01
-5.076375315954505946e-02 2.703460800208396658e-02 -6.631355778021183478e-02 9.961398914760219991e-01
-5.141262925146518337e-02 3.192437813218672316e-02 -6.716625721208094313e-02 9.959047492237624866e-01
-5.247453634707878456e-02 3.371122837887373380e-02 -6.773464992346688029e-02 9.957519737947256866e-01
-5.247453634707878456e-02 3.371122837887373380e-02 -6.773464992346688029e-02 9.957519737947256866e-01
-5.426503644132751880e-02 3.538865540518425223e-02 -6.843623743862273234e-02 9.955498130650615174e-01
-5.656643590906308694e-02 3.658463642815020650e-02 -6.925636329977777339e-02 9.953217363488326974e-01
-5.824846069956112621e-02 3.620092328863869918e-02 -6.926608829987458693e-02 9.952380715139548251e-01
-5.971286895004616901e-02 3.720479777470515892e-02 -7.062547041182562491e-02 9.950187029565857877e-01
-5.971286895004616901e-02 3.720479777470515892e-02 -7.062547041182562491e-02 9.950187029565857877e-01
-6.021756159928735863e-02 3.689154476206156497e-02 -7.188326082306405185e-02 9.949098733119238203e-01
-6.081308784250841898e-02 3.675292718578247742e-02 -7.288278873038961381e-02 9.948060563734105743e-01
-6.217808615729874394e-02 3.697511713467203920e-02 -7.349231804686727487e-02 9.946685907893095813e-01
-6.304302315119852951e-02 3.783436983663994446e-02 -7.412660619747035717e-02 9.945347575347314173e-01
-6.214832859177071150e-02 3.849903558613031879e-02 -7.419436839465681777e-02 9.945605085718541849e-01
-6.149651080884804832e-02 4.005262618662793622e-02 -7.484770071571789085e-02 9.944907179011083231e-01
-6.356190788167749572e-02 3.911206802879310662e-02 -7.517015337353005755e-02 9.943739628745074111e-01
-6.117441192476166106e-02 4.041090939282900724e-02 -7.558892654741672379e-02 9.944400252962032338e-01
-5.894934801949176101e-02 4.080165331260816874e-02 -7.603790047154469767e-02 9.945242265258871228e-01
-5.933221483285515407e-02 4.061901896916059879e-02 -7.631305684723287130e-02 9.944878586165051271e-01
-5.940798233223470309e-02 4.041876952592544231e-02 -7.654435606811031689e-02 9.944737182345954052e-01
-5.870330807871643186e-02 4.099490485250859712e-02 -7.697141083916322901e-02 9.944590194222071577e-01
-5.928247856822246864e-02 4.080944666249181063e-02 -7.707957315741868765e-02 9.944239117196346234e-01
-6.139935908066471854e-02 3.985917508056029124e-02 -7.737218553957606049e-02 9.943112740843333963e-01
-6.307959624058093184e-02 4.027089978118594815e-02 -7.848741476610852918e-02 9.941020797142876564e-01
-6.248621243161585348e-02 3.983847574863774721e-02 -7.833187133795734003e-02 9.941692446654493143e-01
-6.500827925029645238e-02 3.761600016360901189e-02 -7.903715618161297196e-02 9.940382729569975373e-01
-6.500827925029645238e-02 3.761600016360901189e-02 -7.903715618161297196e-02 9.940382729569975373e-01
-6.748019094604158774e-02 3.429402459308728696e-02 -7.994332731499496913e-02 9.939212283299426742e-01
-6.989492905362890141e-02 3.284926418858137576e-02 -8.063301429178074131e-02 9.937474235141837697e-01
-6.870721326395989870e-02 2.988895621484418189e-02 -8.048533635256774343e-02 9.939356517270632185e-01
-6.821781188295994447e-02 2.952396113872652814e-02 -8.096002763457681162e-02 9.939417185056620418e-01
-6.795009929814567473e-02 2.701153778967895283e-02 -8.168422119965816630e-02 9.939722575799659898e-01
-6.706112842791990547e-02 2.574490003717930589e-02 -8.178769115601763895e-02 9.940577341137775136e-01
-6.756196366196370873e-02 2.331466059479590444e-02 -8.273528215500410010e-02 9.940053725982677113e-01
-6.708641812233132051e-02 2.223157897154714319e-02 -8.269865220591357535e-02 9.940654416703524898e-01
-6.449897276904573151e-02 2.035280929042218925e-02 -8.289403192741767734e-02 9.942606424557606237e-01
-6.386477415713220918e-02 1.938493722714426312e-02 -8.306823247738626126e-02 9.943063831554341814e-01
-6.600203437480335611e-02 1.738447611853514985e-02 -8.365321950354788483e-02 9.941547416349039157e-01
-6.477023288156391612e-02 1.567712559105378239e-02 -8.416798291281035738e-02 9.942206974902801919e-01
-6.446579826911386091e-02 1.491781509485188943e-02 -8.419101887761490377e-02 9.942502159852272259e-01
-6.507082820822314428e-02 1.338354920153843330e-02 -8.488754163595620128e-02 9.941734120373918460e-01
-6.507082820822314428e-02 1.338354920153843330e-02 -8.488754163595620128e-02 9.941734120373918460e-01
-6.471768167974617514e-02 1.157708147312218501e-02 -8.591540396282169867e-02 9.941308446197959503e-01
-6.566074310470464137e-02 1.051498904960181807e-02 -8.689107523201194949e-02 9.939959974090688544e-01
-6.545983117860432188e-02 1.000913873943264087e-02 -8.695451512636122315e-02 9.940089234724720502e-01
-6.545983117860432188e-02 1.000913873943264087e-02 -8.695451512636122315e-02 9.940089234724720502e-01
-6.441023919829559630e-02 9.981618060424933547e-03 -8.728341979647939730e-02 9.940489389441274914e-01
-6.566783937415193728e-02 7.842338811984135225e-03 -8.911996038731385961e-02 9.938228540612519257e-01
-6.703832181657644329e-02 7.033439988598258648e-03 -8.925522064626151275e-02 9.937252637008536782e-01
-6.521568994218164550e-02 6.688039584157806985e-03 -8.986363280262772701e-02 9.937940991027268689e-01
-6.528846354971444554e-02 5.939109816486756385e-03 -9.026958823837789858e-02 9.937572867361421647e-01
-6.490885314714693599e-02 3.241084943469589759e-03 -9.168154656505840550e-02 9.936653511977513453e-01
-6.739770899184892305e-02 1.387787752274801832e-03 -9.224359846546915931e-02 9.934519321084166465e-01
-6.390690158024117662e-02 -1.357568245836040513e-03 -9.348524169041863563e-02 9.935665928990141671e-01
-6.175333819240614447e-02 -2.288512061408956837e-03 -9.375078179567263026e-02 9.936760432089219996e-01
-6.022596500992061230e-02 -3.138989880904886811e-03 -9.446016610929913737e-02 9.937002852468922454e-01
-5.879064956452361573e-02 -4.383091171265503933e-03 -9.445704531492143952e-02 9.937818244594437411e-01
-5.867582856301133826e-02 -6.460775524072425412e-03 -9.577764206186084595e-02 9.936508686672305135e-01
-6.053445953094381549e-02 -6.971066546261165363e-03 -9.639965447719860137e-02 9.934757621890837331e-01
-6.415576506720808980e-02 -5.879650531715919712e-03 -9.628014933134852738e-02 9.932671344421899473e-01
-6.527493992668882694e-02 -4.532918140619198073e-03 -9.611822192248128949e-02 9.932169563016725045e-01
-6.887094854296425817e-02 -2.936701492482374221e-03 -9.612291085794111289e-02 9.929796343527559355e-01
-7.087374138584108529e-02 2.491758339429319888e-03 -9.489839043580466926e-02 9.929577027321175864e-01
-7.259471806603894073e-02 3.684763748448506484e-03 -9.472688535430263956e-02 9.928460336910770456e-01
-7.049343946181908793e-02 5.551118802575738358e-03 -9.382930126425438611e-02 9.930739762460520925e-01
-7.049343946181908793e-02 5.551118802575738358e-03 -9.382930126425438611e-02 9.930739762460520925e-01
-6.897280410668431283e-02 7.170964920579850355e-03 -9.336337357221663469e-02 9.932142820313165643e-01
-6.156349781764150486e-02 1.426650202658256289e-02 -9.210769531381721165e-02 9.937417044284494461e-01
-6.156349781764150486e-02 1.426650202658256289e-02 -9.210769531381721165e-02 9.937417044284494461e-01
-6.156349781764150486e-02 1.426650202658256289e-02 -9.210769531381721165e-02 9.937417044284494461e-01
-5.875562783310429166e-02 1.963011737212486812e-02 -9.241974283794854306e-02 9.937912385524748649e-01
-5.807367405073247252e-02 2.257823168568406924e-02 -9.294214572208590874e-02 9.937199954638989974e-01
-5.823755199447289838e-02 2.372482598280448510e-02 -9.295879620319556780e-02 9.936821334703717090e-01
-5.875387185786288408e-02 2.498567165766242548e-02 -9.334637783101350228e-02 9.935844969097268331e-01
-5.798786247773840552e-02 2.641768508788144842e-02 -9.367957539026167124e-02 9.935610956929427084e-01
-5.784204426871766141e-02 3.085904694229997178e-02 -9.476619842443914643e-02 9.933385046260959639e-01
-5.754763412589626592e-02 3.417053584430074231e-02 -9.555564675277250508e-02 9.931715675855228298e-01
-5.983298023636464402e-02 3.500871837462769115e-02 -9.624678739806193095e-02 9.929405621835343254e-01
-5.983298023636464402e-02 3.500871837462769115e-02 -9.624678739806193095e-02 9.929405621835343254e-01
-6.150290645347514240e-02 3.955954240346144790e-02 -9.795164604076428416e-02 9.925008363424732138e-01
-6.214737567505348309e-02 4.039616284743972885e-02 -9.853644914704053070e-02 9.923690956057628076e-01
-6.273038549748957693e-02 4.198808341816494261e-02 -9.978253508634844782e-02 9.921417969614763077e-01
-6.524837379989022190e-02 4.256760867877815852e-02 -1.003266332226376290e-01 9.918998009244939240e-01
-6.486349338165912914e-02 4.303673853890113005e-02 -1.008819907754899131e-01 9.918484714407921343e-01
-6.625584142042230396e-02 4.412552416521575011e-02 -1.017785501550140526e-01 9.916169766210944925e-01
-6.696407317594782471e-02 4.458644137510191230e-02 -1.022533388077532662e-01 9.914999328551957758e-01
-7.081186154426179213e-02 4.522239515151851852e-02 -1.039495899074520113e-01 9.910272942757272219e-01
-7.081186154426179213e-02 4.522239515151851852e-02 -1.039495899074520113e-01 9.910272942757272219e-01
-7.033322890180145059e-02 4.562983309680674476e-02 -1.044042393345493008e-01 9.909949091961969270e-01
-6.943182913877257723e-02 4.608996972713494400e-02 -1.055679321726530201e-01 9.909138950937090851e-01
-6.960021336479925436e-02 4.598158830632900068e-02 -1.061173236009572141e-01 9.908484331461454575e-01
-6.931061111848407785e-02 4.516316917807069314e-02 -1.069305691109340845e-01 9.908189444725948869e-01
-6.799233454197439741e-02 4.518260783212245391e-02 -1.075604184630418181e-01 9.908412237957584523e-01
-6.675876891386739453e-02 4.463090269762079454e-02 -1.081328275954605289e-01 9.908878043924603807e-01
-6.685644842710181113e-02 4.424984847824297435e-02 -1.088849115956425223e-01 9.908159477118724245e-01
-6.491780129034890878e-02 4.385397844334108092e-02 -1.095352303985977493e-01 9.908907815454960355e-01
-6.556219851434751111e-02 4.387102713771993262e-02 -1.097188733420711299e-01 9.908272805773937764e-01
-6.556219851434751111e-02 4.387102713771993262e-02 -1.097188733420711299e-01 9.908272805773937764e-01
-5.934654724147220284e-02 4.506091101207101296e-02 -1.107104112927320416e-01 9.910553498471577072e-01
-5.876677952676032102e-02 4.475417123995177604e-02 -1.108071464274250906e-01 9.910929855877749217e-01
-5.647419574666505404e-02 4.433087113703548798e-02 -1.115159338480607165e-01 9.911657962101970698e-01
-5.647419574666505404e-02 4.433087113703548798e-02 -1.115159338480607165e-01 9.911657962101970698e-01
-5.667085206580720069e-02 4.378015050929143920e-02 -1.121843805765291580e-01 9.911036160271941009e-01
-5.776788028836075256e-02 4.329235580240431425e-02 -1.127170909779917352e-01 9.910012620262028671e-01
-5.753362129657720037e-02 4.294407616859093751e-02 -1.130597874379219436e-01 9.909910056135828871e-01
-5.903986135562036552e-02 4.101393666534818711e-02 -1.136094496233088780e-01 9.909213110669327085e-01
-5.996266159554641123e-02 4.056395089306209789e-02 -1.140319855724086229e-01 9.908358851841899684e-01
-5.959794475247383316e-02 3.875196156954478777e-02 -1.143614071844593072e-01 9.908924457288913468e-01
-6.353560312094821971e-02 3.717492481781345393e-02 -1.147646405844306716e-01 9.906615614690891247e-01
-5.952053943976730321e-02 3.605423581680711198e-02 -1.153009757300818977e-01 9.908900455954516850e-01
-5.997656042692330741e-02 3.484952929854146647e-02 -1.159802287576196383e-01 9.908263768412486350e-01
-5.951139594525779036e-02 3.415363103605442013e-02 -1.161278887065103071e-01 9.908613609906625763e-01
-5.841594749291263711e-02 3.359676582385846821e-02 -1.163484789282864251e-01 9.909197070680128006e-01
-5.811137505782287133e-02 3.245084880228928104e-02 -1.168769688671218165e-01 9.909136110929821495e-01
-6.061081894551467730e-02 3.038082383715721632e-02 -1.173715182384661992e-01 9.907710436201327964e-01
-5.879166747958392697e-02 3.014158130676502720e-02 -1.173414823711335375e-01 9.908915184954620869e-01
-5.771463211758572076e-02 3.132004670291701348e-02 -1.182228275205346596e-01 9.908135238111704934e-01
-5.771463211758572076e-02 3.132004670291701348e-02 -1.182228275205346596e-01 9.908135238111704934e-01
-5.812211076902425166e-02 2.780444749430480839e-02 -1.184910707202909558e-01 9.908625530813286453e-01
-5.897977465927881080e-02 2.680149615676922017e-02 -1.191412090966034176e-01 9.907615446109617752e-01
-5.768578199431828590e-02 2.647050520506898097e-02 -1.192960068507502164e-01 9.908280000380279562e-01
-5.786924135055149937e-02 2.625699828892545315e-02 -1.195690428807203859e-01 9.907900710700302538e-01
-5.686438025879470004e-02 2.750102600050225929e-02 -1.202586412609728123e-01 9.907310407112354111e-01
-5.788206799143328501e-02 2.532187932972149169e-02 -1.202167053047874246e-01 9.907352887617904003e-01
-5.862793166547623086e-02 2.470365664416312654e-02 -1.207530421134516974e-01 9.906418110484649375e-01
-5.935769553570657137e-02 2.393579602620668489e-02 -1.215820920828031837e-01 9.905157931774994928e-01
-5.879681621874071479e-02 2.340379735119527127e-02 -1.217408381173879089e-01 9.905424599715854095e-01
-5.832618796871619909e-02 2.267177057380525065e-02 -1.222726338561525850e-01 9.905218067392388415e-01
-5.944078187666051311e-02 2.131271928373822816e-02 -1.232023521924997395e-01 9.903705073662377734e-01
-5.885857512979292272e-02 1.998635484145934102e-02 -1.234994756498132007e-01 9.903959275300272536e-01
-6.063972226832375911e-02 1.836749870622596259e-02 -1.243460238469037554e-01 9.902138786282298488e-01
-5.984249819667439296e-02 1.812560905370500658e-02 -1.247659930319610783e-01 9.902140095397368169e-01
-5.858696897483809535e-02 1.698155222514005983e-02 -1.252344392638096715e-01 9.902502356337237188e-01
-5.784838098121809769e-02 1.639726113039487176e-02 -1.254956825578039392e-01 9.902704319046512493e-01
-5.877531976661401480e-02 1.550717153044338208e-02 -1.260319019179272915e-01 9.901620822453299775e-01
-5.685360222486960519e-02 1.499775316714978095e-02 -1.262871701954181303e-01 9.902496079060203460e-01
-5.223590385576627748e-02 1.565813474702451580e-02 -1.268217274314069887e-01 9.904254048720323444e-01
-5.223590385576627748e-02 1.565813474702451580e-02 -1.268217274314069887e-01 9.904254048720323444e-01
-5.323352580884789520e-02 1.080571233965333180e-02 -1.281961981270920148e-01 9.902601492014867501e-01
-5.256321770418554556e-02 9.495504474256772839e-03 -1.289962059588463106e-01 9.902054950299885583e-01
-5.156929581027368953e-02 8.279267782583903806e-03 -1.294465968993221971e-01 9.902098969439768750e-01
-5.295400185221801198e-02 7.832029059835425577e-03 -1.302084023099394361e-01 9.900405572382043884e-01
-5.345101135098653117e-02 7.866228015999955983e-03 -1.303601980461209231e-01 9.899936012963584941e-01
-5.611244568230903257e-02 7.551717727024037652e-03 -1.305568610375950345e-01 9.898228483091968677e-01
-5.565088481480804511e-02 8.189874851377417983e-03 -1.303152023709553964e-01 9.898756755271163055e-01
-5.810716612751207905e-02 8.833112508767200846e-03 -1.306173589828422688e-01 9.896891627679796910e-01
-5.830803863174984641e-02 1.209254357731409137e-02 -1.299765151816061892e-01 9.897272596639918874e-01
-6.048385371408726563e-02 1.387017540003996317e-02 -1.296600769417191323e-01 9.896148675731042399e-01
-5.925760680156660215e-02 1.770233660491452379e-02 -1.294734626434489999e-01 9.896523560250805041e-01
-5.605080798644268558e-02 1.952028873561024308e-02 -1.288088950450233527e-01 9.898916778158232121e-01
-5.504970797729645537e-02 2.094777903755337331e-02 -1.286751354613697718e-01 9.899360735517250820e-01
-5.244409091848453719e-02 2.349790977795219310e-02 -1.280504467006187141e-01 9.901012820229924127e-01
-5.111198226699056185e-02 2.641545065405007456e-02 -1.279074497047281711e-01 9.901158889471043389e-01
-5.007680352601861368e-02 2.784617216383179425e-02 -1.277825867230777401e-01 9.901457039117009806e-01
-4.758284135537090009e-02 3.035960272151991962e-02 -1.278649906566691752e-01 9.901841807944171681e-01
-4.758284135537090009e-02 3.035960272151991962e-02 -1.278649906566691752e-01 9.901841807944171681e-01
-4.839217873075789961e-02 3.482478605290560691e-02 -1.287028123855207817e-01 9.898893965479765855e-01
-4.769265504974373737e-02 3.571921693489814309e-02 -1.285741299318365061e-01 9.899081984245484689e-01
-4.769265504974373737e-02 3.571921693489814309e-02 -1.285741299318365061e-01 9.899081984245484689e-01
-5.159467536563978191e-02 4.168334034509859481e-02 -1.302291024949106812e-01 9.892627909079361181e-01
-5.346391159031513296e-02 4.184450448406048378e-02 -1.305736319221728614e-01 9.891113052880344814e-01
-5.141179809498726966e-02 4.264085880694053199e-02 -1.306825709008656300e-01 9.891716988670810062e-01
-5.639713341092127824e-02 4.444162498854208054e-02 -1.323017135773255915e-01 9.886053620610764092e-01
-5.672100711597907741e-02 4.491180906805607165e-02 -1.328585438840225730e-01 9.884909023734111955e-01
-5.863781895211944706e-02 4.515778133066499639e-02 -1.335009430392100349e-01 9.882812753368709346e-01
-5.889680339120693942e-02 4.576100906469954960e-02 -1.338328071372640871e-01 9.881932383564653311e-01
-5.985851890567872591e-02 4.658341171417748616e-02 -1.350024136768896155e-01 9.879378987410595281e-01
-6.041755303769950902e-02 4.788244720075748168e-02 -1.362275448646459719e-01 9.876735526251344544e-01
-6.041755303769950902e-02 4.788244720075748168e-02 -1.362275448646459719e-01 9.876735526251344544e-01
-6.036721195902818721e-02 4.873657350183526610e-02 -1.371178323146907962e-01 9.875116435692868899e-01
-6.098547234368641851e-02 4.973282460266074956e-02 -1.387496037397034365e-01 9.871960118345970425e-01
-6.098547234368641851e-02 4.973282460266074956e-02 -1.387496037397034365e-01 9.871960118345970425e-01
-6.291938722816065033e-02 4.903203458588988733e-02 -1.393340850432141509e-01 9.870273669156145457e-01
-5.917603103755648963e-02 4.973462064389585352e-02 -1.395794203748012829e-01 9.871890651075326817e-01
-5.963066089907776562e-02 4.992076577972519996e-02 -1.408330756136592921e-01 9.869742378795418603e-01
-5.610958062039827360e-02 5.046102802918903812e-02 -1.412994830492312337e-01 9.870865492462453927e-01
-5.777556788058749171e-02 5.033621121888397915e-02 -1.419565210339764627e-01 9.869025259528590999e-01
-5.704164574705702234e-02 5.020415885469135808e-02 -1.417595416729146296e-01 9.869802558454984220e-01
-5.779590427353195614e-02 5.043258221739494590e-02 -1.425998537226813856e-01 9.868036632574690437e-01
-5.540565129948786527e-02 5.045037831910612058e-02 -1.429161040433379881e-01 9.868940978324941549e-01
-5.591630187185381295e-02 5.067066743587159833e-02 -1.434198862130346974e-01 9.867809214234025683e-01
-5.591147728748495360e-02 5.005264067455347105e-02 -1.436344218899730518e-01 9.867815324160502666e-01
-5.754494966383789240e-02 4.971322579870126462e-02 -1.441728387709223791e-01 9.866262547234425639e-01
-5.892901526703343135e-02 4.890671446165884007e-02 -1.449789232541691675e-01 9.864667334747205807e-01
-5.892901526703343135e-02 4.890671446165884007e-02 -1.449789232541691675e-01 9.864667334747205807e-01
-5.984325061996602357e-02 4.741452374380294293e-02 -1.455160135642020736e-01 9.864054633312648868e-01
-5.991149424565829495e-02 4.659342197177514244e-02 -1.457927691154740912e-01 9.863995814880776036e-01
-6.133023218735731558e-02 4.535908818728453390e-02 -1.463262468427899698e-01 9.862909232186849451e-01
-5.870648895957151364e-02 4.187233281135621654e-02 -1.473979266319930537e-01 9.864451870852046778e-01
-5.870648895957151364e-02 4.187233281135621654e-02 -1.473979266319930537e-01 9.864451870852046778e-01
-6.014151668667057360e-02 3.989962996884464236e-02 -1.483458598935976092e-01 9.862983946815514491e-01
-5.886434622012046147e-02 3.799786141620263569e-02 -1.492074388944163721e-01 9.863205824935632471e-01
-5.882184318864901174e-02 3.592635934133241865e-02 -1.497622786273600237e-01 9.863166567430099452e-01
-5.755975839353792700e-02 3.508842532381353102e-02 -1.500594890242859802e-01 9.863761079708606161e-01
-5.739846086795657304e-02 3.318393060243079312e-02 -1.507239603634963621e-01 9.863501058002204225e-01
-5.841652431685938340e-02 3.134025467441595852e-02 -1.514327697258838201e-01 9.862420668258011780e-01
-5.849744001832427737e-02 3.057997528937176496e-02 -1.516942935881575583e-01 9.862209468042107963e-01
-5.620753217570195054e-02 2.920314492492998362e-02 -1.517202037599220121e-01 9.863918437539205275e-01
-5.893764404582758215e-02 2.853140325491185930e-02 -1.525066245886774197e-01 9.861308445633374387e-01
-5.888085348892443949e-02 2.762419548604091307e-02 -1.528026212928779437e-01 9.861142468508353742e-01
-5.931635931415119717e-02 2.714915648522913880e-02 -1.531750642484622782e-01 9.860435550787473025e-01
-5.938970211179171038e-02 2.621314791046931367e-02 -1.539322970155984904e-01 9.859465411954129177e-01
-6.378051990590241638e-02 2.452748337028105505e-02 -1.543859778059010479e-01 9.856446711147832662e-01
-6.407137866451124986e-02 2.430872242115433152e-02 -1.547935609059021556e-01 9.855672975258213953e-01
-6.428118017287194619e-02 2.408932109880844788e-02 -1.550480734977317532e-01 9.855190152347256261e-01
-6.592255938273729188e-02 2.360219417702493286e-02 -1.556891182495865333e-01 9.853212933115399474e-01
-6.569292309228515203e-02 2.325034925807402744e-02 -1.560387875287432280e-01 9.852896822262621201e-01
-6.721952359314206649e-02 2.211147490002505697e-02 -1.572145473108503833e-01 9.850259917583398250e-01
-6.586286312362357731e-02 2.179286215617298045e-02 -1.576677673202137864e-01 9.850522978849700628e-01
-6.731150062201199380e-02 2.154988511069086746e-02 -1.584428450647222819e-01 9.848353309988048254e-01
-6.731150062201199380e-02 2.154988511069086746e-02 -1.584428450647222819e-01 9.848353309988048254e-01
-6.708815253684541347e-02 1.974470889188143299e-02 -1.596752684716479243e-01 9.846893595944231636e-01
-6.953892990715566935e-02 1.830905377033267140e-02 -1.608739046852022958e-01 9.843519200818064974e-01
-6.923269578592707030e-02 1.779543661956415473e-02 -1.612520731155613340e-01 9.843210478221351423e-01
-6.274591478071600559e-02 1.748931804468613349e-02 -1.615664119026154200e-01 9.847097889619953470e-01
-6.189797019006741674e-02 1.668480600803980834e-02 -1.619516640445250455e-01 9.847141296071835193e-01
-6.220353434659584013e-02 1.540470264306271521e-02 -1.624473137319255578e-01 9.846340872184713433e-01
-6.124873547782710981e-02 1.151387709741445893e-02 -1.641166489860752253e-01 9.844702883084558431e-01
-6.124873547782710981e-02 1.151387709741445893e-02 -1.641166489860752253e-01 9.844702883084558431e-01
-5.834420620867659252e-02 7.294578322016578679e-03 -1.652142672376156751e-01 9.845034223557179720e-01
-5.778965087378674231e-02 6.110573319288598385e-03 -1.655253449244087627e-01 9.844919386837309716e-01
-5.390984764601658430e-02 5.012878055790608370e-03 -1.660269288760596040e-01 9.846337686004705825e-01
-5.788072337706923198e-02 4.641226791637947068e-03 -1.667471559105592749e-01 9.842884063479339085e-01
-6.004732835895209425e-02 5.467530000585927100e-03 -1.663612970980788697e-01 9.842196621184163829e-01
-6.265747561888120043e-02 6.220363283264275338e-03 -1.664453310779042128e-01 9.840382612439723120e-01
-6.387631104160618190e-02 7.714492116707975626e-03 -1.666042379448859356e-01 9.839224214326559581e-01
-6.654178720597461738e-02 1.321341788222167406e-02 -1.654353279700992718e-01 9.838845198511512180e-01
-6.694617105892836095e-02 1.497237994232357081e-02 -1.650830956403565586e-01 9.838910557339203278e-01
-6.653994702235459247e-02 1.846510895650604889e-02 -1.639814886459660948e-01 9.840434678320564288e-01
-6.389949675277606378e-02 2.215055964077159920e-02 -1.635254577681523047e-01 9.842182845710899519e-01
-6.347471704672290327e-02 2.385668482013536887e-02 -1.632057551007490281e-01 9.842589600238473846e-01
-6.117382266598073159e-02 2.668818169329323364e-02 -1.625748337640819385e-01 9.844363503065691745e-01
-5.950881319051593010e-02 2.949547696231847108e-02 -1.625185198084992677e-01 9.844675965772952120e-01
-5.883967447579484950e-02 3.088271954353497689e-02 -1.626469573876792030e-01 9.844440652437843609e-01
-5.743101088472986337e-02 3.350769670603887668e-02 -1.628724333146475689e-01 9.844041262186886687e-01
-5.669227083597658950e-02 3.525519973652502942e-02 -1.629123007067645179e-01 9.843793169289096756e-01
-5.643051028233447147e-02 3.689855442301427646e-02 -1.631943143120802298e-01 9.842874122770123302e-01
-5.700847597023964153e-02 3.837535518141869245e-02 -1.636538054292388245e-01 9.841213328400006954e-01
-5.700847597023964153e-02 3.837535518141869245e-02 -1.636538054292388245e-01 9.841213328400006954e-01
-6.025875566301502201e-02 4.369694427699027245e-02 -1.655497842238070338e-01 9.833883914152381500e-01
-6.051635250024483409e-02 4.689682782092103458e-02 -1.665034266989395273e-01 9.830641217733011583e-01
-6.097314531970503965e-02 4.815415258461008818e-02 -1.672395341976318228e-01 9.828501367655393395e-01
-6.230555299403205127e-02 4.928528685906533729e-02 -1.675545793535207495e-01 9.826568279429966912e-01
-6.438512541726096328e-02 5.240224279147447789e-02 -1.698588653509791324e-01 9.819656442244326655e-01
-6.485609985251263032e-02 5.292521302625022295e-02 -1.705260742373941873e-01 9.817909482895174067e-01
-6.803437491120389868e-02 5.404408059089847727e-02 -1.720480210929314357e-01 9.812492240106651664e-01
-6.720015790699497560e-02 5.470934480162168573e-02 -1.724510412041570517e-01 9.811990953706869467e-01
-6.820772168999460205e-02 5.554430440453603235e-02 -1.737712235088573753e-01 9.808496820768772828e-01
-6.949927639909007915e-02 5.571491731628538252e-02 -1.743174423054112410e-01 9.806523991081356195e-01
-6.630248951586588391e-02 5.624861443060649724e-02 -1.752696818203543505e-01 9.806735501140159128e-01
-6.872834776803628254e-02 5.634065502235786893e-02 -1.771227537791098816e-01 9.801681870467090496e-01
-6.814620974353902128e-02 5.659862211443395658e-02 -1.778477109419756841e-01 9.800626927829855228e-01
-6.738103878628749766e-02 5.644728597956139710e-02 -1.787873244024514030e-01 9.799533622324253512e-01
-6.627113724203780032e-02 5.634046114605789635e-02 -1.789982659980471069e-01 9.799966885536853800e-01
-6.635321061686026700e-02 5.632480933115125571e-02 -1.796190067398588941e-01 9.798784514991798478e-01
-6.438402337475249149e-02 5.615960425831093006e-02 -1.802667421702775497e-01 9.799003510821617802e-01
-6.411018367414610120e-02 5.620307273194971587e-02 -1.806069388883646820e-01 9.798531688932423656e-01
-6.350958392686589793e-02 5.605459350432068916e-02 -1.809071377230746513e-01 9.798454076114998523e-01
-6.350958392686589793e-02 5.605459350432068916e-02 -1.809071377230746513e-01 9.798454076114998523e-01
-6.062373012709659087e-02 5.552749438880720534e-02 -1.828938068985166143e-01 9.796893977738792003e-01
-6.046728145699369755e-02 5.528663168645957249e-02 -1.831400574465250342e-01 9.796666859643896608e-01
-5.981804343785122186e-02 5.496801978875888450e-02 -1.832523546347664956e-01 9.797034719753644483e-01
-6.010714758864955931e-02 5.451025107535419773e-02 -1.837879554671477123e-01 9.796110201307781651e-01
-5.977848379735166418e-02 5.318817168288156316e-02 -1.848799017736783845e-01 9.794983273023375459e-01
-5.993555347839309155e-02 5.203538320737043782e-02 -1.853350090498559199e-01 9.794646408851065411e-01
-6.109892217157371352e-02 4.955692634082652093e-02 -1.857192676511906781e-01 9.794485113492323869e-01
-6.109892217157371352e-02 4.955692634082652093e-02 -1.857192676511906781e-01 9.794485113492323869e-01
-6.109892217157371352e-02 4.955692634082652093e-02 -1.857192676511906781e-01 9.794485113492323869e-01
-6.241250978145560652e-02 4.605333662782825493e-02 -1.862782728480671113e-01 9.794305355016070802e-01
-6.196613392602634551e-02 4.517679007810827818e-02 -1.868820887786268037e-01 9.793846745677807775e-01
-6.335440551732589298e-02 4.157402689344511654e-02 -1.871021720260779286e-01 9.794133942378638880e-01
-5.784193249082732191e-02 4.045997347319971876e-02 -1.870585916915386560e-01 9.798093613895780818e-01
-6.099800607980739725e-02 3.928949077705841397e-02 -1.874039364344048941e-01 9.795995833898955008e-01
-5.993877319961091882e-02 3.890612957492226021e-02 -1.877789238626039747e-01 9.796084586720489318e-01
-5.950534267961025275e-02 3.727479629592365257e-02 -1.880093145646396235e-01 9.796541233469157062e-01
-5.876177383708239277e-02 3.588019230925645897e-02 -1.883999499307535963e-01 9.796760304312135403e-01
-5.766671102768081841e-02 3.547563073190240779e-02 -1.886607687506065556e-01 9.797056417097197434e-01
-5.936125031062049889e-02 3.287756928550678720e-02 -1.892021228706912417e-01 9.795906615013540986e-01
-5.899411932478035997e-02 3.203512703701654613e-02 -1.890767762593520973e-01 9.796649515013726717e-01
-5.728491058616450721e-02 3.164039307342369350e-02 -1.888118211603722063e-01 9.798303020091785331e-01
-5.538837388997761013e-02 3.160786641320701557e-02 -1.895021298286055644e-01 9.798071308216996789e-01
-5.761127861792935539e-02 3.055589610736324235e-02 -1.901963495565842654e-01 9.795777796604172583e-01
-5.709746396157912296e-02 2.977224988120119945e-02 -1.906679700218219808e-01 9.795403095094785684e-01
-5.845048969264895339e-02 2.903058510358829183e-02 -1.914099784843482921e-01 9.793380343476170147e-01
-5.744225940043387602e-02 2.871611787792782700e-02 -1.911850663200113654e-01 9.794508879087339137e-01
-5.823981397373374780e-02 2.805202250963671762e-02 -1.921346608351366114e-01 9.792371930268941593e-01
-5.876469299437032251e-02 2.766111606282670166e-02 -1.924223537294565411e-01 9.791604624884790997e-01
-5.933130536107579511e-02 2.722764939571603593e-02 -1.926569597659868183e-01 9.790923077862789814e-01
-5.849946353040212654e-02 2.611223777643837188e-02 -1.933175156671225192e-01 9.790425434787058956e-01
-5.849946353040212654e-02 2.611223777643837188e-02 -1.933175156671225192e-01 9.790425434787058956e-01
-5.575081430526013931e-02 2.436037390955140061e-02 -1.935663919800710286e-01 9.791988923518576415e-01
-5.538860997810208381e-02 2.347126207329335718e-02 -1.945513395286712077e-01 9.790459529710442421e-01
-5.734471194734699906e-02 2.299575007497249579e-02 -1.953910368914433537e-01 9.787773608909494660e-01
-5.570615287767172880e-02 2.211025121293187790e-02 -1.958024463732491727e-01 9.788101773669506400e-01
-5.769650852628491894e-02 2.194796475631199950e-02 -1.963338529000984156e-01 9.785920590073958758e-01
-5.339250435865238592e-02 1.983798699293172138e-02 -1.971123329295910442e-01 9.787248964634718273e-01
-5.694201065373750981e-02 1.902816257412948825e-02 -1.978068673782373554e-01 9.784007255055419128e-01
-5.583747285279233585e-02 1.758153773009117279e-02 -1.981004828647794647e-01 9.784320440609047820e-01
-5.301348859366160349e-02 1.620896088630624857e-02 -1.991268095311045927e-01 9.784044937243896456e-01
-5.074282034514423362e-02 1.446115640048563009e-02 -1.998987011220014209e-01 9.783948847110341962e-01
