1.652983975779569875e-02 1.391088665676229290e-02 -1.500917487476030425e-02 9.996539282669694160e-01
1.611779542393757328e-02 1.370780531953961524e-02 -1.550289262617638407e-02 9.996559273391094624e-01
1.847336105919301572e-02 1.285618903508516445e-02 -1.521137073115817751e-02 9.996309656744083449e-01
1.817553767616682595e-02 1.234936472498000468e-02 -1.530316982800447242e-02 9.996414137150816392e-01
1.768020763975291718e-02 1.530988115153203433e-02 -1.462723831683014272e-02 9.996194584421432827e-01
1.768020763975291718e-02 1.530988115153203433e-02 -1.462723831683014272e-02 9.996194584421432827e-01
1.768020763975291718e-02 1.530988115153203433e-02 -1.462723831683014272e-02 9.996194584421432827e-01
1.624283140941701342e-02 1.523363142125126919e-02 -1.437947097894952571e-02 9.996486071194679024e-01
9.332829352785790983e-03 1.772949125721999530e-02 -1.450002380603834101e-02 9.996941095883562500e-01
5.709780064402766343e-03 1.780744426679916129e-02 -1.005052626553691944e-02 9.997746147317838616e-01
4.245379460561526930e-03 1.772021039614818730e-02 -9.318733482361566539e-03 9.997905441156347273e-01
4.010089553501999110e-03 1.761045077832361708e-02 -1.100468998454562537e-02 9.997763189851524013e-01
2.174423830505638200e-03 1.736238000209501878e-02 -1.123957091555438659e-02 9.997837224556631597e-01
2.806929746533498322e-03 1.853427217154836326e-02 -1.035961412599799118e-02 9.997706138388092745e-01
-3.388257270912480024e-02 2.950576796197843313e-02 -1.750936998223500546e-02 9.988367248386544883e-01
-3.388257270912480024e-02 2.950576796197843313e-02 -1.750936998223500546e-02 9.988367248386544883e-01
7.560762732959587507e-03 2.319712940572680668e-02 -5.424178633560154845e-03 9.996876043746771856e-01
7.560762732959587507e-03 2.319712940572680668e-02 -5.424178633560154845e-03 9.996876043746771856e-01
9.206040878568473584e-03 2.571383254450552297e-02 -4.502295277327003284e-03 9.996168150668790497e-01
1.467907240186063118e-02 2.800814970094093678e-02 -3.791013770443849972e-03 9.994927196324858709e-01
8.042187248405729266e-03 2.864726892509944500e-02 -6.415289348071980327e-03 9.995366432852650362e-01
1.290768660814868053e-02 3.041750750023178990e-02 -6.153107897843220452e-03 9.994349934473460983e-01
1.380470835959311804e-02 3.160275391985499505e-02 -6.413575285686565902e-03 9.993845916482015923e-01
1.196434234112036567e-02 3.269135990889791149e-02 -6.403758532230983958e-03 9.993733643520384957e-01
1.410617950659659794e-02 3.407277721480108518e-02 -6.691039511573996026e-03 9.992973989473067364e-01
1.410617950659659794e-02 3.407277721480108518e-02 -6.691039511573996026e-03 9.992973989473067364e-01
1.954309817456351128e-02 3.739721028699205529e-02 -5.787236085125962125e-03 9.990926002503396353e-01
1.872629120704858222e-02 3.769032480824820175e-02 -7.444986108349933851e-03 9.990862513393545807e-01
1.997263114038718215e-02 3.750564287633389310e-02 -7.301233186013535159e-03 9.990701240412138695e-01
2.687009003866432794e-02 3.924205106004683558e-02 -6.217311500893604043e-03 9.988490400093578137e-01
2.598658187863278624e-02 3.926170489121317414e-02 -5.855584580872074882e-03 9.988738299808023191e-01
2.896435084065509744e-02 3.918258619336683485e-02 -7.515805387397737555e-03 9.987839125601480905e-01
2.392134870418999998e-02 3.919177073961346847e-02 -8.026510895177713795e-03 9.989130839594182465e-01
2.697871962378814784e-02 3.733606753216756752e-02 -7.573224942711445293e-03 9.989098122516675282e-01
2.584390241657653908e-02 3.653173711290206432e-02 -8.845944924253106023e-03 9.989590953336344725e-01
2.713273854388209214e-02 3.663422815118146797e-02 -7.752827785417764142e-03 9.989302485600314307e-01
2.981918198813253776e-02 3.641239577092952179e-02 -8.180220574341496437e-03 9.988583672428914539e-01
2.981918198813253776e-02 3.641239577092952179e-02 -8.180220574341496437e-03 9.988583672428914539e-01
2.981918198813253776e-02 3.641239577092952179e-02 -8.180220574341496437e-03 9.988583672428914539e-01
2.674591465039865071e-02 3.502332692567829836e-02 -9.593500221444102236e-03 9.989824760095002976e-01
2.497460840734622156e-02 3.458636927640093561e-02 -8.472372798277323300e-03 9.990536876936810806e-01
2.497460840734622156e-02 3.458636927640093561e-02 -8.472372798277323300e-03 9.990536876936810806e-01
2.860895596228886853e-02 3.474130015650480491e-02 -8.808418197013626050e-03 9.989479373175811361e-01
2.518435927748195052e-02 3.478076835867140865e-02 -1.055360361284984200e-02 9.990218554420849939e-01
2.488901137329431815e-02 3.440337913386533331e-02 -1.116808091332634374e-02 9.990356443019162702e-01
2.829254609460347264e-02 3.508646563102731791e-02 -9.344645987644820476e-03 9.989400128918518584e-01
2.510779075971079563e-02 3.381788548585928228e-02 -1.104765895962746790e-02 9.990514995213928273e-01
2.670438492996709060e-02 3.349763530917025667e-02 -1.076161965887498760e-02 9.990240096196506547e-01
2.771775102429652540e-02 3.333646955240327642e-02 -1.020576675144861667e-02 9.990076318031568814e-01
2.771775102429652540e-02 3.333646955240327642e-02 -1.020576675144861667e-02 9.990076318031568814e-01
-1.027226388722365241e-02 4.048567143342422792e-02 -1.850588969255533706e-02 9.989559164697424665e-01
-9.802237609667056525e-03 4.091387777800840897e-02 -1.906870534345524865e-02 9.989326079468696662e-01
-5.364578140311819510e-03 3.924445463033153503e-02 -1.784268402895658814e-02 9.990559207115421447e-01
1.755651118880929840e-02 3.076656648370598018e-02 -1.203795793981502112e-02 9.992998923598062078e-01
-1.212066548296623220e-02 4.006287132303337079e-02 -1.967138363312061558e-02 9.989299737597039375e-01
-5.606691584518107979e-03 3.736037251575016760e-02 -1.869670730827442673e-02 9.991112053774541257e-01
-5.606691584518107979e-03 3.736037251575016760e-02 -1.869670730827442673e-02 9.991112053774541257e-01
1.183391113861629457e-02 2.052101825691336756e-02 -3.707193161744566211e-03 9.997125102126732665e-01
1.364515835868760837e-02 2.188027626031486400e-02 -5.509880946648413290e-03 9.996522917375283424e-01
1.945666448455315306e-02 2.575335950555611778e-02 -8.650626448947094579e-03 9.994415287265953074e-01
-1.326534516866457319e-02 3.421963493721656702e-02 -1.834405870956254750e-02 9.991579168041355707e-01
-1.326534516866457319e-02 3.421963493721656702e-02 -1.834405870956254750e-02 9.991579168041355707e-01
-1.833417603401023971e-02 3.338663305257016933e-02 -1.830564882655377756e-02 9.991066479328449823e-01
-1.093285045944889303e-02 2.967570865300337216e-02 -1.891016305907652559e-02 9.993208848162098423e-01
-1.093285045944889303e-02 2.967570865300337216e-02 -1.891016305907652559e-02 9.993208848162098423e-01
-1.623112028432861439e-02 3.021504670792861738e-02 -1.949940863028274199e-02 9.992213842536711299e-01
-1.965803971186800073e-02 2.825891792369607247e-02 -1.896937972128214661e-02 9.992272802848500834e-01
-2.068375258722585444e-02 2.764062843302064407e-02 -1.906741146312804225e-02 9.992220032899765680e-01
-2.441754607673854785e-02 2.742282550181078180e-02 -1.831553883510166764e-02 9.991578019123242838e-01
1.697312141989913703e-02 1.655691739244153152e-02 -1.064329644207377516e-02 9.996621938817989994e-01
1.705098836421334307e-02 1.576828491936681578e-02 -9.712542211274766135e-03 9.996830955409315989e-01
-5.495972513989509818e-03 2.103022339429383436e-02 -1.685190595348360493e-02 9.996216970713703853e-01
-1.859009270159308475e-02 2.499620374797551295e-02 -2.061929237013348029e-02 9.993019778994189917e-01
4.834143820992832204e-05 2.304914260855003751e-03 -7.005551926150811910e-03 9.999728032679516820e-01
-9.327144096819993315e-04 1.384761749365496933e-03 -6.786629862331030986e-03 9.999755767686725472e-01
4.831593788456141000e-03 4.464515338160428108e-03 -7.581934152818919220e-03 9.999496177701959754e-01
-6.472465260581125471e-05 3.113553485440194793e-03 -8.007203645473097778e-03 9.999630924615131589e-01
4.348787364478849671e-03 2.619960003403190660e-03 -6.539623758958551872e-03 9.999657280022803407e-01
4.066922702876234370e-03 2.320326073269305713e-03 -7.246661878386241075e-03 9.999627803664808967e-01
4.595524729888769352e-03 3.051543853726964434e-03 -7.715933924720125466e-03 9.999550157863278388e-01
3.642818615772501489e-03 2.731825660848977329e-03 -7.755550890736761203e-03 9.999595583979746793e-01
3.642818615772501489e-03 2.731825660848977329e-03 -7.755550890736761203e-03 9.999595583979746793e-01
3.848813946756815280e-03 2.574749271533151741e-03 -8.131777459202448391e-03 9.999562147878006124e-01
2.785278477471745274e-03 2.406058793817581528e-03 -7.413604075726745041e-03 9.999657452030504823e-01
2.146800280840395134e-03 1.773062729331190438e-03 -9.001754012237921446e-03 9.999556069755373144e-01
1.360250134914480977e-03 1.621670958491882837e-03 -8.525342050007746197e-03 9.999614184786347337e-01
6.074954508417153027e-04 1.108131482518492222e-03 -9.689005771879071610e-03 9.999522619410624591e-01
1.808185289897001229e-04 1.057935260137524884e-03 -1.024974498807318737e-02 9.999468939925382216e-01
-8.146332995342689615e-04 3.832498204770512658e-04 -9.608225685816696587e-03 9.999534346615011060e-01
-2.551723861469278715e-04 4.318596860596033874e-06 -9.343542506723621216e-03 9.999563155867501330e-01
-3.772770859089432890e-04 -8.413403399914472051e-04 -1.051869217993141141e-02 9.999442519077034186e-01
-3.275634580384048471e-04 -1.740830252149901287e-03 -9.959556816896392162e-03 9.999488334111027443e-01
3.555805872481234277e-04 -2.512485501631903616e-03 -1.041673763575271319e-02 9.999425246263297096e-01
3.555805872481234277e-04 -2.512485501631903616e-03 -1.041673763575271319e-02 9.999425246263297096e-01
1.350041448740046598e-02 -2.454053492350318161e-04 -1.118909246086023136e-02 9.998462295747208017e-01
1.350041448740046598e-02 -2.454053492350318161e-04 -1.118909246086023136e-02 9.998462295747208017e-01
1.404879097015192604e-02 -8.208074469479807993e-04 -1.115120509564085892e-02 9.998387911920236792e-01
1.367531971069605064e-02 -1.722233093768425847e-03 -1.116795703819195573e-02 9.998426357580346702e-01
1.355147443553845858e-02 -5.011253601102269757e-03 -1.124775909932453945e-02 9.998323523437376847e-01
1.434591964683634181e-02 -5.857953187125748001e-03 -1.102585327394953706e-02 9.998191384113055413e-01
1.384200949883800276e-02 -9.351064368911398902e-03 -1.079927287303419740e-02 9.998021464637972811e-01
1.501456980861371436e-02 -1.199958884487596113e-02 -1.030470579119689006e-02 9.997621645169280091e-01
1.352814879908643964e-02 -1.345742655278444645e-02 -1.026279684785916593e-02 9.997652533777645623e-01
1.418838352091168938e-02 -1.430413074874803750e-02 -9.937927664170589231e-03 9.997476277592900473e-01
1.376481361327132683e-02 -1.620585709615084136e-02 -9.781740020920526302e-03 9.997260713136044696e-01
1.582430233187950841e-02 -1.724962236723247624e-02 -1.075405839405449253e-02 9.996681410407928237e-01
1.511425899437343276e-02 -1.833991086146345706e-02 -9.180460527627090986e-03 9.996754103153409066e-01
1.466764297105815212e-02 -1.959037242297121881e-02 -9.005656105054191812e-03 9.996599300342694505e-01
1.466764297105815212e-02 -1.959037242297121881e-02 -9.005656105054191812e-03 9.996599300342694505e-01
1.752231609597514062e-02 -1.944226665718338729e-02 -8.862826744546362795e-03 9.996181355937675539e-01
1.752231609597514062e-02 -1.944226665718338729e-02 -8.862826744546362795e-03 9.996181355937675539e-01
2.067150733124140105e-02 -1.704538628190176153e-02 -8.862688128650457117e-03 9.996017188612119631e-01
2.337810579926475826e-02 -1.674981136392048042e-02 -1.006744546775043860e-02 9.995356694637091977e-01
2.524574281311537174e-02 -1.552165834279303075e-02 -8.845488490828055592e-03 9.995216295435843668e-01
2.425199677098904133e-02 -1.442532244716268792e-02 -9.004533733170573193e-03 9.995612382926638562e-01
3.155825272436892787e-02 -1.211824776374447431e-02 -8.324860482543499848e-03 9.993937769738551191e-01
2.980622150098193729e-02 -1.106702330640402590e-02 -9.435846052208290979e-03 9.994498861695112479e-01
2.440302418091080949e-02 -1.120085248715693878e-02 -1.156475689254169922e-02 9.995725535009468699e-01
2.523428329522150321e-02 -1.053166407656216594e-02 -1.173028704749514220e-02 9.995572596725704750e-01
2.422320412966463485e-02 -7.898934560215760750e-03 -1.160163676006008282e-02 9.996080458054515949e-01
2.412914993714029496e-02 -5.536462103893882020e-03 -1.251495607199395489e-02 9.996151797492869306e-01
2.261356791684094800e-02 -4.500398073901725957e-03 -1.225542063428729754e-02 9.996590306841246498e-01
2.270161247544800684e-02 -3.581612230122007030e-03 -1.262231030402394955e-02 9.996561839589832577e-01
2.177540735778417044e-02 -2.807054664474939714e-03 -1.285138284418247713e-02 9.996763446423574395e-01
2.047073392289340543e-02 -1.927006129358058541e-03 -1.364572746095911275e-02 9.996954685413437236e-01
2.031774158795975060e-02 -3.410766844584875532e-04 -1.343066784644811329e-02 9.997033010872068415e-01
2.031774158795975060e-02 -3.410766844584875532e-04 -1.343066784644811329e-02 9.997033010872068415e-01
2.107809858610451212e-02 1.150953628614393310e-03 -1.332531714638046129e-02 9.996883639358256080e-01
2.107809858610451212e-02 1.150953628614393310e-03 -1.332531714638046129e-02 9.996883639358256080e-01
1.832416154930710875e-02 3.944827893825317289e-03 -1.389541453485526601e-02 9.997277533865445154e-01
1.655162294537151219e-02 4.519020430214431248e-03 -1.356982694905175223e-02 9.997607123851178779e-01
1.699133140306325826e-02 5.198756435740506734e-03 -1.361315254641311430e-02 9.997494434439166966e-01
1.968956157086245232e-02 6.247151573223812433e-03 -1.393550125158904938e-02 9.996894998284393541e-01
2.035896009876345114e-02 7.450359556938366233e-03 -1.416503407977015919e-02 9.996646221086791240e-01
2.017598541254984196e-02 7.493742199660856709e-03 -1.423152079896755282e-02 9.996670632046582572e-01
1.745778613723755410e-02 6.722439900694717786e-03 -1.467789686560171114e-02 9.997172569524699348e-01
1.739169570269395379e-02 7.215258055955029240e-03 -1.391805848221281706e-02 9.997258407282751946e-01
1.739169570269395379e-02 7.215258055955029240e-03 -1.391805848221281706e-02 9.997258407282751946e-01
1.418265651076906081e-02 6.855877119186043651e-03 -1.507371439911335022e-02 9.997622879152014974e-01
1.033861501619993961e-02 6.402206640229605138e-03 -1.497390347341170241e-02 9.998139361923555901e-01
9.177616915810305614e-03 5.759904914416926446e-03 -1.572342489564316700e-02 9.998176677538133106e-01
5.732167077893733816e-03 3.227159072481812063e-03 -1.469283368602482091e-02 9.998704157755577970e-01
4.948995841412420944e-03 2.875042820131471812e-03 -1.491164887068437313e-02 9.998724340119101717e-01
4.087351731801082758e-03 1.846278500001466687e-03 -1.480525175136154781e-02 9.998803375064937438e-01
-4.360243807109273270e-03 -2.198851942879734723e-03 -1.290068800633546037e-02 9.999048582605442048e-01
-3.819042534305861630e-03 -3.580549492062191919e-03 -1.273471700284347155e-02 9.999052062882328729e-01
-3.819042534305861630e-03 -3.580549492062191919e-03 -1.273471700284347155e-02 9.999052062882328729e-01
-4.377894924368393691e-03 -4.105228882480911959e-03 -1.271186192775053750e-02 9.999011899673805326e-01
-3.343706235994104142e-03 -4.526098735209002286e-03 -1.250789485906148718e-02 9.999059388887743260e-01
-4.451613600265563048e-03 -5.884345893510580655e-03 -1.243396467533936303e-02 9.998954716030130641e-01
-3.977393591154108378e-03 -6.326484843680965642e-03 -1.253722406547828384e-02 9.998934812981209452e-01
-4.691227469088620448e-03 -6.493484567925751454e-03 -1.266111200245629773e-02 9.998877553434988297e-01
-4.118832823504722969e-03 -7.178671278814123015e-03 -1.232222806452431575e-02 9.998898262260540459e-01
-1.082805328758423835e-02 -9.189860284045003880e-03 -1.375152319301886812e-02 9.998045785751498160e-01
-1.139545619390702411e-02 -9.442392311806281288e-03 -1.389905988925765890e-02 9.997938792269922548e-01
-1.315501773026921811e-02 -1.052339078024634202e-02 -1.408458940128330325e-02 9.997588849799734501e-01
-1.302163941236094552e-02 -1.080558293324790885e-02 -1.387682435440953585e-02 9.997605263413454901e-01
-1.302163941236094552e-02 -1.080558293324790885e-02 -1.387682435440953585e-02 9.997605263413454901e-01
-1.376734695826986946e-02 -1.236715953386968887e-02 -1.433077839939671597e-02 9.997260336278444015e-01
-1.422792889567606189e-02 -1.325438450659510888e-02 -1.459616803179131922e-02 9.997043759079374814e-01
-1.438478292761520214e-02 -1.363204224626339035e-02 -1.486259348054295298e-02 9.996931272942480851e-01
-1.297745081986981242e-02 -1.345681565498769300e-02 -1.420289184068125946e-02 9.997243508817855728e-01
-1.646632676426611555e-02 -1.517490702840554491e-02 -1.500471015517818377e-02 9.996366544663769504e-01
-1.879430228896978444e-02 -1.669910364926618929e-02 -1.602335399061252663e-02 9.995554843357488117e-01
-1.879430228896978444e-02 -1.669910364926618929e-02 -1.602335399061252663e-02 9.995554843357488117e-01
-2.021849522326140888e-02 -1.863189081959423093e-02 -1.673346000594088182e-02 9.994818939888923115e-01
-2.123100979504734254e-02 -1.979588258906824633e-02 -1.683735465498789607e-02 9.994367767617042819e-01
-2.191641071625579154e-02 -2.232144126122159039e-02 -1.727610869518993522e-02 9.993612761507673081e-01
-2.268505434801630638e-02 -2.345707739263276290e-02 -1.714183832324061782e-02 9.993204246928627521e-01
-2.267553660444463978e-02 -2.761151637445254450e-02 -1.734953272304843794e-02 9.992108976174628454e-01
-2.242678574532330077e-02 -2.966904698426431342e-02 -1.570608557039088540e-02 9.991847205638377805e-01
-2.228560759330745419e-02 -3.085107785592317367e-02 -1.591138988926221395e-02 9.991488329378745981e-01
-2.158212861841116159e-02 -3.221382134694950050e-02 -1.581295647907120933e-02 9.991228312104154519e-01
-1.459497515351911891e-02 -3.209962072478208389e-02 -1.338365430446238069e-02 9.992884862976516569e-01
-2.019413938554322566e-02 -3.282643062927180500e-02 -1.519143018566095592e-02 9.991415528520135592e-01
-2.002711531172772508e-02 -3.254657196010209141e-02 -1.546516152840065814e-02 9.991498706824902820e-01
-1.859801799624955648e-02 -3.114827091085503596e-02 -1.511394546807894208e-02 9.992274353710786094e-01
-1.811914457455836638e-02 -2.849497455670820314e-02 -1.491198780455786285e-02 9.993184505674932439e-01
-4.162557276637835792e-03 -2.455226828956567908e-02 -1.510376543199436900e-02 9.995757777720162274e-01
-3.411142472047391447e-03 -2.050745431671114130e-02 -1.450601401217759337e-02 9.996786403549702271e-01
-1.330725677120049404e-02 -2.128033652314381338e-02 -1.473954380950132093e-02 9.995763152671109930e-01
-1.213412479378541201e-02 -1.603495871259452005e-02 -1.400344821971883855e-02 9.996997281946874425e-01
-1.018056957777495851e-02 -1.297600244815181117e-02 -1.321479283438918226e-02 9.997766493641876417e-01
-4.325035647280105894e-03 -7.982037231474529634e-03 -1.221378684428185528e-02 9.998841955742713283e-01
-1.101514607672670698e-03 -3.551867529965111944e-03 -1.163848730670504102e-02 9.999253554720124448e-01
-2.912161733545556245e-03 -1.860696303140708073e-03 -1.212368567743294864e-02 9.999205335269898409e-01
-2.189219794898771866e-03 1.630883197959625110e-03 -1.202425323540143830e-02 9.999239795458528812e-01
-7.720030797868715012e-04 5.294254455594039031e-03 -1.187229738531326434e-02 9.999152081230682221e-01
-1.069455461265545262e-03 6.674521567191888174e-03 -1.187152610593373257e-02 9.999066825933216052e-01
7.872139895380996129e-04 7.667900423860497111e-03 -1.154612303092964788e-02 9.999036306765662907e-01
7.872139895380996129e-04 7.667900423860497111e-03 -1.154612303092964788e-02 9.999036306765662907e-01
7.872139895380996129e-04 7.667900423860497111e-03 -1.154612303092964788e-02 9.999036306765662907e-01
7.872139895380996129e-04 7.667900423860497111e-03 -1.154612303092964788e-02 9.999036306765662907e-01
-2.233244620610572596e-03 8.817587487389772632e-03 -1.197366457272049274e-02 9.998869406718275954e-01
-1.676970968906576001e-02 1.467627814772872775e-02 -1.385615452903624437e-02 9.996556360459047941e-01
-1.756353393509357125e-02 1.604922603823884242e-02 -1.300924501917941414e-02 9.996322844743037450e-01
-1.842208360251295154e-02 1.735913874725628775e-02 -1.340833295636657124e-02 9.995896676862094932e-01
-1.981682045093528452e-02 1.772372897686746995e-02 -1.335621107776676156e-02 9.995572893456463603e-01
-1.981682045093528452e-02 1.772372897686746995e-02 -1.335621107776676156e-02 9.995572893456463603e-01
-2.027639430031598008e-02 2.010831885870451377e-02 -1.350021624653515231e-02 9.995010092581956274e-01
-1.973535369436639833e-02 2.075093516655258929e-02 -1.364360576648974629e-02 9.994967566360385414e-01
-1.904668807828539465e-02 2.180756848396178671e-02 -1.335392852357237398e-02 9.994915338426100249e-01
-1.745772370609560351e-02 2.253597720499904422e-02 -1.354029731137879923e-02 9.995018849222531143e-01
-1.780093920152726883e-02 2.251938306489177644e-02 -1.369783807276112562e-02 9.994940586026775931e-01
-1.816938473395120560e-02 2.244765418306367971e-02 -1.373233006066843474e-02 9.994885689147086083e-01
-1.816938473395120560e-02 2.244765418306367971e-02 -1.373233006066843474e-02 9.994885689147086083e-01
-1.816938473395120560e-02 2.244765418306367971e-02 -1.373233006066843474e-02 9.994885689147086083e-01
-1.500069802341338389e-02 2.240817476654481319e-02 -1.388673504726827684e-02 9.995398998300014659e-01
-1.500069802341338389e-02 2.240817476654481319e-02 -1.388673504726827684e-02 9.995398998300014659e-01
-1.352559923182595179e-02 2.234303124146447966e-02 -1.378596609176186566e-02 9.995638019952902686e-01
-1.020724939628068519e-02 2.352501759362514086e-02 -1.416121817317122014e-02 9.995708306602557602e-01
-1.020724939628068519e-02 2.352501759362514086e-02 -1.416121817317122014e-02 9.995708306602557602e-01
-1.050520861244483295e-02 2.351629686538847866e-02 -1.559015287216903613e-02 9.995466830054364760e-01
-1.050520861244483295e-02 2.351629686538847866e-02 -1.559015287216903613e-02 9.995466830054364760e-01
-8.551136741871986566e-03 2.522581378496481855e-02 -1.569109416192306095e-02 9.995220487529575815e-01
-9.372273869008964156e-03 2.547276348545441521e-02 -1.626580653377207586e-02 9.994992357879741718e-01
-9.372273869008964156e-03 2.547276348545441521e-02 -1.626580653377207586e-02 9.994992357879741718e-01
-9.372273869008964156e-03 2.547276348545441521e-02 -1.626580653377207586e-02 9.994992357879741718e-01
-8.166800684529452320e-03 2.579895258315264076e-02 -1.630759026890692479e-02 9.995007653382826929e-01
-7.507122373914675885e-03 2.688843716115285956e-02 -1.673637452372539469e-02 9.994701340352774022e-01
-6.624017366741320745e-03 2.714831312027522064e-02 -1.694583970799000069e-02 9.994658223297281374e-01
-5.922818606962445415e-03 2.770416540019311410e-02 -1.710838349884374193e-02 9.994522012849260673e-01
-6.471774714901476142e-03 2.730542344322406390e-02 -1.692668929282195589e-02 9.994628643287404302e-01
-2.222930830858857107e-03 2.840404306618418695e-02 -1.657980922858114450e-02 9.994565417475436142e-01
-2.222930830858857107e-03 2.840404306618418695e-02 -1.657980922858114450e-02 9.994565417475436142e-01
-6.120631135240357616e-03 2.720739604520631613e-02 -1.752472957063013967e-02 9.994574424798796652e-01
-4.491935967686129863e-03 2.750993393484931285e-02 -1.741523061225723826e-02 9.994597219442534763e-01
-4.491935967686129863e-03 2.750993393484931285e-02 -1.741523061225723826e-02 9.994597219442534763e-01
-1.604983080429788411e-03 2.742326028178141556e-02 -1.749566125549680690e-02 9.994695046183561526e-01
-3.499142191136826209e-03 2.787467608099768526e-02 -1.801787784952538912e-02 9.994429020785056128e-01
-2.551917200934708876e-03 2.843228431800490577e-02 -1.801808763944619252e-02 9.994300583056709986e-01
-2.581701251442557795e-03 2.914718471426716931e-02 -1.869461550187271129e-02 9.993969620691859346e-01
-2.184977984639316969e-03 2.975441234109903882e-02 -1.845411275424775274e-02 9.993844838398763253e-01
-2.184977984639316969e-03 2.975441234109903882e-02 -1.845411275424775274e-02 9.993844838398763253e-01
-1.911451032521421962e-03 3.067767765276563710e-02 -1.868086402681488553e-02 9.993529165254859681e-01
-1.911451032521421962e-03 3.067767765276563710e-02 -1.868086402681488553e-02 9.993529165254859681e-01
-1.911451032521421962e-03 3.067767765276563710e-02 -1.868086402681488553e-02 9.993529165254859681e-01
-1.033204407010694052e-03 3.194883724605159653e-02 -1.879931861815516483e-02 9.993121583903459282e-01
-1.033204407010694052e-03 3.194883724605159653e-02 -1.879931861815516483e-02 9.993121583903459282e-01
-4.036918860748713749e-05 3.304554898217783310e-02 -1.868126158981874008e-02 9.992792405169877989e-01
-3.416451304316917188e-04 3.354424917992505223e-02 -1.840989290753980087e-02 9.992676030316868241e-01
-1.635549909522017518e-04 3.409698704489542292e-02 -1.855614282697789358e-02 9.992462350630149093e-01
3.075853100901325844e-04 3.445550339074225643e-02 -1.851360502232795441e-02 9.992346922052119940e-01
4.012785958824447623e-04 3.454839745758483960e-02 -1.847514390746629251e-02 9.992321633465366393e-01
7.555707212584145431e-04 3.488203894941071387e-02 -1.814099106593008992e-02 9.992264892979783042e-01
8.013256941710558993e-04 3.504986245348117729e-02 -1.823561341362356022e-02 9.992188586203488709e-01
8.013256941710558993e-04 3.504986245348117729e-02 -1.823561341362356022e-02 9.992188586203488709e-01
4.577849020901458670e-03 3.585969545973399092e-02 -1.796831436150161249e-02 9.991848003341941009e-01
1.748268437415297430e-03 3.603472960736611719e-02 -1.853221762757190083e-02 9.991771608325518139e-01
2.444630783515617557e-03 3.618808753389596983e-02 -1.846205653147865028e-02 9.991714560422549907e-01
2.080040192038126300e-03 3.591888411814901649e-02 -1.863491605427547784e-02 9.991787863541522485e-01
-4.766243002881331002e-04 3.586684742850151930e-02 -1.902173539806193206e-02 9.991754178657835661e-01
-3.204361962761047506e-04 3.534445546664056331e-02 -1.918075735818802405e-02 9.991910554721640247e-01
2.843544371844472897e-04 3.577775491645950046e-02 -1.893731470977767437e-02 9.991802887904037700e-01
2.843544371844472897e-04 3.577775491645950046e-02 -1.893731470977767437e-02 9.991802887904037700e-01
3.190057600729804491e-03 3.541138825796568551e-02 -1.850154735880950307e-02 9.991964520851129850e-01
3.190057600729804491e-03 3.541138825796568551e-02 -1.850154735880950307e-02 9.991964520851129850e-01
3.190057600729804491e-03 3.541138825796568551e-02 -1.850154735880950307e-02 9.991964520851129850e-01
3.190057600729804491e-03 3.541138825796568551e-02 -1.850154735880950307e-02 9.991964520851129850e-01
8.790898223447630305e-03 3.309333205627162933e-02 -1.786381874287612526e-02 9.992539394276912512e-01
9.389538574693302719e-03 3.291040151506820222e-02 -1.818782898721069824e-02 9.992486902239118285e-01
9.389538574693302719e-03 3.291040151506820222e-02 -1.818782898721069824e-02 9.992486902239118285e-01
9.389538574693302719e-03 3.291040151506820222e-02 -1.818782898721069824e-02 9.992486902239118285e-01
9.389538574693302719e-03 3.291040151506820222e-02 -1.818782898721069824e-02 9.992486902239118285e-01
3.742271507484249207e-03 2.829008490381132446e-02 -1.909517701568697393e-02 9.994103465118014951e-01
3.742271507484249207e-03 2.829008490381132446e-02 -1.909517701568697393e-02 9.994103465118014951e-01
3.066405849723938693e-03 2.739916306711902977e-02 -1.903973834398297107e-02 9.994385280657229753e-01
6.107628784676328616e-03 2.556420879156586293e-02 -1.855577447450525858e-02 9.994822916556056480e-01
6.107628784676328616e-03 2.556420879156586293e-02 -1.855577447450525858e-02 9.994822916556056480e-01
6.107628784676328616e-03 2.556420879156586293e-02 -1.855577447450525858e-02 9.994822916556056480e-01
6.213102125015044185e-03 2.320379771613554146e-02 -1.789984946194021764e-02 9.995511875450765471e-01
6.213102125015044185e-03 2.320379771613554146e-02 -1.789984946194021764e-02 9.995511875450765471e-01
6.213102125015044185e-03 2.320379771613554146e-02 -1.789984946194021764e-02 9.995511875450765471e-01
6.340796147940744830e-03 2.268718719071751225e-02 -1.835992728021114753e-02 9.995538999532986857e-01
6.340796147940744830e-03 2.268718719071751225e-02 -1.835992728021114753e-02 9.995538999532986857e-01
6.340796147940744830e-03 2.268718719071751225e-02 -1.835992728021114753e-02 9.995538999532986857e-01
7.117730043754774173e-03 2.232026632454712708e-02 -1.811729181992368515e-02 9.995613574800384926e-01
1.231461711218771390e-02 2.067280893478773071e-02 -1.723662497344422007e-02 9.995618459783520704e-01
1.231461711218771390e-02 2.067280893478773071e-02 -1.723662497344422007e-02 9.995618459783520704e-01
1.231461711218771390e-02 2.067280893478773071e-02 -1.723662497344422007e-02 9.995618459783520704e-01
1.231461711218771390e-02 2.067280893478773071e-02 -1.723662497344422007e-02 9.995618459783520704e-01
8.887981769704893231e-03 1.815476933637519968e-02 -1.756118230894931215e-02 9.996414422213177886e-01
1.764121497308363332e-02 1.150843043644029715e-02 -1.744705704902000179e-02 9.996259019070541374e-01
1.764121497308363332e-02 1.150843043644029715e-02 -1.744705704902000179e-02 9.996259019070541374e-01
2.461437983677532138e-02 1.190727262169960499e-02 -1.707743045101771384e-02 9.994802201810469855e-01
2.461437983677532138e-02 1.190727262169960499e-02 -1.707743045101771384e-02 9.994802201810469855e-01
2.812712969655685458e-02 1.403476488232316757e-02 -1.739090353757223595e-02 9.993545148864230176e-01
2.746281753445441523e-02 1.486898810993769748e-02 -1.792988684607838348e-02 9.993514026624181756e-01
2.746281753445441523e-02 1.486898810993769748e-02 -1.792988684607838348e-02 9.993514026624181756e-01
2.746281753445441523e-02 1.486898810993769748e-02 -1.792988684607838348e-02 9.993514026624181756e-01
2.746281753445441523e-02 1.486898810993769748e-02 -1.792988684607838348e-02 9.993514026624181756e-01
2.888294667503038884e-02 2.248829133385170376e-02 -1.834839386940605513e-02 9.991613426202318182e-01
2.818388261824118085e-02 2.365310968011712436e-02 -1.840867881950127363e-02 9.991533014043151306e-01
2.818388261824118085e-02 2.365310968011712436e-02 -1.840867881950127363e-02 9.991533014043151306e-01
2.818388261824118085e-02 2.365310968011712436e-02 -1.840867881950127363e-02 9.991533014043151306e-01
2.818388261824118085e-02 2.365310968011712436e-02 -1.840867881950127363e-02 9.991533014043151306e-01
1.709562566531080269e-02 2.938730152195915407e-02 -1.904599656919901685e-02 9.992403995571111919e-01
1.709562566531080269e-02 2.938730152195915407e-02 -1.904599656919901685e-02 9.992403995571111919e-01
2.153770568383229361e-02 3.120366105183042596e-02 -1.821430638182428702e-02 9.991149572566052628e-01
1.205881978991463210e-02 3.415051270577072751e-02 -1.876646802341418174e-02 9.991677271735379673e-01
1.205881978991463210e-02 3.415051270577072751e-02 -1.876646802341418174e-02 9.991677271735379673e-01
1.205881978991463210e-02 3.415051270577072751e-02 -1.876646802341418174e-02 9.991677271735379673e-01
9.682281394465412638e-03 3.795213884403880050e-02 -1.912131152463867126e-02 9.990496804612566395e-01
9.682281394465412638e-03 3.795213884403880050e-02 -1.912131152463867126e-02 9.990496804612566395e-01
9.682281394465412638e-03 3.795213884403880050e-02 -1.912131152463867126e-02 9.990496804612566395e-01
8.805642741299597037e-03 3.829723869440211648e-02 -1.917321835666285432e-02 9.990436276069951660e-01
4.113980535742764975e-03 3.928509493565462973e-02 -1.941188618245671960e-02 9.990309980950979885e-01
4.113980535742764975e-03 3.928509493565462973e-02 -1.941188618245671960e-02 9.990309980950979885e-01
2.181422654204703132e-03 3.890782282703601075e-02 -1.927375790875893863e-02 9.990545255260787627e-01
2.181422654204703132e-03 3.890782282703601075e-02 -1.927375790875893863e-02 9.990545255260787627e-01
2.181422654204703132e-03 3.890782282703601075e-02 -1.927375790875893863e-02 9.990545255260787627e-01
2.181422654204703132e-03 3.890782282703601075e-02 -1.927375790875893863e-02 9.990545255260787627e-01
2.181422654204703132e-03 3.890782282703601075e-02 -1.927375790875893863e-02 9.990545255260787627e-01
2.181422654204703132e-03 3.890782282703601075e-02 -1.927375790875893863e-02 9.990545255260787627e-01
2.181422654204703132e-03 3.890782282703601075e-02 -1.927375790875893863e-02 9.990545255260787627e-01
2.181422654204703132e-03 3.890782282703601075e-02 -1.927375790875893863e-02 9.990545255260787627e-01
2.181422654204703132e-03 3.890782282703601075e-02 -1.927375790875893863e-02 9.990545255260787627e-01
2.181422654204703132e-03 3.890782282703601075e-02 -1.927375790875893863e-02 9.990545255260787627e-01
2.181422654204703132e-03 3.890782282703601075e-02 -1.927375790875893863e-02 9.990545255260787627e-01
2.181422654204703132e-03 3.890782282703601075e-02 -1.927375790875893863e-02 9.990545255260787627e-01
2.181422654204703132e-03 3.890782282703601075e-02 -1.927375790875893863e-02 9.990545255260787627e-01
2.181422654204703132e-03 3.890782282703601075e-02 -1.927375790875893863e-02 9.990545255260787627e-01
2.181422654204703132e-03 3.890782282703601075e-02 -1.927375790875893863e-02 9.990545255260787627e-01
2.181422654204703132e-03 3.890782282703601075e-02 -1.927375790875893863e-02 9.990545255260787627e-01
2.181422654204703132e-03 3.890782282703601075e-02 -1.927375790875893863e-02 9.990545255260787627e-01
2.181422654204703132e-03 3.890782282703601075e-02 -1.927375790875893863e-02 9.990545255260787627e-01
2.181422654204703132e-03 3.890782282703601075e-02 -1.927375790875893863e-02 9.990545255260787627e-01
2.181422654204703132e-03 3.890782282703601075e-02 -1.927375790875893863e-02 9.990545255260787627e-01
2.181422654204703132e-03 3.890782282703601075e-02 -1.927375790875893863e-02 9.990545255260787627e-01
2.181422654204703132e-03 3.890782282703601075e-02 -1.927375790875893863e-02 9.990545255260787627e-01
2.181422654204703132e-03 3.890782282703601075e-02 -1.927375790875893863e-02 9.990545255260787627e-01
2.181422654204703132e-03 3.890782282703601075e-02 -1.927375790875893863e-02 9.990545255260787627e-01
2.181422654204703132e-03 3.890782282703601075e-02 -1.927375790875893863e-02 9.990545255260787627e-01
2.181422654204703132e-03 3.890782282703601075e-02 -1.927375790875893863e-02 9.990545255260787627e-01
2.181422654204703132e-03 3.890782282703601075e-02 -1.927375790875893863e-02 9.990545255260787627e-01
2.181422654204703132e-03 3.890782282703601075e-02 -1.927375790875893863e-02 9.990545255260787627e-01
2.181422654204703132e-03 3.890782282703601075e-02 -1.927375790875893863e-02 9.990545255260787627e-01
2.181422654204703132e-03 3.890782282703601075e-02 -1.927375790875893863e-02 9.990545255260787627e-01
2.181422654204703132e-03 3.890782282703601075e-02 -1.927375790875893863e-02 9.990545255260787627e-01
2.181422654204703132e-03 3.890782282703601075e-02 -1.927375790875893863e-02 9.990545255260787627e-01
2.181422654204703132e-03 3.890782282703601075e-02 -1.927375790875893863e-02 9.990545255260787627e-01
2.181422654204703132e-03 3.890782282703601075e-02 -1.927375790875893863e-02 9.990545255260787627e-01
2.181422654204703132e-03 3.890782282703601075e-02 -1.927375790875893863e-02 9.990545255260787627e-01
2.181422654204703132e-03 3.890782282703601075e-02 -1.927375790875893863e-02 9.990545255260787627e-01
2.181422654204703132e-03 3.890782282703601075e-02 -1.927375790875893863e-02 9.990545255260787627e-01
2.181422654204703132e-03 3.890782282703601075e-02 -1.927375790875893863e-02 9.990545255260787627e-01
2.181422654204703132e-03 3.890782282703601075e-02 -1.927375790875893863e-02 9.990545255260787627e-01
2.181422654204703132e-03 3.890782282703601075e-02 -1.927375790875893863e-02 9.990545255260787627e-01
2.181422654204703132e-03 3.890782282703601075e-02 -1.927375790875893863e-02 9.990545255260787627e-01
2.181422654204703132e-03 3.890782282703601075e-02 -1.927375790875893863e-02 9.990545255260787627e-01
2.181422654204703132e-03 3.890782282703601075e-02 -1.927375790875893863e-02 9.990545255260787627e-01
2.181422654204703132e-03 3.890782282703601075e-02 -1.927375790875893863e-02 9.990545255260787627e-01
2.181422654204703132e-03 3.890782282703601075e-02 -1.927375790875893863e-02 9.990545255260787627e-01
2.181422654204703132e-03 3.890782282703601075e-02 -1.927375790875893863e-02 9.990545255260787627e-01
2.181422654204703132e-03 3.890782282703601075e-02 -1.927375790875893863e-02 9.990545255260787627e-01
2.181422654204703132e-03 3.890782282703601075e-02 -1.927375790875893863e-02 9.990545255260787627e-01
2.181422654204703132e-03 3.890782282703601075e-02 -1.927375790875893863e-02 9.990545255260787627e-01
2.181422654204703132e-03 3.890782282703601075e-02 -1.927375790875893863e-02 9.990545255260787627e-01
2.181422654204703132e-03 3.890782282703601075e-02 -1.927375790875893863e-02 9.990545255260787627e-01
2.181422654204703132e-03 3.890782282703601075e-02 -1.927375790875893863e-02 9.990545255260787627e-01
2.181422654204703132e-03 3.890782282703601075e-02 -1.927375790875893863e-02 9.990545255260787627e-01
2.181422654204703132e-03 3.890782282703601075e-02 -1.927375790875893863e-02 9.990545255260787627e-01
2.181422654204703132e-03 3.890782282703601075e-02 -1.927375790875893863e-02 9.990545255260787627e-01
2.181422654204703132e-03 3.890782282703601075e-02 -1.927375790875893863e-02 9.990545255260787627e-01
2.181422654204703132e-03 3.890782282703601075e-02 -1.927375790875893863e-02 9.990545255260787627e-01
2.181422654204703132e-03 3.890782282703601075e-02 -1.927375790875893863e-02 9.990545255260787627e-01
2.181422654204703132e-03 3.890782282703601075e-02 -1.927375790875893863e-02 9.990545255260787627e-01
2.181422654204703132e-03 3.890782282703601075e-02 -1.927375790875893863e-02 9.990545255260787627e-01
2.181422654204703132e-03 3.890782282703601075e-02 -1.927375790875893863e-02 9.990545255260787627e-01
2.181422654204703132e-03 3.890782282703601075e-02 -1.927375790875893863e-02 9.990545255260787627e-01
2.181422654204703132e-03 3.890782282703601075e-02 -1.927375790875893863e-02 9.990545255260787627e-01
2.181422654204703132e-03 3.890782282703601075e-02 -1.927375790875893863e-02 9.990545255260787627e-01
2.181422654204703132e-03 3.890782282703601075e-02 -1.927375790875893863e-02 9.990545255260787627e-01
2.181422654204703132e-03 3.890782282703601075e-02 -1.927375790875893863e-02 9.990545255260787627e-01
2.181422654204703132e-03 3.890782282703601075e-02 -1.927375790875893863e-02 9.990545255260787627e-01
2.181422654204703132e-03 3.890782282703601075e-02 -1.927375790875893863e-02 9.990545255260787627e-01
2.181422654204703132e-03 3.890782282703601075e-02 -1.927375790875893863e-02 9.990545255260787627e-01
-2.956304814001332795e-03 3.758032008486367898e-02 -1.951810524438918684e-02 9.990986054298318653e-01
1.043751565430584179e-02 4.816470659961583078e-02 -3.022953338885560337e-02 9.983272983426983993e-01
1.066846646639994269e-02 4.723067601482418276e-02 -3.015704370955812202e-02 9.983716741680614959e-01
1.245967439665440421e-02 4.729324063252485916e-02 -3.000972663865461576e-02 9.983524038191508021e-01
1.306906000602167661e-02 4.721238395816017980e-02 -3.003719777270336122e-02 9.983476134200500729e-01
1.342571590829461786e-02 4.675451801872306662e-02 -3.013680212326754274e-02 9.983614267162818079e-01
1.384369104493483014e-02 4.682894159496509001e-02 -2.987796876688352671e-02 9.983600099311434883e-01
1.460292634124193967e-02 4.692115855184127160e-02 -2.977275427366760444e-02 9.983480067217969101e-01
1.749232749145079521e-02 4.710687354383703146e-02 -2.967862757033830692e-02 9.982956175449224645e-01
1.607846002210489011e-02 4.656911176690205906e-02 -2.977605419903588124e-02 9.983417188262221353e-01
1.898168883599367016e-02 4.699185712986251456e-02 -2.955166646578215664e-02 9.982775965940111629e-01
1.939856543891995203e-02 4.734703082247204708e-02 -3.004899182478255534e-02 9.982379538073685721e-01
1.970186837014814910e-02 4.685127590672565762e-02 -2.964948158642918830e-02 9.982673502475643001e-01
2.117936392433100723e-02 4.754993192675172065e-02 -2.954889774831062632e-02 9.982070432327062592e-01
2.032929284434521755e-02 4.635502788388491668e-02 -2.977357163591617950e-02 9.982742437198177665e-01
2.136465383467730725e-02 4.616051627066387886e-02 -2.988234964676619865e-02 9.982583851306928713e-01
1.947181359824545072e-02 4.490580265451730307e-02 -2.970718957702344482e-02 9.983595545947279160e-01
1.997073884709331740e-02 4.489520119217913635e-02 -2.982212602192832115e-02 9.983467490302891933e-01
2.046744982676815955e-02 4.492454440515692565e-02 -2.988008533756057392e-02 9.983336362698584932e-01
2.046744982676815955e-02 4.492454440515692565e-02 -2.988008533756057392e-02 9.983336362698584932e-01
2.046744982676815955e-02 4.492454440515692565e-02 -2.988008533756057392e-02 9.983336362698584932e-01
1.912989768930398876e-02 4.425717245364323843e-02 -3.004259384749852907e-02 9.983850921642006826e-01
1.984098333173664117e-02 4.407096720037045195e-02 -3.058958735867566697e-02 9.983628410431147904e-01
1.996406618620780865e-02 4.433199757995336804e-02 -3.119514455736330238e-02 9.983300922079475503e-01
1.888359176763943631e-02 4.357207397688486056e-02 -3.112663687772471502e-02 9.983867070469180094e-01
1.918407986964106374e-02 4.363253474403086529e-02 -3.115224963063346897e-02 9.983775389772733266e-01
1.981323474833755760e-02 4.391986971970842507e-02 -3.148614158532583168e-02 9.983421776428560435e-01
1.883442710195770697e-02 4.334879154541793761e-02 -3.147516343196109928e-02 9.983864285507011438e-01
1.883442710195770697e-02 4.334879154541793761e-02 -3.147516343196109928e-02 9.983864285507011438e-01
2.126078964235326996e-02 4.329244670859725558e-02 -3.149106181893835538e-02 9.983396495718692698e-01
2.204006708507542933e-02 3.987648564162221687e-02 -3.177871557124262863e-02 9.984559151872459681e-01
2.179197139803691619e-02 3.909475076532956811e-02 -3.191521192615172364e-02 9.984879216559872095e-01
2.092133200133997409e-02 3.844877616952923488e-02 -3.212314240976856666e-02 9.985249587266594729e-01
2.041275652800616028e-02 3.881665765268881019e-02 -3.263880600666684006e-02 9.985045291845509041e-01
1.861470156014268310e-02 3.772659734899194012e-02 -3.238124979858731517e-02 9.985898314121646191e-01
1.862630359649978390e-02 3.767885434250519555e-02 -3.250842036241321370e-02 9.985872857969442240e-01
1.850729529427978456e-02 3.753357484035144132e-02 -3.246602239640909021e-02 9.985963489670638404e-01
1.837475586780163567e-02 3.699877122389778200e-02 -3.256224455930101236e-02 9.986156215000748793e-01
1.864814324609452220e-02 3.685181982559434383e-02 -3.260283368189226261e-02 9.986146631033042675e-01
1.913086852309935082e-02 3.685768715462472284e-02 -3.284404473939176589e-02 9.985974111183748558e-01
1.913086852309935082e-02 3.685768715462472284e-02 -3.284404473939176589e-02 9.985974111183748558e-01
1.850498475253523761e-02 3.683485895537925991e-02 -3.267986306238330335e-02 9.986154341162916115e-01
1.852167342315470464e-02 3.699631042414933818e-02 -3.332187653726786242e-02 9.985879396290749943e-01
1.865124340605801498e-02 3.673189289655340306e-02 -3.318166315389533411e-02 9.985999581383856460e-01
1.967002933626223193e-02 3.705490245728123438e-02 -3.334452419253373240e-02 9.985630510168926888e-01
2.044338015188157387e-02 3.680660454488426936e-02 -3.329794825960893240e-02 9.985582550415086356e-01
2.076212078246482753e-02 3.653165834972675607e-02 -3.340572597785008285e-02 9.985581754463412896e-01
2.148102356980406344e-02 3.608406517072668129e-02 -3.343324750187078032e-02 9.985583226975913718e-01
2.214189897224519768e-02 3.580889265957110101e-02 -3.353532652060670083e-02 9.985503699821829393e-01
2.213208298871723392e-02 3.447505533877334716e-02 -3.389244815217508366e-02 9.985854712643386089e-01
2.185788717519791813e-02 3.394607450716443514e-02 -3.425035474610418906e-02 9.985974213833903601e-01
2.155357944911237209e-02 3.380733612966488333e-02 -3.444908107280192366e-02 9.986019066925448939e-01
2.033054308761001600e-02 3.404010213262951418e-02 -3.499000553444864270e-02 9.986008411659096362e-01
2.066539266815983419e-02 3.423107877663928572e-02 -3.537702835518636429e-02 9.985738033097076860e-01
2.047063340552600363e-02 3.435221285143214703e-02 -3.543224589373138861e-02 9.985716972712137540e-01
2.061573735183359207e-02 3.463550046527226478e-02 -3.563801320960185287e-02 9.985516038219720558e-01
2.086670984103247695e-02 3.501725369080712497e-02 -3.586602221116300115e-02 9.985249124659395514e-01
2.086670984103247695e-02 3.501725369080712497e-02 -3.586602221116300115e-02 9.985249124659395514e-01
2.040630335145065047e-02 3.497495864696384404e-02 -3.610575257746874434e-02 9.985272703747185563e-01
2.159975817959821145e-02 3.606494814531632787e-02 -3.711374416998360765e-02 9.984264319195198523e-01
2.108195162157514707e-02 3.623254676964193788e-02 -3.700661961478687867e-02 9.984354080135068310e-01
2.069497544414645659e-02 3.641710952546400870e-02 -3.735833901186366712e-02 9.984236909406002392e-01
2.106323498615806158e-02 3.770830443216965228e-02 -3.800943668135918496e-02 9.983434812888470899e-01
2.032790351166239781e-02 3.751380145088131085e-02 -3.786690189232462533e-02 9.983714683326049277e-01
2.017499641917264511e-02 3.829940116508700337e-02 -3.843937866615651511e-02 9.983228633852087031e-01
1.982414694857309936e-02 3.861804015806472035e-02 -3.872785869338540160e-02 9.983064675404725863e-01
1.887541668061040387e-02 4.008586205034898181e-02 -3.971384406744755957e-02 9.982282569123157590e-01
1.891047685220718921e-02 4.052109810126117151e-02 -4.001452140492939291e-02 9.981980126961907951e-01
1.817853415726820507e-02 4.105610303568587444e-02 -4.036740889944164662e-02 9.981755404727975511e-01
1.817853415726820507e-02 4.105610303568587444e-02 -4.036740889944164662e-02 9.981755404727975511e-01
1.790151916537211299e-02 4.116571685410527759e-02 -4.068145230712464505e-02 9.981632826374864376e-01
1.745273908900461454e-02 4.109523175532445866e-02 -4.097220416080241123e-02 9.981622424793841208e-01
1.311772565298090741e-02 3.927088602496137809e-02 -4.183579135960940887e-02 9.982662417140143463e-01
1.232998853346069755e-02 3.721461766802907495e-02 -4.222419934665736646e-02 9.983387003437865781e-01
1.077553790070245703e-02 3.631726314262010563e-02 -4.207581146931828331e-02 9.983959987249441115e-01
8.443966655175754593e-03 3.490627217303388791e-02 -4.220777050218881693e-02 9.984631969678917640e-01
7.848361872163282446e-03 3.396690818754734276e-02 -4.257750058609593297e-02 9.984847564224219596e-01
8.181580891280343729e-03 3.337902808775181779e-02 -4.243013037921800068e-02 9.985081803641064901e-01
8.181580891280343729e-03 3.337902808775181779e-02 -4.243013037921800068e-02 9.985081803641064901e-01
7.809771802315997567e-03 3.292529662656897005e-02 -4.223903110873632877e-02 9.985343241759110366e-01
6.648771500411203295e-03 3.234048962802160004e-02 -4.222556581541842685e-02 9.985624107484334377e-01
6.648771500411203295e-03 3.234048962802160004e-02 -4.222556581541842685e-02 9.985624107484334377e-01
5.669878477285292609e-03 3.010072757835429921e-02 -4.276825257500991434e-02 9.986153790368875738e-01
5.837369246395976777e-03 3.012402644508144559e-02 -4.267943031371561335e-02 9.986175115524031920e-01
4.722877230253241278e-03 2.851410638941798137e-02 -4.262457384801102145e-02 9.986730124879495962e-01
4.853911765333124816e-03 2.814395184241276493e-02 -4.278463790134390266e-02 9.986760397020233437e-01
4.611871661557219622e-03 2.784821652643965778e-02 -4.270791141401081986e-02 9.986887612157888672e-01
4.225922914226159198e-03 2.748109580650489117e-02 -4.264984451398210613e-02 9.987031199068769904e-01
2.530243659216997124e-03 2.456823904916817167e-02 -4.253404079619751282e-02 9.987896950162208354e-01
2.530243659216997124e-03 2.456823904916817167e-02 -4.253404079619751282e-02 9.987896950162208354e-01
2.604774559785661640e-03 2.385972043347549601e-02 -4.263584160915512983e-02 9.988023397552732163e-01
1.872659073174010079e-03 2.255540891178830706e-02 -4.267323409158377961e-02 9.988326895776803438e-01
2.230587758653403575e-03 2.182999987192254035e-02 -4.273021119447566879e-02 9.988456360394825095e-01
1.845574421677581090e-03 2.165592134832290683e-02 -4.261162071461275375e-02 9.988552771576487688e-01
2.779190724336907687e-03 2.186096872079303782e-02 -4.241568142070126918e-02 9.988569888202835090e-01
1.644360837871738446e-03 2.136272976474980906e-02 -4.261923284507227599e-02 9.988616174656681501e-01
1.644360837871738446e-03 2.136272976474980906e-02 -4.261923284507227599e-02 9.988616174656681501e-01
2.109761451363599202e-03 2.087186054059954332e-02 -4.257701855930610263e-02 9.988729207635937968e-01
2.381731562366997366e-03 2.081795332234942161e-02 -4.272755550002394626e-02 9.988670062501943114e-01
2.381731562366997366e-03 2.081795332234942161e-02 -4.272755550002394626e-02 9.988670062501943114e-01
2.305317848580043776e-03 1.973836647395636398e-02 -4.311894980770405311e-02 9.988722834106659176e-01
2.143471644472443385e-03 1.936870010579276949e-02 -4.295538708640200820e-02 9.988869273875690125e-01
1.865708590682018265e-03 1.899592303417872025e-02 -4.296834200810519672e-02 9.988940862897370820e-01
1.865708590682018265e-03 1.899592303417872025e-02 -4.296834200810519672e-02 9.988940862897370820e-01
2.521902023881847366e-03 1.780986685495818470e-02 -4.297058971904612473e-02 9.989143992715232567e-01
2.485053005885383415e-03 1.685402002598932261e-02 -4.314213354447905824e-02 9.989236821868584526e-01
2.483422092577501974e-03 1.605108267214494164e-02 -4.312944954795319003e-02 9.989374584734785900e-01
3.122016415111384963e-03 1.573652145665316304e-02 -4.306005105714676151e-02 9.989436655331991322e-01
2.958003298080786464e-03 1.520427564281461377e-02 -4.314923679917539306e-02 9.989485590270975601e-01
3.013672772159270777e-03 1.497561021109247714e-02 -4.309280664519884313e-02 9.989542826829801436e-01
2.752712759728558750e-03 1.385171027596420260e-02 -4.294106190115995481e-02 9.989777864886155712e-01
2.387616097037535516e-03 1.329854184404850349e-02 -4.310640906748328810e-02 9.989791216894886583e-01
2.387616097037535516e-03 1.329854184404850349e-02 -4.310640906748328810e-02 9.989791216894886583e-01
1.895042699387028320e-03 1.252062148869459261e-02 -4.286034585698876576e-02 9.990008176191467193e-01
9.391884447919228917e-04 1.208194184435365526e-02 -4.293188080795189154e-02 9.990045036017738411e-01
7.631833495106829426e-04 1.177468059289400563e-02 -4.288693126352578072e-02 9.990102529878800430e-01
7.631833495106829426e-04 1.177468059289400563e-02 -4.288693126352578072e-02 9.990102529878800430e-01
1.858976342722622340e-04 1.126442995345385868e-02 -4.284379490082608488e-02 9.990182617441931701e-01
1.858976342722622340e-04 1.126442995345385868e-02 -4.284379490082608488e-02 9.990182617441931701e-01
-6.643857360258617617e-04 1.110717788269899309e-02 -4.313234656170571862e-02 9.990074023104917877e-01
-2.212098914920559035e-03 1.193279801323262300e-02 -4.325181909970025190e-02 9.989904879900172174e-01
-2.212098914920559035e-03 1.193279801323262300e-02 -4.325181909970025190e-02 9.989904879900172174e-01
-2.212098914920559035e-03 1.193279801323262300e-02 -4.325181909970025190e-02 9.989904879900172174e-01
-2.212098914920559035e-03 1.193279801323262300e-02 -4.325181909970025190e-02 9.989904879900172174e-01
-2.212098914920559035e-03 1.193279801323262300e-02 -4.325181909970025190e-02 9.989904879900172174e-01
-2.212098914920559035e-03 1.193279801323262300e-02 -4.325181909970025190e-02 9.989904879900172174e-01
-2.502055769327748633e-03 1.255436333511701294e-02 -4.319677753322830743e-02 9.989845674928726771e-01
-8.392485556095181497e-04 2.025914404773576996e-02 -4.368445791234761705e-02 9.988395921674407818e-01
-8.392485556095181497e-04 2.025914404773576996e-02 -4.368445791234761705e-02 9.988395921674407818e-01
-1.295477213674027213e-03 2.073641998003315084e-02 -4.353724719876136268e-02 9.988357376123235820e-01
1.545201750259853329e-03 2.244511620395731044e-02 -4.371879481162219833e-02 9.987905166201574980e-01
1.545201750259853329e-03 2.244511620395731044e-02 -4.371879481162219833e-02 9.987905166201574980e-01
1.424046793489813778e-03 2.388192438245795302e-02 -4.363195289879631678e-02 9.987611718848294906e-01
1.276441754244190879e-03 2.451429786946761336e-02 -4.416932563733354244e-02 9.987224291909931884e-01
9.498299377226023833e-04 2.460266466453402134e-02 -4.393021673214281275e-02 9.987311664168495584e-01
1.664046809983152082e-04 2.442213981099985304e-02 -4.409090872525706778e-02 9.987289538029401337e-01
1.143356489871597166e-03 2.453624324605614346e-02 -4.420075869915472688e-02 9.987206608625489590e-01
1.143356489871597166e-03 2.453624324605614346e-02 -4.420075869915472688e-02 9.987206608625489590e-01
8.540693441805801388e-04 2.422938344451902939e-02 -4.460082389238270717e-02 9.987106558215820273e-01
1.186062374226261405e-03 2.445998407947488559e-02 -4.478476584481270312e-02 9.986964639884841066e-01
-3.393507866941401514e-04 2.496189949708916764e-02 -4.455842975793178340e-02 9.986948156228949713e-01
-8.074454683955234902e-04 2.527030357195863414e-02 -4.497188664613564757e-02 9.986682578317405135e-01
-1.866930949588608418e-03 2.577177385772655427e-02 -4.522585864298050290e-02 9.986425546465866887e-01
-1.866930949588608418e-03 2.577177385772655427e-02 -4.522585864298050290e-02 9.986425546465866887e-01
-1.809725348063549429e-03 2.578430221580809562e-02 -4.562559280027891212e-02 9.986241534907072115e-01
-1.165813043444920323e-03 2.524971492285017771e-02 -4.569920809260048095e-02 9.986354065203034702e-01
-2.508304568645972695e-04 2.525935753336793627e-02 -4.576354992022461238e-02 9.986328651910983956e-01
2.471895442587658033e-04 2.532092413390162056e-02 -4.589427445106784853e-02 9.986253077460758298e-01
5.140236791493475808e-05 2.625451912009237054e-02 -4.602195525998737519e-02 9.985953520909343073e-01
-9.534218621417558590e-04 2.659593114854350016e-02 -4.633062430941996268e-02 9.985715901647683745e-01
-9.534218621417558590e-04 2.659593114854350016e-02 -4.633062430941996268e-02 9.985715901647683745e-01
4.318800047793473740e-04 2.808223608074027905e-02 -4.646838285834910959e-02 9.985248574226367468e-01
3.836823380470046584e-04 2.822355643453774987e-02 -4.663917414533887140e-02 9.985129298537354092e-01
1.308702774004612485e-03 2.851756213124097619e-02 -4.677986974948062510e-02 9.984972106788089219e-01
1.719114375127808476e-03 2.914300998953114896e-02 -4.714351937978923657e-02 9.984614254917426601e-01
2.220723629480981197e-03 2.941198621736117527e-02 -4.718558651983584262e-02 9.984505615593044503e-01
2.148491388746979255e-03 2.985646966438812791e-02 -4.764275567289352059e-02 9.984158166995478201e-01
2.148491388746979255e-03 2.985646966438812791e-02 -4.764275567289352059e-02 9.984158166995478201e-01
2.148491388746979255e-03 2.985646966438812791e-02 -4.764275567289352059e-02 9.984158166995478201e-01
2.676334300680455625e-03 3.089954955007694418e-02 -4.780687315823459876e-02 9.983749585957902850e-01
2.363396859120060495e-03 3.121967349367193306e-02 -4.818942885901889711e-02 9.983473970960591304e-01
1.788957222036166670e-03 3.231179635857707455e-02 -4.909380511727055169e-02 9.982697760361409767e-01
1.028267468988555700e-03 3.254928189468077326e-02 -4.930384997693502969e-02 9.982527822608884271e-01
1.028267468988555700e-03 3.254928189468077326e-02 -4.930384997693502969e-02 9.982527822608884271e-01
-2.466308784609580387e-03 3.252459555952182113e-02 -5.018905265685557476e-02 9.982069559956371352e-01
-3.412745018122621474e-03 3.188122316911927434e-02 -5.028696046876505316e-02 9.982199969883868151e-01
-5.746241839560227785e-03 3.084841001031120300e-02 -5.060772185466087120e-02 9.982255330301055274e-01
-6.930920269112897901e-03 3.005210858660837397e-02 -5.070792371928621589e-02 9.982372160893426827e-01
-9.112004848193402604e-03 2.829765152143416326e-02 -5.078135667596888475e-02 9.982672328090139713e-01
-1.072276047987624770e-02 2.704901522924389040e-02 -5.102879657604295766e-02 9.982732266783579389e-01
-1.227537134910923998e-02 2.414018316383144055e-02 -5.098357386991982793e-02 9.983322302773304235e-01
-1.245311890618686426e-02 2.335913070336142344e-02 -5.100403562227815574e-02 9.983475643244356101e-01
-1.320001895894736509e-02 2.145044377829093823e-02 -5.100045432782605165e-02 9.983809852053239231e-01
-1.258298088697838713e-02 2.076125303526332386e-02 -5.098227301079232693e-02 9.984044505124447522e-01
-1.287274655767230679e-02 1.938896923937206279e-02 -5.100274812510912498e-02 9.984273032883181909e-01
-1.333063133090051956e-02 1.812307040322354984e-02 -5.111943168424941397e-02 9.984391079538896818e-01
-1.382591654186817419e-02 1.724913225209856113e-02 -5.118310353617084446e-02 9.984445910418527914e-01
-1.387723022660323526e-02 1.674615203302608560e-02 -5.120057065174684480e-02 9.984515463647999356e-01
-1.372601236668925979e-02 1.574038210086790152e-02 -5.124083323992104783e-02 9.984679333682713320e-01
-1.425652329595694309e-02 1.528037066870793943e-02 -5.132391461317958176e-02 9.984633781989792345e-01
-1.374116566964084067e-02 1.489637334430470202e-02 -5.131263320603148687e-02 9.984769862649263139e-01
-1.355943313038080085e-02 1.478310482768233416e-02 -5.138234158475653984e-02 9.984775693815579611e-01
-1.388152118877439452e-02 1.473196689890271700e-02 -5.143236654077969205e-02 9.984713236707352113e-01
-1.367587381625404337e-02 1.471994627818434126e-02 -5.166474097651697212e-02 9.984623419021664281e-01
-1.377737605246273644e-02 1.458631952672751961e-02 -5.137602387606374221e-02 9.984778051426378420e-01
-1.356937026623048978e-02 1.447052277354148042e-02 -5.152882324854586582e-02 9.984744646388602485e-01
-1.377434175728706363e-02 1.449964327714503738e-02 -5.172412157837622676e-02 9.984611375015726153e-01
-1.429850305018050445e-02 1.404197488526089457e-02 -5.196734261987762116e-02 9.984476806787995207e-01
-1.429850305018050445e-02 1.404197488526089457e-02 -5.196734261987762116e-02 9.984476806787995207e-01
-1.436917075894393950e-02 1.397211977030914098e-02 -5.209870187511681655e-02 9.984408004803050352e-01
-1.451399794002110333e-02 1.348212511693633146e-02 -5.223372367264110527e-02 9.984383878224126763e-01
-1.778531321801951962e-02 1.406888069706006307e-02 -5.361518133576835543e-02 9.983041428142034324e-01
-1.751734670898942928e-02 1.243453079035469755e-02 -5.295215003379837027e-02 9.983659623680581907e-01
-1.790116417335431073e-02 1.133029457801667736e-02 -5.328290165184677851e-02 9.983546990611972261e-01
-1.829004309996596495e-02 1.016001301526239450e-02 -5.381449853478060402e-02 9.983317325450399293e-01
-1.829004309996596495e-02 1.016001301526239450e-02 -5.381449853478060402e-02 9.983317325450399293e-01
-1.829004309996596495e-02 1.016001301526239450e-02 -5.381449853478060402e-02 9.983317325450399293e-01
-1.829004309996596495e-02 1.016001301526239450e-02 -5.381449853478060402e-02 9.983317325450399293e-01
-1.801174495105412054e-02 9.308051448302408562e-03 -5.408571738746122126e-02 9.983304424872245786e-01
-1.866551278704880676e-02 2.495238441662920095e-03 -5.472260748541992598e-02 9.983239998354804801e-01
-1.872752630806293062e-02 6.418323825190646583e-04 -5.479455719461863439e-02 9.983218039847768788e-01
-1.858805756371723072e-02 -6.963220634618368923e-04 -5.497820625581873594e-02 9.983142772135860099e-01
-1.749708385976645950e-02 -1.077174490589549206e-03 -5.476567514561245936e-02 9.983453373344147730e-01
-1.749708385976645950e-02 -1.077174490589549206e-03 -5.476567514561245936e-02 9.983453373344147730e-01
-1.839704245284249501e-02 -1.491846576265754313e-03 -5.484376211398211270e-02 9.983243385693680860e-01
-2.107652765795731131e-02 -1.209536718933342967e-03 -5.490683605287985380e-02 9.982682787494908672e-01
-2.234393035811741215e-02 -6.396991835135067746e-04 -5.484621027933475612e-02 9.982445756321951524e-01
-2.311995127321399279e-02 9.272322874705035396e-05 -5.498011487754908555e-02 9.982197384461893863e-01
-2.311995127321399279e-02 9.272322874705035396e-05 -5.498011487754908555e-02 9.982197384461893863e-01
-2.485619467191755791e-02 4.549629866508793884e-03 -5.484001726450531827e-02 9.981753568191004122e-01
-2.348460075891643101e-02 7.456846359860003388e-03 -5.447660917907830996e-02 9.982109837213322123e-01
-2.181337787606775491e-02 9.134225216763594210e-03 -5.454869279197166465e-02 9.982310266616704064e-01
-1.955983767610498456e-02 1.145973697167584210e-02 -5.437542483426561352e-02 9.982631919252145103e-01
-1.797973478506150954e-02 1.269253519652386447e-02 -5.433274727908169593e-02 9.982803119667598146e-01
-1.601934919866981541e-02 1.374065202573645887e-02 -5.414628257717285509e-02 9.983099493725542395e-01
-1.192240277525136519e-02 1.544070717441720086e-02 -5.425651380609402413e-02 9.983364520959994159e-01
-1.015431552056217379e-02 1.795444759082463759e-02 -5.413694573670600751e-02 9.983204489512964575e-01
-1.015431552056217379e-02 1.795444759082463759e-02 -5.413694573670600751e-02 9.983204489512964575e-01
-9.862693340378102941e-03 1.902231726784658905e-02 -5.421019970324365139e-02 9.982996208423449147e-01
-1.049938339049271210e-02 2.238384274167814006e-02 -5.439650913046788216e-02 9.982132769738911726e-01
-1.121241578176476392e-02 2.310843096262300486e-02 -5.456252330195573985e-02 9.981799503104167304e-01
-1.121294154655017548e-02 2.390137621266549134e-02 -5.471601221997590692e-02 9.981528701375144141e-01
-1.121294154655017548e-02 2.390137621266549134e-02 -5.471601221997590692e-02 9.981528701375144141e-01
-1.121294154655017548e-02 2.390137621266549134e-02 -5.471601221997590692e-02 9.981528701375144141e-01
-1.121294154655017548e-02 2.390137621266549134e-02 -5.471601221997590692e-02 9.981528701375144141e-01
-1.121294154655017548e-02 2.390137621266549134e-02 -5.471601221997590692e-02 9.981528701375144141e-01
-1.778668308981734905e-02 2.591093209407971734e-02 -5.631011619750630331e-02 9.979185479369053757e-01
-1.778668308981734905e-02 2.591093209407971734e-02 -5.631011619750630331e-02 9.979185479369053757e-01
-1.837497763733848474e-02 2.588144034773556118e-02 -5.657562635141250018e-02 9.978936364890295119e-01
-2.032360311499888453e-02 2.706325380260738919e-02 -5.715842165140704728e-02 9.977912839288383129e-01
-2.033721989845529640e-02 2.739298670366466931e-02 -5.746952332749643427e-02 9.977641382885862331e-01
-1.989252119801757090e-02 2.744566346465998966e-02 -5.753132062012843856e-02 9.977680944513485084e-01
-1.996191516379654599e-02 2.690091273961709925e-02 -5.789171924543950326e-02 9.977606986044179616e-01
-1.870931221794750604e-02 2.687280791789098400e-02 -5.800119963004708029e-02 9.977793717412757335e-01
-1.637656490495083272e-02 2.650593507686381869e-02 -5.786693303041484659e-02 9.978379936589248933e-01
-1.402756725389042898e-02 2.653753315479691691e-02 -5.785889908845740642e-02 9.978734060427041364e-01
-1.338131845860339973e-02 2.640848575570906714e-02 -5.780879780433902104e-02 9.978886085595010114e-01
-1.149858994984113633e-02 2.673538551080944375e-02 -5.807855471151296411e-02 9.978877106535463115e-01
-1.069258737794430945e-02 2.715876048329365910e-02 -5.847036218412435260e-02 9.978623587701028752e-01
-1.069258737794430945e-02 2.715876048329365910e-02 -5.847036218412435260e-02 9.978623587701028752e-01
-1.069258737794430945e-02 2.715876048329365910e-02 -5.847036218412435260e-02 9.978623587701028752e-01
-1.012901932794523993e-02 2.726772588010001677e-02 -5.866550374325123218e-02 9.978538133230400176e-01
-7.949697532060463756e-03 2.831631175589864949e-02 -6.012277449487468672e-02 9.977576062274494673e-01
-7.726086280198289115e-03 2.871591645170887622e-02 -6.090536136203063972e-02 9.977004764409456161e-01
-7.864072349635287465e-03 2.900603940364912536e-02 -6.106371915470257955e-02 9.976813259990332527e-01
-7.493196712762417375e-03 2.909022309140690821e-02 -6.169895840276821974e-02 9.976426461692230463e-01
-8.955486379168296068e-03 2.888810199080671381e-02 -6.198521648547915958e-02 9.976187196340742247e-01
-8.955486379168296068e-03 2.888810199080671381e-02 -6.198521648547915958e-02 9.976187196340742247e-01
-9.807676408745868296e-03 2.700922301152646268e-02 -6.269353862009793832e-02 9.976190813988399242e-01
-1.201879392870877639e-02 2.597344922433659359e-02 -6.314373573747204815e-02 9.975940041745471332e-01
-1.281801582073632123e-02 2.506748775304863674e-02 -6.335055910908024557e-02 9.975941189625854300e-01
-1.359286318011566387e-02 2.306614718990520133e-02 -6.370587843288715024e-02 9.976095167837336630e-01
-1.428642585396208697e-02 2.209702414637169932e-02 -6.381173320361950563e-02 9.976149970132486278e-01
-1.345868602590032798e-02 1.965588982753137259e-02 -6.407700429516009766e-02 9.976605872169663769e-01
-1.259069630632058887e-02 1.839548151073497687e-02 -6.398087642322608515e-02 9.977021239220783544e-01
-1.122837850352029210e-02 1.879031235555793725e-02 -6.432362354094416090e-02 9.976889891806590693e-01
-1.148896654223076179e-02 1.639197833497264140e-02 -6.399960979481855716e-02 9.977491451462978667e-01
-1.111418808188687976e-02 1.607061394657609277e-02 -6.412986449518481846e-02 9.977502546581934473e-01
-1.123380734029808849e-02 1.569383323675780165e-02 -6.410351927133618732e-02 9.977566055847525428e-01
-1.123380734029808849e-02 1.569383323675780165e-02 -6.410351927133618732e-02 9.977566055847525428e-01
-1.135680497659759779e-02 1.472966320973360596e-02 -6.416179386834221232e-02 9.977661671003119626e-01
-1.116118356191093779e-02 1.434422006848428549e-02 -6.414838132882490218e-02 9.977748526120588934e-01
-1.116118356191093779e-02 1.434422006848428549e-02 -6.414838132882490218e-02 9.977748526120588934e-01
-1.154900629524701315e-02 1.425713443809255299e-02 -6.442599717488825539e-02 9.977538000224442927e-01
-1.191553096188482409e-02 1.426149305971503335e-02 -6.461522806900986404e-02 9.977371909672376749e-01
-1.176595221896366283e-02 1.410251149989727448e-02 -6.440486494678127061e-02 9.977548270537022201e-01
-1.176595221896366283e-02 1.410251149989727448e-02 -6.440486494678127061e-02 9.977548270537022201e-01
-1.153592981676676565e-02 1.429406813404379868e-02 -6.478184778563209067e-02 9.977303814843573315e-01
-1.153592981676676565e-02 1.429406813404379868e-02 -6.478184778563209067e-02 9.977303814843573315e-01
-1.088381522171649220e-02 1.402277225806652754e-02 -6.526237095394119003e-02 9.977102421855196246e-01
-1.074801928128190850e-02 1.398621232969199206e-02 -6.516575002183047638e-02 9.977185429620371027e-01
-1.071774756987575218e-02 1.373772541209241672e-02 -6.518819654209152825e-02 9.977208546578146819e-01
-1.211743515801208537e-02 1.342036784843011858e-02 -6.546812402561633104e-02 9.976908269742539304e-01
-1.089281405288105783e-02 1.319098705697050768e-02 -6.548077149767392302e-02 9.977071779969018950e-01
-1.118000392886811870e-02 1.282881088145762863e-02 -6.560635669794380453e-02 9.977004736314103450e-01
-1.074827975087394062e-02 1.339982345522298252e-02 -6.608298078882979265e-02 9.976662562519738042e-01
-1.145806149650856025e-02 1.226702892988617080e-02 -6.582712982580234129e-02 9.976898424895748185e-01
-1.140580251187357959e-02 1.197101093903534322e-02 -6.615219399300506509e-02 9.976725363545242420e-01
-1.140580251187357959e-02 1.197101093903534322e-02 -6.615219399300506509e-02 9.976725363545242420e-01
-1.221276709347548887e-02 1.072807404110603935e-02 -6.587992978545349765e-02 9.976951396086646273e-01
-1.123015298618991985e-02 1.064884760122280540e-02 -6.639654034993644482e-02 9.976732857695609358e-01
-1.346325645849182767e-02 8.771893369204699156e-03 -6.628624694308467291e-02 9.976712525067827908e-01
-1.119721208224403082e-02 9.252267344478957295e-03 -6.577527676503648613e-02 9.977287361588090819e-01
-1.076171418742564653e-02 8.680968179599356932e-03 -6.603700656917592393e-02 9.977213739629895439e-01
-1.076171418742564653e-02 8.680968179599356932e-03 -6.603700656917592393e-02 9.977213739629895439e-01
-1.269940497806715425e-02 7.307493138229936153e-03 -6.606646550770325921e-02 9.977076464538884304e-01
-1.309850579202232780e-02 6.731991654268336227e-03 -6.600648318725836627e-02 9.977105059142323817e-01
-1.312609930256949074e-02 6.613934631359184683e-03 -6.614144965071827587e-02 9.977019945975315052e-01
-1.347218662715168880e-02 6.233259128506439539e-03 -6.579634702984614447e-02 9.977226505325256234e-01
-1.371153283972717865e-02 5.441036554303819647e-03 -6.564282307287155893e-02 9.977341373168623351e-01
-1.431908207471990768e-02 4.922087684083881892e-03 -6.538870444464132958e-02 9.977449845889575508e-01
-1.431908207471990768e-02 4.922087684083881892e-03 -6.538870444464132958e-02 9.977449845889575508e-01
-1.397582374798793034e-02 4.475822372339213241e-03 -6.507812956732506038e-02 9.977722587928945508e-01
-1.397582374798793034e-02 4.475822372339213241e-03 -6.507812956732506038e-02 9.977722587928945508e-01
-1.491155747769142004e-02 3.437688878229375449e-03 -6.472448684896250914e-02 9.977858330077173932e-01
-1.491155747769142004e-02 3.437688878229375449e-03 -6.472448684896250914e-02 9.977858330077173932e-01
-1.462024178384324115e-02 3.272631798392635228e-03 -6.454630013222252549e-02 9.978022417045049330e-01
-1.462024178384324115e-02 3.272631798392635228e-03 -6.454630013222252549e-02 9.978022417045049330e-01
-1.553726785870630615e-02 2.283165373195529795e-03 -6.442038661721488646e-02 9.977992755316342777e-01
-1.602844529323375206e-02 8.461880572455341559e-04 -6.409641145930039530e-02 9.978146235375054962e-01
-1.600150616925371388e-02 1.326667284439097183e-04 -6.416686695330606205e-02 9.978108775641060246e-01
-1.493238200084813679e-02 -7.018065510139008707e-04 -6.408215297147146217e-02 9.978326558626384735e-01
-1.443446945263822216e-02 -1.724729296003555583e-03 -6.429626773741198287e-02 9.978249652897623889e-01
-1.257327565265163247e-02 -1.919767635515062841e-03 -6.425795669533009014e-02 9.978522647330761997e-01
-9.712592394366075313e-03 -3.113445551401534950e-03 -6.432625882178753807e-02 9.978767982229929112e-01
-8.557504493872783446e-03 -3.284506186653321676e-03 -6.411386498906675169e-02 9.979004927607316722e-01
-8.061182414876416277e-03 -3.428535541113198002e-03 -6.433015930183401399e-02 9.978902209593589756e-01
-8.061182414876416277e-03 -3.428535541113198002e-03 -6.433015930183401399e-02 9.978902209593589756e-01
-7.513377614439628420e-03 -2.076700580379330866e-03 -6.477756614181624795e-02 9.978692817179337649e-01
-7.513377614439628420e-03 -2.076700580379330866e-03 -6.477756614181624795e-02 9.978692817179337649e-01
-8.731463723696724147e-03 -1.551925638151337118e-03 -6.537112374170971074e-02 9.978216119371244863e-01
-8.257231514957547383e-03 -3.860734678260089041e-04 -6.565087498573203562e-02 9.978084143204013490e-01
-8.069760896493548274e-03 -7.038857535939577583e-04 -6.564089428659602987e-02 9.978104311447015817e-01
-8.392101823646610018e-03 -8.951764026016943354e-06 -6.599915551181308182e-02 9.977843875400010942e-01
-8.392101823646610018e-03 -8.951764026016943354e-06 -6.599915551181308182e-02 9.977843875400010942e-01
-9.009764148140799941e-03 2.151210785660734900e-04 -6.598156963319823376e-02 9.977801412844694573e-01
-1.032286408792686128e-02 9.624302118894493586e-04 -6.672780999532594570e-02 9.977173505449011826e-01
-1.055478790674243932e-02 1.887710087670176366e-03 -6.687856089875905685e-02 9.977035086111402107e-01
-1.037058865060902328e-02 3.348495594546572075e-03 -6.767202645651936022e-02 9.976481019395372352e-01
-1.037058865060902328e-02 3.348495594546572075e-03 -6.767202645651936022e-02 9.976481019395372352e-01
-1.037058865060902328e-02 3.348495594546572075e-03 -6.767202645651936022e-02 9.976481019395372352e-01
-1.037058865060902328e-02 3.348495594546572075e-03 -6.767202645651936022e-02 9.976481019395372352e-01
-1.037058865060902328e-02 3.348495594546572075e-03 -6.767202645651936022e-02 9.976481019395372352e-01
-1.037058865060902328e-02 3.348495594546572075e-03 -6.767202645651936022e-02 9.976481019395372352e-01
-1.037058865060902328e-02 3.348495594546572075e-03 -6.767202645651936022e-02 9.976481019395372352e-01
-1.037058865060902328e-02 3.348495594546572075e-03 -6.767202645651936022e-02 9.976481019395372352e-01
-1.037058865060902328e-02 3.348495594546572075e-03 -6.767202645651936022e-02 9.976481019395372352e-01
-1.037058865060902328e-02 3.348495594546572075e-03 -6.767202645651936022e-02 9.976481019395372352e-01
-1.037058865060902328e-02 3.348495594546572075e-03 -6.767202645651936022e-02 9.976481019395372352e-01
-1.037058865060902328e-02 3.348495594546572075e-03 -6.767202645651936022e-02 9.976481019395372352e-01
-1.037058865060902328e-02 3.348495594546572075e-03 -6.767202645651936022e-02 9.976481019395372352e-01
-1.037058865060902328e-02 3.348495594546572075e-03 -6.767202645651936022e-02 9.976481019395372352e-01
-1.037058865060902328e-02 3.348495594546572075e-03 -6.767202645651936022e-02 9.976481019395372352e-01
-1.037058865060902328e-02 3.348495594546572075e-03 -6.767202645651936022e-02 9.976481019395372352e-01
-1.037058865060902328e-02 3.348495594546572075e-03 -6.767202645651936022e-02 9.976481019395372352e-01
-1.037058865060902328e-02 3.348495594546572075e-03 -6.767202645651936022e-02 9.976481019395372352e-01
-1.037058865060902328e-02 3.348495594546572075e-03 -6.767202645651936022e-02 9.976481019395372352e-01
-1.037058865060902328e-02 3.348495594546572075e-03 -6.767202645651936022e-02 9.976481019395372352e-01
-1.037058865060902328e-02 3.348495594546572075e-03 -6.767202645651936022e-02 9.976481019395372352e-01
-1.037058865060902328e-02 3.348495594546572075e-03 -6.767202645651936022e-02 9.976481019395372352e-01
-1.037058865060902328e-02 3.348495594546572075e-03 -6.767202645651936022e-02 9.976481019395372352e-01
-1.037058865060902328e-02 3.348495594546572075e-03 -6.767202645651936022e-02 9.976481019395372352e-01
-1.037058865060902328e-02 3.348495594546572075e-03 -6.767202645651936022e-02 9.976481019395372352e-01
-1.037058865060902328e-02 3.348495594546572075e-03 -6.767202645651936022e-02 9.976481019395372352e-01
-1.037058865060902328e-02 3.348495594546572075e-03 -6.767202645651936022e-02 9.976481019395372352e-01
-1.037058865060902328e-02 3.348495594546572075e-03 -6.767202645651936022e-02 9.976481019395372352e-01
-1.037058865060902328e-02 3.348495594546572075e-03 -6.767202645651936022e-02 9.976481019395372352e-01
-1.037058865060902328e-02 3.348495594546572075e-03 -6.767202645651936022e-02 9.976481019395372352e-01
-1.037058865060902328e-02 3.348495594546572075e-03 -6.767202645651936022e-02 9.976481019395372352e-01
-1.037058865060902328e-02 3.348495594546572075e-03 -6.767202645651936022e-02 9.976481019395372352e-01
-1.037058865060902328e-02 3.348495594546572075e-03 -6.767202645651936022e-02 9.976481019395372352e-01
-1.037058865060902328e-02 3.348495594546572075e-03 -6.767202645651936022e-02 9.976481019395372352e-01
-1.037058865060902328e-02 3.348495594546572075e-03 -6.767202645651936022e-02 9.976481019395372352e-01
-1.037058865060902328e-02 3.348495594546572075e-03 -6.767202645651936022e-02 9.976481019395372352e-01
-1.037058865060902328e-02 3.348495594546572075e-03 -6.767202645651936022e-02 9.976481019395372352e-01
-1.037058865060902328e-02 3.348495594546572075e-03 -6.767202645651936022e-02 9.976481019395372352e-01
-1.037058865060902328e-02 3.348495594546572075e-03 -6.767202645651936022e-02 9.976481019395372352e-01
-1.037058865060902328e-02 3.348495594546572075e-03 -6.767202645651936022e-02 9.976481019395372352e-01
-1.037058865060902328e-02 3.348495594546572075e-03 -6.767202645651936022e-02 9.976481019395372352e-01
-1.037058865060902328e-02 3.348495594546572075e-03 -6.767202645651936022e-02 9.976481019395372352e-01
-1.037058865060902328e-02 3.348495594546572075e-03 -6.767202645651936022e-02 9.976481019395372352e-01
-1.037058865060902328e-02 3.348495594546572075e-03 -6.767202645651936022e-02 9.976481019395372352e-01
-1.037058865060902328e-02 3.348495594546572075e-03 -6.767202645651936022e-02 9.976481019395372352e-01
-1.037058865060902328e-02 3.348495594546572075e-03 -6.767202645651936022e-02 9.976481019395372352e-01
-1.037058865060902328e-02 3.348495594546572075e-03 -6.767202645651936022e-02 9.976481019395372352e-01
-1.037058865060902328e-02 3.348495594546572075e-03 -6.767202645651936022e-02 9.976481019395372352e-01
-1.037058865060902328e-02 3.348495594546572075e-03 -6.767202645651936022e-02 9.976481019395372352e-01
-1.037058865060902328e-02 3.348495594546572075e-03 -6.767202645651936022e-02 9.976481019395372352e-01
-1.037058865060902328e-02 3.348495594546572075e-03 -6.767202645651936022e-02 9.976481019395372352e-01
-1.037058865060902328e-02 3.348495594546572075e-03 -6.767202645651936022e-02 9.976481019395372352e-01
-1.037058865060902328e-02 3.348495594546572075e-03 -6.767202645651936022e-02 9.976481019395372352e-01
-1.037058865060902328e-02 3.348495594546572075e-03 -6.767202645651936022e-02 9.976481019395372352e-01
-1.037058865060902328e-02 3.348495594546572075e-03 -6.767202645651936022e-02 9.976481019395372352e-01
-1.037058865060902328e-02 3.348495594546572075e-03 -6.767202645651936022e-02 9.976481019395372352e-01
-1.037058865060902328e-02 3.348495594546572075e-03 -6.767202645651936022e-02 9.976481019395372352e-01
-1.037058865060902328e-02 3.348495594546572075e-03 -6.767202645651936022e-02 9.976481019395372352e-01
-1.037058865060902328e-02 3.348495594546572075e-03 -6.767202645651936022e-02 9.976481019395372352e-01
-1.037058865060902328e-02 3.348495594546572075e-03 -6.767202645651936022e-02 9.976481019395372352e-01
-1.037058865060902328e-02 3.348495594546572075e-03 -6.767202645651936022e-02 9.976481019395372352e-01
-1.037058865060902328e-02 3.348495594546572075e-03 -6.767202645651936022e-02 9.976481019395372352e-01
-1.037058865060902328e-02 3.348495594546572075e-03 -6.767202645651936022e-02 9.976481019395372352e-01
-1.037058865060902328e-02 3.348495594546572075e-03 -6.767202645651936022e-02 9.976481019395372352e-01
-1.037058865060902328e-02 3.348495594546572075e-03 -6.767202645651936022e-02 9.976481019395372352e-01
-1.037058865060902328e-02 3.348495594546572075e-03 -6.767202645651936022e-02 9.976481019395372352e-01
-1.037058865060902328e-02 3.348495594546572075e-03 -6.767202645651936022e-02 9.976481019395372352e-01
-1.037058865060902328e-02 3.348495594546572075e-03 -6.767202645651936022e-02 9.976481019395372352e-01
-1.037058865060902328e-02 3.348495594546572075e-03 -6.767202645651936022e-02 9.976481019395372352e-01
-1.037058865060902328e-02 3.348495594546572075e-03 -6.767202645651936022e-02 9.976481019395372352e-01
-1.037058865060902328e-02 3.348495594546572075e-03 -6.767202645651936022e-02 9.976481019395372352e-01
-1.233803229095125666e-02 2.705605987839883059e-03 -6.737368655855885402e-02 9.976478532102072139e-01
-3.736451904850836281e-02 -6.089525413920637278e-04 -8.330387001684283477e-02 9.958232710342197480e-01
-3.802226570843974390e-02 -2.775606281137199365e-04 -8.349856680810349707e-02 9.957822149503812170e-01
-3.943734732388273073e-02 -2.280267205814735473e-04 -8.373274508572375874e-02 9.957075228400553701e-01
-4.336692076240546839e-02 -2.427496673478255276e-03 -8.385281453933010609e-02 9.955310758270282667e-01
-4.589749327589272287e-02 -1.010868782148947225e-03 -8.488316925287482662e-02 9.953327312174972130e-01
-4.589749327589272287e-02 -1.010868782148947225e-03 -8.488316925287482662e-02 9.953327312174972130e-01
-4.681059434936479108e-02 -5.572899392043518607e-04 -8.548169662433034721e-02 9.952393366556653298e-01
-4.720866324718886453e-02 -4.079612020292951819e-04 -8.604629803525243315e-02 9.951719501053573058e-01
-4.746098252185505795e-02 -6.721643350121134794e-04 -8.611100017159149800e-02 9.951542086443764257e-01
-4.596296466813126064e-02 -2.238015801076888300e-03 -8.576519538943018495e-02 9.952520929010916229e-01
-4.556894269895690047e-02 -2.035240047612686155e-03 -8.587937165042013044e-02 9.952608013903576634e-01
-4.476849295560798858e-02 -3.042846645367736774e-03 -8.615547038051019069e-02 9.952706958643410262e-01
-4.554178589476712974e-02 -3.264935832518663442e-03 -8.637343419668544464e-02 9.952160146403371543e-01
-4.554178589476712974e-02 -3.264935832518663442e-03 -8.637343419668544464e-02 9.952160146403371543e-01
-4.538246023051498157e-02 -3.811320278061758500e-03 -8.615502342569100747e-02 9.952402815801230096e-01
-4.538246023051498157e-02 -3.811320278061758500e-03 -8.615502342569100747e-02 9.952402815801230096e-01
-4.253254035149050399e-02 -6.681424619768311368e-03 -8.600436843791718633e-02 9.953640490724458001e-01
-4.172475522629732342e-02 -8.480821259863701236e-03 -8.585591525452150596e-02 9.953973489455717472e-01
-4.030478688590981989e-02 -1.107405307266246842e-02 -8.543152224973793452e-02 9.954668977463377866e-01
-4.030478688590981989e-02 -1.107405307266246842e-02 -8.543152224973793452e-02 9.954668977463377866e-01
-3.826017447880243616e-02 -1.138612773445111387e-02 -8.567964040241692059e-02 9.955227342278925029e-01
-3.681646153040594310e-02 -1.380001003571352906e-02 -8.553393547204828085e-02 9.955591663814149506e-01
-3.530427179478919097e-02 -1.585465960520516387e-02 -8.522674644791579379e-02 9.956096824819179458e-01
-3.422203061885358000e-02 -1.647052656960775949e-02 -8.471671091230940920e-02 9.956809997519499023e-01
-3.422203061885358000e-02 -1.647052656960775949e-02 -8.471671091230940920e-02 9.956809997519499023e-01
-3.671028425820923452e-02 -1.805957027602202863e-02 -8.505517985454973118e-02 9.955359477844268890e-01
-3.671028425820923452e-02 -1.805957027602202863e-02 -8.505517985454973118e-02 9.955359477844268890e-01
-4.882006610168557192e-02 -2.284277355356245306e-02 -8.413576544022190185e-02 9.949954682389240412e-01
-5.283409850762600668e-02 -2.391598678143048995e-02 -8.402336243743817323e-02 9.947746770881654710e-01
-5.330906167198967704e-02 -2.337610982741905249e-02 -8.427295567120167419e-02 9.947410569466951236e-01
-5.414539175284990846e-02 -2.340853392866006771e-02 -8.431024099808852312e-02 9.946919625462374848e-01
-5.800005683176034238e-02 -2.374852473406841025e-02 -8.445096353282327550e-02 9.944546423738217511e-01
-5.800005683176034238e-02 -2.374852473406841025e-02 -8.445096353282327550e-02 9.944546423738217511e-01
-6.025215499343083286e-02 -2.342942670278881645e-02 -8.479591718173745685e-02 9.942989450926387196e-01
