1.383571486914866755e+00 3.536058493910674838e-01 3.486636110653537068e-01
1.383553596235759464e+00 3.535576434818364366e-01 3.489602276484845556e-01
1.383545521495730846e+00 3.534760629334570692e-01 3.488956081631261474e-01
1.383475759785684600e+00 3.534917312492850683e-01 3.487475868539594570e-01
1.383409142507084022e+00 3.536995181568787783e-01 3.489559033006218725e-01
1.383327802499380921e+00 3.538644466173431202e-01 3.489399264339584361e-01
1.383259040888609848e+00 3.538509867790609054e-01 3.488433697830493063e-01
1.382957484956292005e+00 3.538758980851179903e-01 3.492158453390269424e-01
1.382311291834325884e+00 3.540985993172091617e-01 3.499946474761428394e-01
1.382311291834325884e+00 3.540985993172091617e-01 3.499946474761428394e-01
1.381926134031734366e+00 3.541201737705696462e-01 3.504295028011578106e-01
1.380402910438346842e+00 3.543508020442936446e-01 3.519892450218616853e-01
1.380033089815767333e+00 3.543195619355408166e-01 3.522555399286634303e-01
1.379621694969614509e+00 3.543409483664232140e-01 3.524040395035353823e-01
1.378530197531585344e+00 3.544881327863255716e-01 3.526289316508218752e-01
1.377388513596361719e+00 3.543757214687898727e-01 3.530942910265473245e-01
1.376020145798581673e+00 3.536016115111952351e-01 3.538444906540839652e-01
1.375240085985724114e+00 3.531654711176070993e-01 3.540816284750054610e-01
1.374422385900977650e+00 3.533114301393946444e-01 3.540726336913694317e-01
1.373702862616253739e+00 3.531649518128969767e-01 3.542901002632613539e-01
1.372807036654378754e+00 3.535464639459040548e-01 3.544701461314740953e-01
1.373131070259728803e+00 3.529239078909803262e-01 3.561847735357209777e-01
1.373069344868786068e+00 3.521042548447663734e-01 3.570977796307254204e-01
1.373069344868786068e+00 3.521042548447663734e-01 3.570977796307254204e-01
1.371677666964078890e+00 3.518187093448922886e-01 3.573915702371074365e-01
1.369335888208970120e+00 3.515844543787897680e-01 3.576134739140900409e-01
1.366539740417751503e+00 3.518935143512493258e-01 3.580839707883894940e-01
1.363706141893712198e+00 3.518492299270854495e-01 3.583562810970201129e-01
1.360626412553212150e+00 3.513131043516140029e-01 3.582777044099662023e-01
1.359194290722981480e+00 3.512325549390198920e-01 3.582811167201325198e-01
1.359194290722981480e+00 3.512325549390198920e-01 3.582811167201325198e-01
1.354724665961084540e+00 3.519958154882139589e-01 3.588948410384650289e-01
1.348789432352987427e+00 3.534870619493394872e-01 3.599639463042267895e-01
1.346644772967451553e+00 3.535978601820559675e-01 3.600186001522965862e-01
1.343418224813807349e+00 3.537144444008564759e-01 3.600191665231379234e-01
1.340904817747037292e+00 3.533166021447973204e-01 3.595624505282494221e-01
1.339983230344626852e+00 3.528130459117913564e-01 3.592086929444291421e-01
1.337413006001401783e+00 3.525576891480450281e-01 3.588573450986062285e-01
1.335809176177010116e+00 3.529034716934133509e-01 3.589967157646788420e-01
1.332656062756735649e+00 3.533405805948355294e-01 3.592747351120385568e-01
1.332656062756735649e+00 3.533405805948355294e-01 3.592747351120385568e-01
1.328744439459388360e+00 3.537417125156616104e-01 3.597386973550279476e-01
1.326613427862612715e+00 3.539252941491919935e-01 3.599957612656673467e-01
1.322937582400306455e+00 3.542850917787603859e-01 3.604049580875384740e-01
1.321368469378256805e+00 3.544428944666249137e-01 3.605275375094614265e-01
1.317979788857869039e+00 3.548507999893263931e-01 3.597506097912400724e-01
1.311204910781627264e+00 3.555417209789375477e-01 3.583487766446534772e-01
1.309731427306627838e+00 3.556619431479264293e-01 3.583782050223792703e-01
1.306507382946658469e+00 3.561672051372535841e-01 3.585922266775657397e-01
1.304706979226731844e+00 3.564237908355358253e-01 3.589455446563778462e-01
1.302284814743141617e+00 3.568493103019627077e-01 3.593499355982465726e-01
1.297376185004958993e+00 3.584138556903091466e-01 3.605027362674090297e-01
1.293596646611515411e+00 3.599660184795716589e-01 3.615587132039453921e-01
1.290228182249692823e+00 3.602195293605055526e-01 3.615012784862389195e-01
1.286247422036208343e+00 3.608678328998931040e-01 3.619565694405243450e-01
1.284311614099979293e+00 3.610844926642132191e-01 3.619797913359610320e-01
1.282321850159916954e+00 3.613509480196466228e-01 3.620593101047868689e-01
1.280487970759213612e+00 3.616689393085710247e-01 3.622131912332436920e-01
1.278486741824571782e+00 3.621853770323160693e-01 3.625266189264312322e-01
1.273026948817935988e+00 3.635069817577229467e-01 3.631907385944347366e-01
1.270323628758182721e+00 3.641942692640499080e-01 3.635348555340586207e-01
1.266217762226693466e+00 3.650770705022797213e-01 3.639536827988841816e-01
1.262082164373220294e+00 3.658974135392325522e-01 3.641720231438524413e-01
1.259940475347201216e+00 3.664620179506499764e-01 3.642754345228144119e-01
1.255723309241950192e+00 3.676157610778951201e-01 3.644187481718581534e-01
1.255723309241950192e+00 3.676157610778951201e-01 3.644187481718581534e-01
1.253710585714795434e+00 3.681157201881533614e-01 3.644836944274107982e-01
1.248384537792207150e+00 3.692306597646963784e-01 3.646141414293876393e-01
1.245046052875473874e+00 3.699053359269978691e-01 3.646867791546405391e-01
1.239554740260498056e+00 3.711297276573483628e-01 3.651929891420366836e-01
1.239554740260498056e+00 3.711297276573483628e-01 3.651929891420366836e-01
1.237527213263565962e+00 3.716112035756558019e-01 3.654212278164293837e-01
1.234298759397754575e+00 3.720168518600515117e-01 3.653853369473996082e-01
1.231028131834017714e+00 3.724601785619736094e-01 3.652996637244446676e-01
1.227203798970888826e+00 3.729533656882797477e-01 3.651836327643983582e-01
1.227203798970888826e+00 3.729533656882797477e-01 3.651836327643983582e-01
1.220992322580510381e+00 3.735176951173818094e-01 3.648237230859036062e-01
1.214773424092145726e+00 3.737638939523968973e-01 3.642990449776998263e-01
1.212938203803325399e+00 3.738373108217690199e-01 3.641558328765205355e-01
1.211966567205417178e+00 3.737980091795780613e-01 3.645934359321262308e-01
1.210824970667045086e+00 3.739413860877463525e-01 3.647231772868839705e-01
1.208429506253957619e+00 3.741271094647299900e-01 3.646893511874257365e-01
1.202384760889897208e+00 3.746572918801063246e-01 3.638315453814094935e-01
1.200627373752533478e+00 3.748004752624543023e-01 3.636802992499216236e-01
1.192645289388192475e+00 3.744400800078676039e-01 3.618857591073421087e-01
1.192645289388192475e+00 3.744400800078676039e-01 3.618857591073421087e-01
1.190801517180353208e+00 3.744076489165912291e-01 3.614488104642887834e-01
1.185555490591016392e+00 3.746166200622830789e-01 3.608412324858197850e-01
1.182868597882899220e+00 3.748310586891456242e-01 3.606010934526739931e-01
1.180856363779600571e+00 3.749322413141638055e-01 3.602440664209372034e-01
1.176828257408074618e+00 3.751880571541288401e-01 3.596532353321265640e-01
1.174831459424397151e+00 3.752860788098628109e-01 3.594011194174427937e-01
1.172787512334481974e+00 3.754085510807911863e-01 3.591334699594098678e-01
1.168045095249546028e+00 3.756521337101665359e-01 3.586119106862414307e-01
1.162874792264271262e+00 3.755728019253178895e-01 3.577567303813392607e-01
1.158962363417272545e+00 3.756967109055969201e-01 3.572809842755281240e-01
1.156975516822752015e+00 3.759139766699990393e-01 3.571302840641332743e-01
1.153101070476434842e+00 3.762100552361182793e-01 3.566045050080340895e-01
1.151174998964711538e+00 3.763003916306260632e-01 3.563239126155737235e-01
1.151174998964711538e+00 3.763003916306260632e-01 3.563239126155737235e-01
1.145848522655674495e+00 3.764269203885566295e-01 3.553415914619492133e-01
1.142509322258083992e+00 3.764155691594091024e-01 3.546549685575822730e-01
1.142509322258083992e+00 3.764155691594091024e-01 3.546549685575822730e-01
1.133346752714447403e+00 3.764626727943791717e-01 3.525684185217147215e-01
1.129402075325045329e+00 3.764190789230015821e-01 3.517596908016502599e-01
1.127468158558199818e+00 3.764684170363645221e-01 3.513547075363018246e-01
1.125465579018191997e+00 3.764423791592302337e-01 3.509272585366153274e-01
1.121513127018399558e+00 3.764524104283502592e-01 3.499951641036092020e-01
1.117755995883282560e+00 3.762967669445882457e-01 3.488440992789788586e-01
1.117755995883282560e+00 3.762967669445882457e-01 3.488440992789788586e-01
1.113863930066561592e+00 3.761792190376485601e-01 3.479289707919624997e-01
1.109744254625534277e+00 3.760840803724584958e-01 3.472234058594495520e-01
1.108279604653471972e+00 3.763090859411792333e-01 3.478401833689150902e-01
1.105939408709622596e+00 3.765183078857179400e-01 3.479748242890093879e-01
1.103616363527226030e+00 3.767171845335401392e-01 3.481797062462944625e-01
1.096992307039940107e+00 3.764414599974592046e-01 3.476205674607379947e-01
1.091865715731642261e+00 3.760713053018794327e-01 3.472073284401483440e-01
1.091865715731642261e+00 3.760713053018794327e-01 3.472073284401483440e-01
1.088469674807580390e+00 3.757796772094320059e-01 3.470070834653333769e-01
1.088469674807580390e+00 3.757796772094320059e-01 3.470070834653333769e-01
1.085222729242432349e+00 3.755385416803827536e-01 3.468875239191092641e-01
1.080276225678005853e+00 3.756283816977702972e-01 3.468971083172153191e-01
1.071772783025871867e+00 3.757223031054063855e-01 3.468497098004800216e-01
1.067218977312688333e+00 3.759309457413933520e-01 3.470982408105255379e-01
1.065126210863183376e+00 3.759192741678998861e-01 3.470643908163372204e-01
1.065126210863183376e+00 3.759192741678998861e-01 3.470643908163372204e-01
1.060128170554455851e+00 3.759315832796969459e-01 3.469559443323660952e-01
1.057250038679431237e+00 3.759942891436203749e-01 3.469330425823612396e-01
1.054364737690637988e+00 3.760976309823558794e-01 3.470377044620449603e-01
1.049079247696166783e+00 3.764602035175981798e-01 3.471828665278485770e-01
1.046233270472221255e+00 3.766152341378757318e-01 3.470029130342888735e-01
1.040974182844419227e+00 3.771275793686137412e-01 3.469616327679130308e-01
1.038647813049818458e+00 3.773718661873129432e-01 3.468155134487810320e-01
1.036330649853072439e+00 3.776280261524325721e-01 3.466244425700141241e-01
1.036330649853072439e+00 3.776280261524325721e-01 3.466244425700141241e-01
1.026458340272504266e+00 3.797724958826664832e-01 3.470695036191846494e-01
1.023429074248909609e+00 3.800737167265533234e-01 3.466671433645887035e-01
1.023429074248909609e+00 3.800737167265533234e-01 3.466671433645887035e-01
1.019485391196076174e+00 3.804900503649151777e-01 3.460801290892034920e-01
1.011747904392138242e+00 3.812988626631882982e-01 3.450679639572770130e-01
1.009661998408436290e+00 3.815831232312947852e-01 3.448245509474446857e-01
1.007422295264794876e+00 3.819480460977610625e-01 3.444024789674174913e-01
1.004358709229833613e+00 3.823878497116353636e-01 3.438292573553328735e-01
9.980767314497885900e-01 3.833212557512842289e-01 3.427297715466628425e-01
9.935003470989441920e-01 3.840374333077761215e-01 3.419367042217936747e-01
9.912617356453150563e-01 3.844360764257278018e-01 3.415855250600404736e-01
9.867338132873880729e-01 3.854115486204235386e-01 3.408820594010130156e-01
9.818103166415318439e-01 3.864958774913229700e-01 3.395380658224930182e-01
9.793548298099166161e-01 3.869691994333833152e-01 3.388278434038802800e-01
9.747015813833654896e-01 3.880888265257915193e-01 3.381868620169666828e-01
9.747015813833654896e-01 3.880888265257915193e-01 3.381868620169666828e-01
9.666467428523916050e-01 3.901221215432695288e-01 3.369398789952892104e-01
9.637479294890930470e-01 3.907866376155980093e-01 3.361656004853460500e-01
9.616356130181129558e-01 3.912252257696984814e-01 3.354701493346669006e-01
9.594317410844551697e-01 3.916360406986459375e-01 3.347040363298662280e-01
9.533979369921730118e-01 3.927312201131943348e-01 3.322490682482720503e-01
9.494236266807983826e-01 3.932823473107049383e-01 3.303752833440661840e-01
9.471785491060762396e-01 3.934952584784875973e-01 3.293692783237790467e-01
9.429775127858043282e-01 3.939299834974395176e-01 3.273949353110628957e-01
9.429775127858043282e-01 3.939299834974395176e-01 3.273949353110628957e-01
9.385739510473940506e-01 3.943366846317400420e-01 3.255070019222893185e-01
9.385739510473940506e-01 3.943366846317400420e-01 3.255070019222893185e-01
9.298594175619697699e-01 3.952906380684531040e-01 3.227850537865916136e-01
9.266484805802863711e-01 3.957249482481921543e-01 3.220472901486862716e-01
9.216161243369468403e-01 3.963725460905294096e-01 3.211146033837688485e-01
9.163900436875064281e-01 3.970430935961280494e-01 3.203399224127315703e-01
9.137511679621224125e-01 3.973952342237583868e-01 3.199878362272239318e-01
9.083448307554863321e-01 3.980122034009604959e-01 3.192490113531095686e-01
9.056642229880192962e-01 3.983233194880019812e-01 3.189140960091429999e-01
9.003339717129139608e-01 3.990149303479634812e-01 3.183186897645213786e-01
8.976060131465714020e-01 3.993665694055870130e-01 3.180383944157281206e-01
8.895273850921611158e-01 4.004689564205670682e-01 3.171963320106788720e-01
8.869644739747264417e-01 4.008023095338628106e-01 3.169981588285337715e-01
8.869644739747264417e-01 4.008023095338628106e-01 3.169981588285337715e-01
8.811359847285289426e-01 4.015844153955912543e-01 3.165185521022990667e-01
8.776936265837470552e-01 4.019440681229445311e-01 3.161349566207851680e-01
8.719280259584731851e-01 4.026058072526035869e-01 3.156175178719636820e-01
8.719280259584731851e-01 4.026058072526035869e-01 3.156175178719636820e-01
8.662693129308687290e-01 4.032392094260767723e-01 3.152308726896101421e-01
8.662693129308687290e-01 4.032392094260767723e-01 3.152308726896101421e-01
8.592766253395823783e-01 4.037993956960022612e-01 3.149133490435570559e-01
8.562431349392308766e-01 4.039811128402490681e-01 3.148182211292394062e-01
8.494737139468472309e-01 4.043901734511796131e-01 3.147511965838346581e-01
8.465037465030739172e-01 4.045763010060787757e-01 3.147530445382059616e-01
8.420020019411711409e-01 4.048851130619274818e-01 3.145655484917568856e-01
8.376636061277767942e-01 4.052263206870859169e-01 3.144871378114239002e-01
8.355542394190208499e-01 4.054191683983579542e-01 3.145061827060379178e-01
8.312901943737168731e-01 4.058537226650106855e-01 3.144004815314761503e-01
8.312901943737168731e-01 4.058537226650106855e-01 3.144004815314761503e-01
8.291584856375143753e-01 4.060783097643185235e-01 3.143711667352681038e-01
8.214010359012392515e-01 4.069467234005563760e-01 3.139164506550654599e-01
8.184989935355891921e-01 4.073193923680588635e-01 3.137091733300042540e-01
8.141107885174553305e-01 4.079058386764524702e-01 3.134789636557543391e-01
8.119328601447106664e-01 4.082563137823373989e-01 3.133823445224254156e-01
8.119328601447106664e-01 4.082563137823373989e-01 3.133823445224254156e-01
8.037276318641942696e-01 4.094401090014042066e-01 3.127245228199889704e-01
8.008332107643267861e-01 4.098305192429441135e-01 3.124322075108455499e-01
7.985697907921375238e-01 4.101118682996073850e-01 3.122738895723827790e-01
7.985697907921375238e-01 4.101118682996073850e-01 3.122738895723827790e-01
7.985697907921375238e-01 4.101118682996073850e-01 3.122738895723827790e-01
7.856851054997426864e-01 4.125264417884295653e-01 3.119144011130124960e-01
7.827133355475771603e-01 4.132862577075595567e-01 3.119986821551212763e-01
7.758356129544975444e-01 4.153345311478924273e-01 3.128859423559068320e-01
7.735631456227737290e-01 4.159882959766753596e-01 3.132613790376195251e-01
7.692031499948069895e-01 4.172993599577768387e-01 3.141662934865251389e-01
7.670834014175890170e-01 4.178847762852254122e-01 3.146106653101471418e-01
7.650229845691512987e-01 4.184697907755480784e-01 3.150561192881190520e-01
7.609199662145602616e-01 4.196070981829997382e-01 3.159502766032541432e-01
7.588658115907932489e-01 4.201211937956896847e-01 3.164692655611373029e-01
7.548532898595518015e-01 4.210351408707697640e-01 3.175698247167527688e-01
7.548532898595518015e-01 4.210351408707697640e-01 3.175698247167527688e-01
7.490497672779370397e-01 4.226199775642845435e-01 3.192617409363165404e-01
7.452422618642783325e-01 4.236575218610857951e-01 3.201994966524981390e-01
7.432895427292770529e-01 4.242048453757070181e-01 3.206848916928061177e-01
7.413245540077223472e-01 4.247586424104266012e-01 3.211612113525464940e-01
7.394349081527135104e-01 4.252668851507088732e-01 3.216974612820506785e-01
7.323251493571228954e-01 4.273372055857619922e-01 3.235854989188050590e-01
7.323251493571228954e-01 4.273372055857619922e-01 3.235854989188050590e-01
7.297404712874300259e-01 4.280963037108446723e-01 3.243540726041079791e-01
7.272210901676033901e-01 4.287675682732461913e-01 3.251389437095213442e-01
7.207990429036229552e-01 4.305093492548610068e-01 3.270479827309212828e-01
7.160044513336285554e-01 4.318006767129633494e-01 3.283084616246612075e-01
7.139792942293071709e-01 4.323034829777583909e-01 3.287959315852012621e-01
7.139792942293071709e-01 4.323034829777583909e-01 3.287959315852012621e-01
7.092201150137457111e-01 4.335823232249158554e-01 3.300023707535801876e-01
7.034275527503212055e-01 4.349829619119601198e-01 3.312969499301102738e-01
6.991206975226974540e-01 4.361103532849958664e-01 3.322175009497060350e-01
6.970951029933400989e-01 4.365529684297614899e-01 3.326745816987957127e-01
6.970951029933400989e-01 4.365529684297614899e-01 3.326745816987957127e-01
6.950716950112297843e-01 4.370367554888703876e-01 3.330805530441270923e-01
6.930598228717833598e-01 4.375109924079988999e-01 3.333798006687809234e-01
6.901913062009485955e-01 4.383226558472230749e-01 3.336308218072644438e-01
6.823925354126711973e-01 4.404321957226315365e-01 3.344063099846557030e-01
6.760447567703763427e-01 4.420924613024976857e-01 3.351865880488694716e-01
6.738114476994354618e-01 4.427689583886122437e-01 3.352811309706541509e-01
6.716363727936275341e-01 4.434213071685079721e-01 3.353220957252746048e-01
6.659083936335995491e-01 4.451593459172665246e-01 3.354550314690575297e-01
6.631525550149399706e-01 4.460352613755063089e-01 3.355332507103788720e-01
6.612606978686974557e-01 4.466596716806399137e-01 3.356779640896784267e-01
6.594252171377933402e-01 4.473345266063300518e-01 3.357762272020123895e-01
6.558838246203809730e-01 4.487586243332951086e-01 3.360553296047004146e-01
6.516625961314034265e-01 4.504307543271146574e-01 3.365559927312204991e-01
6.516625961314034265e-01 4.504307543271146574e-01 3.365559927312204991e-01
6.462686196751211698e-01 4.520569903646076138e-01 3.372580423373167102e-01
6.444908116925817110e-01 4.524395544428376770e-01 3.374609486066616482e-01
6.427595331184764449e-01 4.527664421999291755e-01 3.376429996248357934e-01
6.409400211231549571e-01 4.531487750051968466e-01 3.378666312947805617e-01
6.392981788205772675e-01 4.535337365596259218e-01 3.381044297901417695e-01
6.376314163437339921e-01 4.539018731159373821e-01 3.383939801430234651e-01
6.348387753833212299e-01 4.544948890864146107e-01 3.388183730596481258e-01
6.320609673956675278e-01 4.551098775084307380e-01 3.392458827271563893e-01
6.286392855907582122e-01 4.559143201782245858e-01 3.397655017934338995e-01
6.236407492997205759e-01 4.573406064264966542e-01 3.404874215636415347e-01
6.213610354636053268e-01 4.580358444911027394e-01 3.407799029418846493e-01
6.170171606434640132e-01 4.591789513892179930e-01 3.413171617489906273e-01
6.151536226098165416e-01 4.596971627062426680e-01 3.415281668642652368e-01
6.115450338589862866e-01 4.607312038963937151e-01 3.418839941886361311e-01
6.077810083306790512e-01 4.616892630640265227e-01 3.422363242177469678e-01
6.058760474135974627e-01 4.621182283619507669e-01 3.424172005890667725e-01
6.058760474135974627e-01 4.621182283619507669e-01 3.424172005890667725e-01
6.039877341028725422e-01 4.626229457343946638e-01 3.425836092316753012e-01
5.989973593898404447e-01 4.638512604744698398e-01 3.429504538514686063e-01
5.928023477455057755e-01 4.652610298777837272e-01 3.433680564888074160e-01
5.890834096297651312e-01 4.660196598084853092e-01 3.436245445044597835e-01
5.871892514906175142e-01 4.663882537052628230e-01 3.437482668333311508e-01
5.834080611848915243e-01 4.670468763754501151e-01 3.439742667879941429e-01
5.814671403184064058e-01 4.673955084528825243e-01 3.441149442704471983e-01
5.775220064813521015e-01 4.680805919191255438e-01 3.443252751872282191e-01
5.775220064813521015e-01 4.680805919191255438e-01 3.443252751872282191e-01
5.775220064813521015e-01 4.680805919191255438e-01 3.443252751872282191e-01
5.717485891394736841e-01 4.691181968572364358e-01 3.446244760807720686e-01
5.677838180837960769e-01 4.698229475951335998e-01 3.447995558724402665e-01
5.618458290110042164e-01 4.708088549313871884e-01 3.450836517941573423e-01
5.599521901089694609e-01 4.711063305627715692e-01 3.451617464142401337e-01
5.559999548225634802e-01 4.717339037569236448e-01 3.454066879185712091e-01
5.559999548225634802e-01 4.717339037569236448e-01 3.454066879185712091e-01
5.516085007071129809e-01 4.724942059071306488e-01 3.456934226567036639e-01
5.464799268097263463e-01 4.733444358730352630e-01 3.460513259389508267e-01
5.444912412019433656e-01 4.736036039815072485e-01 3.462326261529863336e-01
5.406074922066754773e-01 4.739817820231446155e-01 3.467131585117408932e-01
5.386392149766351389e-01 4.741326618182751251e-01 3.470353145171392040e-01
5.351000131024535866e-01 4.745670649217751946e-01 3.475091580907802014e-01
5.318037287438923677e-01 4.749803900656406896e-01 3.479430415799072973e-01
5.283406227893413520e-01 4.752071257776153135e-01 3.485845666490722250e-01
5.265629015476041008e-01 4.753673716216466616e-01 3.489526135449131372e-01
5.230404109691174641e-01 4.756758247252673155e-01 3.497098877668719519e-01
5.195544259320173941e-01 4.759959423122965827e-01 3.504150646487560472e-01
5.178693533043222663e-01 4.761955109865884661e-01 3.508618381674223352e-01
5.140770114718178352e-01 4.768479037217965288e-01 3.515280544798661255e-01
5.123325788366953626e-01 4.771648161653028741e-01 3.518658292387402131e-01
5.105411252081127893e-01 4.774461942484172217e-01 3.522433711369080678e-01
5.050895123241579965e-01 4.780361714881016799e-01 3.534601371679901849e-01
5.030901217511459800e-01 4.781722457860937414e-01 3.541416794729509432e-01
4.991757489264671555e-01 4.785188181664086771e-01 3.551887506251120152e-01
4.973569478157187640e-01 4.787375218862314763e-01 3.554999863337915400e-01
4.954316083061455767e-01 4.790889615779675981e-01 3.556997018830702073e-01
4.934399607672593224e-01 4.794879251849749058e-01 3.559408363004936682e-01
4.895225897110080382e-01 4.800706294305043254e-01 3.566977562470210472e-01
4.895225897110080382e-01 4.800706294305043254e-01 3.566977562470210472e-01
4.845010906909763548e-01 4.806161747690551600e-01 3.579012168961088758e-01
4.779858981644194427e-01 4.816937661892540246e-01 3.586579358710872967e-01
4.737404984145969777e-01 4.822991555855406509e-01 3.590354141947541544e-01
4.737404984145969777e-01 4.822991555855406509e-01 3.590354141947541544e-01
4.676615379347226487e-01 4.831853237087204156e-01 3.597048689319795045e-01
4.640589151116618072e-01 4.837083613950492467e-01 3.599738427977120514e-01
4.622042204144712341e-01 4.838900170190833516e-01 3.600933604366121088e-01
4.622042204144712341e-01 4.838900170190833516e-01 3.600933604366121088e-01
4.580563335097486699e-01 4.843293476861119107e-01 3.605265371656343198e-01
4.540420196064080538e-01 4.848769250362957028e-01 3.607261278028282003e-01
4.502072338290866171e-01 4.853119085510216313e-01 3.609820971347771357e-01
4.463115821028618146e-01 4.856343270230014664e-01 3.612122357577166598e-01
4.463115821028618146e-01 4.856343270230014664e-01 3.612122357577166598e-01
4.423372604884741044e-01 4.858790829525609367e-01 3.613338455470584965e-01
4.404178164298069298e-01 4.860549472432458273e-01 3.614179228668660260e-01
4.351536924731729261e-01 4.867125090816755706e-01 3.616916911944080271e-01
4.305780784973804454e-01 4.872702467177252861e-01 3.618488388383119814e-01
4.285873054379885083e-01 4.875524764526806276e-01 3.619317205123552261e-01
4.266042085873831269e-01 4.878284732101939025e-01 3.620195328351335506e-01
4.238356316642353239e-01 4.881100605913188950e-01 3.621614247963599320e-01
4.211386151558429991e-01 4.883940535573030317e-01 3.622752851801024354e-01
4.211386151558429991e-01 4.883940535573030317e-01 3.622752851801024354e-01
4.164876081241037920e-01 4.889398521073592963e-01 3.623839452941702843e-01
4.145188750964290403e-01 4.891709173361460938e-01 3.624041868081588902e-01
4.066179598567574160e-01 4.898960912921910271e-01 3.623649882618326101e-01
4.007607298648770411e-01 4.903949236496034647e-01 3.622768895790210442e-01
3.988151854740243363e-01 4.906125451690952488e-01 3.623013727769891501e-01
3.968789942332082710e-01 4.907978086015208352e-01 3.623305299356661680e-01
3.968789942332082710e-01 4.907978086015208352e-01 3.623305299356661680e-01
3.919527677094897800e-01 4.912950634732180522e-01 3.623892506706393180e-01
3.888768318709687200e-01 4.915867085607745213e-01 3.624612081283150600e-01
3.840075545981651572e-01 4.921203030360341013e-01 3.626641208052400200e-01
3.822680154201632541e-01 4.923091461926545898e-01 3.627760785279979805e-01
3.788035099742485534e-01 4.927464056251985025e-01 3.630534275565541202e-01
3.754637644808689889e-01 4.932234809988972901e-01 3.633238734096758682e-01
3.738157566371844709e-01 4.934587322647756569e-01 3.634429505113776493e-01
3.706011532491890192e-01 4.939833357431850924e-01 3.637441359982243050e-01
3.689975718674401439e-01 4.942297707501139281e-01 3.638399502961934262e-01
3.658369339136517961e-01 4.946497375455169987e-01 3.642145058821246728e-01
3.658369339136517961e-01 4.946497375455169987e-01 3.642145058821246728e-01
3.625876577686272806e-01 4.951347177283032530e-01 3.645838281676105908e-01
3.583348491921694579e-01 4.958232663598979850e-01 3.648285346820593356e-01
3.561513511181657599e-01 4.960748129834283149e-01 3.650554074525941273e-01
3.528179175484256747e-01 4.963786666106255185e-01 3.653990056477368631e-01
3.511534046482379101e-01 4.965251619705473018e-01 3.656082809849307003e-01
3.477778838075740730e-01 4.968832497114798463e-01 3.660702578162536858e-01
3.461394724022672231e-01 4.970567590639274891e-01 3.663114678324191908e-01
3.427533821317057527e-01 4.974795538818013174e-01 3.667360184247264732e-01
3.393342358335929565e-01 4.979464044712521020e-01 3.670723432636341377e-01
3.393342358335929565e-01 4.979464044712521020e-01 3.670723432636341377e-01
3.376649435293030410e-01 4.981756964496626416e-01 3.672200633641659051e-01
3.320672344370401707e-01 4.990460641156617139e-01 3.677303652299328540e-01
3.292567581939242483e-01 4.995332875761938074e-01 3.679259089911860459e-01
3.275586880162472680e-01 4.998930932902711510e-01 3.678936889387923737e-01
3.235484659069129965e-01 5.006564373278979962e-01 3.679763227551654525e-01
3.212614960546282261e-01 5.010680234160317381e-01 3.680107823582082771e-01
3.171786590642894921e-01 5.018603704119520836e-01 3.678972062615571970e-01
3.136112997289969839e-01 5.026321952816117378e-01 3.677299032159815351e-01
3.118895704294770144e-01 5.030477416081812203e-01 3.676613723966766223e-01
3.118895704294770144e-01 5.030477416081812203e-01 3.676613723966766223e-01
3.065601707958977573e-01 5.042542955203946908e-01 3.671875761665970295e-01
3.029502686601981964e-01 5.050458602778064021e-01 3.667915653649531649e-01
3.010269184482193272e-01 5.054621481115977311e-01 3.666439527592855185e-01
2.991734039299208114e-01 5.058540923457627292e-01 3.664056663911464673e-01
2.954038658289876995e-01 5.066459424627116626e-01 3.658893676837461362e-01
2.897275188208461305e-01 5.079623901615671899e-01 3.650918386912497260e-01
2.877256547233036366e-01 5.083672662485397842e-01 3.647908737911952359e-01
2.857479889163808129e-01 5.088443875957843199e-01 3.645072252940209090e-01
2.817874739846558119e-01 5.098685727307163962e-01 3.639568600953383415e-01
2.797800499536430285e-01 5.104676597770122504e-01 3.637221774415057007e-01
2.777608436981163220e-01 5.111189930414186122e-01 3.634810360294592479e-01
2.750496302338216181e-01 5.120256421340904085e-01 3.632293702192069818e-01
2.696202970939727273e-01 5.138024580587492451e-01 3.627833011795852380e-01
2.676187197203377388e-01 5.144289366861162227e-01 3.626676585701874567e-01
2.635423854013542733e-01 5.156923955829838535e-01 3.626296637964866454e-01
2.594423170962191771e-01 5.168340616085459471e-01 3.626781238674832153e-01
2.554031316386817241e-01 5.178614470965597905e-01 3.628118872944513518e-01
2.513797503828753555e-01 5.187825908276153530e-01 3.631291338530610036e-01
2.493774975704511065e-01 5.192176139482357344e-01 3.633059035988149832e-01
2.493774975704511065e-01 5.192176139482357344e-01 3.633059035988149832e-01
2.432028759600463053e-01 5.206413056958297814e-01 3.638600394547691907e-01
2.390289305899290229e-01 5.216790534099619014e-01 3.642949780544891825e-01
2.369645506778641497e-01 5.222499011906432953e-01 3.645250686113731264e-01
2.347865928523767132e-01 5.228635577828533165e-01 3.646840636147353765e-01
2.305595499018878725e-01 5.240580399677491341e-01 3.649349532570173027e-01
2.242760124808547140e-01 5.258141769640453100e-01 3.654847432660635054e-01
2.242760124808547140e-01 5.258141769640453100e-01 3.654847432660635054e-01
2.200358509852494704e-01 5.269652854740548564e-01 3.656390181567631403e-01
2.178694550488461668e-01 5.275417052397517459e-01 3.657048474001260985e-01
2.134891484094101621e-01 5.287673920322286669e-01 3.658549852250100320e-01
2.113408734055858551e-01 5.293917842881662450e-01 3.658998950939288397e-01
2.046872563215731411e-01 5.311656628708041339e-01 3.657422197621587046e-01
2.002597080669542562e-01 5.323578274836525681e-01 3.656728077487426676e-01
1.979919770337957574e-01 5.329618004099733186e-01 3.655722312159784826e-01
1.934212260680544526e-01 5.341628060959336954e-01 3.653421047924272358e-01
1.911438180286398614e-01 5.347405018942609223e-01 3.652255969991070605e-01
1.864782478699365809e-01 5.358838212529931644e-01 3.649013960610685281e-01
1.841206346849177944e-01 5.365061365288915640e-01 3.647654967970823670e-01
1.793987407944508672e-01 5.377369772992962593e-01 3.645217199601259450e-01
1.770133848566292911e-01 5.383307426502341730e-01 3.643679095002884116e-01
1.745740860438622644e-01 5.389147492956237739e-01 3.641682353399501304e-01
1.696718790179036207e-01 5.400508982938369007e-01 3.637480307472107377e-01
1.672572666073897929e-01 5.406623483649166673e-01 3.635474580169498759e-01
1.615422498974877497e-01 5.421120357218360830e-01 3.630036517721736411e-01
1.549857415478474720e-01 5.437274959614858405e-01 3.623921995280497965e-01
1.502374811209808703e-01 5.450033464967342089e-01 3.619152254739547159e-01
1.478817025491718229e-01 5.457245374126170612e-01 3.617364793449479032e-01
1.433626212109118392e-01 5.472334106594337610e-01 3.615907882805825535e-01
1.412225553309635340e-01 5.480139235668546327e-01 3.615274884226914454e-01
1.370755131296431950e-01 5.495819280753968528e-01 3.613966979508780319e-01
1.350533659098225592e-01 5.503808912097302164e-01 3.613590627764099450e-01
1.311619598956487998e-01 5.518436787726607173e-01 3.612560254179179031e-01
1.311619598956487998e-01 5.518436787726607173e-01 3.612560254179179031e-01
1.311619598956487998e-01 5.518436787726607173e-01 3.612560254179179031e-01
1.311619598956487998e-01 5.518436787726607173e-01 3.612560254179179031e-01
1.311619598956487998e-01 5.518436787726607173e-01 3.612560254179179031e-01
1.311619598956487998e-01 5.518436787726607173e-01 3.612560254179179031e-01
1.311619598956487998e-01 5.518436787726607173e-01 3.612560254179179031e-01
1.311619598956487998e-01 5.518436787726607173e-01 3.612560254179179031e-01
1.311619598956487998e-01 5.518436787726607173e-01 3.612560254179179031e-01
1.311619598956487998e-01 5.518436787726607173e-01 3.612560254179179031e-01
1.311619598956487998e-01 5.518436787726607173e-01 3.612560254179179031e-01
1.311619598956487998e-01 5.518436787726607173e-01 3.612560254179179031e-01
1.311619598956487998e-01 5.518436787726607173e-01 3.612560254179179031e-01
1.311619598956487998e-01 5.518436787726607173e-01 3.612560254179179031e-01
1.311619598956487998e-01 5.518436787726607173e-01 3.612560254179179031e-01
1.311619598956487998e-01 5.518436787726607173e-01 3.612560254179179031e-01
1.311619598956487998e-01 5.518436787726607173e-01 3.612560254179179031e-01
1.311619598956487998e-01 5.518436787726607173e-01 3.612560254179179031e-01
1.311619598956487998e-01 5.518436787726607173e-01 3.612560254179179031e-01
1.311619598956487998e-01 5.518436787726607173e-01 3.612560254179179031e-01
1.311619598956487998e-01 5.518436787726607173e-01 3.612560254179179031e-01
1.311619598956487998e-01 5.518436787726607173e-01 3.612560254179179031e-01
1.311619598956487998e-01 5.518436787726607173e-01 3.612560254179179031e-01
1.311619598956487998e-01 5.518436787726607173e-01 3.612560254179179031e-01
1.311619598956487998e-01 5.518436787726607173e-01 3.612560254179179031e-01
1.311619598956487998e-01 5.518436787726607173e-01 3.612560254179179031e-01
1.311619598956487998e-01 5.518436787726607173e-01 3.612560254179179031e-01
1.311619598956487998e-01 5.518436787726607173e-01 3.612560254179179031e-01
1.311619598956487998e-01 5.518436787726607173e-01 3.612560254179179031e-01
1.311619598956487998e-01 5.518436787726607173e-01 3.612560254179179031e-01
1.311619598956487998e-01 5.518436787726607173e-01 3.612560254179179031e-01
1.311619598956487998e-01 5.518436787726607173e-01 3.612560254179179031e-01
1.311619598956487998e-01 5.518436787726607173e-01 3.612560254179179031e-01
1.311619598956487998e-01 5.518436787726607173e-01 3.612560254179179031e-01
1.311619598956487998e-01 5.518436787726607173e-01 3.612560254179179031e-01
1.311619598956487998e-01 5.518436787726607173e-01 3.612560254179179031e-01
1.311619598956487998e-01 5.518436787726607173e-01 3.612560254179179031e-01
1.311619598956487998e-01 5.518436787726607173e-01 3.612560254179179031e-01
1.311619598956487998e-01 5.518436787726607173e-01 3.612560254179179031e-01
1.311619598956487998e-01 5.518436787726607173e-01 3.612560254179179031e-01
1.311619598956487998e-01 5.518436787726607173e-01 3.612560254179179031e-01
1.311619598956487998e-01 5.518436787726607173e-01 3.612560254179179031e-01
1.311619598956487998e-01 5.518436787726607173e-01 3.612560254179179031e-01
1.311619598956487998e-01 5.518436787726607173e-01 3.612560254179179031e-01
1.311619598956487998e-01 5.518436787726607173e-01 3.612560254179179031e-01
1.311619598956487998e-01 5.518436787726607173e-01 3.612560254179179031e-01
1.311619598956487998e-01 5.518436787726607173e-01 3.612560254179179031e-01
1.311619598956487998e-01 5.518436787726607173e-01 3.612560254179179031e-01
1.311619598956487998e-01 5.518436787726607173e-01 3.612560254179179031e-01
1.311619598956487998e-01 5.518436787726607173e-01 3.612560254179179031e-01
1.311619598956487998e-01 5.518436787726607173e-01 3.612560254179179031e-01
1.311619598956487998e-01 5.518436787726607173e-01 3.612560254179179031e-01
1.311619598956487998e-01 5.518436787726607173e-01 3.612560254179179031e-01
1.311619598956487998e-01 5.518436787726607173e-01 3.612560254179179031e-01
1.311619598956487998e-01 5.518436787726607173e-01 3.612560254179179031e-01
1.311619598956487998e-01 5.518436787726607173e-01 3.612560254179179031e-01
1.311619598956487998e-01 5.518436787726607173e-01 3.612560254179179031e-01
1.311619598956487998e-01 5.518436787726607173e-01 3.612560254179179031e-01
1.311619598956487998e-01 5.518436787726607173e-01 3.612560254179179031e-01
1.311619598956487998e-01 5.518436787726607173e-01 3.612560254179179031e-01
1.311619598956487998e-01 5.518436787726607173e-01 3.612560254179179031e-01
1.311619598956487998e-01 5.518436787726607173e-01 3.612560254179179031e-01
1.311619598956487998e-01 5.518436787726607173e-01 3.612560254179179031e-01
1.311619598956487998e-01 5.518436787726607173e-01 3.612560254179179031e-01
1.311619598956487998e-01 5.518436787726607173e-01 3.612560254179179031e-01
1.311619598956487998e-01 5.518436787726607173e-01 3.612560254179179031e-01
1.311619598956487998e-01 5.518436787726607173e-01 3.612560254179179031e-01
1.311619598956487998e-01 5.518436787726607173e-01 3.612560254179179031e-01
1.311619598956487998e-01 5.518436787726607173e-01 3.612560254179179031e-01
1.311619598956487998e-01 5.518436787726607173e-01 3.612560254179179031e-01
1.311619598956487998e-01 5.518436787726607173e-01 3.612560254179179031e-01
5.107302934308605852e-02 5.835559099971466823e-01 3.628233764754654755e-01
-2.740663006335208873e-02 6.146582783507268388e-01 3.644517058560985401e-01
-1.061454111215754947e-01 6.458580215782429024e-01 3.659888694294740619e-01
-1.112420521154854347e-01 6.478106676252690654e-01 3.655115004859847971e-01
-1.162649935634609971e-01 6.498267618216625463e-01 3.650169117974338961e-01
-1.187489619058487572e-01 6.508832535605925118e-01 3.647272174584169635e-01
-1.235244277771059690e-01 6.531770435031831745e-01 3.641801253677705574e-01
-1.257750276343767848e-01 6.543530336807940051e-01 3.639224570591917951e-01
-1.286917422837795810e-01 6.559303541998616760e-01 3.635465287603268925e-01
-1.315974774004368963e-01 6.575125661014334932e-01 3.631694501334089553e-01
-1.365392929442559578e-01 6.601961826299332925e-01 3.624776148787852703e-01
-1.385011910270419200e-01 6.612689536419981140e-01 3.621782022447846972e-01
-1.404536178074397845e-01 6.623592715680706178e-01 3.619785902349758056e-01
-1.455949036304103883e-01 6.650596147839403782e-01 3.614809926938847839e-01
-1.500400492238926908e-01 6.673455254835941597e-01 3.611266137212871818e-01
-1.519123703101412926e-01 6.682506278038115033e-01 3.610281827841094193e-01
-1.556565168378717667e-01 6.701326066227178968e-01 3.609474551550275745e-01
-1.574887194855263961e-01 6.710583030906551727e-01 3.608542924983929590e-01
-1.593445575869638364e-01 6.719855668695456918e-01 3.608011475744262730e-01
-1.631318822062829133e-01 6.739561894346423054e-01 3.607437930283247107e-01
-1.631318822062829133e-01 6.739561894346423054e-01 3.607437930283247107e-01
-1.681379516292304255e-01 6.768107407554403432e-01 3.607540485199954849e-01
-1.744325182756844006e-01 6.805660080698375802e-01 3.606873522945863719e-01
-1.744325182756844006e-01 6.805660080698375802e-01 3.606873522945863719e-01
-1.783703355508992894e-01 6.829807782392175453e-01 3.607043836422482164e-01
-1.823037792335980845e-01 6.854680975871240145e-01 3.606940876915026850e-01
-1.842891189353044190e-01 6.867026955685995304e-01 3.606677219823474223e-01
-1.882444401954272151e-01 6.891873806920086887e-01 3.605899995080111831e-01
-1.882444401954272151e-01 6.891873806920086887e-01 3.605899995080111831e-01
-1.928110572014589685e-01 6.919624539607939218e-01 3.604748331651620452e-01
-1.999740475414483465e-01 6.962065799875180039e-01 3.602824978520656751e-01
-2.017993262314532188e-01 6.973946055720806614e-01 3.601114832694539691e-01
-2.055271413185738583e-01 6.998701477404551952e-01 3.598164624060623540e-01
-2.074002600394842799e-01 7.010590364287986320e-01 3.597028582879833181e-01
-2.128301741708372719e-01 7.045457689202322404e-01 3.592145873898140440e-01
-2.146615762488755241e-01 7.057714046860027457e-01 3.590362487298632832e-01
-2.165400323421497186e-01 7.069462805054707033e-01 3.589140460523789766e-01
-2.202299844538099516e-01 7.092660021966309403e-01 3.586914151618877389e-01
-2.221198594490370881e-01 7.104333664019186756e-01 3.585995193847956175e-01
-2.259133551323051492e-01 7.128318749640355501e-01 3.584082785427841200e-01
-2.278269846760752892e-01 7.140618013184054647e-01 3.582570075836245538e-01
-2.297164723016013321e-01 7.153118372118719703e-01 3.581459775649743493e-01
-2.335483938794502556e-01 7.179244077951056902e-01 3.578857535003420187e-01
-2.373131283375188583e-01 7.205756134813466884e-01 3.573935264855803151e-01
-2.391881624934722728e-01 7.218628939635047814e-01 3.571339704199966159e-01
-2.449520275460013163e-01 7.258244578880308495e-01 3.566192561283191287e-01
-2.449520275460013163e-01 7.258244578880308495e-01 3.566192561283191287e-01
-2.495395732377747866e-01 7.289834782136906943e-01 3.564833787549258615e-01
-2.522005952463902134e-01 7.308488619687848464e-01 3.565375235032560708e-01
-2.568200449090713433e-01 7.339491936829459773e-01 3.569886717849071189e-01
-2.587508493208576232e-01 7.351466019839906219e-01 3.572445652828828422e-01
-2.626759523256732565e-01 7.375842818178650617e-01 3.576469979666759835e-01
-2.646683313032784368e-01 7.387933512090838484e-01 3.579249686152550236e-01
-2.686426948322156449e-01 7.411935930168250808e-01 3.585208850922935175e-01
-2.706282912807231877e-01 7.423926330905904480e-01 3.587958890238440723e-01
-2.746987519219020180e-01 7.447682759131127872e-01 3.594995765623084649e-01
-2.767816994720225243e-01 7.459548779669950003e-01 3.598421989893921813e-01
-2.809423303515454218e-01 7.485967234220525235e-01 3.604870452730239982e-01
-2.849206278044524310e-01 7.510943137328336405e-01 3.609113222405155863e-01
-2.868714881104700298e-01 7.523098316318895806e-01 3.610459284541406300e-01
-2.909554951356640995e-01 7.548289459588811701e-01 3.613557870478598666e-01
-2.909554951356640995e-01 7.548289459588811701e-01 3.613557870478598666e-01
-2.984853871281089588e-01 7.594724317655577872e-01 3.616780626975092394e-01
-3.033197088075701431e-01 7.624621354954946861e-01 3.616360810530179215e-01
-3.054399576103636882e-01 7.637790663948097469e-01 3.616174826878209014e-01
-3.054399576103636882e-01 7.637790663948097469e-01 3.616174826878209014e-01
-3.075390160208091306e-01 7.650650143290773642e-01 3.615469168948048928e-01
-3.153723085235725088e-01 7.698599791103607481e-01 3.612300003081911903e-01
-3.182577740570129432e-01 7.715039132294064794e-01 3.610927525197751287e-01
-3.204344043229486183e-01 7.728078114849558089e-01 3.609174736705499376e-01
-3.226080547295274159e-01 7.740735977995999439e-01 3.607635632996214481e-01
-3.277425362693622279e-01 7.771727503583637509e-01 3.603551607885699948e-01
-3.306523549139276930e-01 7.788762778901613393e-01 3.600079341668164234e-01
-3.381790024036022690e-01 7.830804595896724285e-01 3.593208760126223034e-01
-3.404291588626071619e-01 7.843008880351546308e-01 3.590741475187467779e-01
-3.427541904116794824e-01 7.853992852377414957e-01 3.587230582797126255e-01
-3.451088183303592238e-01 7.865314387425551557e-01 3.584301988412553763e-01
-3.480906994531162701e-01 7.881842430139708311e-01 3.579368281889238057e-01
-3.538095215448897601e-01 7.917053953846947545e-01 3.568821380886580963e-01
-3.577066023687733853e-01 7.945600010278669467e-01 3.561412514290104303e-01
-3.594816951482393552e-01 7.960052083267913359e-01 3.557796305609571830e-01
-3.610943641266102788e-01 7.974706062613600155e-01 3.554507848016817961e-01
-3.655406999738113893e-01 8.017438347138140520e-01 3.549447551538270629e-01
-3.670289460058231423e-01 8.030156209044335691e-01 3.547212994435741118e-01
-3.685871992573688249e-01 8.042050207138444762e-01 3.546690943982642175e-01
-3.685871992573688249e-01 8.042050207138444762e-01 3.546690943982642175e-01
-3.702280357763189644e-01 8.053150720258909212e-01 3.546673841849014019e-01
-3.762227459912477756e-01 8.091880331745318067e-01 3.550977063723906868e-01
-3.762227459912477756e-01 8.091880331745318067e-01 3.550977063723906868e-01
-3.762227459912477756e-01 8.091880331745318067e-01 3.550977063723906868e-01
-3.842134377020531844e-01 8.146018103026643198e-01 3.562088369135963939e-01
-3.868653802294342303e-01 8.165671894168032852e-01 3.566569202232330316e-01
-3.890131220715811744e-01 8.180567629334757340e-01 3.569741080864264893e-01
-3.911279726063459639e-01 8.196212478544073754e-01 3.573430528598516842e-01
-3.926683571458213784e-01 8.207208216499042308e-01 3.575158790714454415e-01
-3.967501678796844788e-01 8.238555441004399293e-01 3.580048717885939702e-01
-3.989355683989372903e-01 8.255397702276501271e-01 3.584491424780829050e-01
-4.021666983024950182e-01 8.280389981600230209e-01 3.588202945997607252e-01
-4.021666983024950182e-01 8.280389981600230209e-01 3.588202945997607252e-01
-4.059585610463749550e-01 8.312444321821415016e-01 3.587618803342835783e-01
-4.085360518509315586e-01 8.333407107289314553e-01 3.589193951092608525e-01
-4.127031136208516582e-01 8.367223816969723282e-01 3.591653362072356748e-01
-4.142275306883931862e-01 8.380106027252112177e-01 3.592005270662692595e-01
-4.158337412610679240e-01 8.392928014986728025e-01 3.592758321588779280e-01
-4.179291979701624804e-01 8.410178518609274789e-01 3.593641820323462133e-01
-4.200818756048527725e-01 8.427838030508595368e-01 3.594627090416139259e-01
-4.247984197138512386e-01 8.468346265364976588e-01 3.595836127984569641e-01
-4.247984197138512386e-01 8.468346265364976588e-01 3.595836127984569641e-01
-4.270039769974089405e-01 8.485961440893184937e-01 3.596899159154093306e-01
-4.297976802157481013e-01 8.507419745250665022e-01 3.598630991939614221e-01
-4.326491597827237801e-01 8.528239019446298697e-01 3.601342509594186447e-01
-4.386471130605358870e-01 8.574642452048349961e-01 3.605115084618518706e-01
-4.403841644419946300e-01 8.586899215592619372e-01 3.606395014268263255e-01
-4.438258332048095056e-01 8.611775919183820571e-01 3.608313280032383608e-01
-4.471349025170888170e-01 8.636591511142674982e-01 3.609750553391380956e-01
-4.505067582040460095e-01 8.660916742249938904e-01 3.611113207639276013e-01
-4.522253180143239182e-01 8.673780823754571045e-01 3.611822289260450125e-01
-4.522253180143239182e-01 8.673780823754571045e-01 3.611822289260450125e-01
-4.561251822513218701e-01 8.703848284511842559e-01 3.612205574785316564e-01
-4.584016107723344891e-01 8.720754167579535254e-01 3.613190051131432989e-01
-4.634636244660426119e-01 8.759691769649666782e-01 3.611555795319851825e-01
-4.634636244660426119e-01 8.759691769649666782e-01 3.611555795319851825e-01
-4.675461752115517844e-01 8.791243684010465742e-01 3.611588363880765540e-01
-4.709693217294534384e-01 8.819341183388226257e-01 3.608313113110027670e-01
-4.726533213808274958e-01 8.833798809446303801e-01 3.606559597413716567e-01
-4.760683979082279138e-01 8.861266619765865160e-01 3.603577548684095966e-01
-4.777604632284813135e-01 8.875292925392156418e-01 3.602308574404768926e-01
-4.811082478674200691e-01 8.903513658254809116e-01 3.601500959612792263e-01
-4.827523062828746325e-01 8.916479133342360974e-01 3.600446005318372888e-01
-4.866869666339827538e-01 8.946740116995570702e-01 3.601281891821863645e-01
-4.912802509965315534e-01 8.982290570117469342e-01 3.608035793816105619e-01
-4.929559190081633790e-01 8.995184373723298377e-01 3.610140025834914779e-01
-4.946589332335409872e-01 9.007526820434299530e-01 3.612766544548150494e-01
-4.980859738040139817e-01 9.031976227753287789e-01 3.618672678169135848e-01
-5.014166781278581730e-01 9.056129413309377263e-01 3.622825796105767493e-01
-5.031462172904997976e-01 9.067975403403440993e-01 3.625530672479473360e-01
-5.068532483195007377e-01 9.093057215045080577e-01 3.634630638753245657e-01
-5.068532483195007377e-01 9.093057215045080577e-01 3.634630638753245657e-01
-5.110020752789544707e-01 9.121898917103292703e-01 3.641215478681464335e-01
-5.153333634993416679e-01 9.154738511482820584e-01 3.643361156851114835e-01
-5.171195289263876838e-01 9.167481995243168535e-01 3.645348885582684328e-01
-5.189247883663646865e-01 9.179925046243355702e-01 3.647386817874249676e-01
-5.214480685706853746e-01 9.197110461295289197e-01 3.651202268199699175e-01
-5.237941789839402063e-01 9.213984913982776748e-01 3.652533316507403649e-01
-5.267837033879355646e-01 9.235550253640685270e-01 3.653814124034017174e-01
-5.314511791922015282e-01 9.269991009266891346e-01 3.653467547046975739e-01
-5.332224931204004870e-01 9.282700890647758163e-01 3.653942911542406025e-01
-5.368881176291735446e-01 9.307517277350196849e-01 3.654916990376256836e-01
-5.404974950053150762e-01 9.332586966844672594e-01 3.654265846902359227e-01
-5.441758812025395686e-01 9.358209038243390232e-01 3.653362648178216654e-01
-5.479579805210180732e-01 9.383646949259901726e-01 3.651833047411972011e-01
-5.497296669106769285e-01 9.395715281409980912e-01 3.649623283162454213e-01
-5.533883864059295776e-01 9.419596894669788334e-01 3.645762065029539700e-01
-5.553120502353442456e-01 9.431705913945854780e-01 3.644328537128304069e-01
-5.571985282739344569e-01 9.443360109794700641e-01 3.642026975931035304e-01
-5.591706780194479753e-01 9.455350880593919038e-01 3.639929525743996752e-01
-5.634621055301742842e-01 9.478137591535871209e-01 3.640437095461249717e-01
-5.634621055301742842e-01 9.478137591535871209e-01 3.640437095461249717e-01
-5.692437087945232399e-01 9.514865219349305514e-01 3.629982417233122982e-01
-5.748854656119278816e-01 9.549684306159834657e-01 3.615414439523628731e-01
-5.769222910104082613e-01 9.561343342075039331e-01 3.612050639459531975e-01
-5.809110809092429273e-01 9.586039528022315404e-01 3.604513008214369485e-01
-5.827568936407500066e-01 9.599551129821706219e-01 3.600031426397246603e-01
-5.863396971019261272e-01 9.626638202012830492e-01 3.593266423545653510e-01
-5.880792052781093071e-01 9.639726695262674783e-01 3.590539332978320841e-01
-5.896592720972825274e-01 9.653556070609345952e-01 3.587238596272626090e-01
-5.939641821821727286e-01 9.692627521583924155e-01 3.581454757315521986e-01
-5.965233051689603494e-01 9.717838305557607859e-01 3.578456390842688073e-01
-5.980080373231354551e-01 9.731118290260211134e-01 3.580152464399173340e-01
-6.007748869013299631e-01 9.756243392410488546e-01 3.582968606569721937e-01
-6.018230434761938641e-01 9.767115601823067594e-01 3.581358448060301125e-01
-6.041272054584690965e-01 9.788319661208170208e-01 3.580703936242352059e-01
-6.067130100870040676e-01 9.810001640743024609e-01 3.582042686143008803e-01
-6.080316065461425223e-01 9.820799258117519637e-01 3.582846926669117638e-01
-6.106429154066946863e-01 9.843032801665464460e-01 3.585992028529231268e-01
-6.106429154066946863e-01 9.843032801665464460e-01 3.585992028529231268e-01
-6.136952581290029407e-01 9.869910953723205482e-01 3.588634253336805413e-01
-6.154329959044915199e-01 9.886162748090470132e-01 3.590025842216090224e-01
-6.154329959044915199e-01 9.886162748090470132e-01 3.590025842216090224e-01
-6.196043194491949180e-01 9.923403491861676473e-01 3.595125877999824082e-01
-6.220205370659218636e-01 9.944762621983170847e-01 3.598346784047737890e-01
-6.243379230017732651e-01 9.966415479987006387e-01 3.600853252383741099e-01
-6.281204428874472834e-01 1.000947628192953687e+00 3.600421253656805876e-01
-6.295202515702981172e-01 1.002289845128469414e+00 3.601438739022454483e-01
-6.308959226200275827e-01 1.003718639659672673e+00 3.602022496185381950e-01
-6.323644650268884781e-01 1.005098598551952493e+00 3.603204731331569599e-01
-6.353458563251620506e-01 1.007688815464346632e+00 3.605495139492402856e-01
-6.392335559044748372e-01 1.011250434807235754e+00 3.606715984530194374e-01
-6.392335559044748372e-01 1.011250434807235754e+00 3.606715984530194374e-01
-6.428025734953742854e-01 1.014160987770958533e+00 3.609293943445834874e-01
-6.461294493560877372e-01 1.017335218985026657e+00 3.608822151142140333e-01
-6.461294493560877372e-01 1.017335218985026657e+00 3.608822151142140333e-01
-6.500565950679352278e-01 1.020770877436121493e+00 3.607951370517752387e-01
-6.516510315301360379e-01 1.022098841668231950e+00 3.609223682200396466e-01
-6.563309858668222585e-01 1.026194061431961790e+00 3.612887334866435873e-01
-6.594120918433886702e-01 1.028694752591638117e+00 3.613722362674302024e-01
-6.608536310497160615e-01 1.029991447409036587e+00 3.613629061609298088e-01
-6.624032827029331383e-01 1.031350161852505831e+00 3.613652808852084730e-01
-6.654241694894933445e-01 1.034183719638031462e+00 3.612837387945747603e-01
-6.684513244877731131e-01 1.036860036694584597e+00 3.613031275191939118e-01
-6.715466832141764320e-01 1.039481593510668711e+00 3.613372742778852009e-01
-6.730352964063071042e-01 1.040920506509278587e+00 3.612822820530414702e-01
-6.760112517246764652e-01 1.043928798397008473e+00 3.611217307492867734e-01
-6.789618576684647300e-01 1.047002365937281132e+00 3.609566250821183431e-01
-6.789618576684647300e-01 1.047002365937281132e+00 3.609566250821183431e-01
-6.804785293342606733e-01 1.048501359842563652e+00 3.609135574547807090e-01
-6.835905404962031584e-01 1.051443212034432806e+00 3.609140030134714294e-01
-6.851232296530035404e-01 1.052927575865480359e+00 3.609095885653977875e-01
-6.909266984426020164e-01 1.058216669851369529e+00 3.614409664438611447e-01
-6.909266984426020164e-01 1.058216669851369529e+00 3.614409664438611447e-01
-6.946186350118509489e-01 1.061486256487646385e+00 3.619456266825594737e-01
-6.979871278910487753e-01 1.064246797869725869e+00 3.623497228775782730e-01
-7.014884405040017201e-01 1.067077014243754896e+00 3.629328178770613311e-01
-7.031256951777308251e-01 1.068469360179286065e+00 3.633131597825872694e-01
-7.063669278966449028e-01 1.071245530355674491e+00 3.639569352419568249e-01
-7.096544271667424297e-01 1.074141213994744382e+00 3.645120980337615002e-01
-7.113148394244550587e-01 1.075586432707394957e+00 3.647804100580746001e-01
-7.146336865236490032e-01 1.078509512551678595e+00 3.653502982453032955e-01
-7.162751642284774789e-01 1.079971489639298898e+00 3.655360720660123519e-01
-7.195743146122305367e-01 1.082887167459331668e+00 3.657912188459054859e-01
-7.212622666056475174e-01 1.084354506046575350e+00 3.659585697309347685e-01
-7.246554176866429886e-01 1.087284581533039196e+00 3.662282854767842100e-01
-7.278813424610371952e-01 1.090218607582612798e+00 3.662903817195299894e-01
-7.294075579093708406e-01 1.091659044472427453e+00 3.662665813082732758e-01
-7.309924295231623459e-01 1.093093547406555288e+00 3.662236121908158948e-01
-7.326544086923115762e-01 1.094684958944096564e+00 3.661453925764167616e-01
-7.343485090129279191e-01 1.096224450399204242e+00 3.660458380397187961e-01
-7.383510268417691202e-01 1.099743933127051987e+00 3.658097400893470796e-01
-7.430618265001505129e-01 1.103767754332299678e+00 3.655966684125092625e-01
-7.430618265001505129e-01 1.103767754332299678e+00 3.655966684125092625e-01
-7.449255178094796870e-01 1.105374843419059561e+00 3.655362727074279450e-01
-7.521783022847414735e-01 1.111453453546982661e+00 3.649243119460253704e-01
-7.558882631605574609e-01 1.114579517611695048e+00 3.646327184143492994e-01
-7.577696052224115464e-01 1.116142880579960694e+00 3.644532462601822731e-01
-7.619958460248649201e-01 1.119160862243339549e+00 3.644714063412933802e-01
-7.641533226792268652e-01 1.120670356855156813e+00 3.645246104678253607e-01
-7.660892448465371762e-01 1.122162525101021435e+00 3.643220759135519238e-01
-7.712732254628243966e-01 1.126163886304290207e+00 3.637492183243452581e-01
-7.712732254628243966e-01 1.126163886304290207e+00 3.637492183243452581e-01
-7.765680305195389321e-01 1.130063866869899236e+00 3.630227341942132702e-01
-7.792022983560534799e-01 1.131965762952579446e+00 3.625804236034056993e-01
-7.838365283812492867e-01 1.135394711871180684e+00 3.618667090855863799e-01
-7.856570746901027080e-01 1.136912996770948148e+00 3.614676336927907796e-01
-7.888201456858063843e-01 1.140066163238516950e+00 3.605654212585088780e-01
-7.902574207251112925e-01 1.141671573743817225e+00 3.601746943134954693e-01
-7.915357383984127360e-01 1.143300303095726500e+00 3.598022889965009075e-01
-7.943065527987779317e-01 1.146898200579972382e+00 3.591179409844176273e-01
-7.958449853201011726e-01 1.148836738248146139e+00 3.588282284440551528e-01
-7.985092192260526689e-01 1.152099298910552960e+00 3.584373970014008703e-01
-8.008216759108440774e-01 1.154777342490551861e+00 3.582020952031538252e-01
-8.020002556250527270e-01 1.156102542939951627e+00 3.581798762514808443e-01
-8.044125436512401528e-01 1.158642395262704516e+00 3.582850891896537382e-01
-8.069073558885948572e-01 1.161161675654405201e+00 3.585541852293988585e-01
-8.081290717479242547e-01 1.162472752040781376e+00 3.587135097637130787e-01
-8.105339221325791321e-01 1.165096810184436116e+00 3.590557340075138937e-01
-8.117507346463425089e-01 1.166395139129134506e+00 3.592535417060274128e-01
-8.129663281557272247e-01 1.167736102945017507e+00 3.594128730528899363e-01
-8.141751240069682316e-01 1.169075637658815170e+00 3.596009494795707750e-01
-8.141751240069682316e-01 1.169075637658815170e+00 3.596009494795707750e-01
-8.174131560203355962e-01 1.172871191871567964e+00 3.600123018390767315e-01
-8.198793207451154919e-01 1.175802966605763666e+00 3.602554891365196132e-01
-8.223441447068245980e-01 1.178754232352819509e+00 3.605269924233762691e-01
-8.240180455676736626e-01 1.180709008118744130e+00 3.606612919556319019e-01
-8.279429058635106031e-01 1.185263737401845985e+00 3.610714453894239284e-01
-8.292822285247405389e-01 1.186739625425809130e+00 3.611847467859145011e-01
-8.319932181873301857e-01 1.189855868524424709e+00 3.613334105289132125e-01
-8.333833847934507544e-01 1.191386097631048635e+00 3.614087976476877406e-01
-8.362265725109040426e-01 1.194457008970483791e+00 3.615993017988295977e-01
-8.376754400555820324e-01 1.196011604771434866e+00 3.616644786148496271e-01
-8.396575529360242873e-01 1.197946529196477927e+00 3.618774885695015264e-01
-8.450683392353353085e-01 1.203488200962735899e+00 3.621059716458666644e-01
-8.465700183230140397e-01 1.205003616437856584e+00 3.621588298108558979e-01
-8.495376759675944411e-01 1.207958444955428812e+00 3.622715399920194423e-01
-8.510515202352234576e-01 1.209416105224320637e+00 3.623514346655879459e-01
-8.526306679557925650e-01 1.210869359849750859e+00 3.624334278942179521e-01
-8.556813601000156089e-01 1.213850487707357706e+00 3.625410099375683259e-01
-8.571849969348551701e-01 1.215319706262188548e+00 3.625974103954434646e-01
-8.587422093450419736e-01 1.216853654962890774e+00 3.626897156291021274e-01
-8.587422093450419736e-01 1.216853654962890774e+00 3.626897156291021274e-01
-8.654963995883035999e-01 1.223460179255680957e+00 3.627782862037002287e-01
-8.680910740755741761e-01 1.226087529150244881e+00 3.627469774206538711e-01
-8.696984010365785833e-01 1.227738167358693122e+00 3.626997300523155943e-01
-8.728522873100085233e-01 1.230987314193299431e+00 3.625717402622068430e-01
-8.774066508612642368e-01 1.235975177733869446e+00 3.622311365660499938e-01
-8.788927634765073549e-01 1.237576962189836927e+00 3.621368982462257469e-01
-8.819423907783653371e-01 1.240973099787531009e+00 3.621550666036891242e-01
-8.819423907783653371e-01 1.240973099787531009e+00 3.621550666036891242e-01
-8.819423907783653371e-01 1.240973099787531009e+00 3.621550666036891242e-01
-8.855299220247472292e-01 1.244873960378870104e+00 3.624814564386035221e-01
-8.875603073209559213e-01 1.247060255984751009e+00 3.627959350509231129e-01
-8.915150441064652043e-01 1.251285293190417924e+00 3.635685419558001286e-01
-8.934918981097634827e-01 1.253400338401866376e+00 3.640312641346352684e-01
-8.970392004760360249e-01 1.256958937441263968e+00 3.649968476611777923e-01
-8.985458204649807712e-01 1.258440607259435184e+00 3.653765637454253756e-01
-9.015620066863405668e-01 1.261560660767912401e+00 3.661928686952858891e-01
-9.044887541756919669e-01 1.264693130318405023e+00 3.668242305017742622e-01
-9.060431959372289290e-01 1.266189214230529325e+00 3.672502101643101424e-01
-9.096186075503669421e-01 1.269775243028213429e+00 3.680300600635234565e-01
-9.116196946808375889e-01 1.271869128720461317e+00 3.683729756432019276e-01
-9.149298518672378533e-01 1.275518084667731644e+00 3.688889684294908156e-01
-9.163412659965296525e-01 1.277054895331909856e+00 3.691958152352063927e-01
-9.193584113276432879e-01 1.280020029095249257e+00 3.696176817961879246e-01
-9.224059123978826102e-01 1.283087842061174433e+00 3.697709535821015470e-01
-9.254914707994990053e-01 1.286188997210881757e+00 3.698539070149730046e-01
-9.269867368425203091e-01 1.287712305437564986e+00 3.698293660184061027e-01
-9.301052995590947114e-01 1.290783184799136452e+00 3.698400418813786450e-01
-9.317298975598032884e-01 1.292439657727611602e+00 3.698137033666341056e-01
-9.333093387478280656e-01 1.294071749906592572e+00 3.697012309443282740e-01
-9.365179755459153155e-01 1.297204549230716042e+00 3.695495477237243920e-01
-9.365179755459153155e-01 1.297204549230716042e+00 3.695495477237243920e-01
-9.413985854860822400e-01 1.301635543357929192e+00 3.693486115371162892e-01
-9.446626399333788449e-01 1.304748959251624818e+00 3.691666005615213964e-01
-9.462556293092512227e-01 1.306313050836376721e+00 3.689014209740351102e-01
-9.481649034263911480e-01 1.307918502417677820e+00 3.689459646959064587e-01
-9.498032760304155886e-01 1.309511567880957239e+00 3.686544069379403821e-01
-9.538258620285812173e-01 1.313144851096689214e+00 3.683022880122516218e-01
-9.561745370263169397e-01 1.315249795875768957e+00 3.680238895962216761e-01
-9.590275708790692022e-01 1.317857900576641539e+00 3.674884166758954906e-01
-9.637747143686721252e-01 1.322056076168351968e+00 3.667464792786108152e-01
-9.674657211243570254e-01 1.325098084722935887e+00 3.662531864783443725e-01
