1.752582478525335312e+09
1.752582478529334545e+09
1.752582478533313513e+09
1.752582478538345814e+09
1.752582478544838190e+09
1.752582478548283100e+09
1.752582478552990675e+09
1.752582478558927059e+09
1.752582478564730883e+09
1.752582478568337440e+09
1.752582478574319124e+09
1.752582478581405163e+09
1.752582478584955215e+09
1.752582478589108467e+09
1.752582478594551086e+09
1.752582478599059105e+09
1.752582478604524136e+09
1.752582478608373165e+09
1.752582478613106728e+09
1.752582478618013620e+09
1.752582478623192072e+09
1.752582478628246784e+09
1.752582478634538651e+09
1.752582478639367342e+09
1.752582478645234346e+09
1.752582478648361683e+09
1.752582478654686451e+09
1.752582478659139872e+09
1.752582478665016651e+09
1.752582478671338081e+09
1.752582478673003674e+09
1.752582478679225683e+09
1.752582478684695482e+09
1.752582478689127445e+09
1.752582478694596052e+09
1.752582478698488235e+09
1.752582478704911709e+09
1.752582478709127426e+09
1.752582478712899446e+09
1.752582478718300343e+09
1.752582478724905491e+09
1.752582478728017092e+09
1.752582478736059666e+09
1.752582478738306761e+09
1.752582478745922565e+09
1.752582478749024630e+09
1.752582478754523993e+09
1.752582478758302212e+09
1.752582478764984846e+09
1.752582478769035339e+09
1.752582478774777412e+09
1.752582478779249430e+09
1.752582478784780502e+09
1.752582478788973570e+09
1.752582478794471979e+09
1.752582478798295259e+09
1.752582478805095196e+09
1.752582478809364557e+09
1.752582478813456535e+09
1.752582478818338633e+09
1.752582478824848175e+09
1.752582478829108477e+09
1.752582478834495068e+09
1.752582478838297129e+09
1.752582478844941139e+09
1.752582478848950863e+09
1.752582478854734421e+09
1.752582478858390570e+09
1.752582478864887714e+09
1.752582478868883133e+09
1.752582478874535799e+09
1.752582478879151344e+09
1.752582478884172201e+09
1.752582478889170647e+09
1.752582478894474983e+09
1.752582478899251938e+09
1.752582478904813766e+09
1.752582478909169674e+09
1.752582478914677143e+09
1.752582478918353081e+09
1.752582478924738407e+09
1.752582478929248095e+09
1.752582478934532404e+09
1.752582478938320875e+09
1.752582478944604397e+09
1.752582478950359583e+09
1.752582478954565048e+09
1.752582478958332062e+09
1.752582478964917898e+09
1.752582478969081640e+09
1.752582478974774122e+09
1.752582478978269100e+09
1.752582478984714270e+09
1.752582478988299847e+09
1.752582478994282246e+09
1.752582478998585463e+09
1.752582479004971266e+09
1.752582479009033918e+09
1.752582479014652252e+09
1.752582479019288540e+09
1.752582479024102688e+09
1.752582479029185295e+09
1.752582479033155918e+09
1.752582479038297892e+09
1.752582479045147419e+09
1.752582479050184011e+09
1.752582479054492474e+09
1.752582479058311701e+09
1.752582479064945936e+09
1.752582479068406343e+09
1.752582479074598551e+09
1.752582479079211235e+09
1.752582479084808588e+09
1.752582479088502645e+09
1.752582479093667030e+09
1.752582479099926472e+09
1.752582479104954481e+09
1.752582479109088182e+09
1.752582479114631891e+09
1.752582479118404150e+09
1.752582479125029325e+09
1.752582479128293514e+09
1.752582479135217190e+09
1.752582479139407158e+09
1.752582479144552231e+09
1.752582479149012566e+09
1.752582479155021906e+09
1.752582479159451246e+09
1.752582479163233042e+09
1.752582479169007063e+09
1.752582479172630310e+09
1.752582479179338694e+09
1.752582479185170889e+09
1.752582479189420462e+09
1.752582479192710400e+09
1.752582479199173927e+09
1.752582479204770088e+09
1.752582479208383322e+09
1.752582479214956760e+09
1.752582479218966961e+09
1.752582479224803925e+09
1.752582479230734348e+09
1.752582479235621214e+09
1.752582479238513708e+09
1.752582479245116234e+09
1.752582479249244452e+09
1.752582479254378557e+09
1.752582479258304834e+09
1.752582479264598131e+09
1.752582479268992186e+09
1.752582479273137331e+09
1.752582479279276609e+09
1.752582479284869194e+09
1.752582479289091825e+09
1.752582479292989492e+09
1.752582479298461914e+09
1.752582479304499865e+09
1.752582479308909416e+09
1.752582479314587116e+09
1.752582479319278002e+09
1.752582479324447155e+09
1.752582479328410387e+09
1.752582479333295584e+09
1.752582479338893890e+09
1.752582479344882727e+09
1.752582479349142551e+09
1.752582479354649067e+09
1.752582479358323812e+09
1.752582479363445520e+09
1.752582479369244099e+09
1.752582479376171350e+09
1.752582479378397942e+09
1.752582479384927750e+09
1.752582479388340712e+09
1.752582479392659903e+09
1.752582479399084806e+09
1.752582479404790640e+09
1.752582479409035921e+09
1.752582479412915707e+09
1.752582479418448448e+09
1.752582479424927235e+09
1.752582479429073811e+09
1.752582479432645798e+09
1.752582479439083338e+09
1.752582479443482876e+09
1.752582479448566675e+09
1.752582479454714775e+09
1.752582479458287954e+09
1.752582479463180065e+09
1.752582479467654228e+09
1.752582479472804070e+09
1.752582479478348494e+09
1.752582479485038280e+09
1.752582479489176512e+09
1.752582479494668007e+09
1.752582479498798132e+09
1.752582479504717112e+09
1.752582479508298159e+09
1.752582479513050556e+09
1.752582479519411087e+09
1.752582479524612427e+09
1.752582479528884172e+09
1.752582479532752752e+09
1.752582479538365841e+09
1.752582479545179367e+09
1.752582479549268007e+09
1.752582479554675341e+09
1.752582479558877468e+09
1.752582479564785957e+09
1.752582479569489956e+09
1.752582479575033903e+09
1.752582479578311205e+09
1.752582479583716869e+09
1.752582479588289261e+09
1.752582479594295502e+09
1.752582479600529432e+09
1.752582479605139256e+09
1.752582479608472347e+09
1.752582479612615824e+09
1.752582479619553566e+09
1.752582479625346661e+09
1.752582479628955126e+09
1.752582479636840820e+09
1.752582479639715910e+09
1.752582479645347357e+09
1.752582479649770021e+09
1.752582479653137445e+09
1.752582479659311295e+09
1.752582479665037155e+09
1.752582479669004202e+09
1.752582479674525023e+09
1.752582479678856850e+09
1.752582479684741259e+09
1.752582479689236164e+09
1.752582479694941282e+09
1.752582479698705673e+09
1.752582479704841137e+09
1.752582479709640503e+09
1.752582479713271856e+09
1.752582479719000578e+09
1.752582479723261356e+09
1.752582479729156017e+09
1.752582479735285282e+09
1.752582479738986492e+09
1.752582479744876385e+09
1.752582479749150515e+09
1.752582479752612829e+09
1.752582479758388996e+09
1.752582479764864922e+09
1.752582479768332005e+09
1.752582479774675608e+09
1.752582479778919697e+09
1.752582479784799814e+09
1.752582479790359735e+09
1.752582479793024302e+09
1.752582479798933744e+09
1.752582479804424286e+09
1.752582479808147430e+09
1.752582479815575123e+09
1.752582479819444180e+09
1.752582479824769258e+09
1.752582479829169989e+09
1.752582479834329605e+09
1.752582479838160276e+09
1.752582479843038321e+09
1.752582479850097656e+09
1.752582479852677107e+09
1.752582479859239340e+09
1.752582479864325523e+09
1.752582479868366480e+09
1.752582479874263525e+09
1.752582479878401279e+09
1.752582479885140657e+09
1.752582479889446974e+09
1.752582479894420624e+09
1.752582479898965836e+09
1.752582479904653788e+09
1.752582479908426285e+09
1.752582479914308548e+09
1.752582479918234825e+09
1.752582479924507141e+09
1.752582479929482937e+09
1.752582479933028698e+09
1.752582479939342260e+09
1.752582479944853306e+09
1.752582479948848009e+09
1.752582479954617500e+09
1.752582479959267855e+09
1.752582479964915752e+09
1.752582479968673229e+09
1.752582479974658966e+09
1.752582479978336811e+09
1.752582479984680176e+09
1.752582479988955975e+09
1.752582479994499445e+09
1.752582479998353720e+09
1.752582480004033566e+09
1.752582480008519650e+09
1.752582480014257908e+09
1.752582480018180847e+09
1.752582480025251627e+09
1.752582480029606581e+09
1.752582480032662630e+09
1.752582480039194107e+09
1.752582480045159101e+09
1.752582480049004078e+09
1.752582480054470062e+09
1.752582480058311701e+09
1.752582480064757347e+09
1.752582480070865154e+09
1.752582480074592590e+09
1.752582480079146862e+09
1.752582480085039377e+09
1.752582480088351011e+09
1.752582480092948198e+09
1.752582480099205494e+09
1.752582480104586124e+09
1.752582480108243704e+09
1.752582480114410639e+09
1.752582480119075298e+09
1.752582480124991417e+09
1.752582480129058599e+09
1.752582480134572506e+09
1.752582480138301849e+09
1.752582480143656254e+09
1.752582480149248362e+09
1.752582480154462814e+09
1.752582480159023285e+09
1.752582480164706469e+09
1.752582480171080112e+09
1.752582480173171043e+09
1.752582480179126501e+09
1.752582480184929371e+09
1.752582480188359261e+09
1.752582480194542646e+09
1.752582480199120283e+09
1.752582480205307245e+09
1.752582480210824728e+09
1.752582480212608099e+09
1.752582480219064951e+09
1.752582480224882603e+09
1.752582480228275299e+09
1.752582480234367847e+09
1.752582480238787651e+09
1.752582480245019436e+09
1.752582480249079466e+09
1.752582480252672434e+09
1.752582480259013891e+09
1.752582480264707804e+09
1.752582480268452406e+09
1.752582480276003361e+09
1.752582480279432535e+09
1.752582480286766529e+09
1.752582480288988113e+09
1.752582480292786360e+09
1.752582480298451662e+09
1.752582480304934740e+09
1.752582480308422565e+09
1.752582480313271523e+09
1.752582480318026543e+09
1.752582480323019505e+09
1.752582480328343391e+09
1.752582480332848787e+09
1.752582480339000940e+09
1.752582480344812632e+09
1.752582480352622509e+09
1.752582480353605747e+09
1.752582480358300686e+09
1.752582480365380049e+09
1.752582480369159222e+09
1.752582480374503374e+09
1.752582480379047632e+09
1.752582480384969711e+09
1.752582480389168978e+09
1.752582480392724276e+09
1.752582480398322344e+09
1.752582480405139923e+09
1.752582480409239531e+09
1.752582480415204763e+09
1.752582480418473721e+09
1.752582480423238516e+09
1.752582480428871393e+09
1.752582480434469461e+09
1.752582480438283682e+09
1.752582480445058584e+09
1.752582480449202776e+09
1.752582480454368591e+09
1.752582480458884239e+09
1.752582480464922905e+09
1.752582480469068527e+09
1.752582480474604607e+09
1.752582480478478909e+09
1.752582480484896183e+09
1.752582480490354538e+09
1.752582480494293690e+09
1.752582480498226643e+09
1.752582480504567146e+09
1.752582480509543419e+09
1.752582480515117884e+09
1.752582480518858671e+09
1.752582480524754763e+09
1.752582480528853655e+09
1.752582480534534693e+09
1.752582480538551092e+09
1.752582480544943333e+09
1.752582480548742771e+09
1.752582480552540064e+09
1.752582480559360504e+09
1.752582480564982414e+09
1.752582480569885254e+09
1.752582480573181629e+09
1.752582480578317404e+09
1.752582480584546328e+09
1.752582480588829517e+09
1.752582480594458103e+09
1.752582480598396063e+09
1.752582480605043650e+09
1.752582480608328819e+09
1.752582480613010645e+09
1.752582480619183302e+09
1.752582480624899864e+09
1.752582480629431963e+09
1.752582480634457827e+09
1.752582480639163971e+09
1.752582480645110369e+09
1.752582480649039030e+09
1.752582480654857635e+09
1.752582480659360409e+09
1.752582480664718628e+09
1.752582480668273926e+09
1.752582480674283028e+09
1.752582480679079771e+09
1.752582480684857607e+09
1.752582480690138817e+09
1.752582480693042994e+09
1.752582480698260546e+09
1.752582480704211473e+09
1.752582480709198952e+09
1.752582480715292692e+09
1.752582480719185829e+09
1.752582480724787951e+09
1.752582480729052067e+09
1.752582480734476328e+09
1.752582480739182234e+09
1.752582480745642662e+09
1.752582480749046087e+09
1.752582480754498959e+09
1.752582480758315563e+09
1.752582480764816523e+09
1.752582480770304203e+09
1.752582480772836924e+09
1.752582480779123783e+09
1.752582480784704447e+09
1.752582480789021730e+09
1.752582480792605162e+09
1.752582480799183607e+09
1.752582480804844618e+09
1.752582480808271408e+09
1.752582480814554214e+09
1.752582480819043875e+09
1.752582480824983120e+09
1.752582480829144001e+09
1.752582480834692717e+09
1.752582480840524912e+09
1.752582480844665051e+09
1.752582480849321842e+09
1.752582480852675438e+09
1.752582480858448744e+09
1.752582480863359928e+09
1.752582480869271040e+09
1.752582480874549389e+09
1.752582480879074097e+09
1.752582480886733532e+09
1.752582480891496181e+09
1.752582480894320488e+09
1.752582480898488045e+09
1.752582480904793024e+09
1.752582480909909725e+09
1.752582480914459944e+09
1.752582480918974161e+09
1.752582480924767256e+09
1.752582480929770708e+09
1.752582480932853937e+09
1.752582480939035654e+09
1.752582480945272684e+09
1.752582480948343992e+09
1.752582480952810526e+09
1.752582480958616257e+09
1.752582480964635134e+09
1.752582480968275309e+09
1.752582480974318266e+09
1.752582480978447437e+09
1.752582480983541489e+09
1.752582480988595963e+09
1.752582480994545698e+09
1.752582480999003410e+09
1.752582481004501820e+09
1.752582481009310961e+09
1.752582481012855768e+09
1.752582481018684626e+09
1.752582481024895906e+09
1.752582481028310061e+09
1.752582481034369469e+09
1.752582481038303852e+09
1.752582481044969320e+09
1.752582481050363064e+09
1.752582481054317236e+09
1.752582481059668779e+09
1.752582481065209627e+09
1.752582481068345785e+09
1.752582481075292349e+09
1.752582481079362154e+09
1.752582481084542751e+09
1.752582481088265181e+09
1.752582481094728470e+09
1.752582481100378036e+09
1.752582481106597424e+09
1.752582481108545303e+09
1.752582481113079548e+09
1.752582481119196177e+09
1.752582481125351429e+09
1.752582481129179478e+09
1.752582481132783651e+09
1.752582481138624907e+09
1.752582481145047188e+09
1.752582481149088860e+09
1.752582481154510021e+09
1.752582481159011364e+09
1.752582481165105104e+09
1.752582481168762445e+09
1.752582481174621582e+09
1.752582481178407669e+09
1.752582481184853077e+09
1.752582481189636946e+09
1.752582481195229530e+09
1.752582481199461460e+09
1.752582481204928160e+09
1.752582481208294392e+09
1.752582481214551449e+09
1.752582481219124556e+09
1.752582481225040197e+09
1.752582481228574514e+09
1.752582481234640121e+09
1.752582481238430262e+09
1.752582481245197773e+09
1.752582481249103308e+09
1.752582481252907276e+09
1.752582481259443283e+09
1.752582481264996529e+09
1.752582481268282175e+09
1.752582481274501801e+09
1.752582481279588699e+09
1.752582481285011768e+09
1.752582481288815022e+09
1.752582481294682264e+09
1.752582481299143076e+09
1.752582481304764986e+09
1.752582481308278799e+09
1.752582481314313650e+09
1.752582481319270849e+09
1.752582481325066090e+09
1.752582481329602480e+09
1.752582481333030462e+09
1.752582481339421034e+09
1.752582481345287561e+09
1.752582481349256754e+09
1.752582481352594614e+09
1.752582481359178305e+09
1.752582481364624023e+09
1.752582481369292259e+09
1.752582481374969959e+09
1.752582481378674746e+09
1.752582481385170937e+09
1.752582481389179707e+09
1.752582481394599676e+09
1.752582481398393631e+09
1.752582481406477451e+09
1.752582481408314228e+09
1.752582481413494587e+09
1.752582481419242382e+09
1.752582481425117254e+09
1.752582481428394794e+09
1.752582481432832241e+09
1.752582481439207792e+09
1.752582481444584370e+09
1.752582481448355913e+09
1.752582481452693701e+09
1.752582481459324837e+09
1.752582481464608908e+09
1.752582481472051144e+09
1.752582481473299026e+09
1.752582481478302240e+09
1.752582481485088825e+09
1.752582481489156246e+09
1.752582481494617701e+09
1.752582481499206066e+09
1.752582481504315138e+09
1.752582481508313179e+09
1.752582481514804840e+09
1.752582481519340038e+09
1.752582481523205996e+09
1.752582481529283524e+09
1.752582481532642603e+09
1.752582481538897753e+09
1.752582481544697046e+09
1.752582481548245192e+09
1.752582481552999735e+09
1.752582481558922768e+09
1.752582481564677238e+09
1.752582481568796873e+09
1.752582481574526548e+09
1.752582481579483509e+09
1.752582481585188627e+09
1.752582481589220047e+09
1.752582481592825651e+09
1.752582481599172115e+09
1.752582481604883432e+09
1.752582481609548330e+09
1.752582481613462210e+09
1.752582481618431807e+09
1.752582481625757456e+09
1.752582481629238367e+09
1.752582481634650469e+09
1.752582481639099121e+09
1.752582481645003796e+09
1.752582481649040699e+09
1.752582481655029535e+09
1.752582481658319950e+09
1.752582481664470673e+09
1.752582481669509411e+09
1.752582481673021078e+09
1.752582481678992748e+09
1.752582481683502436e+09
1.752582481689194918e+09
1.752582481692742348e+09
1.752582481698862076e+09
1.752582481704653740e+09
1.752582481709077597e+09
1.752582481712616920e+09
1.752582481718904495e+09
1.752582481724786758e+09
1.752582481729236364e+09
1.752582481732828617e+09
1.752582481738656282e+09
1.752582481745161533e+09
1.752582481749173641e+09
1.752582481755324125e+09
1.752582481759275436e+09
1.752582481765246153e+09
1.752582481769516706e+09
1.752582481774683475e+09
1.752582481779012203e+09
1.752582481784875631e+09
1.752582481788332701e+09
1.752582481794467926e+09
1.752582481798387766e+09
1.752582481808625460e+09
1.752582481814563990e+09
1.752582481819105625e+09
1.752582481823242188e+09
1.752582481828990459e+09
1.752582481835070372e+09
1.752582481838605165e+09
1.752582481843206167e+09
1.752582481849234104e+09
1.752582481854480028e+09
1.752582481859321117e+09
1.752582481865135908e+09
1.752582481869178534e+09
1.752582481874561071e+09
1.752582481879048586e+09
1.752582481884893179e+09
1.752582481889408350e+09
1.752582481893376827e+09
1.752582481899012327e+09
1.752582481905009747e+09
1.752582481909218788e+09
1.752582481914521933e+09
1.752582481919227839e+09
1.752582481924955606e+09
1.752582481929136753e+09
1.752582481934650421e+09
1.752582481938852310e+09
1.752582481944687366e+09
1.752582481948437452e+09
1.752582481954935789e+09
1.752582481959910870e+09
1.752582481963451624e+09
1.752582481968337774e+09
1.752582481974275827e+09
1.752582481979193926e+09
1.752582481985251427e+09
1.752582481989089727e+09
1.752582481994486332e+09
1.752582481999090433e+09
1.752582482005064964e+09
1.752582482008342505e+09
1.752582482015265226e+09
1.752582482018346786e+09
1.752582482024371862e+09
1.752582482030817032e+09
1.752582482032812834e+09
1.752582482038417816e+09
1.752582482045591831e+09
1.752582482048852205e+09
1.752582482054358959e+09
1.752582482059387445e+09
1.752582482065112591e+09
1.752582482069589138e+09
1.752582482072876215e+09
1.752582482079018593e+09
1.752582482084762096e+09
1.752582482089447975e+09
1.752582482094354868e+09
1.752582482098487854e+09
1.752582482105765343e+09
1.752582482109306574e+09
1.752582482112694502e+09
1.752582482118348598e+09
1.752582482124818087e+09
1.752582482129152775e+09
1.752582482134716988e+09
1.752582482138332129e+09
1.752582482145044804e+09
1.752582482148893595e+09
1.752582482154488087e+09
1.752582482158462286e+09
1.752582482164768696e+09
1.752582482169676542e+09
1.752582482172746658e+09
1.752582482179415703e+09
1.752582482184515953e+09
1.752582482188382626e+09
1.752582482193186045e+09
1.752582482200095654e+09
1.752582482204495668e+09
1.752582482208292246e+09
1.752582482214446545e+09
1.752582482218380213e+09
1.752582482223470688e+09
1.752582482228991985e+09
1.752582482234888792e+09
1.752582482239228487e+09
1.752582482243985415e+09
1.752582482249108553e+09
1.752582482254856586e+09
1.752582482258945942e+09
1.752582482264876604e+09
1.752582482268244743e+09
1.752582482274506807e+09
1.752582482278302193e+09
1.752582482285152435e+09
1.752582482289414644e+09
1.752582482294397354e+09
1.752582482298297644e+09
1.752582482304872274e+09
1.752582482309662104e+09
1.752582482314500093e+09
1.752582482318645954e+09
1.752582482325042009e+09
1.752582482329128742e+09
1.752582482334589720e+09
1.752582482339133024e+09
1.752582482344997406e+09
1.752582482349161148e+09
1.752582482354508638e+09
1.752582482358995199e+09
1.752582482363290548e+09
1.752582482369764566e+09
1.752582482373988390e+09
1.752582482378296852e+09
1.752582482383444071e+09
1.752582482389582157e+09
1.752582482392593384e+09
1.752582482398258209e+09
1.752582482404840469e+09
1.752582482408362150e+09
1.752582482412579536e+09
1.752582482419233084e+09
1.752582482424882889e+09
1.752582482428863287e+09
1.752582482432566881e+09
1.752582482439504623e+09
1.752582482445060253e+09
1.752582482450510740e+09
1.752582482454741001e+09
1.752582482458266020e+09
1.752582482465010405e+09
1.752582482469344854e+09
1.752582482472963810e+09
1.752582482479677439e+09
1.752582482484933615e+09
1.752582482489065647e+09
1.752582482494820833e+09
1.752582482499337673e+09
1.752582482505271196e+09
1.752582482508494854e+09
1.752582482514786482e+09
1.752582482519132853e+09
1.752582482523246765e+09
