8.711634004923581864e-01 2.967052412875845202e-01 3.516615783507645032e-01
8.711580593775655190e-01 2.967116220946213745e-01 3.516689491220940100e-01
8.711782454827626809e-01 2.967155267010144204e-01 3.516972325551898093e-01
8.711729163110049079e-01 2.967166060373925829e-01 3.517057684127405937e-01
8.711126771129816815e-01 2.967568199788356287e-01 3.517027668518245553e-01
8.711126771129816815e-01 2.967568199788356287e-01 3.517027668518245553e-01
8.709517027473085982e-01 2.969377589898725134e-01 3.518320570538974179e-01
8.707802256964605192e-01 2.971765330711724773e-01 3.522772868533331492e-01
8.703453582370781483e-01 2.973254887956326420e-01 3.531452026661834331e-01
8.703453582370781483e-01 2.973254887956326420e-01 3.531452026661834331e-01
8.700252620125410452e-01 2.973679885124071443e-01 3.536742053001654673e-01
8.686698525879620325e-01 2.973756985969128741e-01 3.552002807203341606e-01
8.681630366251463782e-01 2.973948573834932496e-01 3.556877134580113120e-01
8.673826849431147679e-01 2.973370651934167941e-01 3.562460735980851334e-01
8.670355182406132011e-01 2.972262362774369393e-01 3.565940025786490386e-01
8.666892739162298520e-01 2.971265002627189178e-01 3.568525168545381154e-01
8.658176464652861393e-01 2.968630590866416785e-01 3.571954139755277868e-01
8.648417312788438949e-01 2.966480706333825546e-01 3.574172876171145541e-01
8.643534885836038351e-01 2.964811676172647292e-01 3.575376915496049079e-01
8.643534885836038351e-01 2.964811676172647292e-01 3.575376915496049079e-01
8.638483546981884365e-01 2.962908722672450978e-01 3.576776934339350733e-01
8.620487412508964775e-01 2.957408627801405010e-01 3.579670481573081764e-01
8.620487412508964775e-01 2.957408627801405010e-01 3.579670481573081764e-01
8.610830816880000738e-01 2.954386617497490874e-01 3.581072871672225100e-01
8.597832091028214663e-01 2.950496455668747964e-01 3.582650638228948026e-01
8.583605821399883373e-01 2.948065558831602373e-01 3.583948693404072072e-01
8.554327514958112166e-01 2.944126775301221244e-01 3.586175839052259118e-01
8.543522570240584812e-01 2.942360970660365393e-01 3.587094085264576071e-01
8.535330068338818910e-01 2.940806993230427047e-01 3.587749542684702808e-01
8.526472728309348881e-01 2.939474527514331359e-01 3.588345048408976279e-01
8.514463201394358860e-01 2.937567278337878673e-01 3.589220110981646839e-01
8.489781384957281185e-01 2.934173227499295433e-01 3.592340579834456538e-01
8.470972406496427576e-01 2.931927298832506246e-01 3.595693711936488457e-01
8.450205008001804297e-01 2.930610200132189314e-01 3.599183172039428502e-01
8.439704990941513385e-01 2.929095946940727391e-01 3.601526242328184635e-01
8.418701870407944154e-01 2.926685016079987878e-01 3.605757890761004392e-01
8.408005132581184426e-01 2.926209026848220485e-01 3.607997661742246009e-01
8.386964286904889931e-01 2.923968613612584200e-01 3.612190971001260076e-01
8.386964286904889931e-01 2.923968613612584200e-01 3.612190971001260076e-01
8.376331861221389952e-01 2.923106503907734743e-01 3.614045838319736026e-01
8.343609715526875137e-01 2.921986769096624470e-01 3.619276574685167391e-01
8.325203316411430299e-01 2.921308643927362780e-01 3.621895940881846299e-01
8.289064725329038374e-01 2.921449656273567563e-01 3.627456406333754435e-01
8.289064725329038374e-01 2.921449656273567563e-01 3.627456406333754435e-01
8.266942950792278699e-01 2.920812646146725977e-01 3.630257906656596534e-01
8.246864353142702164e-01 2.921270483131401252e-01 3.631986620495138984e-01
8.226515665896149132e-01 2.921426645522443022e-01 3.634055972757921360e-01
8.226515665896149132e-01 2.921426645522443022e-01 3.634055972757921360e-01
8.226515665896149132e-01 2.921426645522443022e-01 3.634055972757921360e-01
8.201353808737948947e-01 2.923302959685988855e-01 3.636504563564080250e-01
8.169974190887413501e-01 2.925115615514501943e-01 3.638920971381472969e-01
8.160990530297874690e-01 2.925911712983575996e-01 3.640029061690678303e-01
8.141997837854925146e-01 2.928344000961617399e-01 3.642056092095015130e-01
8.124289804247909474e-01 2.929610649075312101e-01 3.644331504309897829e-01
8.115494372666548495e-01 2.929991006625111694e-01 3.645755231620299019e-01
8.095993772082318296e-01 2.930834945196037489e-01 3.649456233001258099e-01
8.076185701394363869e-01 2.931677317360383284e-01 3.653808259635574762e-01
8.076185701394363869e-01 2.931677317360383284e-01 3.653808259635574762e-01
8.066990750468976401e-01 2.932288292598648760e-01 3.656362245913760134e-01
8.054736230104193595e-01 2.933732033037511067e-01 3.659647907953714752e-01
8.026832105544591256e-01 2.936585491184058316e-01 3.666670149363303599e-01
8.015798244486779245e-01 2.938052969183923557e-01 3.669450955499158340e-01
7.989446079392020783e-01 2.943926807848386562e-01 3.675470017909987508e-01
7.966110639548035222e-01 2.949760871031933962e-01 3.680760756499157349e-01
7.945826820244672462e-01 2.955297579737248825e-01 3.684741650614657971e-01
7.935482416520960314e-01 2.958555337503499527e-01 3.686773728462767741e-01
7.925997969211620031e-01 2.962323548463259293e-01 3.689715929734327382e-01
7.916056814470158187e-01 2.965647788123919049e-01 3.691649830945340494e-01
7.886068063613090873e-01 2.976643234592167286e-01 3.697130569806857947e-01
7.876545363495365271e-01 2.979823359195807320e-01 3.698638448746978113e-01
7.866225302719819235e-01 2.983062267997897976e-01 3.700122243533474631e-01
7.853092582141939504e-01 2.987625966536811561e-01 3.702309400522655336e-01
7.853092582141939504e-01 2.987625966536811561e-01 3.702309400522655336e-01
7.853092582141939504e-01 2.987625966536811561e-01 3.702309400522655336e-01
7.814614342876824438e-01 3.001643381786295861e-01 3.708365897857659466e-01
7.814614342876824438e-01 3.001643381786295861e-01 3.708365897857659466e-01
7.768651252637656102e-01 3.016449562552499519e-01 3.713847681340896045e-01
7.754572051337844663e-01 3.021186360893625689e-01 3.714982440708786138e-01
7.724386496214566966e-01 3.031405707675434158e-01 3.717186758175240469e-01
7.709409122588907204e-01 3.036377360177709428e-01 3.717728364083487946e-01
7.685289085061506320e-01 3.045588717108300147e-01 3.716886267533247024e-01
7.666037312644178314e-01 3.054080500606140558e-01 3.714173374891772683e-01
7.655201272425123937e-01 3.057438794079481714e-01 3.713683146016705239e-01
7.632687385003734670e-01 3.064540225089755210e-01 3.712474899704695241e-01
7.622116427907471570e-01 3.068569531925215421e-01 3.711617259320681983e-01
7.601546270023126217e-01 3.075392090964927938e-01 3.709773082009736322e-01
7.591263758198527611e-01 3.078294271007318006e-01 3.708704160206046652e-01
7.572627535832379131e-01 3.083320929446763392e-01 3.707496920249438999e-01
7.553190837675886060e-01 3.087738628613813652e-01 3.706476745870022071e-01
7.553190837675886060e-01 3.087738628613813652e-01 3.706476745870022071e-01
7.543305985113292200e-01 3.090105814993877043e-01 3.706472899309632973e-01
7.527438014282038514e-01 3.093174118562623254e-01 3.706211659349730736e-01
7.512078456174883234e-01 3.096128577847123142e-01 3.705401033370311348e-01
7.486086330143656431e-01 3.100828895636901783e-01 3.703684567396697824e-01
7.486086330143656431e-01 3.100828895636901783e-01 3.703684567396697824e-01
7.462621843807767386e-01 3.103436994623632872e-01 3.703200511330967393e-01
7.425537940871235199e-01 3.108151128960364162e-01 3.700607014250256732e-01
7.414503774814645842e-01 3.109263544988984385e-01 3.699065120802044193e-01
7.403793929210168434e-01 3.110380501597562186e-01 3.697399464852898499e-01
7.394205034172166568e-01 3.111595676577694758e-01 3.696011096022284725e-01
7.371581386514453049e-01 3.112891485492421673e-01 3.694426867137015069e-01
7.357133606382223467e-01 3.113679227402113558e-01 3.693333452686660134e-01
7.343451990406855145e-01 3.113712700248786325e-01 3.691990711937906955e-01
7.321442598650542699e-01 3.114451049808698024e-01 3.690112446970129634e-01
7.299276470254013605e-01 3.114190831901977874e-01 3.688571761975518726e-01
7.276556865864671764e-01 3.113804276728920906e-01 3.687787399236119867e-01
7.264906927472055687e-01 3.113595106040796257e-01 3.686901930504145053e-01
7.241072870970702846e-01 3.112269736045254476e-01 3.685077242982197632e-01
7.229230321475846877e-01 3.111617231512973647e-01 3.684402837553601984e-01
7.229230321475846877e-01 3.111617231512973647e-01 3.684402837553601984e-01
7.200283494189646527e-01 3.109821582897604464e-01 3.682304322017896370e-01
7.166111744456650223e-01 3.108225157152315066e-01 3.680592376586436787e-01
7.140541859040633321e-01 3.106194883095010906e-01 3.679786809938280223e-01
7.127405319650629290e-01 3.105298019804632603e-01 3.678765982571844395e-01
7.101110974601471115e-01 3.103224447835604138e-01 3.676224742962663772e-01
7.075563987818663803e-01 3.101732907106680703e-01 3.674890003843526154e-01
7.047767776870325074e-01 3.099222260639259985e-01 3.674594825741356319e-01
7.047767776870325074e-01 3.099222260639259985e-01 3.674594825741356319e-01
7.032168841037268470e-01 3.097611915776277702e-01 3.674255160502256645e-01
7.018870030441505259e-01 3.096140731967896853e-01 3.673586009756865112e-01
6.971481857206228705e-01 3.093889292285887382e-01 3.670850783288571728e-01
6.947398888377122050e-01 3.092761467958218824e-01 3.670412980376974721e-01
6.920122015416948491e-01 3.091481490271306698e-01 3.670145758849970852e-01
6.905820170899716892e-01 3.091056474933210896e-01 3.669123965851281977e-01
6.891902444437841835e-01 3.090535357643656167e-01 3.668248472238347935e-01
6.860666473957071076e-01 3.089132458298483042e-01 3.666057983116501884e-01
6.824441529483841196e-01 3.088199428261595436e-01 3.664473111521030502e-01
6.824441529483841196e-01 3.088199428261595436e-01 3.664473111521030502e-01
6.824441529483841196e-01 3.088199428261595436e-01 3.664473111521030502e-01
6.810662830160413295e-01 3.087759530088073356e-01 3.663543276005353233e-01
6.789642904846099336e-01 3.086921417312193383e-01 3.662087965945254320e-01
6.739712317193475855e-01 3.085142702501863510e-01 3.660086940385246512e-01
6.710940573034762657e-01 3.084250783725507872e-01 3.659144780544382192e-01
6.698944745255280830e-01 3.083925354253143625e-01 3.658795933380628584e-01
6.698944745255280830e-01 3.083925354253143625e-01 3.658795933380628584e-01
6.673335301709105716e-01 3.083500090455182918e-01 3.657764665340111909e-01
6.635330724351163889e-01 3.083056038664750975e-01 3.654077478720959560e-01
6.635330724351163889e-01 3.083056038664750975e-01 3.654077478720959560e-01
6.624310403731666907e-01 3.083876391244204096e-01 3.653319574030223782e-01
6.610251268105998834e-01 3.084707566259478617e-01 3.652522973796291650e-01
6.577364250482465868e-01 3.087702924643065949e-01 3.650304936832113878e-01
6.553459466838007508e-01 3.091668401963530433e-01 3.647860444287721604e-01
6.534231475515546173e-01 3.094626266725863384e-01 3.646397722449493672e-01
6.524856211437241038e-01 3.096388317670509260e-01 3.645877237701916629e-01
6.514716244501038700e-01 3.098193016644298914e-01 3.645793010237937670e-01
6.493743914534154671e-01 3.102616022450241373e-01 3.645370908971446999e-01
6.483736331721369206e-01 3.104951982234764318e-01 3.645678702551236050e-01
6.474073781826664709e-01 3.107306993876194912e-01 3.646151198921945280e-01
6.453766785929040406e-01 3.111603840869488491e-01 3.646807314634875619e-01
6.453766785929040406e-01 3.111603840869488491e-01 3.646807314634875619e-01
6.439480444600972353e-01 3.114738850297238404e-01 3.647079068383414224e-01
6.426064424258163266e-01 3.118032409072218347e-01 3.647259178424594461e-01
6.387084245093581636e-01 3.127546285047968500e-01 3.648512003786830160e-01
6.369079251973677192e-01 3.131918642386511409e-01 3.649543566132732453e-01
6.358018714960248507e-01 3.134532445262519507e-01 3.650266665114465514e-01
6.343090705833767107e-01 3.138077920007384392e-01 3.651512783872381540e-01
6.303107634703030149e-01 3.149140907410779011e-01 3.654057700914392637e-01
6.292419305317188405e-01 3.152796634486578209e-01 3.654169539446875392e-01
6.270129828491507462e-01 3.159118339381885576e-01 3.656101185384115215e-01
6.258853036982828799e-01 3.161921260874974160e-01 3.657626869107476475e-01
6.246834109406005364e-01 3.165661541981337757e-01 3.658614613229365098e-01
6.235809793061021233e-01 3.168915985489668130e-01 3.659279390111237484e-01
6.214077853437460774e-01 3.175353200236467055e-01 3.659851488231115058e-01
6.192596597178341433e-01 3.181904978725513811e-01 3.659090080357525476e-01
6.171895165104600567e-01 3.189276534009612973e-01 3.657488226674584508e-01
6.150573636243161779e-01 3.196951987198550227e-01 3.654837968282486083e-01
6.128208083117608895e-01 3.203684203262527341e-01 3.652111532934559923e-01
6.117488688126195839e-01 3.206849328735354443e-01 3.650223109664496590e-01
6.117488688126195839e-01 3.206849328735354443e-01 3.650223109664496590e-01
6.117488688126195839e-01 3.206849328735354443e-01 3.650223109664496590e-01
6.085410517344734815e-01 3.217629711551040494e-01 3.642701474206916368e-01
6.062629208368938150e-01 3.225867416594231929e-01 3.638076821100423297e-01
6.028137823486298119e-01 3.236455182567691824e-01 3.633390442436350565e-01
6.016650569070698396e-01 3.239528414084892893e-01 3.631850498945390360e-01
5.993011602136467664e-01 3.246929396257002831e-01 3.628508717952897422e-01
5.981687543958958964e-01 3.250466550324660475e-01 3.627411144769832063e-01
5.958618172940725044e-01 3.256849475232082569e-01 3.624803646276574254e-01
5.947464994065104760e-01 3.259994288742570911e-01 3.623620345898118655e-01
5.926896867773213673e-01 3.266474318931980036e-01 3.622497018446720896e-01
5.926896867773213673e-01 3.266474318931980036e-01 3.622497018446720896e-01
5.898295150419256005e-01 3.274230547249206702e-01 3.623069134736844887e-01
5.879414354386618413e-01 3.278686989359507198e-01 3.623606209097663955e-01
5.851124573060568768e-01 3.285254952893021940e-01 3.624302034546562634e-01
5.829680207213699950e-01 3.290880458203768177e-01 3.624182985255721690e-01
5.819074508107869859e-01 3.293323074560515207e-01 3.623662010354161689e-01
5.798580897735287065e-01 3.297578929388485514e-01 3.623227955161242297e-01
5.776887425799702713e-01 3.302064493432546599e-01 3.622496810341203632e-01
5.765323183900936677e-01 3.304338641314554237e-01 3.621567761554791431e-01
5.754234193466933878e-01 3.306717854804654966e-01 3.620820502400521335e-01
5.754234193466933878e-01 3.306717854804654966e-01 3.620820502400521335e-01
5.743076674294739226e-01 3.308836051780330023e-01 3.620179163177702497e-01
5.705113273953332786e-01 3.316612875978943165e-01 3.617790458323052460e-01
5.662167352450880875e-01 3.324992019299289336e-01 3.614066694619361142e-01
5.650480888081532704e-01 3.327846078475142910e-01 3.613376878379138679e-01
5.638748393555350624e-01 3.330186103150851729e-01 3.612595576651392859e-01
5.638748393555350624e-01 3.330186103150851729e-01 3.612595576651392859e-01
5.610767322615276553e-01 3.335453499316108350e-01 3.610341790396506267e-01
5.594253196135657857e-01 3.338659412240899127e-01 3.608912183914936289e-01
5.594253196135657857e-01 3.338659412240899127e-01 3.608912183914936289e-01
5.548494412344513460e-01 3.347405086795683382e-01 3.606221700492373561e-01
5.515457522227166232e-01 3.354494988632084618e-01 3.604580957470749913e-01
5.489768484201714704e-01 3.358907570886539573e-01 3.602687894359711818e-01
5.489768484201714704e-01 3.358907570886539573e-01 3.602687894359711818e-01
5.460032553868398031e-01 3.364662146529062703e-01 3.600574719686239211e-01
5.425594847236742124e-01 3.371914037701554956e-01 3.597449718266706453e-01
5.413879632555372856e-01 3.375533731968071716e-01 3.596595277885837882e-01
5.389393261009062241e-01 3.381382888859574276e-01 3.595105175210114856e-01
5.389393261009062241e-01 3.381382888859574276e-01 3.595105175210114856e-01
5.389393261009062241e-01 3.381382888859574276e-01 3.595105175210114856e-01
5.376273349965136061e-01 3.383551498562820670e-01 3.594402900939470680e-01
5.316569786322405955e-01 3.396160063891000003e-01 3.590201225105965621e-01
5.316569786322405955e-01 3.396160063891000003e-01 3.590201225105965621e-01
5.287022088958673871e-01 3.401622589455772228e-01 3.588257794865268302e-01
5.275463787765245494e-01 3.404088281538378280e-01 3.587089233700977431e-01
5.241712089498272720e-01 3.410863824797430444e-01 3.582754709286836148e-01
5.241712089498272720e-01 3.410863824797430444e-01 3.582754709286836148e-01
5.224490559300000170e-01 3.413768091080133793e-01 3.580753437148039842e-01
5.224490559300000170e-01 3.413768091080133793e-01 3.580753437148039842e-01
5.196249002033827002e-01 3.419191440486793465e-01 3.576365051670352679e-01
5.139903843408754058e-01 3.429771185412986978e-01 3.566063003928739983e-01
5.127500505500272032e-01 3.431954579698530683e-01 3.563583491412527504e-01
5.111095342017182297e-01 3.435110070897812728e-01 3.560236455934907562e-01
5.094636790993186670e-01 3.438081380871045312e-01 3.556800486043963927e-01
5.094636790993186670e-01 3.438081380871045312e-01 3.556800486043963927e-01
5.047967156794258559e-01 3.446946295867192589e-01 3.548195923999548640e-01
5.024879170296058239e-01 3.451211642641584532e-01 3.544586493940272698e-01
5.010189181221756938e-01 3.453491309548371024e-01 3.542674912487263628e-01
4.999371749216082184e-01 3.455460162301537963e-01 3.541181045027481655e-01
4.976871567616805159e-01 3.459128561192750806e-01 3.538088667455615566e-01
4.965596918774833335e-01 3.461811897553457307e-01 3.535928156190365490e-01
4.955229729984910736e-01 3.463497776521419769e-01 3.534808755148147741e-01
4.929170951383681221e-01 3.467137838321086574e-01 3.533385274190623537e-01
4.912115148485105554e-01 3.469002419542188131e-01 3.532455440917829925e-01
4.886491816359750939e-01 3.472870554941520638e-01 3.531824748791598800e-01
4.869914862066611616e-01 3.478035501505634675e-01 3.529525500445548358e-01
4.861648316938695369e-01 3.480282490481190760e-01 3.527917463801398812e-01
4.853857229704399145e-01 3.482931779806039962e-01 3.527217168765657274e-01
4.835465464589854823e-01 3.486082632511641743e-01 3.527333753502625013e-01
4.826638180380820597e-01 3.487146090694970835e-01 3.527566189453866796e-01
4.808651858502789866e-01 3.490702577968018416e-01 3.528263670874094426e-01
4.808651858502789866e-01 3.490702577968018416e-01 3.528263670874094426e-01
4.786940121636560908e-01 3.495371660355288124e-01 3.529072112410971407e-01
4.761282122785434612e-01 3.501742494305064013e-01 3.529298938436797872e-01
4.751801361293978565e-01 3.504580678792471038e-01 3.529806955370050625e-01
4.732531244233402767e-01 3.510455136830031297e-01 3.530564977324806009e-01
4.722202190336305949e-01 3.513361434885101109e-01 3.530591211580164090e-01
4.712046939755827890e-01 3.516386061751997083e-01 3.530892660850288856e-01
4.691571064522135903e-01 3.522436477302983149e-01 3.531517448364928091e-01
4.658370402155862511e-01 3.531523693915675222e-01 3.533465846826852053e-01
4.647064385315375912e-01 3.534186103988645189e-01 3.534242808196925711e-01
4.623035056148193100e-01 3.540547916966466091e-01 3.536603426676111495e-01
4.611185171275788974e-01 3.543940017794584563e-01 3.537828386153671900e-01
4.586555840550162189e-01 3.550775190084552446e-01 3.541478782317940555e-01
4.574080260728326519e-01 3.553824068120619017e-01 3.543734988117778206e-01
4.557120279001138363e-01 3.558133837283173340e-01 3.546549669218044265e-01
4.522808392848818304e-01 3.567088745323940269e-01 3.551876600041575793e-01
4.509214005329534314e-01 3.569749677175582669e-01 3.553705095143094850e-01
4.496288258103212088e-01 3.572612019697389285e-01 3.555027649902754439e-01
4.470989445294127340e-01 3.579323853475286366e-01 3.558242043848806047e-01
4.443981684145978384e-01 3.584595674062550086e-01 3.560021465152091169e-01
4.430427061952439960e-01 3.587727583335695858e-01 3.561020705413824317e-01
4.404010090693030732e-01 3.594395454861034067e-01 3.562162612312794741e-01
4.390769086400970189e-01 3.597549074014088633e-01 3.562070330796142104e-01
4.364667430231750078e-01 3.603721664221004595e-01 3.561521484778611413e-01
4.337656311104458595e-01 3.611423791739061251e-01 3.559106831326710463e-01
4.311327682883724921e-01 3.618274625114110687e-01 3.556560215687389892e-01
4.298608413096648984e-01 3.621754690575310076e-01 3.555200893415633168e-01
4.272018604100229489e-01 3.629828229323338040e-01 3.551303125449907228e-01
4.258473923325323263e-01 3.633544228236851303e-01 3.549476022368568406e-01
4.241046964085843363e-01 3.638695470329663118e-01 3.546299261523432333e-01
4.206447875575645146e-01 3.649195507076116729e-01 3.541394199869659642e-01
4.192478440139443818e-01 3.652864778816493629e-01 3.539957902134182044e-01
4.166778114818268097e-01 3.661005298167321897e-01 3.537363894743656978e-01
4.141325890733293380e-01 3.668380455914304061e-01 3.534786941938383720e-01
4.127847147033936182e-01 3.671625076287159950e-01 3.533441113471387229e-01
4.101524692708637398e-01 3.678181959688033298e-01 3.532326075452048020e-01
4.101524692708637398e-01 3.678181959688033298e-01 3.532326075452048020e-01
4.088540423765774090e-01 3.681226230909064867e-01 3.531475373209563839e-01
4.071229102748073481e-01 3.685512886447090963e-01 3.530048684092008671e-01
4.049453275948149966e-01 3.690851154073535034e-01 3.528122140861796874e-01
4.010308170409349060e-01 3.700390568347611264e-01 3.524850972305340058e-01
3.970308101510200416e-01 3.709577817918243703e-01 3.521012740219842119e-01
3.956523039731303926e-01 3.712535001549768787e-01 3.520225405766909121e-01
3.943099883114586368e-01 3.715870639151976906e-01 3.518611539899861862e-01
3.903421881681066741e-01 3.726975664816887801e-01 3.515935817806058461e-01
3.890142380831952962e-01 3.731040061472385427e-01 3.514917810695720179e-01
3.862889984538230848e-01 3.737676604737488195e-01 3.513686736036926161e-01
3.849525517750425618e-01 3.741049739784323425e-01 3.513073156004337116e-01
3.849525517750425618e-01 3.741049739784323425e-01 3.513073156004337116e-01
3.836500437701390598e-01 3.745098147845378200e-01 3.512829475297118975e-01
3.792295057747639420e-01 3.756552354393687954e-01 3.511048717444889000e-01
3.770200166173214851e-01 3.762216570155376694e-01 3.510013995157924560e-01
3.743788915105226711e-01 3.769216268707734074e-01 3.508180737403953087e-01
3.716754433190589957e-01 3.775592704151725099e-01 3.505857970059055306e-01
3.716754433190589957e-01 3.775592704151725099e-01 3.505857970059055306e-01
3.688951130634039455e-01 3.782411601624380282e-01 3.505304286626733656e-01
3.661794405585005463e-01 3.789231605348372667e-01 3.504139279371131233e-01
3.648186951924244359e-01 3.792761157531661098e-01 3.503305703010424210e-01
3.634732970475042513e-01 3.796174235987836432e-01 3.502542754849521378e-01
3.598133469598756018e-01 3.804836540243485277e-01 3.499826204657925377e-01
3.565693756656351243e-01 3.812768782445637439e-01 3.497425526425229636e-01
3.537817325733036422e-01 3.819264530355493403e-01 3.493571430979430792e-01
3.524224850911960583e-01 3.822175417646130335e-01 3.492018423876257494e-01
3.510264433067247225e-01 3.825490087656546190e-01 3.492015532767306363e-01
3.467113460643657663e-01 3.835633870312799565e-01 3.488674202715227324e-01
3.452675411898190050e-01 3.839328614233978865e-01 3.487153159570987038e-01
3.423871363267909085e-01 3.846481877031175389e-01 3.485288148891624305e-01
3.409528126213876575e-01 3.849099797834654169e-01 3.484291576173191851e-01
3.381893506076066314e-01 3.854822035008911296e-01 3.482373062097642302e-01
3.354412827039094935e-01 3.861049244587653195e-01 3.479673981708931718e-01
3.354412827039094935e-01 3.861049244587653195e-01 3.479673981708931718e-01
3.321819228743491670e-01 3.867998308616675818e-01 3.476483277449974318e-01
3.303457904366750575e-01 3.871248907174142384e-01 3.475152739987052986e-01
3.285253461966721189e-01 3.874833213938643772e-01 3.473277367973001128e-01
3.272283419920121728e-01 3.877378101562156121e-01 3.472054413542229323e-01
3.232670610778042852e-01 3.884675342419916522e-01 3.466798035964919755e-01
3.206827236499538158e-01 3.888538481306118566e-01 3.464081569156753915e-01
3.194251941682684781e-01 3.890267359169885530e-01 3.462640436483220840e-01
3.170582104084143649e-01 3.893697833018108234e-01 3.460266288391907752e-01
3.159132864761468595e-01 3.894988708574404490e-01 3.459190983333377822e-01
3.146968754262410850e-01 3.895966439173920715e-01 3.457741676368581984e-01
3.146968754262410850e-01 3.895966439173920715e-01 3.457741676368581984e-01
3.112868020047157569e-01 3.899573196641965001e-01 3.455396193723977438e-01
3.112868020047157569e-01 3.899573196641965001e-01 3.455396193723977438e-01
3.076822876439245791e-01 3.903165220264102619e-01 3.454082146186786551e-01
3.048393989740290633e-01 3.906223309873724236e-01 3.454144129903445881e-01
3.037293422722111003e-01 3.906796440518052749e-01 3.454757906922391042e-01
3.026307089096945124e-01 3.908074693124754528e-01 3.455172569525507553e-01
3.004419012193089156e-01 3.911480831864929120e-01 3.456985387265359977e-01
2.980870532980289256e-01 3.915503053845119097e-01 3.459015249304703277e-01
2.980870532980289256e-01 3.915503053845119097e-01 3.459015249304703277e-01
2.950703415679132302e-01 3.921815089478486449e-01 3.463572620990220674e-01
2.923751629174555222e-01 3.929112184501797889e-01 3.468853680385924898e-01
2.901134712155158391e-01 3.936150672603517808e-01 3.474711853657042049e-01
2.878491246045258856e-01 3.943655741148029414e-01 3.479563387648224593e-01
2.867739151138207210e-01 3.946924376249955624e-01 3.481772983698099289e-01
2.855615190185715746e-01 3.950574710477554596e-01 3.483356306863804042e-01
2.824571317967385919e-01 3.960831599715876616e-01 3.487794683720816247e-01
2.824571317967385919e-01 3.960831599715876616e-01 3.487794683720816247e-01
2.798850686615307337e-01 3.968702168581597078e-01 3.492726436598300177e-01
2.774712075680265122e-01 3.974678237648657242e-01 3.496903501267039083e-01
2.763172986166469447e-01 3.977388705982639050e-01 3.498735658905588464e-01
2.739852291478705459e-01 3.982274365064908950e-01 3.502422274009048264e-01
2.727521138291520431e-01 3.984517731974941412e-01 3.503782118744015461e-01
2.716167117462235936e-01 3.986308822619484271e-01 3.505316677009967519e-01
2.703639425053300793e-01 3.987917649947355092e-01 3.507338249670916008e-01
2.687425536390297132e-01 3.990539610391422021e-01 3.509458218761011272e-01
2.641792314953597121e-01 3.997908631875610186e-01 3.513355112157602322e-01
2.641792314953597121e-01 3.997908631875610186e-01 3.513355112157602322e-01
2.612995647094211726e-01 4.002699688156427515e-01 3.515572416826846514e-01
2.579097867913874853e-01 4.008701021548420340e-01 3.515676721243330416e-01
2.553005350354226599e-01 4.014341366166038760e-01 3.514493586119804558e-01
2.526899724641029077e-01 4.020946708556633609e-01 3.513853215333423430e-01
2.514236255134816855e-01 4.024506162799707520e-01 3.513457623526242690e-01
2.501096724040557939e-01 4.028125993022047546e-01 3.512909602747794624e-01
2.474325966680745170e-01 4.035910118484918319e-01 3.511429844841126302e-01
2.447269965830478622e-01 4.044424938705302175e-01 3.510458451009557113e-01
2.433697384312773215e-01 4.048431277338691570e-01 3.509943328473610347e-01
2.433697384312773215e-01 4.048431277338691570e-01 3.509943328473610347e-01
2.433697384312773215e-01 4.048431277338691570e-01 3.509943328473610347e-01
2.398749795271024610e-01 4.059644943572457976e-01 3.509542405618440997e-01
2.376892601841827102e-01 4.066652635200917465e-01 3.510085489393118818e-01
2.341977174989930965e-01 4.076765899346028732e-01 3.512070679623707781e-01
2.317373943263290881e-01 4.083343710570181417e-01 3.514527099117162878e-01
2.293183978289971003e-01 4.089255214255747006e-01 3.516439077946093006e-01
2.256055643369794250e-01 4.098746422754993568e-01 3.520982908792212873e-01
2.256055643369794250e-01 4.098746422754993568e-01 3.520982908792212873e-01
2.243520889249275008e-01 4.101871762025209311e-01 3.522337187826550808e-01
2.219051054277229318e-01 4.107681277637502126e-01 3.526191910821144804e-01
2.207371551493040596e-01 4.110506820275490747e-01 3.528325929557926122e-01
2.175120397307447606e-01 4.118295708019232282e-01 3.532959102276663765e-01
2.158659358656552507e-01 4.122216602498847138e-01 3.535504275625830362e-01
2.146385162830315163e-01 4.125034803137752615e-01 3.537875827966369124e-01
2.121370359031840014e-01 4.130898688418052633e-01 3.542742799620275385e-01
2.108504799972460708e-01 4.134108611063551098e-01 3.544954023645922048e-01
2.084024769747201411e-01 4.140057460215176288e-01 3.549351935797203650e-01
2.054203974231835483e-01 4.146628610918277613e-01 3.552284494537764070e-01
2.054203974231835483e-01 4.146628610918277613e-01 3.552284494537764070e-01
2.007944576570525053e-01 4.155798433629020461e-01 3.560092043400525652e-01
2.007944576570525053e-01 4.155798433629020461e-01 3.560092043400525652e-01
1.995295270023910994e-01 4.158265650964622639e-01 3.561846885859143441e-01
1.961159392741282648e-01 4.164100039546210219e-01 3.565790521732793428e-01
1.931751242160234805e-01 4.168938246326068797e-01 3.568947904500919810e-01
1.905632426805087543e-01 4.173153658457116055e-01 3.570938365530865743e-01
1.878755335319392261e-01 4.176915252302212944e-01 3.572040616228060461e-01
1.865302311143824665e-01 4.178670505728233064e-01 3.573262740225445766e-01
1.851872883342460530e-01 4.180756064607527023e-01 3.574603840983775482e-01
1.838957253606613718e-01 4.182773690721273141e-01 3.576424905719602920e-01
1.811785380646035726e-01 4.186466861161979303e-01 3.578290445967727829e-01
1.793100814408571664e-01 4.188606220580792794e-01 3.579121287963168419e-01
1.756179173680689765e-01 4.193081420205473919e-01 3.581978691486567001e-01
1.742439158632588525e-01 4.195112603956940300e-01 3.582280487487491394e-01
1.713826053815498407e-01 4.198832096879596132e-01 3.582759753159404648e-01
1.699764846007723040e-01 4.200516498996364478e-01 3.583989765457525900e-01
1.699764846007723040e-01 4.200516498996364478e-01 3.583989765457525900e-01
1.685360436611265111e-01 4.202129840449832510e-01 3.584214980748553492e-01
1.636710073167634005e-01 4.208528489774590042e-01 3.585702540456310317e-01
1.612328713251634515e-01 4.212116566784271932e-01 3.586534702778926276e-01
1.568774281983622843e-01 4.218903247337439377e-01 3.587577714022233133e-01
1.568774281983622843e-01 4.218903247337439377e-01 3.587577714022233133e-01
1.539652628705371340e-01 4.223478457111777828e-01 3.587492650583401499e-01
1.520744720895333690e-01 4.226136116186173797e-01 3.587926668551583154e-01
1.483463645137706455e-01 4.230969437792843624e-01 3.589770301641056482e-01
1.455759594134311830e-01 4.234540952585737483e-01 3.591411787370119013e-01
1.429320133860420283e-01 4.237911516894420916e-01 3.593618801889392200e-01
1.416708762026795687e-01 4.239790349403041447e-01 3.594565947013472762e-01
1.404808999456165219e-01 4.242172831203133154e-01 3.595795722729040467e-01
1.380901459831213318e-01 4.246059589807284484e-01 3.596900616009146567e-01
1.357860674204790508e-01 4.250274662904900413e-01 3.597117559890180560e-01
1.357860674204790508e-01 4.250274662904900413e-01 3.597117559890180560e-01
1.346909248999443587e-01 4.252767897600729374e-01 3.597153866550941714e-01
1.318466498221378957e-01 4.259342074482185825e-01 3.596672900799444683e-01
1.294169095405634795e-01 4.264453989205741480e-01 3.596451291148914375e-01
1.283916015983088132e-01 4.266404181965071651e-01 3.596446858888301401e-01
1.263582204187535807e-01 4.269787183645727402e-01 3.596250322336230765e-01
1.253392276361892932e-01 4.271040406189728356e-01 3.596251573930545620e-01
1.222621167807305814e-01 4.274423315414919711e-01 3.597061025715714289e-01
1.212253630970379081e-01 4.275664407696483926e-01 3.597605542010064994e-01
1.201923618556248741e-01 4.276774937262710075e-01 3.598337990154253374e-01
1.201923618556248741e-01 4.276774937262710075e-01 3.598337990154253374e-01
1.191836614295896518e-01 4.277689985136062245e-01 3.599114288107155835e-01
1.152246434737078662e-01 4.280819965494333523e-01 3.603586920722413600e-01
1.132213515449553703e-01 4.282400853219479053e-01 3.605752384349534267e-01
1.111794952994856617e-01 4.284435798741765278e-01 3.608179882029663998e-01
1.101557073644707230e-01 4.285526490876533923e-01 3.609581719703585101e-01
1.081208140313500848e-01 4.287331257987335165e-01 3.612404576142003165e-01
1.070532244191882837e-01 4.288207785468853839e-01 3.613742159601802673e-01
1.049557571874400325e-01 4.291045957472374162e-01 3.617649386535728429e-01
1.039317486483602448e-01 4.292608597153127481e-01 3.619886328768230355e-01
1.039317486483602448e-01 4.292608597153127481e-01 3.619886328768230355e-01
1.028922947086719358e-01 4.294032696982297836e-01 3.621568164097742626e-01
9.942886262390403240e-02 4.296990127807702176e-01 3.625687516851134884e-01
9.664705892473240967e-02 4.299465789567750718e-01 3.630094979052941317e-01
9.462688160411836247e-02 4.300081750550848736e-01 3.633143804954029887e-01
9.361436128801277345e-02 4.300708381698838956e-01 3.634786226973928391e-01
9.150095350054456012e-02 4.301468276090325560e-01 3.637801073167364896e-01
8.942170850537477234e-02 4.302133137802446328e-01 3.640990286313678936e-01
8.838938436900084517e-02 4.302192492046584271e-01 3.642357190318635807e-01
8.838938436900084517e-02 4.302192492046584271e-01 3.642357190318635807e-01
8.737675278647190347e-02 4.302161687969106585e-01 3.643521090825063702e-01
8.471170558691021313e-02 4.301777409323795376e-01 3.645639580665603896e-01
8.337043368241513208e-02 4.301712775454807347e-01 3.646525883027705861e-01
8.208665096816107620e-02 4.301684060396584464e-01 3.647345492496315567e-01
8.077768767231313651e-02 4.301463613846693845e-01 3.647846895509369025e-01
7.879683748122391640e-02 4.301126712567151511e-01 3.648024830210787606e-01
7.677055924490065741e-02 4.300542376357434082e-01 3.647967463212606898e-01
7.476400503212361770e-02 4.300059848922896388e-01 3.647755269705497128e-01
7.247111600425112932e-02 4.299194140070607961e-01 3.647108200099392628e-01
7.146975226699107953e-02 4.298973983058342330e-01 3.646913428963028947e-01
7.046762208862027144e-02 4.298911991127193910e-01 3.646430093334515066e-01
6.947477875168936445e-02 4.298859041845080053e-01 3.645514801940608063e-01
6.818256845009292022e-02 4.298821217617261881e-01 3.643831818526021005e-01
6.686978673662651029e-02 4.298957288069750748e-01 3.642135558336582202e-01
6.338499084634179048e-02 4.299927716441021563e-01 3.637935758373286310e-01
6.338499084634179048e-02 4.299927716441021563e-01 3.637935758373286310e-01
5.997572366340394451e-02 4.300698597320510852e-01 3.633786091382017469e-01
5.811151852216783764e-02 4.301193723325440477e-01 3.632511625003239653e-01
5.811151852216783764e-02 4.301193723325440477e-01 3.632511625003239653e-01
5.718902887190822210e-02 4.301269502501519626e-01 3.632336030561219564e-01
5.460598431760649990e-02 4.301666945567483857e-01 3.633222988424084088e-01
5.333468254254495472e-02 4.301664963429126520e-01 3.634375415943543741e-01
5.234442797875443060e-02 4.301399045297720214e-01 3.635483477493920423e-01
5.103248710611624911e-02 4.301138979968725518e-01 3.637578324690434739e-01
5.103248710611624911e-02 4.301138979968725518e-01 3.637578324690434739e-01
5.103248710611624911e-02 4.301138979968725518e-01 3.637578324690434739e-01
5.103248710611624911e-02 4.301138979968725518e-01 3.637578324690434739e-01
5.103248710611624911e-02 4.301138979968725518e-01 3.637578324690434739e-01
4.635826976170741992e-02 4.299863617000849736e-01 3.646512716420986511e-01
4.635826976170741992e-02 4.299863617000849736e-01 3.646512716420986511e-01
4.635826976170741992e-02 4.299863617000849736e-01 3.646512716420986511e-01
3.920445341624755747e-02 4.296796572178675500e-01 3.661857500580709690e-01
3.920445341624755747e-02 4.296796572178675500e-01 3.661857500580709690e-01
3.708530551975267042e-02 4.296278479886201929e-01 3.666725378223275600e-01
3.394099225833555750e-02 4.295397264085639155e-01 3.674254565149093210e-01
3.394099225833555750e-02 4.295397264085639155e-01 3.674254565149093210e-01
3.394099225833555750e-02 4.295397264085639155e-01 3.674254565149093210e-01
3.186906387719909417e-02 4.295108796980063315e-01 3.679492054362530906e-01
2.892377464466791906e-02 4.294398374130379836e-01 3.687225971642263955e-01
2.892377464466791906e-02 4.294398374130379836e-01 3.687225971642263955e-01
2.713236420177108157e-02 4.293773945910012713e-01 3.692539120038269562e-01
2.469999987409872422e-02 4.292900584877052395e-01 3.700126689025470261e-01
2.469999987409872422e-02 4.292900584877052395e-01 3.700126689025470261e-01
2.469999987409872422e-02 4.292900584877052395e-01 3.700126689025470261e-01
2.145464784454177362e-02 4.288804110130374769e-01 3.712236960797953289e-01
2.145464784454177362e-02 4.288804110130374769e-01 3.712236960797953289e-01
2.145464784454177362e-02 4.288804110130374769e-01 3.712236960797953289e-01
1.930309724785518599e-02 4.280619661440158707e-01 3.724622225167600886e-01
1.930309724785518599e-02 4.280619661440158707e-01 3.724622225167600886e-01
1.778631271283152848e-02 4.272249150924204986e-01 3.732396903322419135e-01
1.723658765372160229e-02 4.268394505469569888e-01 3.733890438299521941e-01
1.648682817994227487e-02 4.262275972341438290e-01 3.736033421004562038e-01
1.625475133408305767e-02 4.260203626810352695e-01 3.736680039716905322e-01
1.575283089195075523e-02 4.255964699093097714e-01 3.737555764274708148e-01
1.551564198317267190e-02 4.253629781996657311e-01 3.737712157562934623e-01
1.498520701744493998e-02 4.248833272689501173e-01 3.737120257836283876e-01
1.466596780133256478e-02 4.246676462488132020e-01 3.736841415655923759e-01
1.420830557966631762e-02 4.243965697662681058e-01 3.736682816209081492e-01
1.322427516902095583e-02 4.237851050058503155e-01 3.735070080585186636e-01
1.279228975137785586e-02 4.235911938118304687e-01 3.734393874395931512e-01
1.178102660418938602e-02 4.232512802800806884e-01 3.732633122619160027e-01
1.065315580616226464e-02 4.229520092650418950e-01 3.731009022699062205e-01
1.006791273369460858e-02 4.228378957149651618e-01 3.730570723992931992e-01
1.006791273369460858e-02 4.228378957149651618e-01 3.730570723992931992e-01
8.504148079592049533e-03 4.225328055685843576e-01 3.730139866179541519e-01
5.738792260792833881e-03 4.219674661037736141e-01 3.730095958220339680e-01
4.095551232157791481e-03 4.216887826698982877e-01 3.730739199833960074e-01
3.236755136747189541e-03 4.215831353238660983e-01 3.731225583659213418e-01
1.398239797241284830e-03 4.213809147479003481e-01 3.731847388355994388e-01
4.902218821524594733e-04 4.212716473224669134e-01 3.732122194840369334e-01
-4.439353159120485392e-04 4.211850577729268075e-01 3.732465404313688451e-01
-3.245925242577234974e-03 4.209231011564376623e-01 3.732945842668871084e-01
-4.208087978132919391e-03 4.208901416570163811e-01 3.733572713735395787e-01
-5.181801382095127008e-03 4.208333792259471018e-01 3.733883793455566869e-01
-6.156369594611747938e-03 4.207956059713732766e-01 3.733807854563856443e-01
-7.124535848670077338e-03 4.207434785280944056e-01 3.733641996593849433e-01
-9.400694056159846976e-03 4.206574766901005624e-01 3.732989258367933605e-01
-1.070969618786472843e-02 4.206402153326625482e-01 3.732690571390143708e-01
-1.201678013201987194e-02 4.206486958904741003e-01 3.732361233900971520e-01
-1.201678013201987194e-02 4.206486958904741003e-01 3.732361233900971520e-01
-1.498235306350035288e-02 4.206445775872518777e-01 3.730856969348829155e-01
-1.901914078106043890e-02 4.206501661005537795e-01 3.727899656766615610e-01
-2.004534392509717614e-02 4.206683452833020476e-01 3.727167822627492910e-01
-2.108398350095493437e-02 4.206810007310411437e-01 3.726378168616863995e-01
-2.305095404860264818e-02 4.207484636265255706e-01 3.726206514126501057e-01
-2.503864401850613985e-02 4.207654081633536158e-01 3.725753259893590519e-01
-2.603413829598896778e-02 4.207615600355608110e-01 3.725288761596381448e-01
-2.809703005717057930e-02 4.207859219566270070e-01 3.725057070815048776e-01
-2.809703005717057930e-02 4.207859219566270070e-01 3.725057070815048776e-01
-3.037676046356337436e-02 4.208346506237103934e-01 3.725162446325201993e-01
-3.037676046356337436e-02 4.208346506237103934e-01 3.725162446325201993e-01
-3.384032254458604894e-02 4.209622460115076126e-01 3.725475520413289443e-01
-3.475692830797930122e-02 4.209882519333275064e-01 3.725628820207168568e-01
-3.668692175266295014e-02 4.210344162081693375e-01 3.725855738731135292e-01
-3.853518648550997155e-02 4.210991480748761950e-01 3.727306893815237610e-01
-3.946820338642118703e-02 4.211153310587578136e-01 3.727575877545636907e-01
-4.134235240826603791e-02 4.211686500149209311e-01 3.728470785158038980e-01
-4.230345508171309138e-02 4.212150485635619557e-01 3.729110083845763590e-01
-4.326273510795045074e-02 4.212831723909000181e-01 3.729823361115410796e-01
-4.608901031228782030e-02 4.215173411095780587e-01 3.733643407030736716e-01
-4.703412612107141233e-02 4.215368545334078898e-01 3.734763363717367168e-01
-4.991308775285423910e-02 4.216808057446029268e-01 3.738940619135411314e-01
-5.087418267756837337e-02 4.217128887127635228e-01 3.740243876143904966e-01
-5.181462893951534893e-02 4.217324130257975590e-01 3.741609145024402672e-01
-5.270235354397109773e-02 4.217832306665118547e-01 3.743805824458076303e-01
-5.464394190201335433e-02 4.218412448943959503e-01 3.747029526934086974e-01
-5.562457435224842789e-02 4.218542828167179404e-01 3.748611664626189111e-01
-5.757400875508198596e-02 4.219138631595550915e-01 3.752583839110092967e-01
-5.954101152974889538e-02 4.219773835400144613e-01 3.756306488332213922e-01
-6.151784941333509477e-02 4.219943453060558958e-01 3.759781503176006234e-01
-6.151784941333509477e-02 4.219943453060558958e-01 3.759781503176006234e-01
-6.448981278004074780e-02 4.220563739261189995e-01 3.765113291820418873e-01
-6.654249002869623564e-02 4.220828712390070625e-01 3.767550992740420490e-01
-6.857348672231787512e-02 4.221455645010621094e-01 3.770025540036437972e-01
-6.958362163552596347e-02 4.221671173248313647e-01 3.771201902612931756e-01
-7.061567146174912990e-02 4.222378714787402010e-01 3.772687798080008870e-01
-7.268462028780996176e-02 4.223025957483907966e-01 3.774743870599531759e-01
-7.474315173458305483e-02 4.223219595111817881e-01 3.776359855810732524e-01
-7.577665223614939161e-02 4.223931370694287701e-01 3.776452157213945338e-01
-7.783741972596840142e-02 4.224797072346701543e-01 3.775538934891232712e-01
-7.890280233753875494e-02 4.225101468116747028e-01 3.775968939853221462e-01
-8.104306957318678506e-02 4.226261089304578777e-01 3.776561594463359040e-01
-8.213008142048479343e-02 4.226854078720247987e-01 3.776505052770092741e-01
-8.322209953094805712e-02 4.227192912697094740e-01 3.776271630295769954e-01
-8.541204377177273599e-02 4.227564302745370206e-01 3.775354789119541588e-01
-8.655265122041910786e-02 4.228064852602491097e-01 3.774748485038843526e-01
-8.798405065200060049e-02 4.227635293135658667e-01 3.773979536998731676e-01
-9.092380213238515640e-02 4.226581522880805131e-01 3.771662226150539476e-01
-9.320710586198209524e-02 4.226905909390960558e-01 3.768039970149864581e-01
-9.438103265801245367e-02 4.227270560805574395e-01 3.766608905003702157e-01
-9.438103265801245367e-02 4.227270560805574395e-01 3.766608905003702157e-01
-9.566040772731192188e-02 4.228149147239649852e-01 3.765767352058012607e-01
-9.808283385910147867e-02 4.228237495999953022e-01 3.762653834594855695e-01
-9.808283385910147867e-02 4.228237495999953022e-01 3.762653834594855695e-01
-1.017551219287885500e-01 4.228136296247692605e-01 3.757754512934786684e-01
-1.017551219287885500e-01 4.228136296247692605e-01 3.757754512934786684e-01
-1.054176288182077093e-01 4.227726482908766292e-01 3.752878156551729960e-01
-1.082022877074388517e-01 4.227031211871145611e-01 3.749171534214187362e-01
-1.102191334210159551e-01 4.226564748794147675e-01 3.747618401956573919e-01
-1.139055281596247360e-01 4.226011937376490946e-01 3.746125797127909385e-01
-1.150819633488644467e-01 4.225393320782018236e-01 3.745577067815030192e-01
-1.182100716202922758e-01 4.225441842896298650e-01 3.745237727733344846e-01
-1.197413555438855831e-01 4.225247387941346577e-01 3.745974785810869401e-01
-1.208313637865957996e-01 4.223883517823167622e-01 3.746689909747703551e-01
-1.229147700440920699e-01 4.221821116510756089e-01 3.748971088610647540e-01
-1.238993700506113571e-01 4.220805354077148408e-01 3.750332885044975750e-01
-1.251593975482971077e-01 4.218954938685428036e-01 3.752329010474179105e-01
-1.276401325368412831e-01 4.214477581870889611e-01 3.756310706891488049e-01
-1.294499893934394630e-01 4.210673935357263087e-01 3.759407999096524566e-01
-1.312619652222082600e-01 4.206997121978594545e-01 3.762491387650127583e-01
-1.330287097851618194e-01 4.202935583863922631e-01 3.765808182302472495e-01
-1.330287097851618194e-01 4.202935583863922631e-01 3.765808182302472495e-01
-1.339387735453194395e-01 4.200870277398460195e-01 3.767838264893215161e-01
-1.364534088128201150e-01 4.196065239256243085e-01 3.772874491234372574e-01
-1.387286159125433183e-01 4.192270284141935144e-01 3.776906782268900642e-01
-1.407289378348272058e-01 4.189038761625627494e-01 3.781307463728119655e-01
-1.407289378348272058e-01 4.189038761625627494e-01 3.781307463728119655e-01
-1.407289378348272058e-01 4.189038761625627494e-01 3.781307463728119655e-01
-1.407289378348272058e-01 4.189038761625627494e-01 3.781307463728119655e-01
-1.407289378348272058e-01 4.189038761625627494e-01 3.781307463728119655e-01
-1.407289378348272058e-01 4.189038761625627494e-01 3.781307463728119655e-01
-1.407289378348272058e-01 4.189038761625627494e-01 3.781307463728119655e-01
-1.407289378348272058e-01 4.189038761625627494e-01 3.781307463728119655e-01
-1.407289378348272058e-01 4.189038761625627494e-01 3.781307463728119655e-01
-1.407289378348272058e-01 4.189038761625627494e-01 3.781307463728119655e-01
-1.407289378348272058e-01 4.189038761625627494e-01 3.781307463728119655e-01
-1.407289378348272058e-01 4.189038761625627494e-01 3.781307463728119655e-01
-1.407289378348272058e-01 4.189038761625627494e-01 3.781307463728119655e-01
-1.407289378348272058e-01 4.189038761625627494e-01 3.781307463728119655e-01
-1.407289378348272058e-01 4.189038761625627494e-01 3.781307463728119655e-01
-1.407289378348272058e-01 4.189038761625627494e-01 3.781307463728119655e-01
-1.407289378348272058e-01 4.189038761625627494e-01 3.781307463728119655e-01
-1.407289378348272058e-01 4.189038761625627494e-01 3.781307463728119655e-01
-1.407289378348272058e-01 4.189038761625627494e-01 3.781307463728119655e-01
-1.407289378348272058e-01 4.189038761625627494e-01 3.781307463728119655e-01
-1.407289378348272058e-01 4.189038761625627494e-01 3.781307463728119655e-01
-1.407289378348272058e-01 4.189038761625627494e-01 3.781307463728119655e-01
-1.407289378348272058e-01 4.189038761625627494e-01 3.781307463728119655e-01
-1.407289378348272058e-01 4.189038761625627494e-01 3.781307463728119655e-01
-1.407289378348272058e-01 4.189038761625627494e-01 3.781307463728119655e-01
-1.407289378348272058e-01 4.189038761625627494e-01 3.781307463728119655e-01
-1.407289378348272058e-01 4.189038761625627494e-01 3.781307463728119655e-01
-1.407289378348272058e-01 4.189038761625627494e-01 3.781307463728119655e-01
-1.407289378348272058e-01 4.189038761625627494e-01 3.781307463728119655e-01
-1.407289378348272058e-01 4.189038761625627494e-01 3.781307463728119655e-01
-1.407289378348272058e-01 4.189038761625627494e-01 3.781307463728119655e-01
-1.407289378348272058e-01 4.189038761625627494e-01 3.781307463728119655e-01
-1.407289378348272058e-01 4.189038761625627494e-01 3.781307463728119655e-01
-1.407289378348272058e-01 4.189038761625627494e-01 3.781307463728119655e-01
-1.407289378348272058e-01 4.189038761625627494e-01 3.781307463728119655e-01
-1.407289378348272058e-01 4.189038761625627494e-01 3.781307463728119655e-01
-1.407289378348272058e-01 4.189038761625627494e-01 3.781307463728119655e-01
-1.407289378348272058e-01 4.189038761625627494e-01 3.781307463728119655e-01
-1.407289378348272058e-01 4.189038761625627494e-01 3.781307463728119655e-01
-1.407289378348272058e-01 4.189038761625627494e-01 3.781307463728119655e-01
-1.407289378348272058e-01 4.189038761625627494e-01 3.781307463728119655e-01
-1.407289378348272058e-01 4.189038761625627494e-01 3.781307463728119655e-01
-1.407289378348272058e-01 4.189038761625627494e-01 3.781307463728119655e-01
-1.407289378348272058e-01 4.189038761625627494e-01 3.781307463728119655e-01
-1.407289378348272058e-01 4.189038761625627494e-01 3.781307463728119655e-01
-1.407289378348272058e-01 4.189038761625627494e-01 3.781307463728119655e-01
-1.407289378348272058e-01 4.189038761625627494e-01 3.781307463728119655e-01
-1.407289378348272058e-01 4.189038761625627494e-01 3.781307463728119655e-01
-1.407289378348272058e-01 4.189038761625627494e-01 3.781307463728119655e-01
-1.407289378348272058e-01 4.189038761625627494e-01 3.781307463728119655e-01
-1.407289378348272058e-01 4.189038761625627494e-01 3.781307463728119655e-01
-1.407289378348272058e-01 4.189038761625627494e-01 3.781307463728119655e-01
-1.407289378348272058e-01 4.189038761625627494e-01 3.781307463728119655e-01
-1.407289378348272058e-01 4.189038761625627494e-01 3.781307463728119655e-01
-1.407289378348272058e-01 4.189038761625627494e-01 3.781307463728119655e-01
-1.407289378348272058e-01 4.189038761625627494e-01 3.781307463728119655e-01
-1.407289378348272058e-01 4.189038761625627494e-01 3.781307463728119655e-01
-1.407289378348272058e-01 4.189038761625627494e-01 3.781307463728119655e-01
-1.407289378348272058e-01 4.189038761625627494e-01 3.781307463728119655e-01
-1.407289378348272058e-01 4.189038761625627494e-01 3.781307463728119655e-01
-1.407289378348272058e-01 4.189038761625627494e-01 3.781307463728119655e-01
-1.407289378348272058e-01 4.189038761625627494e-01 3.781307463728119655e-01
-1.407289378348272058e-01 4.189038761625627494e-01 3.781307463728119655e-01
-1.407289378348272058e-01 4.189038761625627494e-01 3.781307463728119655e-01
-1.407289378348272058e-01 4.189038761625627494e-01 3.781307463728119655e-01
-1.407289378348272058e-01 4.189038761625627494e-01 3.781307463728119655e-01
-1.407289378348272058e-01 4.189038761625627494e-01 3.781307463728119655e-01
-1.407289378348272058e-01 4.189038761625627494e-01 3.781307463728119655e-01
-1.407289378348272058e-01 4.189038761625627494e-01 3.781307463728119655e-01
-1.407289378348272058e-01 4.189038761625627494e-01 3.781307463728119655e-01
-1.407289378348272058e-01 4.189038761625627494e-01 3.781307463728119655e-01
-1.407289378348272058e-01 4.189038761625627494e-01 3.781307463728119655e-01
-2.004294433863405833e-01 4.151668915957009154e-01 3.790075775746379882e-01
-2.595302367693257950e-01 4.116901527109608216e-01 3.796773205455902245e-01
-3.196108042582890274e-01 4.083382531474253341e-01 3.803524109638440898e-01
-3.250151198801971564e-01 4.085835377272014068e-01 3.805282881193547961e-01
-3.290764912577328616e-01 4.087509116462869074e-01 3.805150421231081603e-01
-3.310178649888814162e-01 4.087789832151003666e-01 3.803939553960783426e-01
-3.350345447602826598e-01 4.089641612090998968e-01 3.802749102456144392e-01
-3.371484143981702264e-01 4.091227587899363694e-01 3.802406998811248551e-01
-3.413533554906441059e-01 4.093779598536848585e-01 3.800528648462090375e-01
-3.454821345429979207e-01 4.096589486305883820e-01 3.796986056193795145e-01
-3.475171202359763623e-01 4.098245411169468277e-01 3.795211759613663638e-01
-3.495488578893943266e-01 4.099871280551283803e-01 3.793468195102938090e-01
-3.515892482483759518e-01 4.101333417647451962e-01 3.791325243210824647e-01
-3.562846159928648171e-01 4.104600652106593084e-01 3.784661301358344110e-01
-3.589417256598288475e-01 4.106315175387864613e-01 3.780714347538345343e-01
-3.635712147634935776e-01 4.109232093220002713e-01 3.773768412046984988e-01
-3.655207465451033033e-01 4.110466879784306915e-01 3.770831755477360714e-01
-3.693009970831092059e-01 4.111883334326351669e-01 3.765034369497033406e-01
-3.711900020936868549e-01 4.112517991450752031e-01 3.762478537458978645e-01
-3.749917524816523406e-01 4.114057443960736360e-01 3.758895660672406658e-01
-3.768410031655984871e-01 4.113803284253336745e-01 3.756938171407026017e-01
-3.768410031655984871e-01 4.113803284253336745e-01 3.756938171407026017e-01
-3.821940170207322462e-01 4.111272914360411534e-01 3.751958684416983880e-01
-3.873811333836905124e-01 4.108052156755222506e-01 3.747708181984692466e-01
-3.908181685053770393e-01 4.105915936920056519e-01 3.745683589381657574e-01
-3.944032100117583206e-01 4.104744237720814315e-01 3.744622906069614565e-01
-3.961381015208830791e-01 4.103904589114787949e-01 3.743630192016634828e-01
-3.994089231925876393e-01 4.100192948109700475e-01 3.740302689748600251e-01
-3.994089231925876393e-01 4.100192948109700475e-01 3.740302689748600251e-01
-4.029569301973239259e-01 4.097801942096002126e-01 3.737832698868504000e-01
-4.047792852004876152e-01 4.096905948440714429e-01 3.737275879662848022e-01
-4.099240046496476775e-01 4.091210530464923778e-01 3.734644895487281291e-01
-4.116910574358887964e-01 4.089574547963826245e-01 3.733643652122132783e-01
-4.153457878864029174e-01 4.087923065502813702e-01 3.729977502263971401e-01
-4.188421101716710560e-01 4.084513215032583577e-01 3.727831191823151036e-01
-4.205938216304198618e-01 4.082567405143431305e-01 3.726649025392386738e-01
-4.223021382820010827e-01 4.080625163786118503e-01 3.725011568932780071e-01
-4.274255589666841604e-01 4.074182020969397411e-01 3.719491887922977691e-01
-4.274255589666841604e-01 4.074182020969397411e-01 3.719491887922977691e-01
-4.291316343200009542e-01 4.071958823948303441e-01 3.717662587990653300e-01
-4.291316343200009542e-01 4.071958823948303441e-01 3.717662587990653300e-01
-4.341249721819631646e-01 4.063310259149786607e-01 3.711869132498137880e-01
-4.374652851592773506e-01 4.057329802910339400e-01 3.708446815264373475e-01
-4.374652851592773506e-01 4.057329802910339400e-01 3.708446815264373475e-01
-4.432747509263599839e-01 4.047549507440349470e-01 3.701998552575396229e-01
-4.454759332689839924e-01 4.042872259254715051e-01 3.698358410675876007e-01
-4.483058055103595341e-01 4.037906819927527535e-01 3.694252281677987693e-01
-4.506153001609158881e-01 4.033945284423057775e-01 3.691019077774623236e-01
-4.529528372149814186e-01 4.030038390380739077e-01 3.687645390152026748e-01
-4.576480704581135650e-01 4.021274640619718621e-01 3.680145014847888696e-01
-4.600555006001945113e-01 4.017328629217087332e-01 3.676546737644771357e-01
-4.624033172641748290e-01 4.013069462072144655e-01 3.672371030683559967e-01
-4.672999339594965384e-01 4.006338804365798256e-01 3.663022307572821878e-01
-4.708301442958269245e-01 4.000869019528970338e-01 3.658089980216631121e-01
-4.725648840784494875e-01 3.997250547523784614e-01 3.655575571078688579e-01
-4.779580552687276995e-01 3.984786220757712272e-01 3.645798869664990116e-01
-4.797174099958956273e-01 3.980342720088556052e-01 3.642524242598749185e-01
-4.833016413503882780e-01 3.971277522026857021e-01 3.636461149080388866e-01
-4.850689698556352458e-01 3.966526800441387834e-01 3.633599717022794051e-01
-4.867978443535656008e-01 3.961660543608889196e-01 3.630279354860704855e-01
-4.885960451916280811e-01 3.956438116533021465e-01 3.626400983083341023e-01
-4.885960451916280811e-01 3.956438116533021465e-01 3.626400983083341023e-01
-4.904286440235587352e-01 3.950913193498439835e-01 3.622195780679130506e-01
-4.904286440235587352e-01 3.950913193498439835e-01 3.622195780679130506e-01
-4.971436782701267876e-01 3.930492147347224297e-01 3.606000304354800567e-01
-5.051156183204100758e-01 3.905268003942425348e-01 3.585213150512495117e-01
-5.069721342909301320e-01 3.899197084095556431e-01 3.579700392632535477e-01
-5.107365619522959976e-01 3.887146727715082295e-01 3.568003064925630019e-01
-5.144783601639026926e-01 3.874446905756600557e-01 3.555248044101418925e-01
-5.180881849609707546e-01 3.862411746916609157e-01 3.540809965452028640e-01
-5.199008803455253958e-01 3.857154828099711996e-01 3.533957000356510170e-01
-5.217805854162005375e-01 3.852338599076277625e-01 3.527409898346678396e-01
-5.235992587096965911e-01 3.847323298123165869e-01 3.520248263558055646e-01
-5.283076287531548454e-01 3.832698395599170027e-01 3.501092895654788206e-01
-5.324107309095073015e-01 3.820378561056214650e-01 3.485307500205589992e-01
-5.363120775055807421e-01 3.813566484338101747e-01 3.472347587695953086e-01
-5.381084481011194631e-01 3.807469733671091094e-01 3.465156354817892081e-01
-5.399444071356488406e-01 3.801664834016681982e-01 3.458381453333904121e-01
-5.436170716075395815e-01 3.792199996686604346e-01 3.447281433931240757e-01
-5.454497653076025854e-01 3.787868255319065125e-01 3.442517495321736343e-01
-5.492562764072127512e-01 3.778143134983497631e-01 3.434821931106900594e-01
-5.519057031569692962e-01 3.771091132588884620e-01 3.430901149480857226e-01
-5.545219255130401370e-01 3.763844041123181050e-01 3.427549261085276466e-01
-5.591926684114121304e-01 3.751081512370328941e-01 3.423234781879799238e-01
-5.613094020854615396e-01 3.745262728381919537e-01 3.421523715755593331e-01
-5.656848443594260090e-01 3.732686013720245555e-01 3.418365154804955397e-01
-5.697123008056688143e-01 3.720052995436913257e-01 3.414697884331806543e-01
-5.740487688712571090e-01 3.707605219714727451e-01 3.412587688044231848e-01
-5.740487688712571090e-01 3.707605219714727451e-01 3.412587688044231848e-01
-5.810529790477653167e-01 3.691901072982233245e-01 3.404364751327350058e-01
-5.834759636799341509e-01 3.685627907425712002e-01 3.401094439734370090e-01
-5.858570396857026852e-01 3.679565581494833038e-01 3.397541596083625270e-01
-5.882075410931264514e-01 3.673523135758031688e-01 3.393282394391450296e-01
-5.947693442628830818e-01 3.657413618952812251e-01 3.377883572245788946e-01
-6.005191522875535926e-01 3.644288429742951751e-01 3.362170834080591142e-01
-6.005191522875535926e-01 3.644288429742951751e-01 3.362170834080591142e-01
-6.054774521389735265e-01 3.633315561548203232e-01 3.347177576208389960e-01
-6.105883111772757443e-01 3.622399840238338942e-01 3.331027279679931175e-01
-6.158524646836691652e-01 3.610974906646781668e-01 3.315582393386063975e-01
-6.182736914844569887e-01 3.606470580797749292e-01 3.307352611837490741e-01
-6.207213054962320564e-01 3.602406068955050777e-01 3.299339355468959845e-01
-6.207213054962320564e-01 3.602406068955050777e-01 3.299339355468959845e-01
-6.266579202309353613e-01 3.597078781323976848e-01 3.281036281217702966e-01
-6.301710650983409767e-01 3.595527324796163882e-01 3.272877770436476430e-01
-6.301710650983409767e-01 3.595527324796163882e-01 3.272877770436476430e-01
-6.374516363041810019e-01 3.589968446638605037e-01 3.259933192301412985e-01
-6.430372016687636583e-01 3.583860894718436385e-01 3.253828419005727612e-01
-6.450129938889469505e-01 3.584450965425099445e-01 3.253473859384600209e-01
-6.487575449745949241e-01 3.586189524054280153e-01 3.256438365559163328e-01
-6.522092071834132421e-01 3.587269910059465716e-01 3.261915722278955210e-01
-6.539400536604844660e-01 3.587840400122426221e-01 3.265618383429779170e-01
-6.556678129154391854e-01 3.587705187155654230e-01 3.269328041701334842e-01
-6.590670463678045543e-01 3.584424063801205373e-01 3.277062104913951446e-01
-6.621817951579686001e-01 3.577098688749675293e-01 3.284124570253147413e-01
-6.638364032122942016e-01 3.573951009543922530e-01 3.288578141883513606e-01
-6.654390739189403048e-01 3.570177240459718182e-01 3.292973437072274079e-01
-6.702767223910232053e-01 3.556345046017612144e-01 3.305240215424104511e-01
-6.717988951079881810e-01 3.551217511747017386e-01 3.309526489348382228e-01
-6.751300723676484372e-01 3.544109909614941434e-01 3.321079476733842517e-01
-6.769034456802601740e-01 3.540794808956497786e-01 3.326659900190606090e-01
-6.799826689045104233e-01 3.531723212501629017e-01 3.336409377794237185e-01
-6.832996820168940610e-01 3.523010299702109549e-01 3.349904664957673583e-01
-6.832996820168940610e-01 3.523010299702109549e-01 3.349904664957673583e-01
-6.873554834908737199e-01 3.514706973106240251e-01 3.366077601642946115e-01
-6.923003989050794393e-01 3.511889278744200205e-01 3.384820736991785983e-01
-6.961278189772074354e-01 3.510040379008486089e-01 3.400028324562779369e-01
-6.979391977814263237e-01 3.508778603655259842e-01 3.406940032214748060e-01
-6.997232825539362322e-01 3.507877406653256425e-01 3.413907498844116484e-01
-7.015501761567470851e-01 3.507938504415773484e-01 3.421415221795883754e-01
-7.054581152437601199e-01 3.510248819858359237e-01 3.436965324390690579e-01
-7.073697971658613470e-01 3.510158679948469085e-01 3.442322325478578415e-01
-7.113153051487829392e-01 3.510522037257452488e-01 3.454669382947049838e-01
-7.154093504514479340e-01 3.513094203864777221e-01 3.469573988776323281e-01
-7.174013148164547493e-01 3.513618620476862131e-01 3.475161362531188347e-01
