1.752582284443084478e+09
1.752582284446576834e+09
1.752582284449839830e+09
1.752582284456557989e+09
1.752582284462374926e+09
1.752582284466499805e+09
1.752582284469835043e+09
1.752582284476564407e+09
1.752582284481998682e+09
1.752582284486428738e+09
1.752582284490101099e+09
1.752582284496315718e+09
1.752582284501969576e+09
1.752582284506029606e+09
1.752582284512716532e+09
1.752582284516099930e+09
1.752582284522316694e+09
1.752582284526705265e+09
1.752582284532412529e+09
1.752582284536509991e+09
1.752582284542579412e+09
1.752582284546611309e+09
1.752582284551617861e+09
1.752582284555847645e+09
1.752582284562232018e+09
1.752582284566401482e+09
1.752582284571749449e+09
1.752582284576368570e+09
1.752582284581406355e+09
1.752582284586118937e+09
1.752582284591806173e+09
1.752582284596017122e+09
1.752582284602161169e+09
1.752582284606663227e+09
1.752582284612138748e+09
1.752582284615642309e+09
1.752582284622310400e+09
1.752582284626523733e+09
1.752582284630056143e+09
1.752582284636564970e+09
1.752582284642321348e+09
1.752582284645836353e+09
1.752582284651820660e+09
1.752582284656414270e+09
1.752582284661975384e+09
1.752582284666428089e+09
1.752582284670224190e+09
1.752582284676304102e+09
1.752582284681928635e+09
1.752582284686917305e+09
1.752582284690252066e+09
1.752582284696050406e+09
1.752582284701748848e+09
1.752582284706738472e+09
1.752582284712709427e+09
1.752582284716129541e+09
1.752582284724368811e+09
1.752582284724851370e+09
1.752582284729970694e+09
1.752582284736450195e+09
1.752582284742126703e+09
1.752582284746289730e+09
1.752582284751806498e+09
1.752582284756585121e+09
1.752582284762577057e+09
1.752582284766495228e+09
1.752582284772100687e+09
1.752582284776257753e+09
1.752582284782236576e+09
1.752582284786098480e+09
1.752582284791099548e+09
1.752582284796553373e+09
1.752582284802451849e+09
1.752582284806296110e+09
1.752582284810256243e+09
1.752582284816348076e+09
1.752582284822084904e+09
1.752582284826667547e+09
1.752582284832551479e+09
1.752582284836214781e+09
1.752582284841867208e+09
1.752582284846048832e+09
1.752582284851644993e+09
1.752582284855548382e+09
1.752582284861785889e+09
1.752582284866595984e+09
1.752582284869931936e+09
1.752582284876471758e+09
1.752582284881684780e+09
1.752582284886065483e+09
1.752582284890144348e+09
1.752582284896613121e+09
1.752582284902057648e+09
1.752582284906499863e+09
1.752582284911854506e+09
1.752582284917123556e+09
1.752582284922366381e+09
1.752582284926537275e+09
1.752582284932106018e+09
1.752582284934995651e+09
1.752582284942186356e+09
1.752582284945790768e+09
1.752582284952015877e+09
1.752582284956269741e+09
1.752582284961624622e+09
1.752582284965548277e+09
1.752582284972568274e+09
1.752582284977049112e+09
1.752582284982138395e+09
1.752582284986439228e+09
1.752582284992177486e+09
1.752582284996378422e+09
1.752582285003334999e+09
1.752582285005649805e+09
1.752582285009991169e+09
1.752582285015700817e+09
1.752582285022621632e+09
1.752582285026608467e+09
1.752582285029907942e+09
1.752582285036749840e+09
1.752582285043062210e+09
1.752582285045786381e+09
1.752582285051885605e+09
1.752582285056238651e+09
1.752582285062452078e+09
1.752582285066783428e+09
1.752582285069998503e+09
1.752582285075858116e+09
1.752582285082179308e+09
1.752582285086404324e+09
1.752582285091700792e+09
1.752582285096313953e+09
1.752582285102053165e+09
1.752582285105792761e+09
1.752582285112164021e+09
1.752582285116698980e+09
1.752582285121942520e+09
1.752582285126014709e+09
1.752582285129929781e+09
1.752582285136922359e+09
1.752582285141330957e+09
1.752582285146049023e+09
1.752582285151747227e+09
1.752582285156374931e+09
1.752582285162358761e+09
1.752582285166879416e+09
1.752582285172127485e+09
1.752582285176394701e+09
1.752582285181984663e+09
1.752582285186351538e+09
1.752582285191709518e+09
1.752582285196488857e+09
1.752582285202186346e+09
1.752582285206150055e+09
1.752582285209946156e+09
1.752582285214846134e+09
1.752582285221822023e+09
1.752582285225588083e+09
1.752582285231930971e+09
1.752582285235569954e+09
1.752582285242202520e+09
1.752582285246553659e+09
1.752582285250036716e+09
1.752582285256239653e+09
1.752582285262289047e+09
1.752582285266923189e+09
1.752582285270215750e+09
1.752582285276129961e+09
1.752582285281035662e+09
1.752582285286177397e+09
1.752582285291810274e+09
1.752582285296248674e+09
1.752582285302039146e+09
1.752582285306374311e+09
1.752582285311712742e+09
1.752582285315426350e+09
1.752582285323325396e+09
1.752582285326074362e+09
1.752582285331597805e+09
1.752582285336568356e+09
1.752582285343034983e+09
1.752582285346306324e+09
1.752582285352063417e+09
1.752582285356001854e+09
1.752582285361712456e+09
1.752582285366581440e+09
1.752582285370046139e+09
1.752582285376667023e+09
1.752582285382331133e+09
1.752582285386250496e+09
1.752582285390288830e+09
1.752582285396628618e+09
1.752582285400434256e+09
1.752582285405950546e+09
1.752582285412006855e+09
1.752582285416491747e+09
1.752582285422055244e+09
1.752582285425728321e+09
1.752582285430343866e+09
1.752582285436608076e+09
1.752582285442280531e+09
1.752582285446605921e+09
1.752582285451853275e+09
1.752582285456466913e+09
1.752582285462212563e+09
1.752582285466636181e+09
1.752582285470263720e+09
1.752582285476404667e+09
1.752582285482174158e+09
1.752582285485568523e+09
1.752582285489964485e+09
1.752582285495667696e+09
1.752582285502399921e+09
1.752582285506591797e+09
1.752582285512031317e+09
1.752582285516565323e+09
1.752582285521992445e+09
1.752582285526425838e+09
1.752582285531591177e+09
1.752582285536071777e+09
1.752582285541655302e+09
1.752582285546004772e+09
1.752582285551930428e+09
1.752582285556416035e+09
1.752582285562092543e+09
1.752582285565353155e+09
1.752582285569827318e+09
1.752582285576493263e+09
1.752582285582301855e+09
1.752582285586501837e+09
1.752582285591853142e+09
1.752582285596483469e+09
1.752582285601734400e+09
1.752582285605922699e+09
1.752582285610154390e+09
1.752582285616763115e+09
1.752582285621947050e+09
1.752582285625532866e+09
1.752582285634021521e+09
1.752582285636916161e+09
1.752582285642005682e+09
1.752582285646531820e+09
1.752582285652238131e+09
1.752582285656454325e+09
1.752582285662021399e+09
1.752582285666499615e+09
1.752582285672003269e+09
1.752582285679529905e+09
1.752582285682524681e+09
1.752582285686368704e+09
1.752582285689809084e+09
1.752582285696396351e+09
1.752582285702179909e+09
1.752582285706385612e+09
1.752582285710399628e+09
1.752582285716405153e+09
1.752582285722410202e+09
1.752582285726478338e+09
1.752582285729848862e+09
1.752582285736229897e+09
1.752582285742116213e+09
1.752582285746597528e+09
1.752582285752080679e+09
1.752582285756471872e+09
1.752582285761730194e+09
1.752582285766230345e+09
1.752582285770080328e+09
1.752582285776982069e+09
1.752582285786722898e+09
1.752582285789922476e+09
1.752582285796361685e+09
1.752582285802182674e+09
1.752582285805769682e+09
1.752582285812157393e+09
1.752582285816829443e+09
1.752582285822293758e+09
1.752582285826560736e+09
1.752582285831845999e+09
1.752582285836084127e+09
1.752582285842481613e+09
1.752582285846237659e+09
1.752582285849795580e+09
1.752582285856162310e+09
1.752582285861938000e+09
1.752582285865738869e+09
1.752582285870221615e+09
1.752582285876347065e+09
1.752582285882096291e+09
1.752582285886400938e+09
1.752582285889951944e+09
1.752582285896553993e+09
1.752582285902090073e+09
1.752582285906175375e+09
1.752582285912744284e+09
1.752582285915740967e+09
1.752582285922615528e+09
1.752582285926798820e+09
1.752582285930184126e+09
1.752582285936247587e+09
1.752582285941945314e+09
1.752582285946065664e+09
1.752582285952070713e+09
1.752582285956915379e+09
1.752582285960272312e+09
1.752582285965986729e+09
1.752582285970223188e+09
1.752582285977074862e+09
1.752582285981991768e+09
1.752582285986752272e+09
1.752582285989861965e+09
1.752582285996314526e+09
1.752582286002113819e+09
1.752582286006381273e+09
1.752582286011965036e+09
1.752582286016421556e+09
1.752582286022200108e+09
1.752582286026314259e+09
1.752582286031717300e+09
1.752582286036978006e+09
1.752582286042771339e+09
1.752582286045697212e+09
1.752582286052809000e+09
1.752582286055238247e+09
1.752582286062119007e+09
1.752582286066780329e+09
1.752582286070049524e+09
1.752582286075573444e+09
1.752582286081641912e+09
1.752582286086597443e+09
1.752582286090224743e+09
1.752582286096080780e+09
1.752582286102203608e+09
1.752582286106422186e+09
1.752582286112061024e+09
1.752582286116490841e+09
1.752582286121998310e+09
1.752582286127571106e+09
1.752582286130349159e+09
1.752582286136802197e+09
1.752582286140561342e+09
1.752582286145513058e+09
1.752582286151557922e+09
1.752582286156850338e+09
1.752582286162715673e+09
1.752582286166579008e+09
1.752582286171880245e+09
1.752582286176504135e+09
1.752582286182198524e+09
1.752582286186358929e+09
1.752582286193815708e+09
1.752582286195026636e+09
1.752582286202217817e+09
1.752582286205720901e+09
1.752582286211647987e+09
1.752582286216048956e+09
1.752582286222739458e+09
1.752582286226815939e+09
1.752582286230074167e+09
1.752582286236159325e+09
1.752582286240413666e+09
1.752582286245119333e+09
1.752582286251840591e+09
1.752582286256333590e+09
1.752582286262055635e+09
1.752582286265757084e+09
1.752582286271910667e+09
1.752582286279861450e+09
1.752582286280566931e+09
1.752582286286523104e+09
1.752582286291863918e+09
1.752582286296121836e+09
1.752582286302064180e+09
1.752582286306391478e+09
1.752582286310376406e+09
1.752582286316276550e+09
1.752582286321670771e+09
1.752582286326056480e+09
1.752582286330143452e+09
1.752582286337015390e+09
1.752582286342294216e+09
1.752582286346324682e+09
1.752582286352013826e+09
1.752582286356526613e+09
1.752582286362275839e+09
1.752582286366376877e+09
1.752582286371837616e+09
1.752582286376515627e+09
1.752582286381818295e+09
1.752582286385536194e+09
1.752582286390217066e+09
1.752582286396581888e+09
1.752582286401928663e+09
1.752582286407821894e+09
1.752582286410537481e+09
1.752582286416383028e+09
1.752582286422461987e+09
1.752582286426642418e+09
1.752582286432126999e+09
1.752582286436386108e+09
1.752582286442021132e+09
1.752582286446180820e+09
1.752582286449861288e+09
1.752582286456328869e+09
1.752582286461865902e+09
1.752582286466021776e+09
1.752582286473547459e+09
1.752582286477748156e+09
1.752582286480278492e+09
1.752582286486918926e+09
1.752582286490585804e+09
1.752582286496123075e+09
1.752582286501765490e+09
1.752582286506187201e+09
1.752582286510290623e+09
1.752582286516303301e+09
1.752582286522362947e+09
1.752582286526520491e+09
1.752582286531899929e+09
1.752582286535548925e+09
1.752582286541754007e+09
1.752582286546476841e+09
1.752582286552175045e+09
1.752582286556619883e+09
1.752582286560450077e+09
1.752582286566033125e+09
1.752582286571594000e+09
1.752582286579851627e+09
1.752582286582464457e+09
1.752582286587043524e+09
1.752582286590338707e+09
1.752582286595499039e+09
1.752582286601650000e+09
1.752582286606236696e+09
1.752582286614452362e+09
1.752582286615742207e+09
1.752582286622266293e+09
1.752582286626370907e+09
1.752582286631860256e+09
1.752582286636322260e+09
1.752582286642208338e+09
1.752582286647628546e+09
1.752582286652165890e+09
1.752582286655063152e+09
1.752582286661913157e+09
1.752582286666074514e+09
1.752582286670334101e+09
1.752582286676726341e+09
1.752582286682139158e+09
1.752582286684949398e+09
1.752582286691810131e+09
1.752582286696532726e+09
1.752582286702431440e+09
1.752582286706554651e+09
1.752582286711776972e+09
1.752582286716328621e+09
1.752582286721990347e+09
1.752582286726225853e+09
1.752582286730004072e+09
1.752582286735925198e+09
1.752582286742082119e+09
1.752582286746541739e+09
1.752582286750025034e+09
1.752582286756489038e+09
1.752582286762321949e+09
1.752582286766283512e+09
1.752582286769982815e+09
1.752582286776472330e+09
1.752582286783075809e+09
1.752582286786736488e+09
1.752582286790318251e+09
1.752582286795954704e+09
1.752582286802309990e+09
1.752582286806618690e+09
1.752582286810135841e+09
1.752582286816389322e+09
1.752582286822214603e+09
1.752582286825630665e+09
1.752582286831558228e+09
1.752582286836899519e+09
1.752582286840359688e+09
1.752582286846291304e+09
1.752582286850121498e+09
1.752582286856647491e+09
1.752582286862247229e+09
1.752582286866280079e+09
1.752582286869825840e+09
1.752582286875638723e+09
1.752582286882353067e+09
1.752582286886849642e+09
1.752582286890035868e+09
1.752582286896159410e+09
1.752582286901780128e+09
1.752582286905706167e+09
1.752582286910234690e+09
1.752582286916286945e+09
1.752582286922084808e+09
1.752582286926229000e+09
1.752582286932603359e+09
1.752582286936465979e+09
1.752582286942347527e+09
1.752582286946514845e+09
1.752582286951828480e+09
1.752582286955598116e+09
1.752582286961715221e+09
1.752582286965680122e+09
1.752582286970551491e+09
1.752582286976653814e+09
1.752582286982389927e+09
1.752582286986182690e+09
1.752582286989910841e+09
1.752582286995528460e+09
1.752582287002288342e+09
1.752582287006220341e+09
1.752582287010551691e+09
1.752582287016011477e+09
1.752582287021710873e+09
1.752582287026580811e+09
1.752582287030403614e+09
1.752582287036355734e+09
1.752582287042147398e+09
1.752582287046407938e+09
1.752582287052053452e+09
1.752582287056419134e+09
1.752582287062452793e+09
1.752582287066465139e+09
1.752582287071857452e+09
1.752582287076552868e+09
1.752582287082326889e+09
1.752582287086496830e+09
1.752582287090049744e+09
1.752582287097016335e+09
1.752582287102289438e+09
1.752582287106532574e+09
1.752582287109955788e+09
1.752582287116301537e+09
1.752582287122271061e+09
1.752582287126286745e+09
1.752582287131705046e+09
1.752582287136625767e+09
1.752582287140394211e+09
1.752582287146305561e+09
1.752582287152094126e+09
1.752582287156394005e+09
1.752582287160679579e+09
1.752582287165605545e+09
1.752582287171794653e+09
1.752582287176121235e+09
1.752582287182641983e+09
1.752582287187046766e+09
1.752582287191737652e+09
1.752582287195914268e+09
1.752582287201956034e+09
1.752582287206396341e+09
1.752582287211822271e+09
1.752582287216378927e+09
1.752582287221983671e+09
1.752582287226443291e+09
1.752582287231634140e+09
1.752582287235532999e+09
1.752582287242556095e+09
1.752582287245249033e+09
1.752582287250612259e+09
1.752582287256256104e+09
1.752582287262167692e+09
1.752582287266439676e+09
1.752582287270153284e+09
1.752582287276532412e+09
1.752582287282113314e+09
1.752582287286175489e+09
1.752582287292331696e+09
1.752582287296506882e+09
1.752582287302061558e+09
1.752582287306191206e+09
1.752582287313294888e+09
1.752582287315694809e+09
1.752582287321751356e+09
1.752582287326637030e+09
1.752582287330113173e+09
1.752582287336716652e+09
1.752582287342227459e+09
1.752582287346456528e+09
1.752582287350207329e+09
1.752582287356508255e+09
1.752582287362097502e+09
1.752582287366274834e+09
1.752582287370218039e+09
1.752582287376101732e+09
1.752582287381995440e+09
1.752582287385636330e+09
1.752582287390357733e+09
1.752582287396495104e+09
1.752582287402036190e+09
1.752582287406293392e+09
1.752582287412196636e+09
1.752582287416977406e+09
1.752582287422815800e+09
1.752582287426287651e+09
1.752582287429895163e+09
1.752582287436668396e+09
1.752582287442264318e+09
1.752582287446653843e+09
1.752582287450229168e+09
1.752582287455720186e+09
1.752582287461632490e+09
1.752582287466127396e+09
1.752582287469809771e+09
1.752582287476607084e+09
1.752582287481783867e+09
1.752582287486493587e+09
1.752582287490258932e+09
1.752582287496183634e+09
1.752582287502187967e+09
1.752582287506540775e+09
1.752582287515841007e+09
1.752582287520500422e+09
1.752582287525993109e+09
1.752582287529993534e+09
1.752582287536724567e+09
1.752582287543679476e+09
1.752582287546338558e+09
1.752582287551574469e+09
1.752582287556103230e+09
1.752582287561858416e+09
1.752582287566189289e+09
1.752582287569938898e+09
1.752582287576459885e+09
1.752582287582441330e+09
1.752582287586799145e+09
1.752582287591999292e+09
1.752582287595850945e+09
1.752582287600429773e+09
1.752582287606396198e+09
1.752582287610282421e+09
1.752582287616352081e+09
1.752582287622048140e+09
1.752582287626626968e+09
1.752582287631951094e+09
1.752582287636414051e+09
1.752582287642555952e+09
1.752582287646402359e+09
1.752582287652401924e+09
1.752582287656705379e+09
1.752582287662551880e+09
1.752582287666813612e+09
1.752582287670332432e+09
1.752582287676282644e+09
1.752582287682134390e+09
1.752582287686395168e+09
1.752582287689978838e+09
1.752582287696459532e+09
1.752582287701999664e+09
1.752582287706250668e+09
1.752582287711884260e+09
1.752582287716671467e+09
1.752582287722431183e+09
1.752582287726489305e+09
1.752582287729895353e+09
1.752582287735485077e+09
1.752582287742154598e+09
1.752582287746592045e+09
1.752582287749824286e+09
1.752582287756462812e+09
1.752582287764426947e+09
1.752582287769275427e+09
1.752582287771991491e+09
1.752582287776058197e+09
1.752582287782356977e+09
1.752582287786876440e+09
1.752582287790241718e+09
1.752582287796383381e+09
1.752582287802116871e+09
1.752582287807417393e+09
1.752582287814521790e+09
1.752582287815232038e+09
1.752582287822108269e+09
1.752582287826376677e+09
1.752582287829841614e+09
1.752582287836053133e+09
1.752582287841802835e+09
1.752582287845616817e+09
1.752582287849883795e+09
1.752582287857546329e+09
1.752582287860414743e+09
1.752582287866297007e+09
1.752582287873300314e+09
1.752582287875019789e+09
1.752582287882467747e+09
1.752582287886420250e+09
1.752582287890100956e+09
1.752582287896377325e+09
1.752582287902238131e+09
1.752582287906424284e+09
1.752582287912312984e+09
1.752582287916248798e+09
1.752582287922041893e+09
1.752582287926517725e+09
1.752582287929974556e+09
1.752582287935632229e+09
1.752582287941990137e+09
1.752582287945915937e+09
1.752582287950467110e+09
1.752582287956148148e+09
1.752582287961992502e+09
1.752582287966517210e+09
1.752582287969858885e+09
1.752582287977186441e+09
1.752582287982046127e+09
1.752582287986045599e+09
1.752582287989800453e+09
1.752582287996911049e+09
1.752582288002418756e+09
1.752582288007006168e+09
1.752582288010009050e+09
1.752582288016631126e+09
1.752582288020489454e+09
1.752582288026438951e+09
1.752582288031722784e+09
1.752582288036372185e+09
1.752582288042234898e+09
1.752582288046545506e+09
1.752582288052276134e+09
1.752582288057045221e+09
1.752582288060556650e+09
1.752582288066117525e+09
1.752582288071626663e+09
1.752582288076857090e+09
1.752582288082727909e+09
1.752582288086059809e+09
1.752582288090276003e+09
1.752582288096293926e+09
1.752582288102221012e+09
1.752582288106420040e+09
1.752582288112067223e+09
1.752582288116455793e+09
1.752582288122220993e+09
1.752582288126468897e+09
1.752582288131735086e+09
1.752582288136571646e+09
1.752582288141881227e+09
1.752582288146641254e+09
1.752582288149801493e+09
1.752582288157922268e+09
1.752582288160452604e+09
1.752582288166533232e+09
1.752582288170227766e+09
1.752582288176324368e+09
1.752582288182336092e+09
1.752582288186447382e+09
1.752582288191811323e+09
1.752582288196489573e+09
1.752582288202084780e+09
1.752582288206222057e+09
1.752582288210379124e+09
1.752582288216377258e+09
1.752582288221820593e+09
1.752582288225450039e+09
1.752582288231709480e+09
1.752582288236249685e+09
1.752582288242553949e+09
1.752582288246772051e+09
1.752582288249805212e+09
1.752582288256161690e+09
1.752582288262202740e+09
1.752582288266525030e+09
1.752582288271699429e+09
1.752582288276031971e+09
1.752582288280506372e+09
1.752582288286529303e+09
1.752582288290188551e+09
1.752582288296690702e+09
1.752582288300987959e+09
1.752582288306532860e+09
1.752582288310104609e+09
1.752582288316405296e+09
1.752582288322269201e+09
1.752582288326326132e+09
1.752582288329959393e+09
1.752582288336327076e+09
1.752582288342136860e+09
1.752582288346409798e+09
1.752582288349887848e+09
1.752582288356584311e+09
1.752582288361803532e+09
1.752582288367397547e+09
1.752582288371919155e+09
1.752582288376492739e+09
1.752582288382285357e+09
1.752582288386505842e+09
1.752582288389791250e+09
1.752582288396376133e+09
1.752582288402056932e+09
1.752582288406347752e+09
1.752582288410295010e+09
1.752582288416654587e+09
1.752582288420686245e+09
1.752582288426693201e+09
1.752582288430323124e+09
1.752582288438329697e+09
1.752582288441955328e+09
