1.523909390354579507e+00 2.767980587337304788e-01 3.472294268600938372e-01
1.523898962313693373e+00 2.767827847912605055e-01 3.472430362440281915e-01
1.524849963343222647e+00 2.772335240606102480e-01 3.472633350061092861e-01
1.525337498499064415e+00 2.773650961614362864e-01 3.472781566307907575e-01
1.525267622996897776e+00 2.775552838691725532e-01 3.468992460026992797e-01
1.525267622996897776e+00 2.775552838691725532e-01 3.468992460026992797e-01
1.525267622996897776e+00 2.775552838691725532e-01 3.468992460026992797e-01
1.525019316600270569e+00 2.778510907679935804e-01 3.468205838027020871e-01
1.523796103313342032e+00 2.780551915723370460e-01 3.466199703680333810e-01
1.520294566751464460e+00 2.782697466977274714e-01 3.468244300863881913e-01
1.519400950865816169e+00 2.784345654318104990e-01 3.475128298873388921e-01
1.518849897023923701e+00 2.785430872579497397e-01 3.481888606247734996e-01
1.517985742224429835e+00 2.784456250785583564e-01 3.489839244270166452e-01
1.516516921816676522e+00 2.789079864392340347e-01 3.498490153831531613e-01
1.517320978073983362e+00 2.795826724659337681e-01 3.508717757898393019e-01
1.517320978073983362e+00 2.795826724659337681e-01 3.508717757898393019e-01
1.513416601500465974e+00 2.788173945879619531e-01 3.581415764524217282e-01
1.513416601500465974e+00 2.788173945879619531e-01 3.581415764524217282e-01
1.511775890432187630e+00 2.789180866113344925e-01 3.520775698299815071e-01
1.510946852800577389e+00 2.787691289318005583e-01 3.523409450254934017e-01
1.509265404066357563e+00 2.781856119911867431e-01 3.524960618359134212e-01
1.508409392314382869e+00 2.778574598181113853e-01 3.525861732797413994e-01
1.507504975195806063e+00 2.777595274658674618e-01 3.527475284908153652e-01
1.505650619477121088e+00 2.773390274810319522e-01 3.530761111715596812e-01
1.504664375216623995e+00 2.771214042069918837e-01 3.530983454512596209e-01
1.504664375216623995e+00 2.771214042069918837e-01 3.530983454512596209e-01
1.501793344040422973e+00 2.767368071005261720e-01 3.530512165662162971e-01
1.499946730113310034e+00 2.764655800807773178e-01 3.530413044343628792e-01
1.497990018623561737e+00 2.759824345063127127e-01 3.532566693775072153e-01
1.496550067834262920e+00 2.756618837034645053e-01 3.534261971291315918e-01
1.492530991612168068e+00 2.749535826032323826e-01 3.537012438201212472e-01
1.489254250872865670e+00 2.748900026395646456e-01 3.538500331185295833e-01
1.487780698351377495e+00 2.748883295847056041e-01 3.539653578215528063e-01
1.483023651000814569e+00 2.747707696762278218e-01 3.541203335401728047e-01
1.481534131392326259e+00 2.745765420261941925e-01 3.541183570973128747e-01
1.478424074567528335e+00 2.748889734200262169e-01 3.539481041340090117e-01
1.476635514552571804e+00 2.749043849894614588e-01 3.541116097478929081e-01
1.476635514552571804e+00 2.749043849894614588e-01 3.541116097478929081e-01
1.476635514552571804e+00 2.749043849894614588e-01 3.541116097478929081e-01
1.472375533177455509e+00 2.747160253912305783e-01 3.546891773738791720e-01
1.466729467782159402e+00 2.754444351327920981e-01 3.550832891011039827e-01
1.466729467782159402e+00 2.754444351327920981e-01 3.550832891011039827e-01
1.462851664019424680e+00 2.761458978628164029e-01 3.555157698200671623e-01
1.459601670917028748e+00 2.762805593572050245e-01 3.554770658140623540e-01
1.456321640137075546e+00 2.764858513740324764e-01 3.553852031572507508e-01
1.452964792722174492e+00 2.768892122879704765e-01 3.558226050591427603e-01
1.451345928971230492e+00 2.771792152945582455e-01 3.560529511728426355e-01
1.448141286766819968e+00 2.777067998418385475e-01 3.564911067225974284e-01
1.446450662833511425e+00 2.780440165411959264e-01 3.568365384551772657e-01
1.446450662833511425e+00 2.780440165411959264e-01 3.568365384551772657e-01
1.444606337797593731e+00 2.808103716466865407e-01 3.595493191173564362e-01
1.442268406610028419e+00 2.814061067270236527e-01 3.598670364520683007e-01
1.438876281048876438e+00 2.821012272974445789e-01 3.603818777282249419e-01
1.437507202444853638e+00 2.820574799120474929e-01 3.597505592200294089e-01
1.434427445315949790e+00 2.825808445758883347e-01 3.594579131199781008e-01
1.430198885367746975e+00 2.837138640372910414e-01 3.620072002196130789e-01
1.430198885367746975e+00 2.837138640372910414e-01 3.620072002196130789e-01
1.427229946570335306e+00 2.840636969662295175e-01 3.617861195633483851e-01
1.424378328964639451e+00 2.842810923045397953e-01 3.614916467393033406e-01
1.417937899772813592e+00 2.851281820368928299e-01 3.614751353168615955e-01
1.413948967036721571e+00 2.871613112196994000e-01 3.637745920371898700e-01
1.413948967036721571e+00 2.871613112196994000e-01 3.637745920371898700e-01
1.409685847520367519e+00 2.900587144275177942e-01 3.664329604545323305e-01
1.406376614565651773e+00 2.899663428720313241e-01 3.662466379603926958e-01
1.406376614565651773e+00 2.899663428720313241e-01 3.662466379603926958e-01
1.405113637924595205e+00 2.896596237846190691e-01 3.657767400132275748e-01
1.398938545117545784e+00 2.914096761787768330e-01 3.650801618478829447e-01
1.395632404245425562e+00 2.923402673829163523e-01 3.650871924051712902e-01
1.391359225007549938e+00 2.936160675209771864e-01 3.656798334834606701e-01
1.386545399021535507e+00 2.938801150924961192e-01 3.633494919999485928e-01
1.384240350092891703e+00 2.940383054177677646e-01 3.620159092393070432e-01
1.379292351763638846e+00 2.951831555548107833e-01 3.628789459874681711e-01
1.377716793928470018e+00 2.954451678612531329e-01 3.634441279184189577e-01
1.374884289021081285e+00 2.957930519977549078e-01 3.621144331046974862e-01
1.371922496168624717e+00 2.962840278790066506e-01 3.608009836008433391e-01
1.366656090823903158e+00 2.967045989289616714e-01 3.586041772180214027e-01
1.364536102687326169e+00 2.968881895529322246e-01 3.578645409908554065e-01
1.360346801158265784e+00 2.975830257897200126e-01 3.571988726908791323e-01
1.355847378335323983e+00 2.984437487527619726e-01 3.568864744534094857e-01
1.351575982814561483e+00 2.993721270660074651e-01 3.562944447290073979e-01
1.347166148487584536e+00 3.002517380619893483e-01 3.556382136114256687e-01
1.347166148487584536e+00 3.002517380619893483e-01 3.556382136114256687e-01
1.340563512349261188e+00 3.008067035121579913e-01 3.542898849470687006e-01
1.338152364357947599e+00 3.012511182913776842e-01 3.541048213610592521e-01
1.333365917682868940e+00 3.018780448985736720e-01 3.537489979715040533e-01
1.328679043997007092e+00 3.022601832807347844e-01 3.532083411936788320e-01
1.326286886421957689e+00 3.024495068277157084e-01 3.529468141510788692e-01
1.321441850823483977e+00 3.028740835852046787e-01 3.522787300398677601e-01
1.319011270690767068e+00 3.032437331520331791e-01 3.519775649493731562e-01
1.316558860525313568e+00 3.035304431459046604e-01 3.517153366225252986e-01
1.311692974070552742e+00 3.039122599193611607e-01 3.511203551753970808e-01
1.309233770741639491e+00 3.040264078724549957e-01 3.508307254733470382e-01
1.304228224306749118e+00 3.042009072318949681e-01 3.502461325804694381e-01
1.304228224306749118e+00 3.042009072318949681e-01 3.502461325804694381e-01
1.294292680490866765e+00 3.044347689037958382e-01 3.496943560904174353e-01
1.294292680490866765e+00 3.044347689037958382e-01 3.496943560904174353e-01
1.290542744274438602e+00 3.045293408340949970e-01 3.495343272094284526e-01
1.288050428674585746e+00 3.045814483552061191e-01 3.492474006189737468e-01
1.282239935276376697e+00 3.046801767093860192e-01 3.487313307970424381e-01
1.278914974541059069e+00 3.047392976770373907e-01 3.484626615969302899e-01
1.270709144741919649e+00 3.049149631464941335e-01 3.477501610769045959e-01
1.265918578995154364e+00 3.050041139819940628e-01 3.474657347237841698e-01
1.263539325029995330e+00 3.050806198491139987e-01 3.473214215197683030e-01
1.261124685590890637e+00 3.051453795863269813e-01 3.470402713870098799e-01
1.258838649350150440e+00 3.051848170712466168e-01 3.468856747658098927e-01
1.256594846481291938e+00 3.050517872654641693e-01 3.468767209582226396e-01
1.254315517928177748e+00 3.050998092217029334e-01 3.469100534430125116e-01
1.245331568893878860e+00 3.056138986408876712e-01 3.464294471498585715e-01
1.245331568893878860e+00 3.056138986408876712e-01 3.464294471498585715e-01
1.239072421154954640e+00 3.057118596348047945e-01 3.466996096568920604e-01
1.239072421154954640e+00 3.057118596348047945e-01 3.466996096568920604e-01
1.234168764515589656e+00 3.059636407274092806e-01 3.464062255701492177e-01
1.231532974002076841e+00 3.058441363151809811e-01 3.464506474351736198e-01
1.226853201649312552e+00 3.058659086524227466e-01 3.466772870013694607e-01
1.222876728183369677e+00 3.061511422526185799e-01 3.464081051988041615e-01
1.218804707148241961e+00 3.064604716706115783e-01 3.463486943793682160e-01
1.216799324664504800e+00 3.065068707069368847e-01 3.463034835995747462e-01
1.214867380374762940e+00 3.067218029600530804e-01 3.461626369956148919e-01
1.213073430604299396e+00 3.071237087959855505e-01 3.458244113468180725e-01
1.208080417877152035e+00 3.080046632014479258e-01 3.454855167612752576e-01
1.203538277459654138e+00 3.086384608523133344e-01 3.451052666274738723e-01
1.199626390617027694e+00 3.093040300679506527e-01 3.447489005526996886e-01
1.197858079881683802e+00 3.097750710144218655e-01 3.446456372546840008e-01
1.196053293634625758e+00 3.102183236944333622e-01 3.444493724910052679e-01
1.194400119087562384e+00 3.105909197467724980e-01 3.442730325859331142e-01
1.188190131954713458e+00 3.117659126298065186e-01 3.436191578929982393e-01
1.188190131954713458e+00 3.117659126298065186e-01 3.436191578929982393e-01
1.185605253116508884e+00 3.122425441152079650e-01 3.433944667884383239e-01
1.185605253116508884e+00 3.122425441152079650e-01 3.433944667884383239e-01
1.176779788568567797e+00 3.137669760076066683e-01 3.425383817280563958e-01
1.173919667574936376e+00 3.142378427183075140e-01 3.421784398668570315e-01
1.171888445363229669e+00 3.146494952795272915e-01 3.418556594361364942e-01
1.170046559475081072e+00 3.150422805774729107e-01 3.415508381803959992e-01
1.165071980258850282e+00 3.159574406310324268e-01 3.409977551337111112e-01
1.160288352006511259e+00 3.167758547863874230e-01 3.405407596465931386e-01
1.155777757046318355e+00 3.175094252671913364e-01 3.401699247957824523e-01
1.153800241051191611e+00 3.180645910405431320e-01 3.399560909455138225e-01
1.153800241051191611e+00 3.180645910405431320e-01 3.399560909455138225e-01
1.149782405060763901e+00 3.196405025840307057e-01 3.394011955807286762e-01
1.144456707897499426e+00 3.212235711190898901e-01 3.387218172324988341e-01
1.142431833837996180e+00 3.217729468412798277e-01 3.385151843235937319e-01
1.138157478545587908e+00 3.228586759808871887e-01 3.384287627965386624e-01
1.135951119662525377e+00 3.234758270081231069e-01 3.383890207086300839e-01
1.131633035681502086e+00 3.245066939763062153e-01 3.381489874928417239e-01
1.129023379979097408e+00 3.249162687861978926e-01 3.376230953771977017e-01
1.121802260888162595e+00 3.254938702218826418e-01 3.366235499429718336e-01
1.121802260888162595e+00 3.254938702218826418e-01 3.366235499429718336e-01
1.119784351359120800e+00 3.257967490550195966e-01 3.364949268733060661e-01
1.117036016322525915e+00 3.263058016109470771e-01 3.362303252370290041e-01
1.110103846865923449e+00 3.275586905677884686e-01 3.354780333359808075e-01
1.107291113862207466e+00 3.280630428666261866e-01 3.351722568518251677e-01
1.105193313870063809e+00 3.284605126515598439e-01 3.349554766800403316e-01
1.100838814212258487e+00 3.293063265167927578e-01 3.345480571990551155e-01
1.094390081945843640e+00 3.303235468424265409e-01 3.338797383526751483e-01
1.092296875507458687e+00 3.306685307971442556e-01 3.335406695782300313e-01
1.090110574552954459e+00 3.311566774129321433e-01 3.334252153024404031e-01
1.087842303906387365e+00 3.316324387586003231e-01 3.333213833268050541e-01
1.087842303906387365e+00 3.316324387586003231e-01 3.333213833268050541e-01
1.081647919265491309e+00 3.327606909636773858e-01 3.329190400744881373e-01
1.073844546353395879e+00 3.341561616693725090e-01 3.323663645842190872e-01
1.071447099729476493e+00 3.346047174017685033e-01 3.321700153798415878e-01
1.068942807471956691e+00 3.350464383643967925e-01 3.320058660794024119e-01
1.064087476575231284e+00 3.359508909814629685e-01 3.316091100951665815e-01
1.058465230384694866e+00 3.370986588433871334e-01 3.312186541664854378e-01
1.058465230384694866e+00 3.370986588433871334e-01 3.312186541664854378e-01
1.051869499228842875e+00 3.383203935890451430e-01 3.307872770500451809e-01
1.049443400998894216e+00 3.387705249438909827e-01 3.306523705845204608e-01
1.046246145964657259e+00 3.393596581067402362e-01 3.304571249260489507e-01
1.042987113055343196e+00 3.399001755732699581e-01 3.302753449079853798e-01
1.035893897020649268e+00 3.412477146811342954e-01 3.304700227038577243e-01
1.030041167937540303e+00 3.421936414540000526e-01 3.295390027272514510e-01
1.027761598620093642e+00 3.427352961512542540e-01 3.293579489465704446e-01
1.025483224609032851e+00 3.430862383566200546e-01 3.291872263397176424e-01
1.018899336631416297e+00 3.441002126170799591e-01 3.288899464987206089e-01
1.016928307061518488e+00 3.445930825667485320e-01 3.287762891556310629e-01
1.015020665913491271e+00 3.450772987297522909e-01 3.286687021743329717e-01
1.011646180387830496e+00 3.456609824446100210e-01 3.285653485807280560e-01
1.008269416928103901e+00 3.462992358204763921e-01 3.285672420850993536e-01
1.006922629326852059e+00 3.466580341646184338e-01 3.292170928337225799e-01
1.004140515386380939e+00 3.473367034363045724e-01 3.303904840251514763e-01
1.002335050220756862e+00 3.475267436533917009e-01 3.298195464533036914e-01
9.986720777519310088e-01 3.477402816227139204e-01 3.288495513849781782e-01
9.969682607388533624e-01 3.479092901845432517e-01 3.288466558885757562e-01
9.936591772592238136e-01 3.483955168127870206e-01 3.290954338797100753e-01
9.903474020457458948e-01 3.487070403611499114e-01 3.294060403236505064e-01
9.887081926091196848e-01 3.488098854223049550e-01 3.295028050057431379e-01
9.865004129032938218e-01 3.490687336899205850e-01 3.296381888890994594e-01
9.819586067653004458e-01 3.498191666525606869e-01 3.301948742417056826e-01
9.801882715296138526e-01 3.502452130676962372e-01 3.305870694053091308e-01
9.784134071705793412e-01 3.504863005875893944e-01 3.311706237043873235e-01
9.784134071705793412e-01 3.504863005875893944e-01 3.311706237043873235e-01
9.784134071705793412e-01 3.504863005875893944e-01 3.311706237043873235e-01
9.784134071705793412e-01 3.504863005875893944e-01 3.311706237043873235e-01
9.766180497432491725e-01 3.508010845842002290e-01 3.315900664282871446e-01
9.660965831642734925e-01 3.537199660098946374e-01 3.330532194640710708e-01
9.608816648629251445e-01 3.552652039125301919e-01 3.338137118794386460e-01
9.572932130181640575e-01 3.562639836627648493e-01 3.343734175283589183e-01
9.555757967604554537e-01 3.566943721152364688e-01 3.347477371696101489e-01
9.555757967604554537e-01 3.566943721152364688e-01 3.347477371696101489e-01
9.508711523596452553e-01 3.576791452410807426e-01 3.356356226833651091e-01
9.478143987236694601e-01 3.582430737462486969e-01 3.361328302987867112e-01
9.411098063578825501e-01 3.593846137061900703e-01 3.373309306257756823e-01
9.392071741109497829e-01 3.596530066449658558e-01 3.375593930107728680e-01
9.372409232275084046e-01 3.600101022579624277e-01 3.377159815239536567e-01
9.353452483483710722e-01 3.602884707902466732e-01 3.379512427511621731e-01
9.353452483483710722e-01 3.602884707902466732e-01 3.379512427511621731e-01
9.353452483483710722e-01 3.602884707902466732e-01 3.379512427511621731e-01
9.302163396564319120e-01 3.609822340620947867e-01 3.385302242943629691e-01
9.302163396564319120e-01 3.609822340620947867e-01 3.385302242943629691e-01
9.270394832515608252e-01 3.614036663458359278e-01 3.388820992065900706e-01
9.187967015001127224e-01 3.626224155754178557e-01 3.392088026857899008e-01
9.187967015001127224e-01 3.626224155754178557e-01 3.392088026857899008e-01
9.119866025388505548e-01 3.635418194896016253e-01 3.391091824313868797e-01
9.119866025388505548e-01 3.635418194896016253e-01 3.391091824313868797e-01
9.058320760526402671e-01 3.646261632055960433e-01 3.386673556000909802e-01
8.999673543925145180e-01 3.658615634830100771e-01 3.383899411490428610e-01
8.999673543925145180e-01 3.658615634830100771e-01 3.383899411490428610e-01
8.999673543925145180e-01 3.658615634830100771e-01 3.383899411490428610e-01
8.983613552568540106e-01 3.661432495763924932e-01 3.384805558552353988e-01
8.924954231938032612e-01 3.670456761588065109e-01 3.393057704658588580e-01
8.874425543616443202e-01 3.678756583623154497e-01 3.403719918343939277e-01
8.845389315920066942e-01 3.682923251721276769e-01 3.411945967051528417e-01
8.831397958781886937e-01 3.684893467094176867e-01 3.416661766775690445e-01
8.801939366461003500e-01 3.689782135488559045e-01 3.426245020004232700e-01
8.801939366461003500e-01 3.689782135488559045e-01 3.426245020004232700e-01
8.773948346527317144e-01 3.694258748597062936e-01 3.436746627771749552e-01
8.760315150833953846e-01 3.694859779366584385e-01 3.440574438877597174e-01
8.760315150833953846e-01 3.694859779366584385e-01 3.440574438877597174e-01
8.724156244869080146e-01 3.697818603089326750e-01 3.451565485504054509e-01
8.679534481646328237e-01 3.702820512801176522e-01 3.465512263096356405e-01
8.666044596175505044e-01 3.703245125576197228e-01 3.467866106070004451e-01
8.640699466642788318e-01 3.705376259205301337e-01 3.474911980362437314e-01
8.613124871357616952e-01 3.708734902327779359e-01 3.481497678377268867e-01
8.613124871357616952e-01 3.708734902327779359e-01 3.481497678377268867e-01
8.560719332454816977e-01 3.714030685014932942e-01 3.494107837924514959e-01
8.560719332454816977e-01 3.714030685014932942e-01 3.494107837924514959e-01
8.560719332454816977e-01 3.714030685014932942e-01 3.494107837924514959e-01
8.517375384852824416e-01 3.717705124513450143e-01 3.501940675320095453e-01
8.517375384852824416e-01 3.717705124513450143e-01 3.501940675320095453e-01
8.449710397507429471e-01 3.724609854791348096e-01 3.511856058934262892e-01
8.417890773525883441e-01 3.727983015394839561e-01 3.516972661395428856e-01
8.386836155453846198e-01 3.730650142582327966e-01 3.520078832430512117e-01
8.370443639108344769e-01 3.732368924020980638e-01 3.521804449953126470e-01
8.354022993371383876e-01 3.733414501731278645e-01 3.523684733762295629e-01
8.337345168168327492e-01 3.735064962193481164e-01 3.525202047078243028e-01
8.320823820890237421e-01 3.736465044790696077e-01 3.526745581961359122e-01
8.320823820890237421e-01 3.736465044790696077e-01 3.526745581961359122e-01
8.303025306762208402e-01 3.738362652690697119e-01 3.528658690183448243e-01
8.244713000804845260e-01 3.742735199837608495e-01 3.533772024300686487e-01
8.209954981930466245e-01 3.744591882727981713e-01 3.534904716413388437e-01
8.180464813954485548e-01 3.746710007098208450e-01 3.535891819471275177e-01
8.143551945379083890e-01 3.750094894404616963e-01 3.535895004866703717e-01
8.124226394819661357e-01 3.751164019229163427e-01 3.535081348334757623e-01
8.105166194741643126e-01 3.751971074759750113e-01 3.535159816887395445e-01
8.105166194741643126e-01 3.751971074759750113e-01 3.535159816887395445e-01
8.054499663836586221e-01 3.754885745086697924e-01 3.538331678748470877e-01
8.054499663836586221e-01 3.754885745086697924e-01 3.538331678748470877e-01
8.054499663836586221e-01 3.754885745086697924e-01 3.538331678748470877e-01
8.054499663836586221e-01 3.754885745086697924e-01 3.538331678748470877e-01
7.948685937865715978e-01 3.758496090954701607e-01 3.544681771116251490e-01
7.888028559646979021e-01 3.760357961186309161e-01 3.546563104031136282e-01
7.888028559646979021e-01 3.760357961186309161e-01 3.546563104031136282e-01
7.888028559646979021e-01 3.760357961186309161e-01 3.546563104031136282e-01
7.888028559646979021e-01 3.760357961186309161e-01 3.546563104031136282e-01
7.779056296896668110e-01 3.763989315527318524e-01 3.547738384611486273e-01
7.779056296896668110e-01 3.763989315527318524e-01 3.547738384611486273e-01
7.731439367504483462e-01 3.765348169578532911e-01 3.547237294522812556e-01
7.671076010239402665e-01 3.766416464933370345e-01 3.548255479777449040e-01
7.671076010239402665e-01 3.766416464933370345e-01 3.548255479777449040e-01
7.671076010239402665e-01 3.766416464933370345e-01 3.548255479777449040e-01
7.581967431337858221e-01 3.766133741126727053e-01 3.554525617580089891e-01
7.581967431337858221e-01 3.766133741126727053e-01 3.554525617580089891e-01
7.581967431337858221e-01 3.766133741126727053e-01 3.554525617580089891e-01
7.478921451137967580e-01 3.764659613646744174e-01 3.557555574255170106e-01
7.478921451137967580e-01 3.764659613646744174e-01 3.557555574255170106e-01
7.478921451137967580e-01 3.764659613646744174e-01 3.557555574255170106e-01
7.443835294686022008e-01 3.763962602485483866e-01 3.557975330566316430e-01
7.391182071350622662e-01 3.762533918989101056e-01 3.560050087234036820e-01
7.391182071350622662e-01 3.762533918989101056e-01 3.560050087234036820e-01
7.391182071350622662e-01 3.762533918989101056e-01 3.560050087234036820e-01
7.391182071350622662e-01 3.762533918989101056e-01 3.560050087234036820e-01
7.357595339527622791e-01 3.760968253987790888e-01 3.561680098370402225e-01
7.300708109957292358e-01 3.755456164896516236e-01 3.566070957922221618e-01
7.300708109957292358e-01 3.755456164896516236e-01 3.566070957922221618e-01
7.219642892886913854e-01 3.745699507142910001e-01 3.576299070787753998e-01
7.219642892886913854e-01 3.745699507142910001e-01 3.576299070787753998e-01
7.182916096548835894e-01 3.742782380644751328e-01 3.586964376016928968e-01
7.170013425773754667e-01 3.741788287296181070e-01 3.591666172545713298e-01
7.170013425773754667e-01 3.741788287296181070e-01 3.591666172545713298e-01
7.170013425773754667e-01 3.741788287296181070e-01 3.591666172545713298e-01
7.170013425773754667e-01 3.741788287296181070e-01 3.591666172545713298e-01
7.143956214919445769e-01 3.741981639998320230e-01 3.603079284968968565e-01
7.129760629286826523e-01 3.743696365844580431e-01 3.608557826132315904e-01
7.129760629286826523e-01 3.743696365844580431e-01 3.608557826132315904e-01
7.129760629286826523e-01 3.743696365844580431e-01 3.608557826132315904e-01
7.129760629286826523e-01 3.743696365844580431e-01 3.608557826132315904e-01
7.104906809640088028e-01 3.750827810882185198e-01 3.612574157990887658e-01
7.104906809640088028e-01 3.750827810882185198e-01 3.612574157990887658e-01
7.093409310379438226e-01 3.755747383489346780e-01 3.613011144648570205e-01
7.074410179804938581e-01 3.762653984391656770e-01 3.610863223864038130e-01
7.074410179804938581e-01 3.762653984391656770e-01 3.610863223864038130e-01
7.074410179804938581e-01 3.762653984391656770e-01 3.610863223864038130e-01
7.036338775079554742e-01 3.772540660200977558e-01 3.608671711025578377e-01
7.036338775079554742e-01 3.772540660200977558e-01 3.608671711025578377e-01
7.036338775079554742e-01 3.772540660200977558e-01 3.608671711025578377e-01
7.019036167726961928e-01 3.776540369841174249e-01 3.609520542107184093e-01
6.985726457838481451e-01 3.783958673010519580e-01 3.611186468001857941e-01
6.985726457838481451e-01 3.783958673010519580e-01 3.611186468001857941e-01
6.960914288006919692e-01 3.789491685663926024e-01 3.612480838124975113e-01
6.960914288006919692e-01 3.789491685663926024e-01 3.612480838124975113e-01
6.960914288006919692e-01 3.789491685663926024e-01 3.612480838124975113e-01
6.960914288006919692e-01 3.789491685663926024e-01 3.612480838124975113e-01
6.960914288006919692e-01 3.789491685663926024e-01 3.612480838124975113e-01
6.960914288006919692e-01 3.789491685663926024e-01 3.612480838124975113e-01
6.960914288006919692e-01 3.789491685663926024e-01 3.612480838124975113e-01
6.960914288006919692e-01 3.789491685663926024e-01 3.612480838124975113e-01
6.960914288006919692e-01 3.789491685663926024e-01 3.612480838124975113e-01
6.960914288006919692e-01 3.789491685663926024e-01 3.612480838124975113e-01
6.960914288006919692e-01 3.789491685663926024e-01 3.612480838124975113e-01
6.960914288006919692e-01 3.789491685663926024e-01 3.612480838124975113e-01
6.960914288006919692e-01 3.789491685663926024e-01 3.612480838124975113e-01
6.960914288006919692e-01 3.789491685663926024e-01 3.612480838124975113e-01
6.960914288006919692e-01 3.789491685663926024e-01 3.612480838124975113e-01
6.960914288006919692e-01 3.789491685663926024e-01 3.612480838124975113e-01
6.960914288006919692e-01 3.789491685663926024e-01 3.612480838124975113e-01
6.960914288006919692e-01 3.789491685663926024e-01 3.612480838124975113e-01
6.960914288006919692e-01 3.789491685663926024e-01 3.612480838124975113e-01
6.960914288006919692e-01 3.789491685663926024e-01 3.612480838124975113e-01
6.960914288006919692e-01 3.789491685663926024e-01 3.612480838124975113e-01
6.960914288006919692e-01 3.789491685663926024e-01 3.612480838124975113e-01
6.960914288006919692e-01 3.789491685663926024e-01 3.612480838124975113e-01
6.960914288006919692e-01 3.789491685663926024e-01 3.612480838124975113e-01
6.960914288006919692e-01 3.789491685663926024e-01 3.612480838124975113e-01
6.960914288006919692e-01 3.789491685663926024e-01 3.612480838124975113e-01
6.960914288006919692e-01 3.789491685663926024e-01 3.612480838124975113e-01
6.960914288006919692e-01 3.789491685663926024e-01 3.612480838124975113e-01
6.960914288006919692e-01 3.789491685663926024e-01 3.612480838124975113e-01
6.960914288006919692e-01 3.789491685663926024e-01 3.612480838124975113e-01
6.960914288006919692e-01 3.789491685663926024e-01 3.612480838124975113e-01
6.960914288006919692e-01 3.789491685663926024e-01 3.612480838124975113e-01
6.960914288006919692e-01 3.789491685663926024e-01 3.612480838124975113e-01
6.960914288006919692e-01 3.789491685663926024e-01 3.612480838124975113e-01
6.960914288006919692e-01 3.789491685663926024e-01 3.612480838124975113e-01
6.960914288006919692e-01 3.789491685663926024e-01 3.612480838124975113e-01
6.960914288006919692e-01 3.789491685663926024e-01 3.612480838124975113e-01
6.960914288006919692e-01 3.789491685663926024e-01 3.612480838124975113e-01
6.960914288006919692e-01 3.789491685663926024e-01 3.612480838124975113e-01
6.960914288006919692e-01 3.789491685663926024e-01 3.612480838124975113e-01
6.960914288006919692e-01 3.789491685663926024e-01 3.612480838124975113e-01
6.960914288006919692e-01 3.789491685663926024e-01 3.612480838124975113e-01
6.960914288006919692e-01 3.789491685663926024e-01 3.612480838124975113e-01
6.960914288006919692e-01 3.789491685663926024e-01 3.612480838124975113e-01
6.960914288006919692e-01 3.789491685663926024e-01 3.612480838124975113e-01
6.960914288006919692e-01 3.789491685663926024e-01 3.612480838124975113e-01
6.960914288006919692e-01 3.789491685663926024e-01 3.612480838124975113e-01
6.960914288006919692e-01 3.789491685663926024e-01 3.612480838124975113e-01
6.960914288006919692e-01 3.789491685663926024e-01 3.612480838124975113e-01
6.960914288006919692e-01 3.789491685663926024e-01 3.612480838124975113e-01
6.960914288006919692e-01 3.789491685663926024e-01 3.612480838124975113e-01
6.960914288006919692e-01 3.789491685663926024e-01 3.612480838124975113e-01
6.960914288006919692e-01 3.789491685663926024e-01 3.612480838124975113e-01
6.960914288006919692e-01 3.789491685663926024e-01 3.612480838124975113e-01
6.960914288006919692e-01 3.789491685663926024e-01 3.612480838124975113e-01
6.960914288006919692e-01 3.789491685663926024e-01 3.612480838124975113e-01
6.960914288006919692e-01 3.789491685663926024e-01 3.612480838124975113e-01
6.960914288006919692e-01 3.789491685663926024e-01 3.612480838124975113e-01
6.960914288006919692e-01 3.789491685663926024e-01 3.612480838124975113e-01
6.960914288006919692e-01 3.789491685663926024e-01 3.612480838124975113e-01
6.960914288006919692e-01 3.789491685663926024e-01 3.612480838124975113e-01
6.960914288006919692e-01 3.789491685663926024e-01 3.612480838124975113e-01
6.960914288006919692e-01 3.789491685663926024e-01 3.612480838124975113e-01
6.960914288006919692e-01 3.789491685663926024e-01 3.612480838124975113e-01
6.960914288006919692e-01 3.789491685663926024e-01 3.612480838124975113e-01
6.960914288006919692e-01 3.789491685663926024e-01 3.612480838124975113e-01
6.960914288006919692e-01 3.789491685663926024e-01 3.612480838124975113e-01
6.960914288006919692e-01 3.789491685663926024e-01 3.612480838124975113e-01
6.960914288006919692e-01 3.789491685663926024e-01 3.612480838124975113e-01
6.922315440386223040e-01 3.797504242809825459e-01 3.614057254973185307e-01
6.582473755919043823e-01 3.753159587519339091e-01 3.638087318575166096e-01
5.911134677442079211e-01 3.653312266717150258e-01 3.687008504811145615e-01
5.874169273199997265e-01 3.639207234382164091e-01 3.691901064425114898e-01
5.863692067187155077e-01 3.635423499736012976e-01 3.692751293153407888e-01
5.848944305788797982e-01 3.629334202591654179e-01 3.694717917608506541e-01
5.841422415281822822e-01 3.626002953245519578e-01 3.695618397315398873e-01
5.834174844674692162e-01 3.622554332862860105e-01 3.696423785630393866e-01
5.826796817129108463e-01 3.618500375880053244e-01 3.698486479786587955e-01
5.819123831232489996e-01 3.614549368147398911e-01 3.699889419479683861e-01
5.801044995699996543e-01 3.606018632283202741e-01 3.701494821615750608e-01
5.790514465948258804e-01 3.601672533218289729e-01 3.702498123319842849e-01
5.775592824176657425e-01 3.596790311677316443e-01 3.704648920177143756e-01
5.749981609991720033e-01 3.589579228207233075e-01 3.709150704040832247e-01
5.728656557348461575e-01 3.584732060786612884e-01 3.712828692717545787e-01
5.705650277272953375e-01 3.580858707387559181e-01 3.717720089573011144e-01
5.681176529372778949e-01 3.577770241509998783e-01 3.722725482885688164e-01
5.668756036145032873e-01 3.576553217616886271e-01 3.725221742654947210e-01
5.655068681800422548e-01 3.575041097480995411e-01 3.726504961520912262e-01
5.655068681800422548e-01 3.575041097480995411e-01 3.726504961520912262e-01
5.655068681800422548e-01 3.575041097480995411e-01 3.726504961520912262e-01
5.641000992457850804e-01 3.573565986585970911e-01 3.727705895366035804e-01
5.580974653469686908e-01 3.569814510863615342e-01 3.732426593621652744e-01
5.523030461061314567e-01 3.566550436097906118e-01 3.734809262537441832e-01
5.501378391369727838e-01 3.565856816894333314e-01 3.734764553306650914e-01
5.484602707772009422e-01 3.565349486653881517e-01 3.734438955968095719e-01
5.443199933774737209e-01 3.564201471398035781e-01 3.732491700152288372e-01
5.419259901671579227e-01 3.563004877201911280e-01 3.730333774903664690e-01
5.419259901671579227e-01 3.563004877201911280e-01 3.730333774903664690e-01
5.395578316749808367e-01 3.561694900516311768e-01 3.728829084142830652e-01
5.335721375678809109e-01 3.558929616702117271e-01 3.728107180477704397e-01
5.305853008887578826e-01 3.558157824687738224e-01 3.728088201516448486e-01
5.271495577176865677e-01 3.558440337706613721e-01 3.729253146069364533e-01
5.239421763472044136e-01 3.559417049681867229e-01 3.730292846351633829e-01
5.206893491643707073e-01 3.560492769462156315e-01 3.731179169808300777e-01
5.190576436006261174e-01 3.561328928469480459e-01 3.732089495376593735e-01
5.174516484305242692e-01 3.562022720474466442e-01 3.733121659530043157e-01
5.143131627737417277e-01 3.562303164626599017e-01 3.736111358074882816e-01
5.127910893526940184e-01 3.562280343358399937e-01 3.738125343595255501e-01
5.107453734069078433e-01 3.562141452328522750e-01 3.740363103994380767e-01
5.107453734069078433e-01 3.562141452328522750e-01 3.740363103994380767e-01
5.086714152250724208e-01 3.562326846515825873e-01 3.742613601390919476e-01
5.030500704865544792e-01 3.563270708717309332e-01 3.747818378475457068e-01
4.989642543403336461e-01 3.563725695111085723e-01 3.752201340791541107e-01
4.974201767744299008e-01 3.563652136646170976e-01 3.753920652338033070e-01
4.958244125159083082e-01 3.563531642538300126e-01 3.756092083292784656e-01
4.942032543620680785e-01 3.562953455951389237e-01 3.757936986785762601e-01
4.909341498267559278e-01 3.562110969246517489e-01 3.762118502027942402e-01
4.893110240586892590e-01 3.561751899587504155e-01 3.764400115527244406e-01
4.849600112770602878e-01 3.561822604930955372e-01 3.770508391103671864e-01
4.811166573702858051e-01 3.562241718945950431e-01 3.774883528805100807e-01
4.794755822913860377e-01 3.562526955198950240e-01 3.776274250784603659e-01
4.763403520477209052e-01 3.563372163559435091e-01 3.779877829570829073e-01
4.732781008722414806e-01 3.563291258433377018e-01 3.782281867375979489e-01
4.716997070461586006e-01 3.563578296133034229e-01 3.782103775504780385e-01
4.700916265789902293e-01 3.564161703600722819e-01 3.782143929018886297e-01
4.668829594692192608e-01 3.564955285109176475e-01 3.782605791476074675e-01
4.668829594692192608e-01 3.564955285109176475e-01 3.782605791476074675e-01
4.652262138667755953e-01 3.565583544025663354e-01 3.783068042396018349e-01
4.618166927881809936e-01 3.566232065390256278e-01 3.782766520224472018e-01
4.583810824438296905e-01 3.567128099848848044e-01 3.782266479709682772e-01
4.532540688144304220e-01 3.568387013354870629e-01 3.780364866632611731e-01
4.497432172416475082e-01 3.569699835542765043e-01 3.777908958570864728e-01
4.479333501725131783e-01 3.570615007863228718e-01 3.776738734153513022e-01
4.442713987620878768e-01 3.572527723009984446e-01 3.772975440829209326e-01
4.424443750846583367e-01 3.573125970690273490e-01 3.770338269757734784e-01
4.368947474944971376e-01 3.575231171320378265e-01 3.760890338759377283e-01
4.350362127331857121e-01 3.576511843908402599e-01 3.757797963677577124e-01
4.313065466420836214e-01 3.578573709573129591e-01 3.750902376667096805e-01
4.313065466420836214e-01 3.578573709573129591e-01 3.750902376667096805e-01
4.293570083121610037e-01 3.579549053771642897e-01 3.747361664390953528e-01
4.273621648735936307e-01 3.582049068360328437e-01 3.744730743414549368e-01
4.207907279307346315e-01 3.590756789956102701e-01 3.737574380619286263e-01
4.157919365277983892e-01 3.597453629921425478e-01 3.734786606881455029e-01
4.139657420927218001e-01 3.600766500223984146e-01 3.735061537465099724e-01
4.101249616310240209e-01 3.607408681846613896e-01 3.736439853281061652e-01
4.062059297166059069e-01 3.612390632405492741e-01 3.738286075821707355e-01
4.043016161825717103e-01 3.614537647847255730e-01 3.739561947476638393e-01
4.043016161825717103e-01 3.614537647847255730e-01 3.739561947476638393e-01
4.023743427847097376e-01 3.616388094054130975e-01 3.741317139419079174e-01
4.004203199241000988e-01 3.619088537817931051e-01 3.743825834862885005e-01
4.004203199241000988e-01 3.619088537817931051e-01 3.743825834862885005e-01
3.927607405605184066e-01 3.626437198543364104e-01 3.755376267052998873e-01
3.850598037903735782e-01 3.633425696147772332e-01 3.766595212650192259e-01
3.811907825846012066e-01 3.637391315014488757e-01 3.773045794710284673e-01
3.791933816090447551e-01 3.639436208194266054e-01 3.776002143723171667e-01
3.771612675560683248e-01 3.641139665180117557e-01 3.778107309673829350e-01
3.751173119022637725e-01 3.643539221695281660e-01 3.780655935041024041e-01
3.691970976012606820e-01 3.648504408541757837e-01 3.787203434808878999e-01
3.691970976012606820e-01 3.648504408541757837e-01 3.787203434808878999e-01
3.671867467659739037e-01 3.650991978483218436e-01 3.790348133443606216e-01
3.646211176750611682e-01 3.653264988673348701e-01 3.793910171866995418e-01
3.581913282578828017e-01 3.657939449496168116e-01 3.802312314080483757e-01
3.538223062660333373e-01 3.660301991545242273e-01 3.807717996756161405e-01
3.519368007934786657e-01 3.661057611858695715e-01 3.809766586355297635e-01
3.481167134722173984e-01 3.662458537331595987e-01 3.812474598905164491e-01
3.481167134722173984e-01 3.662458537331595987e-01 3.812474598905164491e-01
3.435577836732639501e-01 3.664954015382862473e-01 3.814795624103443084e-01
3.409153794025312489e-01 3.665791032499545743e-01 3.815848785422292222e-01
3.409153794025312489e-01 3.665791032499545743e-01 3.815848785422292222e-01
3.350749378159623704e-01 3.667815299090530501e-01 3.816590385401027463e-01
3.317806118226135914e-01 3.669172428122584040e-01 3.816774591512821502e-01
3.264331255084565453e-01 3.671172131647466585e-01 3.816640212343528349e-01
3.264331255084565453e-01 3.671172131647466585e-01 3.816640212343528349e-01
3.217094017920392179e-01 3.672351217025446313e-01 3.814747835419122213e-01
3.162117024642143170e-01 3.674193481764339020e-01 3.812275441253764052e-01
3.121500984092995812e-01 3.675483071721178940e-01 3.810970310524964821e-01
3.100727744344413672e-01 3.676008518896269339e-01 3.810142993509769704e-01
3.079624433567548780e-01 3.676461203211132123e-01 3.808890120669677914e-01
3.058883698740955115e-01 3.676971128251325105e-01 3.807139789976387023e-01
3.003557381689199723e-01 3.679645519444418866e-01 3.803385358641472314e-01
2.954473257042828926e-01 3.682030494449708979e-01 3.799614782956511894e-01
2.954473257042828926e-01 3.682030494449708979e-01 3.799614782956511894e-01
2.912882726587353033e-01 3.684054445910197040e-01 3.796727180804810864e-01
2.871944618676591232e-01 3.686392711023149249e-01 3.793741912640143932e-01
2.831403284920279151e-01 3.689011888591485211e-01 3.790116731853634402e-01
2.831403284920279151e-01 3.689011888591485211e-01 3.790116731853634402e-01
2.771221547132535767e-01 3.693547407776025526e-01 3.785594264596803260e-01
2.771221547132535767e-01 3.693547407776025526e-01 3.785594264596803260e-01
2.726900477992888483e-01 3.697351170062611048e-01 3.782524048834986496e-01
2.677504974133142479e-01 3.702208270885755659e-01 3.779531739593959827e-01
2.677504974133142479e-01 3.702208270885755659e-01 3.779531739593959827e-01
2.677504974133142479e-01 3.702208270885755659e-01 3.779531739593959827e-01
2.677504974133142479e-01 3.702208270885755659e-01 3.779531739593959827e-01
2.677504974133142479e-01 3.702208270885755659e-01 3.779531739593959827e-01
2.677504974133142479e-01 3.702208270885755659e-01 3.779531739593959827e-01
2.659860398568246187e-01 3.704516539282932119e-01 3.778434726963010304e-01
2.595792990788525767e-01 3.710992907304007105e-01 3.773197164355169830e-01
2.595792990788525767e-01 3.710992907304007105e-01 3.773197164355169830e-01
2.532189707556376512e-01 3.716966823601466352e-01 3.768612899674316230e-01
2.427752159028853385e-01 3.725320879535109486e-01 3.764357323517477649e-01
2.427752159028853385e-01 3.725320879535109486e-01 3.764357323517477649e-01
2.369097412950387227e-01 3.729781809761481548e-01 3.763611294116726569e-01
2.309286209391428202e-01 3.736535228979356305e-01 3.762595563348588579e-01
2.291166101966732038e-01 3.738806972967538278e-01 3.762131556090430040e-01
2.255866886081170086e-01 3.743156270371568728e-01 3.761807296001025147e-01
2.237749763647034207e-01 3.745076635000512133e-01 3.761485575863047215e-01
2.237749763647034207e-01 3.745076635000512133e-01 3.761485575863047215e-01
2.189883471062834819e-01 3.750133761541119548e-01 3.761732786874799617e-01
2.160130310219844640e-01 3.753540454720227793e-01 3.761666199716241499e-01
2.113745133788749175e-01 3.760590428112971506e-01 3.761411999336230494e-01
2.096939072086549949e-01 3.763594412899300412e-01 3.761333973227126704e-01
2.062111913711971445e-01 3.769224454744750652e-01 3.759790027669710488e-01
2.062111913711971445e-01 3.769224454744750652e-01 3.759790027669710488e-01
2.044524743687068380e-01 3.772103806453362407e-01 3.758773226047675831e-01
1.997782638545152201e-01 3.778355198895622657e-01 3.756864706534946974e-01
1.957858715893104062e-01 3.783091268319608846e-01 3.756686058624371105e-01
1.940610444327533768e-01 3.785059984273174138e-01 3.756340065740205736e-01
1.895535323094158786e-01 3.791996677491142331e-01 3.754586553590394393e-01
1.873663278361644424e-01 3.796061973694206948e-01 3.753181835183313497e-01
1.873663278361644424e-01 3.796061973694206948e-01 3.753181835183313497e-01
1.811694019329563865e-01 3.806257650351023147e-01 3.748749508651398887e-01
1.788736270308411980e-01 3.809765343693120587e-01 3.746354000940458340e-01
1.753651422914117297e-01 3.814753253114966380e-01 3.743055720235536343e-01
1.718013948771555943e-01 3.819780424855914736e-01 3.740175753339549658e-01
1.700315596832994991e-01 3.822488088709377618e-01 3.738557035879521706e-01
1.664275316005549843e-01 3.828048984339059158e-01 3.734776841034995742e-01
1.664275316005549843e-01 3.828048984339059158e-01 3.734776841034995742e-01
1.664275316005549843e-01 3.828048984339059158e-01 3.734776841034995742e-01
1.622097394428449746e-01 3.835469817073723919e-01 3.729691242446576682e-01
1.597555251769554874e-01 3.839918885428635353e-01 3.727007598317261250e-01
1.542460929494399446e-01 3.850313829807119892e-01 3.718712454152640623e-01
1.518106680317730939e-01 3.855615603181499762e-01 3.714918575535858247e-01
1.518106680317730939e-01 3.855615603181499762e-01 3.714918575535858247e-01
1.468832312157924147e-01 3.867969685532914315e-01 3.707785995841047511e-01
1.437687970706012508e-01 3.876110626651138591e-01 3.703647638068864323e-01
1.388202885908017270e-01 3.889918028654819060e-01 3.699222074256366399e-01
1.369725474971061063e-01 3.895518655285475362e-01 3.698424863600220380e-01
1.332335585420312551e-01 3.906966833702043007e-01 3.698292799166281730e-01
1.313701188952786370e-01 3.912465014200515179e-01 3.698475692790056391e-01
1.269024463364932798e-01 3.924675631536022613e-01 3.700739610736242247e-01
1.243604265984206286e-01 3.931422242355867014e-01 3.703269727819252788e-01
1.199615872275608258e-01 3.942635645810352307e-01 3.708228717872162905e-01
1.180800225830995892e-01 3.946929216578449195e-01 3.710377552544258384e-01
1.142981885791970048e-01 3.955123110515084139e-01 3.714608430303071307e-01
1.104673023166776874e-01 3.963764284890675671e-01 3.718158367634040173e-01
1.085871784508675025e-01 3.968312328501925612e-01 3.719978193539673628e-01
1.067363473883375519e-01 3.972662612597717136e-01 3.721914028144676090e-01
1.029713819208491338e-01 3.980593649836719483e-01 3.724636802310447026e-01
1.010431269277169281e-01 3.984797140370128776e-01 3.725939036879323263e-01
9.603076568632300247e-02 3.995406475593674123e-01 3.728336326936164680e-01
9.352324512717631599e-02 4.000350884952017516e-01 3.729349062308008333e-01
8.959068786826146491e-02 4.008463633943997739e-01 3.730797279012635359e-01
8.764711514677071824e-02 4.012253568170286999e-01 3.730533946128490319e-01
8.377737703849931494e-02 4.019796669940449707e-01 3.729230426211381788e-01
7.977982210361518611e-02 4.028207109171162981e-01 3.727879358905421547e-01
7.777740299793332868e-02 4.032106255469415923e-01 3.727115447338990029e-01
7.369583250208792957e-02 4.040058567658950106e-01 3.725316175614601377e-01
7.369583250208792957e-02 4.040058567658950106e-01 3.725316175614601377e-01
7.162515559774557117e-02 4.044227961111666048e-01 3.724438547220618734e-01
6.593016576681609564e-02 4.055712709808594330e-01 3.722084250955333129e-01
6.229546987197492197e-02 4.062600679670402282e-01 3.721948295211577884e-01
5.628498889092861668e-02 4.073812680268757980e-01 3.720482287726691872e-01
5.178612182278440751e-02 4.082649886817356077e-01 3.717580062102342486e-01
4.722599598569918178e-02 4.091938593530867752e-01 3.715575734068284897e-01
4.722599598569918178e-02 4.091938593530867752e-01 3.715575734068284897e-01
4.722599598569918178e-02 4.091938593530867752e-01 3.715575734068284897e-01
4.722599598569918178e-02 4.091938593530867752e-01 3.715575734068284897e-01
4.494587679816675063e-02 4.096343803176141218e-01 3.714438504729822288e-01
3.427897803427203821e-02 4.114869902670285629e-01 3.709293473840008515e-01
2.675934959242415659e-02 4.128007697417779287e-01 3.705426144356832596e-01
2.238822525812649011e-02 4.135680675223002978e-01 3.702314114807235823e-01
2.021436557977789039e-02 4.139361497140252588e-01 3.700519443948809828e-01
2.021436557977789039e-02 4.139361497140252588e-01 3.700519443948809828e-01
1.810686176583977888e-02 4.143419752254829391e-01 3.699185064476999685e-01
1.210357098155424166e-02 4.157549686965555935e-01 3.694918640908765317e-01
1.210357098155424166e-02 4.157549686965555935e-01 3.694918640908765317e-01
6.458478534045412195e-03 4.172572415377238664e-01 3.690591187611890200e-01
6.458478534045412195e-03 4.172572415377238664e-01 3.690591187611890200e-01
1.722825564378052633e-03 4.184987793684372126e-01 3.685943144983077069e-01
-3.994791955420934348e-03 4.199164448042853603e-01 3.680757577147247828e-01
-5.661985416343609349e-03 4.202501194798365369e-01 3.679502219877802682e-01
-9.105360049426955427e-03 4.208147433310029384e-01 3.676794287743107015e-01
-1.081435493960557215e-02 4.210666251737213983e-01 3.675856587205954540e-01
-1.250901959590114236e-02 4.212841856139925567e-01 3.675230734989419767e-01
-1.579226914557277373e-02 4.216795744713082716e-01 3.673637236247694338e-01
-1.894533016764283692e-02 4.222516343729461608e-01 3.671360246175318087e-01
-1.894533016764283692e-02 4.222516343729461608e-01 3.671360246175318087e-01
-2.061960310931329129e-02 4.225812192564668557e-01 3.670701625652653677e-01
-2.624122571116590738e-02 4.239365938967775693e-01 3.669259025730141621e-01
-2.910759350492836406e-02 4.246945364276337176e-01 3.668813714943014448e-01
-3.085363244835733279e-02 4.251691113006244582e-01 3.668520312092867774e-01
-3.085363244835733279e-02 4.251691113006244582e-01 3.668520312092867774e-01
-3.085363244835733279e-02 4.251691113006244582e-01 3.668520312092867774e-01
-3.085363244835733279e-02 4.251691113006244582e-01 3.668520312092867774e-01
-3.085363244835733279e-02 4.251691113006244582e-01 3.668520312092867774e-01
-3.855372099870738728e-02 4.273470787082174205e-01 3.668671450212762641e-01
-3.855372099870738728e-02 4.273470787082174205e-01 3.668671450212762641e-01
-4.449381537934826714e-02 4.290635899917955576e-01 3.669113734763085333e-01
-5.567326269930625987e-02 4.323137820133255427e-01 3.669248243538693055e-01
-5.742639389884063306e-02 4.328112261641246516e-01 3.669080190713712719e-01
-6.100400280789483598e-02 4.337142385248164977e-01 3.668435722776343111e-01
-6.468085810200849273e-02 4.345929019932372461e-01 3.668060669294772591e-01
-6.656245617763413558e-02 4.350155970616773060e-01 3.667804720009512076e-01
-7.038740390489703347e-02 4.357476551220942351e-01 3.667845405336304099e-01
-7.425156986013436988e-02 4.364483777205618309e-01 3.667731617847282966e-01
-7.615741227561555193e-02 4.368014141675164996e-01 3.667459084074159437e-01
-7.995179609637702300e-02 4.375442076232468058e-01 3.667064851409895798e-01
-8.381289956640647354e-02 4.383824637161197191e-01 3.665535709503976447e-01
-8.381289956640647354e-02 4.383824637161197191e-01 3.665535709503976447e-01
-8.381289956640647354e-02 4.383824637161197191e-01 3.665535709503976447e-01
-8.571881923821800253e-02 4.388114353197291595e-01 3.664779887210228848e-01
-9.325295414662841675e-02 4.403644584809758289e-01 3.662609346862613080e-01
-9.894061825358647921e-02 4.416220223448775184e-01 3.659784032480505322e-01
-1.008030098563226645e-01 4.420711056787540727e-01 3.658471405222304407e-01
-1.046232769645008137e-01 4.431947363940708651e-01 3.655053275127423396e-01
-1.065989857890264209e-01 4.438715860917608613e-01 3.653396046212026294e-01
-1.065989857890264209e-01 4.438715860917608613e-01 3.653396046212026294e-01
-1.121567212487169646e-01 4.455721973238699340e-01 3.650664677474644293e-01
-1.140072017955654354e-01 4.461794567173942294e-01 3.650404609293236291e-01
-1.158570997862934382e-01 4.467729704579652128e-01 3.650474210382336215e-01
-1.182880237544182006e-01 4.475751153910019209e-01 3.650562937430500421e-01
-1.207297031698645884e-01 4.483244249259576986e-01 3.652109888260258730e-01
-1.261180064636543141e-01 4.498080486655499644e-01 3.657292443214520405e-01
-1.302986793503080332e-01 4.507920680507304656e-01 3.662124423544993457e-01
-1.320536515068769512e-01 4.511579347317432043e-01 3.664069590456670023e-01
-1.373470327075651254e-01 4.523995952951054833e-01 3.671238349853652716e-01
-1.391250677549981107e-01 4.528187917063639656e-01 3.673820789061394976e-01
-1.409541298040130342e-01 4.532508417290155300e-01 3.676038292461688561e-01
-1.409541298040130342e-01 4.532508417290155300e-01 3.676038292461688561e-01
-1.450235117315014366e-01 4.541863479257741698e-01 3.681096855165103543e-01
-1.502092233661843357e-01 4.553952183519965335e-01 3.686798507078320464e-01
-1.502092233661843357e-01 4.553952183519965335e-01 3.686798507078320464e-01
-1.567045414811202020e-01 4.569267815119674725e-01 3.690835611071454636e-01
-1.584694363777674475e-01 4.573354379150693094e-01 3.691666807242010018e-01
-1.602804383973072955e-01 4.577673587075952732e-01 3.692336551478662132e-01
-1.602804383973072955e-01 4.577673587075952732e-01 3.692336551478662132e-01
-1.668661089888739124e-01 4.592099351177466038e-01 3.694433704399497920e-01
-1.668661089888739124e-01 4.592099351177466038e-01 3.694433704399497920e-01
-1.723472921276348879e-01 4.602960826041555542e-01 3.695573547592220232e-01
-1.754026651145258742e-01 4.609026521246286090e-01 3.696375559018933998e-01
-1.784541884578128013e-01 4.615140347053640624e-01 3.697195706967447704e-01
-1.821368889653646184e-01 4.622717004481911585e-01 3.697320079034164264e-01
-1.858068893647870645e-01 4.630094972350181082e-01 3.697825764913459379e-01
-1.876357369173073109e-01 4.633441849939861634e-01 3.698269154476524490e-01
-1.895194029642206235e-01 4.637306382369623670e-01 3.698181549916457200e-01
-1.919557653407721887e-01 4.642232348158081834e-01 3.698431185545942856e-01
-1.966541739005876199e-01 4.651808944121798017e-01 3.699398709127960094e-01
-1.966541739005876199e-01 4.651808944121798017e-01 3.699398709127960094e-01
-1.984324075818440780e-01 4.655421857251179074e-01 3.699772310049114221e-01
-2.032732869548864729e-01 4.665130247143882691e-01 3.700671188481504670e-01
-2.072885706298309427e-01 4.671981990396182893e-01 3.700053435282137926e-01
-2.090592993724083026e-01 4.675035503983202001e-01 3.700367273373713628e-01
-2.143772042678341594e-01 4.684027852712939755e-01 3.697697169310802945e-01
-2.143772042678341594e-01 4.684027852712939755e-01 3.697697169310802945e-01
-2.179720019765385430e-01 4.690573923414412261e-01 3.695260452722587408e-01
-2.215533315574836071e-01 4.697923316386684589e-01 3.692644607021563496e-01
-2.233702490090141435e-01 4.701117880940608451e-01 3.691027110363740427e-01
-2.251966433402750878e-01 4.704534531715069967e-01 3.689762582943485469e-01
-2.300325240153971718e-01 4.713071151060598818e-01 3.685711991700029166e-01
-2.343369114986646740e-01 4.720522735887524579e-01 3.680750408064034085e-01
-2.343369114986646740e-01 4.720522735887524579e-01 3.680750408064034085e-01
-2.386020664335820329e-01 4.728347976338003744e-01 3.674235168714097277e-01
-2.386020664335820329e-01 4.728347976338003744e-01 3.674235168714097277e-01
-2.441009231220916120e-01 4.737787699918299400e-01 3.665373950245217616e-01
-2.441009231220916120e-01 4.737787699918299400e-01 3.665373950245217616e-01
-2.496023683179835195e-01 4.746525973771053564e-01 3.656079017336179016e-01
-2.496023683179835195e-01 4.746525973771053564e-01 3.656079017336179016e-01
-2.520330723784321436e-01 4.750986620157569007e-01 3.651828599492586980e-01
-2.586936794978541010e-01 4.763147284655840363e-01 3.639878969335251790e-01
-2.616929514233641840e-01 4.768094970938457355e-01 3.634455972999597329e-01
-2.652926517019831842e-01 4.773923858831859435e-01 3.628933239638216790e-01
-2.670961191762701303e-01 4.776604538769645969e-01 3.626854408229810423e-01
-2.705811902371680344e-01 4.781440374713477048e-01 3.623087713123837039e-01
-2.756806050474749359e-01 4.788466851089269727e-01 3.618293891381499927e-01
-2.773749839338370826e-01 4.790976994552502699e-01 3.617077714797535259e-01
-2.790813979836804237e-01 4.793798306606282811e-01 3.615747691894087845e-01
-2.790813979836804237e-01 4.793798306606282811e-01 3.615747691894087845e-01
-2.833834126995583014e-01 4.802793145822112919e-01 3.613767865858904527e-01
-2.833834126995583014e-01 4.802793145822112919e-01 3.613767865858904527e-01
-2.886108798290407673e-01 4.816657402592153248e-01 3.610871961979361666e-01
-2.901819792741135995e-01 4.820965108263376986e-01 3.609493881938600213e-01
-2.918642629731812987e-01 4.825402232488939513e-01 3.608081912252401047e-01
-2.934709635659449312e-01 4.829578830561647718e-01 3.607331379375303682e-01
-2.934709635659449312e-01 4.829578830561647718e-01 3.607331379375303682e-01
-2.963322658740468185e-01 4.837313382111217419e-01 3.608058308696012739e-01
-3.043415033040505202e-01 4.859875311664954012e-01 3.610848996074705886e-01
-3.090010399429659604e-01 4.873702527480203162e-01 3.612248435252006784e-01
-3.125783832525979022e-01 4.883795178685859106e-01 3.612906127305013371e-01
-3.125783832525979022e-01 4.883795178685859106e-01 3.612906127305013371e-01
-3.125783832525979022e-01 4.883795178685859106e-01 3.612906127305013371e-01
-3.125783832525979022e-01 4.883795178685859106e-01 3.612906127305013371e-01
-3.125783832525979022e-01 4.883795178685859106e-01 3.612906127305013371e-01
-3.125783832525979022e-01 4.883795178685859106e-01 3.612906127305013371e-01
-3.125783832525979022e-01 4.883795178685859106e-01 3.612906127305013371e-01
-3.125783832525979022e-01 4.883795178685859106e-01 3.612906127305013371e-01
-3.125783832525979022e-01 4.883795178685859106e-01 3.612906127305013371e-01
-3.125783832525979022e-01 4.883795178685859106e-01 3.612906127305013371e-01
-3.125783832525979022e-01 4.883795178685859106e-01 3.612906127305013371e-01
-3.125783832525979022e-01 4.883795178685859106e-01 3.612906127305013371e-01
-3.125783832525979022e-01 4.883795178685859106e-01 3.612906127305013371e-01
-3.125783832525979022e-01 4.883795178685859106e-01 3.612906127305013371e-01
-3.125783832525979022e-01 4.883795178685859106e-01 3.612906127305013371e-01
-3.125783832525979022e-01 4.883795178685859106e-01 3.612906127305013371e-01
-3.125783832525979022e-01 4.883795178685859106e-01 3.612906127305013371e-01
-3.125783832525979022e-01 4.883795178685859106e-01 3.612906127305013371e-01
-3.125783832525979022e-01 4.883795178685859106e-01 3.612906127305013371e-01
-3.125783832525979022e-01 4.883795178685859106e-01 3.612906127305013371e-01
-3.125783832525979022e-01 4.883795178685859106e-01 3.612906127305013371e-01
-3.125783832525979022e-01 4.883795178685859106e-01 3.612906127305013371e-01
-3.125783832525979022e-01 4.883795178685859106e-01 3.612906127305013371e-01
-3.125783832525979022e-01 4.883795178685859106e-01 3.612906127305013371e-01
-3.125783832525979022e-01 4.883795178685859106e-01 3.612906127305013371e-01
-3.125783832525979022e-01 4.883795178685859106e-01 3.612906127305013371e-01
-3.125783832525979022e-01 4.883795178685859106e-01 3.612906127305013371e-01
-3.125783832525979022e-01 4.883795178685859106e-01 3.612906127305013371e-01
-3.125783832525979022e-01 4.883795178685859106e-01 3.612906127305013371e-01
-3.125783832525979022e-01 4.883795178685859106e-01 3.612906127305013371e-01
-3.125783832525979022e-01 4.883795178685859106e-01 3.612906127305013371e-01
-3.125783832525979022e-01 4.883795178685859106e-01 3.612906127305013371e-01
-3.125783832525979022e-01 4.883795178685859106e-01 3.612906127305013371e-01
-3.125783832525979022e-01 4.883795178685859106e-01 3.612906127305013371e-01
-3.125783832525979022e-01 4.883795178685859106e-01 3.612906127305013371e-01
-3.125783832525979022e-01 4.883795178685859106e-01 3.612906127305013371e-01
-3.125783832525979022e-01 4.883795178685859106e-01 3.612906127305013371e-01
-3.125783832525979022e-01 4.883795178685859106e-01 3.612906127305013371e-01
-3.125783832525979022e-01 4.883795178685859106e-01 3.612906127305013371e-01
-3.125783832525979022e-01 4.883795178685859106e-01 3.612906127305013371e-01
-3.125783832525979022e-01 4.883795178685859106e-01 3.612906127305013371e-01
-3.125783832525979022e-01 4.883795178685859106e-01 3.612906127305013371e-01
-3.125783832525979022e-01 4.883795178685859106e-01 3.612906127305013371e-01
-3.125783832525979022e-01 4.883795178685859106e-01 3.612906127305013371e-01
-3.125783832525979022e-01 4.883795178685859106e-01 3.612906127305013371e-01
-3.125783832525979022e-01 4.883795178685859106e-01 3.612906127305013371e-01
-3.125783832525979022e-01 4.883795178685859106e-01 3.612906127305013371e-01
-3.125783832525979022e-01 4.883795178685859106e-01 3.612906127305013371e-01
-3.125783832525979022e-01 4.883795178685859106e-01 3.612906127305013371e-01
-3.125783832525979022e-01 4.883795178685859106e-01 3.612906127305013371e-01
-3.125783832525979022e-01 4.883795178685859106e-01 3.612906127305013371e-01
-3.125783832525979022e-01 4.883795178685859106e-01 3.612906127305013371e-01
-3.125783832525979022e-01 4.883795178685859106e-01 3.612906127305013371e-01
-3.125783832525979022e-01 4.883795178685859106e-01 3.612906127305013371e-01
-3.125783832525979022e-01 4.883795178685859106e-01 3.612906127305013371e-01
-3.125783832525979022e-01 4.883795178685859106e-01 3.612906127305013371e-01
-3.125783832525979022e-01 4.883795178685859106e-01 3.612906127305013371e-01
-3.125783832525979022e-01 4.883795178685859106e-01 3.612906127305013371e-01
-3.125783832525979022e-01 4.883795178685859106e-01 3.612906127305013371e-01
-3.125783832525979022e-01 4.883795178685859106e-01 3.612906127305013371e-01
-3.125783832525979022e-01 4.883795178685859106e-01 3.612906127305013371e-01
-3.125783832525979022e-01 4.883795178685859106e-01 3.612906127305013371e-01
-3.125783832525979022e-01 4.883795178685859106e-01 3.612906127305013371e-01
-3.125783832525979022e-01 4.883795178685859106e-01 3.612906127305013371e-01
-3.125783832525979022e-01 4.883795178685859106e-01 3.612906127305013371e-01
-3.125783832525979022e-01 4.883795178685859106e-01 3.612906127305013371e-01
-3.125783832525979022e-01 4.883795178685859106e-01 3.612906127305013371e-01
-3.125783832525979022e-01 4.883795178685859106e-01 3.612906127305013371e-01
-3.125783832525979022e-01 4.883795178685859106e-01 3.612906127305013371e-01
-3.125783832525979022e-01 4.883795178685859106e-01 3.612906127305013371e-01
-3.125783832525979022e-01 4.883795178685859106e-01 3.612906127305013371e-01
-3.125783832525979022e-01 4.883795178685859106e-01 3.612906127305013371e-01
-4.960015735650225577e-01 5.471899090413195887e-01 3.467517685967714813e-01
-5.873090465848251895e-01 5.765796863904634195e-01 3.393904945028790587e-01
-5.900125105160821670e-01 5.776498910646518103e-01 3.393892343561876190e-01
-5.980869470222344164e-01 5.809857063529623167e-01 3.393401003395565274e-01
-6.006378486740567846e-01 5.821409875043564996e-01 3.392398849058274601e-01
-6.034175023820724793e-01 5.833468135732265969e-01 3.393181225078440999e-01
-6.093215360168310335e-01 5.856948337023492046e-01 3.397105882649261721e-01
-6.148986260585580510e-01 5.879296210228464048e-01 3.398003245635775604e-01
-6.176410349952348167e-01 5.890391685490691254e-01 3.398489141359556376e-01
-6.203166149979582045e-01 5.901902477079364884e-01 3.398281396844903268e-01
-6.229535512928188190e-01 5.913297858791461969e-01 3.397690179920148656e-01
-6.275450430172679894e-01 5.931826077450019774e-01 3.396936317024109586e-01
-6.370236119374913519e-01 5.968301467791820025e-01 3.396712002174534506e-01
-6.370236119374913519e-01 5.968301467791820025e-01 3.396712002174534506e-01
-6.398590021444429121e-01 5.979578813695418660e-01 3.396736800016660895e-01
-6.398590021444429121e-01 5.979578813695418660e-01 3.396736800016660895e-01
-6.500910127232830682e-01 6.020370227770643901e-01 3.392637817255671484e-01
-6.592344681909274584e-01 6.058298691007357739e-01 3.386873017700794408e-01
-6.646866506192483648e-01 6.080528556972711884e-01 3.382815844717771414e-01
-6.646866506192483648e-01 6.080528556972711884e-01 3.382815844717771414e-01
-6.673210149600942165e-01 6.091420904614869292e-01 3.380890417858227748e-01
-6.707764934650058963e-01 6.106628133386307056e-01 3.379225562201388922e-01
-6.749901513150079468e-01 6.124896909704045100e-01 3.377130827448222572e-01
-6.791421701535114153e-01 6.143605573419802512e-01 3.375606087489252394e-01
-6.791421701535114153e-01 6.143605573419802512e-01 3.375606087489252394e-01
-6.833028084151239190e-01 6.163566667752948813e-01 3.375605952495975837e-01
-6.833028084151239190e-01 6.163566667752948813e-01 3.375605952495975837e-01
-6.952371980945288854e-01 6.231601240312096834e-01 3.382156621789534912e-01
-7.005791565267965870e-01 6.264768044239398259e-01 3.386895616783449636e-01
-7.036170305591301632e-01 6.283504154156281940e-01 3.389546499855398132e-01
-7.058798326286122027e-01 6.296551591301318140e-01 3.391126322129230930e-01
-7.088061310305803220e-01 6.313252152744478485e-01 3.393080383425527424e-01
-7.088061310305803220e-01 6.313252152744478485e-01 3.393080383425527424e-01
-7.123838326190323755e-01 6.334090860695724690e-01 3.396178991366031186e-01
