1.752579772998098373e+09
1.752579773001402378e+09
1.752579773007705688e+09
1.752579773011604786e+09
1.752579773017570019e+09
1.752579773021215677e+09
1.752579773027828217e+09
1.752579773033275366e+09
1.752579773037495375e+09
1.752579773041266680e+09
1.752579773047474146e+09
1.752579773051254272e+09
1.752579773057774305e+09
1.752579773061335087e+09
1.752579773067842722e+09
1.752579773071347713e+09
1.752579773077901602e+09
1.752579773082021952e+09
1.752579773087781429e+09
1.752579773091248035e+09
1.752579773096684694e+09
1.752579773101275921e+09
1.752579773107792139e+09
1.752579773111313343e+09
1.752579773117579937e+09
1.752579773121058226e+09
1.752579773127817154e+09
1.752579773131341934e+09
1.752579773137936831e+09
1.752579773141493559e+09
1.752579773147721529e+09
1.752579773152161837e+09
1.752579773157784462e+09
1.752579773161508322e+09
1.752579773167866707e+09
1.752579773171488285e+09
1.752579773177706003e+09
1.752579773181355715e+09
1.752579773187836409e+09
1.752579773191384554e+09
1.752579773197881699e+09
1.752579773201390505e+09
1.752579773207535505e+09
1.752579773211265564e+09
1.752579773217963457e+09
1.752579773221288443e+09
1.752579773227742672e+09
1.752579773231238604e+09
1.752579773237895489e+09
1.752579773241208315e+09
1.752579773247777939e+09
1.752579773251344919e+09
1.752579773259041548e+09
1.752579773261492014e+09
1.752579773267512798e+09
1.752579773271284580e+09
1.752579773277976513e+09
1.752579773282835960e+09
1.752579773287865877e+09
1.752579773291193962e+09
1.752579773297624826e+09
1.752579773301331520e+09
1.752579773308106661e+09
1.752579773311280012e+09
1.752579773317586422e+09
1.752579773321255684e+09
1.752579773327504873e+09
1.752579773333231211e+09
1.752579773338121176e+09
1.752579773341320753e+09
1.752579773347564220e+09
1.752579773352273703e+09
1.752579773357772589e+09
1.752579773363693714e+09
1.752579773367759466e+09
1.752579773371322870e+09
1.752579773377728462e+09
1.752579773381238222e+09
1.752579773387372494e+09
1.752579773391378641e+09
1.752579773397769213e+09
1.752579773401321411e+09
1.752579773405827999e+09
1.752579773411317348e+09
1.752579773417510986e+09
1.752579773421477556e+09
1.752579773428191423e+09
1.752579773433147669e+09
1.752579773437508583e+09
1.752579773441273451e+09
1.752579773447771549e+09
1.752579773452415943e+09
1.752579773457843781e+09
1.752579773462177515e+09
1.752579773467629671e+09
1.752579773471296072e+09
1.752579773477782249e+09
1.752579773481377363e+09
1.752579773487776041e+09
1.752579773491344690e+09
1.752579773497956514e+09
1.752579773501668453e+09
1.752579773507528782e+09
1.752579773511293173e+09
1.752579773517118454e+09
1.752579773521246433e+09
1.752579773527840137e+09
1.752579773533361435e+09
1.752579773537609577e+09
1.752579773541246653e+09
1.752579773548021317e+09
1.752579773551523685e+09
1.752579773557972670e+09
1.752579773561411858e+09
1.752579773568333626e+09
1.752579773572571754e+09
1.752579773577683926e+09
1.752579773581212997e+09
1.752579773587818384e+09
1.752579773591320992e+09
1.752579773598016977e+09
1.752579773601261616e+09
1.752579773607627630e+09
1.752579773611376524e+09
1.752579773617706299e+09
1.752579773621390343e+09
1.752579773627630234e+09
1.752579773631430626e+09
1.752579773637478352e+09
1.752579773641429901e+09
1.752579773648108959e+09
1.752579773652175665e+09
1.752579773657819510e+09
1.752579773661303759e+09
1.752579773667455435e+09
1.752579773671636343e+09
1.752579773678086042e+09
1.752579773682877302e+09
1.752579773687470675e+09
1.752579773691179752e+09
1.752579773698051691e+09
1.752579773701470613e+09
1.752579773707722187e+09
1.752579773713506222e+09
1.752579773718043327e+09
1.752579773721214771e+09
1.752579773727620125e+09
1.752579773731380939e+09
1.752579773737741470e+09
1.752579773741196632e+09
1.752579773747762918e+09
1.752579773751359701e+09
1.752579773757974863e+09
1.752579773761445522e+09
1.752579773767439842e+09
1.752579773771334410e+09
1.752579773777966499e+09
1.752579773781239033e+09
1.752579773787497044e+09
1.752579773791552067e+09
1.752579773797898769e+09
1.752579773801386595e+09
1.752579773807810545e+09
1.752579773811231375e+09
1.752579773817793131e+09
1.752579773821457863e+09
1.752579773827719212e+09
1.752579773831341743e+09
1.752579773837765217e+09
1.752579773841350079e+09
1.752579773847400427e+09
1.752579773854060173e+09
1.752579773857694626e+09
1.752579773861261606e+09
1.752579773868113995e+09
1.752579773871503830e+09
1.752579773877736330e+09
1.752579773881299973e+09
1.752579773887138605e+09
1.752579773891375780e+09
1.752579773897756338e+09
1.752579773901258707e+09
1.752579773907722950e+09
1.752579773912974358e+09
1.752579773918670654e+09
1.752579773921258688e+09
1.752579773927562952e+09
1.752579773931321144e+09
1.752579773937797546e+09
1.752579773941253662e+09
1.752579773947637796e+09
1.752579773951264620e+09
1.752579773958029270e+09
1.752579773961440802e+09
1.752579773966558695e+09
1.752579773971253872e+09
1.752579773977482080e+09
1.752579773982858896e+09
1.752579773987819195e+09
1.752579773991276979e+09
1.752579774000482082e+09
1.752579774002568245e+09
1.752579774007748604e+09
1.752579774011528969e+09
1.752579774018019438e+09
1.752579774021204948e+09
1.752579774027608633e+09
1.752579774031783104e+09
1.752579774038346767e+09
1.752579774041418791e+09
1.752579774047561646e+09
1.752579774051209927e+09
1.752579774057749271e+09
1.752579774061250925e+09
1.752579774067417145e+09
1.752579774071663141e+09
1.752579774077949047e+09
1.752579774081196547e+09
1.752579774087464809e+09
1.752579774091594696e+09
1.752579774098017693e+09
1.752579774101290464e+09
1.752579774107737780e+09
1.752579774111320972e+09
1.752579774117976904e+09
1.752579774121356964e+09
1.752579774127525330e+09
1.752579774132674217e+09
1.752579774138020515e+09
1.752579774141240358e+09
1.752579774147621632e+09
1.752579774152523518e+09
1.752579774158242226e+09
1.752579774161567450e+09
1.752579774167606831e+09
1.752579774171233892e+09
1.752579774177688599e+09
1.752579774181476116e+09
1.752579774187706709e+09
1.752579774191504955e+09
1.752579774197646618e+09
1.752579774201308250e+09
1.752579774206266165e+09
1.752579774211517334e+09
1.752579774218014956e+09
1.752579774221594572e+09
1.752579774227723360e+09
1.752579774231498241e+09
1.752579774237975121e+09
1.752579774241487503e+09
1.752579774247702360e+09
1.752579774251314402e+09
1.752579774257772684e+09
1.752579774264633179e+09
1.752579774265768290e+09
1.752579774271320581e+09
1.752579774277318239e+09
1.752579774281248569e+09
1.752579774287851810e+09
1.752579774292407036e+09
1.752579774299514532e+09
1.752579774302600145e+09
1.752579774307520151e+09
1.752579774311252594e+09
1.752579774318037987e+09
1.752579774322517872e+09
1.752579774327588081e+09
1.752579774331550121e+09
1.752579774337604046e+09
1.752579774343567610e+09
1.752579774346212864e+09
1.752579774351498604e+09
1.752579774357754707e+09
1.752579774361437559e+09
1.752579774367666006e+09
1.752579774371428251e+09
1.752579774377520084e+09
1.752579774382970333e+09
1.752579774388166428e+09
1.752579774391332150e+09
1.752579774398159981e+09
1.752579774402613878e+09
1.752579774407496214e+09
1.752579774412154913e+09
1.752579774417973995e+09
1.752579774421391010e+09
1.752579774427713871e+09
1.752579774431534290e+09
1.752579774437757730e+09
1.752579774441534996e+09
1.752579774447835684e+09
1.752579774451567173e+09
1.752579774457776308e+09
1.752579774461480141e+09
1.752579774467776537e+09
1.752579774471249819e+09
1.752579774477786064e+09
1.752579774481040716e+09
1.752579774487631798e+09
1.752579774491461039e+09
1.752579774497977257e+09
1.752579774501386166e+09
1.752579774508175611e+09
1.752579774513056040e+09
1.752579774517094374e+09
1.752579774521222115e+09
1.752579774527773857e+09
1.752579774531344175e+09
1.752579774537631750e+09
1.752579774541300297e+09
1.752579774547545910e+09
1.752579774551654339e+09
1.752579774557003498e+09
1.752579774561441422e+09
1.752579774567671537e+09
1.752579774571503878e+09
1.752579774577682257e+09
1.752579774581562281e+09
1.752579774587900639e+09
1.752579774591232538e+09
1.752579774598258972e+09
1.752579774601715088e+09
1.752579774607566833e+09
1.752579774611249447e+09
1.752579774617972136e+09
1.752579774621479273e+09
1.752579774627722740e+09
1.752579774632317066e+09
1.752579774637819290e+09
1.752579774641325235e+09
1.752579774647639990e+09
1.752579774651334047e+09
1.752579774657607794e+09
1.752579774661239862e+09
1.752579774666673422e+09
1.752579774671515703e+09
1.752579774677636623e+09
1.752579774681452513e+09
1.752579774687691927e+09
1.752579774692010164e+09
1.752579774697520494e+09
1.752579774701424599e+09
1.752579774707654953e+09
1.752579774711222887e+09
1.752579774717839718e+09
1.752579774722156763e+09
1.752579774727506399e+09
1.752579774731204271e+09
1.752579774737973452e+09
1.752579774741186857e+09
1.752579774747615337e+09
1.752579774751501322e+09
1.752579774757640362e+09
1.752579774763323307e+09
1.752579774767916441e+09
1.752579774771377802e+09
1.752579774777752399e+09
1.752579774781450272e+09
1.752579774787622452e+09
1.752579774792108536e+09
1.752579774797821045e+09
1.752579774801208258e+09
1.752579774807748556e+09
1.752579774811388254e+09
1.752579774817717314e+09
1.752579774821249962e+09
1.752579774827973366e+09
1.752579774831502438e+09
1.752579774837135315e+09
1.752579774841418982e+09
1.752579774847876072e+09
1.752579774851214647e+09
1.752579774857701778e+09
1.752579774861289024e+09
1.752579774867753267e+09
1.752579774871644020e+09
1.752579774877863407e+09
1.752579774881284237e+09
1.752579774887639999e+09
1.752579774891205311e+09
1.752579774897767782e+09
1.752579774901820660e+09
1.752579774907724619e+09
1.752579774911263227e+09
1.752579774917476654e+09
1.752579774921041012e+09
1.752579774928601027e+09
1.752579774933387756e+09
1.752579774937695742e+09
1.752579774941240311e+09
1.752579774947427988e+09
1.752579774951188326e+09
1.752579774957874775e+09
1.752579774961601019e+09
1.752579774967514038e+09
1.752579774971383333e+09
1.752579774976462126e+09
1.752579774982086182e+09
1.752579774987506390e+09
1.752579774991591215e+09
1.752579774997990370e+09
1.752579775001503468e+09
1.752579775007515907e+09
1.752579775011382818e+09
1.752579775017980337e+09
1.752579775021639347e+09
1.752579775027478456e+09
1.752579775031385660e+09
1.752579775037938595e+09
1.752579775041797161e+09
1.752579775047476530e+09
1.752579775051324844e+09
1.752579775057839155e+09
1.752579775061283350e+09
1.752579775067616701e+09
1.752579775071458578e+09
1.752579775077612400e+09
1.752579775081488132e+09
1.752579775087724209e+09
1.752579775091286421e+09
1.752579775098050356e+09
1.752579775101449013e+09
1.752579775107932329e+09
1.752579775113625526e+09
1.752579775117915392e+09
1.752579775122111082e+09
1.752579775127597809e+09
1.752579775131357193e+09
1.752579775137725115e+09
1.752579775141407967e+09
1.752579775147483587e+09
1.752579775151220322e+09
1.752579775158023119e+09
1.752579775161239862e+09
1.752579775166856527e+09
1.752579775171667814e+09
1.752579775178040743e+09
1.752579775183086634e+09
1.752579775187545061e+09
1.752579775191328287e+09
1.752579775198074818e+09
1.752579775201490164e+09
1.752579775207653999e+09
1.752579775211402893e+09
1.752579775217685938e+09
1.752579775221287012e+09
1.752579775227734804e+09
1.752579775231731653e+09
1.752579775237816334e+09
1.752579775241329670e+09
1.752579775247676373e+09
1.752579775252641678e+09
1.752579775257549524e+09
1.752579775261680126e+09
1.752579775267880440e+09
1.752579775271317244e+09
1.752579775277823210e+09
1.752579775281242371e+09
1.752579775287544250e+09
1.752579775291278124e+09
1.752579775297966003e+09
1.752579775301597834e+09
1.752579775307403088e+09
1.752579775311446667e+09
1.752579775317974091e+09
1.752579775323108435e+09
1.752579775327754736e+09
1.752579775333386421e+09
1.752579775336536884e+09
1.752579775341226101e+09
1.752579775347456217e+09
1.752579775351507664e+09
1.752579775358141661e+09
1.752579775361452818e+09
1.752579775367491484e+09
1.752579775371242285e+09
1.752579775377781868e+09
1.752579775381593704e+09
1.752579775387619495e+09
1.752579775392939806e+09
1.752579775397863150e+09
1.752579775401329994e+09
1.752579775407693863e+09
1.752579775411740780e+09
1.752579775418109894e+09
1.752579775422666073e+09
1.752579775427545071e+09
1.752579775431397438e+09
1.752579775437949657e+09
1.752579775441482544e+09
1.752579775447617531e+09
1.752579775451453209e+09
1.752579775457869768e+09
1.752579775463399649e+09
1.752579775466451406e+09
1.752579775471473694e+09
1.752579775477520704e+09
1.752579775481256485e+09
1.752579775487365007e+09
1.752579775491230726e+09
1.752579775498191118e+09
1.752579775501709938e+09
1.752579775507606745e+09
1.752579775511279821e+09
1.752579775519667149e+09
1.752579775523039341e+09
1.752579775527844906e+09
1.752579775531797409e+09
1.752579775538165331e+09
1.752579775541234732e+09
1.752579775547503471e+09
1.752579775551218987e+09
1.752579775557622194e+09
1.752579775562571526e+09
1.752579775568245411e+09
1.752579775571383476e+09
1.752579775577859640e+09
1.752579775581218004e+09
1.752579775587676764e+09
1.752579775591221094e+09
1.752579775597575665e+09
1.752579775601711273e+09
1.752579775607753754e+09
1.752579775611284256e+09
1.752579775617800474e+09
1.752579775621407509e+09
1.752579775627680540e+09
1.752579775631622553e+09
1.752579775637859583e+09
1.752579775641225100e+09
1.752579775647705317e+09
1.752579775651456118e+09
1.752579775657720804e+09
1.752579775661443472e+09
1.752579775667744160e+09
1.752579775672517061e+09
1.752579775677568913e+09
1.752579775681213617e+09
1.752579775687890291e+09
1.752579775692133665e+09
1.752579775697613716e+09
1.752579775701206684e+09
1.752579775707610369e+09
1.752579775711297274e+09
1.752579775717904329e+09
1.752579775721452475e+09
1.752579775727723360e+09
1.752579775731441975e+09
1.752579775738212824e+09
1.752579775741377831e+09
1.752579775747713327e+09
1.752579775751228809e+09
1.752579775757733345e+09
1.752579775761364937e+09
1.752579775767472029e+09
1.752579775771495342e+09
1.752579775778071880e+09
1.752579775781278133e+09
1.752579775787492275e+09
1.752579775791218281e+09
1.752579775797850847e+09
1.752579775801232338e+09
1.752579775807553053e+09
1.752579775813641787e+09
1.752579775817354441e+09
1.752579775821333408e+09
1.752579775827642441e+09
1.752579775831860542e+09
1.752579775837951660e+09
1.752579775841251135e+09
1.752579775846197605e+09
1.752579775851973534e+09
1.752579775857647181e+09
1.752579775861466646e+09
1.752579775868176460e+09
1.752579775871514559e+09
1.752579775877793074e+09
1.752579775882900238e+09
1.752579775887586832e+09
1.752579775891469240e+09
1.752579775898276806e+09
1.752579775901316404e+09
1.752579775907596350e+09
1.752579775911338329e+09
1.752579775917826891e+09
1.752579775921206474e+09
1.752579775927906036e+09
1.752579775931425571e+09
1.752579775937728167e+09
1.752579775941361189e+09
1.752579775947740316e+09
1.752579775953324080e+09
1.752579775957877159e+09
1.752579775961054802e+09
1.752579775967912674e+09
1.752579775971403837e+09
1.752579775977742672e+09
1.752579775981215000e+09
1.752579775987571955e+09
1.752579775992548704e+09
1.752579775998145580e+09
1.752579776001363516e+09
1.752579776007361650e+09
1.752579776011351824e+09
1.752579776018038034e+09
1.752579776023892879e+09
1.752579776027525663e+09
1.752579776031470060e+09
1.752579776038087845e+09
1.752579776041433811e+09
1.752579776047677994e+09
1.752579776051250935e+09
1.752579776057555914e+09
1.752579776062411070e+09
1.752579776067918301e+09
1.752579776071250916e+09
1.752579776077709675e+09
1.752579776083308220e+09
1.752579776087869406e+09
1.752579776091197014e+09
1.752579776097628593e+09
1.752579776101238728e+09
1.752579776107743979e+09
1.752579776111204147e+09
1.752579776117768288e+09
1.752579776121281624e+09
1.752579776127565861e+09
1.752579776135966301e+09
1.752579776137065887e+09
1.752579776141274214e+09
1.752579776147483587e+09
1.752579776152395248e+09
1.752579776158043146e+09
1.752579776161338568e+09
1.752579776166451216e+09
1.752579776171380758e+09
1.752579776178158283e+09
1.752579776181535721e+09
1.752579776187425613e+09
1.752579776191249371e+09
1.752579776198303699e+09
1.752579776201498032e+09
1.752579776207452297e+09
1.752579776211174965e+09
1.752579776217902184e+09
1.752579776221525431e+09
1.752579776225856304e+09
1.752579776231935978e+09
1.752579776237792015e+09
1.752579776241219521e+09
1.752579776247593880e+09
1.752579776251430035e+09
1.752579776257759809e+09
1.752579776262161493e+09
1.752579776267707586e+09
1.752579776271421432e+09
1.752579776277833462e+09
1.752579776281202793e+09
1.752579776287705660e+09
1.752579776291217566e+09
1.752579776297695160e+09
1.752579776301496267e+09
1.752579776307287455e+09
1.752579776311243057e+09
1.752579776317504168e+09
1.752579776321583986e+09
1.752579776327774286e+09
1.752579776331407309e+09
1.752579776337841511e+09
1.752579776341432571e+09
1.752579776346366405e+09
1.752579776351426125e+09
1.752579776357940912e+09
1.752579776361476660e+09
1.752579776367555618e+09
1.752579776373581648e+09
1.752579776377901077e+09
1.752579776381403923e+09
1.752579776387589931e+09
1.752579776391453266e+09
1.752579776397379160e+09
1.752579776402544737e+09
1.752579776408224344e+09
1.752579776411294460e+09
1.752579776417697906e+09
1.752579776422150850e+09
1.752579776427987337e+09
1.752579776431579351e+09
1.752579776437894106e+09
1.752579776441378355e+09
1.752579776447847128e+09
1.752579776451356411e+09
1.752579776457723856e+09
1.752579776462490559e+09
1.752579776466068745e+09
1.752579776471383572e+09
1.752579776477602720e+09
1.752579776483202219e+09
1.752579776488064051e+09
1.752579776491245985e+09
1.752579776497708559e+09
1.752579776502606153e+09
1.752579776507395267e+09
1.752579776511220217e+09
1.752579776516846418e+09
1.752579776522093296e+09
1.752579776527470589e+09
1.752579776531233072e+09
1.752579776537829638e+09
1.752579776541372776e+09
1.752579776547605276e+09
1.752579776551459551e+09
1.752579776557492971e+09
1.752579776561227798e+09
1.752579776567613125e+09
1.752579776571477413e+09
1.752579776577760696e+09
1.752579776581432343e+09
1.752579776587403297e+09
1.752579776591234922e+09
1.752579776597722769e+09
1.752579776601389885e+09
1.752579776607627153e+09
1.752579776611497641e+09
1.752579776617833376e+09
1.752579776622119427e+09
1.752579776627361774e+09
1.752579776631335497e+09
1.752579776637876272e+09
1.752579776641419172e+09
1.752579776647683859e+09
1.752579776652853251e+09
1.752579776658476114e+09
1.752579776663667917e+09
1.752579776667541504e+09
1.752579776671413898e+09
1.752579776678009033e+09
1.752579776683425188e+09
1.752579776687357903e+09
1.752579776691015482e+09
1.752579776698254108e+09
1.752579776702108145e+09
1.752579776707908392e+09
1.752579776711373091e+09
1.752579776717407942e+09
1.752579776721212149e+09
1.752579776728335619e+09
1.752579776733012438e+09
1.752579776737767935e+09
1.752579776741230965e+09
1.752579776747499228e+09
1.752579776751185894e+09
1.752579776757863760e+09
1.752579776761538506e+09
1.752579776767755747e+09
1.752579776771414042e+09
1.752579776777590275e+09
1.752579776781398058e+09
1.752579776788022280e+09
1.752579776791646242e+09
1.752579776798702240e+09
1.752579776801278114e+09
1.752579776807688475e+09
1.752579776811290741e+09
1.752579776817766428e+09
1.752579776821522713e+09
1.752579776827740908e+09
1.752579776831452370e+09
1.752579776837706327e+09
1.752579776841322422e+09
1.752579776847457647e+09
1.752579776851446867e+09
1.752579776857520819e+09
1.752579776862804651e+09
1.752579776866803408e+09
1.752579776871268272e+09
1.752579776877972364e+09
1.752579776883607388e+09
1.752579776887745380e+09
1.752579776891300678e+09
1.752579776897885084e+09
1.752579776901537180e+09
1.752579776907797575e+09
1.752579776911385059e+09
1.752579776918008804e+09
1.752579776921519518e+09
1.752579776927680254e+09
1.752579776931544781e+09
1.752579776937414885e+09
1.752579776941721439e+09
1.752579776946367979e+09
1.752579776951308966e+09
1.752579776957587004e+09
1.752579776962489367e+09
1.752579776967977047e+09
1.752579776971356630e+09
1.752579776977918625e+09
1.752579776981241703e+09
1.752579776987857580e+09
1.752579776991193295e+09
1.752579776997684002e+09
