1.752580842125119925e+09
1.752580842131674290e+09
1.752580842134787560e+09
1.752580842141178846e+09
1.752580842144954443e+09
1.752580842151327372e+09
1.752580842155401468e+09
1.752580842161260366e+09
1.752580842165066242e+09
1.752580842171416044e+09
1.752580842174613714e+09
1.752580842179448128e+09
1.752580842185087681e+09
1.752580842189323425e+09
1.752580842194742203e+09
1.752580842200892210e+09
1.752580842204788685e+09
1.752580842210992575e+09
1.752580842214883566e+09
1.752580842219443798e+09
1.752580842224972486e+09
1.752580842230981112e+09
1.752580842234686375e+09
1.752580842241343260e+09
1.752580842244876862e+09
1.752580842252502203e+09
1.752580842256271362e+09
1.752580842261169672e+09
1.752580842265080214e+09
1.752580842269916058e+09
1.752580842275731087e+09
1.752580842280893803e+09
1.752580842284810066e+09
1.752580842290694952e+09
1.752580842294673681e+09
1.752580842299365520e+09
1.752580842306036711e+09
1.752580842310814381e+09
1.752580842314714670e+09
1.752580842320910454e+09
1.752580842325616360e+09
1.752580842331078768e+09
1.752580842334920406e+09
1.752580842339294672e+09
1.752580842346347094e+09
1.752580842350954294e+09
1.752580842354951620e+09
1.752580842361333609e+09
1.752580842365456581e+09
1.752580842369320631e+09
1.752580842374655962e+09
1.752580842380772352e+09
1.752580842384820223e+09
1.752580842394102812e+09
1.752580842394552231e+09
1.752580842402022600e+09
1.752580842406142235e+09
1.752580842410821915e+09
1.752580842414634228e+09
1.752580842421167374e+09
1.752580842424819708e+09
1.752580842431190968e+09
1.752580842434839487e+09
1.752580842441305399e+09
1.752580842444849253e+09
1.752580842451485157e+09
1.752580842455130816e+09
1.752580842459742069e+09
1.752580842464792252e+09
1.752580842470901966e+09
1.752580842474695444e+09
1.752580842481361151e+09
1.752580842485096455e+09
1.752580842491023302e+09
1.752580842494582891e+09
1.752580842499273777e+09
1.752580842505104780e+09
1.752580842511216879e+09
1.752580842514921665e+09
1.752580842521354914e+09
1.752580842524885178e+09
1.752580842529263973e+09
1.752580842534963369e+09
1.752580842541020870e+09
1.752580842544867277e+09
1.752580842551616430e+09
1.752580842555572987e+09
1.752580842560983896e+09
1.752580842565168619e+09
1.752580842569548845e+09
1.752580842574934483e+09
1.752580842580808401e+09
1.752580842585936308e+09
1.752580842589341402e+09
1.752580842594728231e+09
1.752580842600625515e+09
1.752580842605005503e+09
1.752580842609170198e+09
1.752580842614760399e+09
1.752580842621137142e+09
1.752580842625098944e+09
1.752580842629314899e+09
1.752580842635329008e+09
1.752580842641062260e+09
1.752580842644844294e+09
1.752580842651192665e+09
1.752580842655558109e+09
1.752580842661426067e+09
1.752580842665244341e+09
1.752580842672134399e+09
1.752580842674925327e+09
1.752580842681154966e+09
1.752580842684828997e+09
1.752580842691068888e+09
1.752580842694748163e+09
1.752580842700931787e+09
1.752580842705833197e+09
1.752580842709355354e+09
1.752580842714829683e+09
1.752580842720904112e+09
1.752580842725264311e+09
1.752580842729168415e+09
1.752580842734871387e+09
1.752580842739880085e+09
1.752580842744902611e+09
1.752580842751405001e+09
1.752580842755000591e+09
1.752580842761082172e+09
1.752580842764844179e+09
1.752580842771289825e+09
1.752580842774740219e+09
1.752580842781204462e+09
1.752580842785137653e+09
1.752580842791357279e+09
1.752580842794740915e+09
1.752580842801117659e+09
1.752580842804830313e+09
1.752580842813225746e+09
1.752580842815011024e+09
1.752580842820942879e+09
1.752580842824825287e+09
1.752580842831249952e+09
1.752580842835652351e+09
1.752580842841144085e+09
1.752580842845290899e+09
1.752580842851070404e+09
1.752580842854859114e+09
1.752580842861094475e+09
1.752580842864963770e+09
1.752580842871423960e+09
1.752580842874890089e+09
1.752580842881426096e+09
1.752580842885024309e+09
1.752580842890930653e+09
1.752580842894927025e+09
1.752580842899296761e+09
1.752580842905034781e+09
1.752580842911128044e+09
1.752580842914820433e+09
1.752580842921157122e+09
1.752580842924846888e+09
1.752580842929411411e+09
1.752580842935544252e+09
1.752580842941413403e+09
1.752580842944865465e+09
1.752580842953615427e+09
1.752580842955682755e+09
1.752580842961096525e+09
1.752580842965103149e+09
1.752580842969316006e+09
1.752580842974757195e+09
1.752580842980742693e+09
1.752580842984847546e+09
1.752580842991193533e+09
1.752580842994918108e+09
1.752580843001144171e+09
1.752580843004896879e+09
1.752580843011190891e+09
1.752580843014785528e+09
1.752580843021269560e+09
1.752580843026582241e+09
1.752580843029625654e+09
1.752580843034706354e+09
1.752580843041313171e+09
1.752580843045143366e+09
1.752580843051235676e+09
1.752580843055690050e+09
1.752580843061332941e+09
1.752580843064924002e+09
1.752580843069151163e+09
1.752580843074810982e+09
1.752580843083677530e+09
1.752580843085393429e+09
1.752580843089359045e+09
1.752580843096944809e+09
1.752580843101245165e+09
1.752580843105059385e+09
1.752580843111298800e+09
1.752580843115164518e+09
1.752580843119400978e+09
1.752580843124852180e+09
1.752580843131248951e+09
1.752580843135573387e+09
1.752580843141116142e+09
1.752580843145041227e+09
1.752580843151223898e+09
1.752580843154726982e+09
1.752580843161074638e+09
1.752580843164885044e+09
1.752580843169204712e+09
1.752580843175171852e+09
1.752580843181215048e+09
1.752580843184831858e+09
1.752580843189196348e+09
1.752580843194883585e+09
1.752580843202478409e+09
1.752580843204912186e+09
1.752580843211194277e+09
1.752580843215612411e+09
1.752580843219376087e+09
1.752580843224800110e+09
1.752580843231394768e+09
1.752580843235607386e+09
1.752580843241365433e+09
1.752580843244993210e+09
1.752580843251067877e+09
1.752580843254910469e+09
1.752580843261356115e+09
1.752580843264952898e+09
1.752580843270948887e+09
1.752580843274690390e+09
1.752580843281701803e+09
1.752580843285081148e+09
1.752580843291131973e+09
1.752580843294983625e+09
1.752580843300583839e+09
1.752580843304873228e+09
1.752580843309372663e+09
1.752580843315682888e+09
1.752580843321400881e+09
1.752580843324892998e+09
1.752580843331019163e+09
1.752580843334707975e+09
1.752580843341316700e+09
1.752580843346076250e+09
1.752580843351021290e+09
1.752580843354911566e+09
1.752580843359520197e+09
1.752580843364963770e+09
1.752580843370941401e+09
1.752580843376096249e+09
1.752580843380857229e+09
1.752580843384891748e+09
1.752580843391579390e+09
1.752580843395468235e+09
1.752580843400893211e+09
1.752580843404796839e+09
1.752580843409311056e+09
1.752580843415974140e+09
1.752580843420956850e+09
1.752580843424788952e+09
1.752580843429342508e+09
1.752580843435749531e+09
1.752580843440383434e+09
1.752580843445340872e+09
1.752580843449370861e+09
1.752580843454928875e+09
1.752580843461081028e+09
1.752580843464893341e+09
1.752580843471051931e+09
1.752580843474832296e+09
1.752580843480929136e+09
1.752580843484805822e+09
1.752580843491673946e+09
1.752580843495990753e+09
1.752580843503589392e+09
1.752580843505129814e+09
1.752580843513003111e+09
1.752580843516765594e+09
1.752580843519288063e+09
1.752580843524793863e+09
1.752580843531322002e+09
1.752580843536206484e+09
1.752580843539446354e+09
1.752580843544873953e+09
1.752580843551061153e+09
1.752580843554855108e+09
1.752580843561070919e+09
1.752580843565042257e+09
1.752580843570613146e+09
1.752580843574744940e+09
1.752580843580344439e+09
1.752580843584839106e+09
1.752580843590801239e+09
1.752580843594792843e+09
1.752580843603563786e+09
1.752580843605107307e+09
1.752580843611010790e+09
1.752580843614705563e+09
1.752580843620934725e+09
1.752580843626336575e+09
1.752580843631587982e+09
1.752580843634665489e+09
1.752580843641006947e+09
1.752580843644836426e+09
1.752580843653187037e+09
1.752580843654882908e+09
1.752580843661248446e+09
1.752580843664963484e+09
1.752580843671224117e+09
1.752580843675512791e+09
1.752580843680941343e+09
1.752580843684821606e+09
1.752580843689188242e+09
1.752580843694860220e+09
1.752580843700895786e+09
1.752580843704827309e+09
1.752580843710960388e+09
1.752580843714804888e+09
1.752580843721663475e+09
1.752580843724978924e+09
1.752580843731052399e+09
1.752580843734808683e+09
1.752580843739251614e+09
1.752580843746428013e+09
1.752580843751077652e+09
1.752580843755597830e+09
1.752580843760969400e+09
1.752580843764830351e+09
1.752580843770962954e+09
1.752580843775763273e+09
1.752580843781359911e+09
1.752580843784831285e+09
1.752580843793316841e+09
1.752580843794728279e+09
1.752580843801454544e+09
1.752580843804907322e+09
1.752580843811194897e+09
1.752580843814682722e+09
1.752580843820832729e+09
1.752580843825905323e+09
1.752580843831573009e+09
1.752580843834753275e+09
1.752580843839199781e+09
1.752580843844944954e+09
1.752580843851187706e+09
1.752580843854885101e+09
1.752580843862748623e+09
1.752580843865052938e+09
1.752580843871154547e+09
1.752580843874731779e+09
1.752580843880860090e+09
1.752580843885098457e+09
1.752580843891262531e+09
1.752580843894741058e+09
1.752580843901242018e+09
1.752580843904958963e+09
1.752580843911242962e+09
1.752580843914732456e+09
1.752580843921139002e+09
1.752580843924884081e+09
1.752580843929162741e+09
1.752580843936011076e+09
1.752580843941279650e+09
1.752580843944851637e+09
1.752580843951506138e+09
1.752580843955086231e+09
1.752580843961282730e+09
1.752580843964903593e+09
1.752580843969210386e+09
1.752580843974969149e+09
1.752580843981111526e+09
1.752580843984820127e+09
1.752580843990843058e+09
1.752580843996068954e+09
1.752580844002669334e+09
1.752580844006828308e+09
1.752580844010936975e+09
1.752580844015598774e+09
1.752580844019616365e+09
1.752580844024824142e+09
1.752580844031209469e+09
1.752580844034897327e+09
1.752580844041085720e+09
1.752580844044934034e+09
1.752580844051200867e+09
1.752580844054970980e+09
1.752580844061297178e+09
1.752580844064922333e+09
1.752580844069363117e+09
1.752580844076002359e+09
1.752580844081450462e+09
1.752580844084818602e+09
1.752580844091053486e+09
1.752580844094866514e+09
1.752580844101731300e+09
1.752580844105776310e+09
1.752580844109356880e+09
1.752580844114792585e+09
1.752580844121215820e+09
1.752580844124787569e+09
1.752580844131074190e+09
1.752580844135011435e+09
1.752580844140932560e+09
1.752580844145413876e+09
1.752580844151086569e+09
1.752580844154655933e+09
1.752580844161000967e+09
1.752580844166419506e+09
1.752580844170135021e+09
1.752580844174679518e+09
1.752580844181079865e+09
1.752580844185210466e+09
1.752580844191493273e+09
1.752580844194820881e+09
1.752580844201928377e+09
1.752580844207859039e+09
1.752580844212004185e+09
1.752580844214851856e+09
1.752580844219218969e+09
1.752580844224942684e+09
1.752580844230812311e+09
1.752580844234767437e+09
1.752580844241633177e+09
1.752580844245151520e+09
1.752580844249429703e+09
1.752580844254723787e+09
1.752580844261465549e+09
1.752580844265886784e+09
1.752580844269814014e+09
1.752580844274821043e+09
1.752580844281010151e+09
1.752580844285394907e+09
1.752580844291285515e+09
1.752580844294826746e+09
1.752580844301524878e+09
1.752580844304959297e+09
1.752580844311206341e+09
1.752580844314614296e+09
1.752580844320807219e+09
1.752580844324773550e+09
1.752580844330804110e+09
1.752580844335232735e+09
1.752580844341038227e+09
1.752580844345149994e+09
1.752580844349314451e+09
1.752580844354702711e+09
1.752580844361007214e+09
1.752580844365180969e+09
1.752580844371504068e+09
1.752580844374861717e+09
1.752580844380997419e+09
1.752580844384857893e+09
1.752580844391311169e+09
1.752580844395951986e+09
1.752580844401211977e+09
1.752580844404804945e+09
1.752580844411259651e+09
1.752580844414892912e+09
1.752580844419403791e+09
1.752580844425679445e+09
1.752580844431423664e+09
1.752580844434849501e+09
1.752580844440725088e+09
1.752580844444831133e+09
1.752580844451505184e+09
1.752580844455631733e+09
1.752580844461050987e+09
1.752580844464832544e+09
1.752580844469620943e+09
1.752580844475811243e+09
1.752580844480758667e+09
1.752580844484713793e+09
1.752580844490030766e+09
1.752580844496004343e+09
1.752580844501303434e+09
1.752580844504795074e+09
1.752580844510758400e+09
1.752580844514685392e+09
1.752580844519639969e+09
1.752580844526028872e+09
1.752580844530888081e+09
1.752580844534773350e+09
1.752580844541391850e+09
1.752580844545136452e+09
1.752580844551262140e+09
1.752580844554894924e+09
1.752580844561150312e+09
1.752580844565027952e+09
1.752580844569200993e+09
1.752580844575086117e+09
1.752580844580996513e+09
1.752580844584805012e+09
1.752580844589180946e+09
1.752580844595979214e+09
1.752580844601084709e+09
1.752580844605383158e+09
1.752580844611213684e+09
1.752580844614852905e+09
1.752580844620875120e+09
1.752580844624754190e+09
1.752580844632324934e+09
1.752580844635088444e+09
1.752580844641285658e+09
1.752580844644829512e+09
1.752580844650801420e+09
1.752580844655749083e+09
1.752580844659301281e+09
1.752580844665118694e+09
1.752580844671253443e+09
1.752580844674706697e+09
1.752580844681004524e+09
1.752580844684783220e+09
1.752580844690985918e+09
1.752580844695250988e+09
1.752580844699225187e+09
1.752580844704892159e+09
1.752580844710768700e+09
1.752580844715670109e+09
1.752580844719407558e+09
1.752580844725187063e+09
1.752580844729279995e+09
1.752580844735930204e+09
1.752580844741705656e+09
1.752580844745035172e+09
1.752580844751112223e+09
1.752580844754744530e+09
1.752580844761178017e+09
1.752580844764818907e+09
1.752580844773618698e+09
1.752580844774588823e+09
1.752580844781077385e+09
1.752580844784992933e+09
1.752580844791175365e+09
1.752580844794883251e+09
1.752580844799168825e+09
1.752580844805116892e+09
1.752580844809167147e+09
1.752580844814775229e+09
1.752580844819178343e+09
1.752580844825144529e+09
1.752580844829229116e+09
1.752580844834762812e+09
1.752580844840945005e+09
1.752580844846477270e+09
1.752580844851274967e+09
1.752580844854891777e+09
1.752580844861279249e+09
1.752580844864737988e+09
1.752580844871496677e+09
1.752580844874763250e+09
1.752580844879542112e+09
1.752580844885076523e+09
1.752580844889406204e+09
1.752580844895484447e+09
1.752580844901035070e+09
1.752580844906111002e+09
1.752580844909348965e+09
1.752580844914629459e+09
1.752580844920976162e+09
1.752580844924813509e+09
1.752580844931416273e+09
1.752580844938527822e+09
1.752580844939530849e+09
1.752580844945149183e+09
1.752580844951097488e+09
1.752580844955413580e+09
1.752580844961038351e+09
1.752580844964870930e+09
1.752580844971168518e+09
1.752580844974778175e+09
1.752580844981232643e+09
1.752580844984865904e+09
1.752580844991023540e+09
1.752580844994803667e+09
1.752580844999444723e+09
1.752580845005872488e+09
1.752580845011114836e+09
1.752580845014779568e+09
1.752580845021467209e+09
1.752580845024938345e+09
1.752580845031254768e+09
1.752580845034805775e+09
1.752580845041178703e+09
1.752580845044940472e+09
1.752580845053018570e+09
1.752580845054679155e+09
1.752580845061209202e+09
1.752580845064635038e+09
1.752580845070795536e+09
1.752580845075844765e+09
1.752580845081604958e+09
1.752580845084872007e+09
1.752580845091229916e+09
1.752580845094769955e+09
1.752580845101073980e+09
1.752580845104908228e+09
1.752580845111069679e+09
1.752580845114873648e+09
1.752580845119286776e+09
1.752580845125590801e+09
1.752580845131084919e+09
1.752580845134882212e+09
1.752580845141101599e+09
1.752580845144906044e+09
1.752580845149593592e+09
1.752580845155794859e+09
1.752580845160991430e+09
1.752580845164827108e+09
1.752580845169825792e+09
1.752580845175710917e+09
1.752580845181115389e+09
1.752580845185235023e+09
1.752580845189388990e+09
1.752580845194733143e+09
1.752580845201236725e+09
1.752580845205000639e+09
1.752580845211425781e+09
1.752580845214956284e+09
1.752580845221139431e+09
1.752580845224783421e+09
1.752580845231085777e+09
1.752580845234861612e+09
1.752580845241209030e+09
1.752580845247174263e+09
1.752580845251122475e+09
1.752580845254963160e+09
1.752580845261024237e+09
1.752580845264832497e+09
1.752580845271296501e+09
1.752580845275705814e+09
1.752580845281448364e+09
1.752580845284974575e+09
1.752580845291073322e+09
1.752580845294695377e+09
1.752580845301116943e+09
1.752580845305209398e+09
1.752580845311032295e+09
1.752580845314603567e+09
1.752580845320751190e+09
1.752580845325934649e+09
1.752580845329388618e+09
1.752580845334558487e+09
1.752580845341252089e+09
1.752580845344795942e+09
1.752580845350954533e+09
1.752580845356263638e+09
1.752580845359392405e+09
1.752580845365052462e+09
1.752580845369227171e+09
1.752580845375574112e+09
1.752580845381110191e+09
1.752580845384799004e+09
1.752580845391385317e+09
1.752580845394860744e+09
1.752580845400788307e+09
1.752580845406662703e+09
1.752580845409477711e+09
1.752580845415762186e+09
1.752580845419675827e+09
1.752580845424892902e+09
1.752580845431535721e+09
1.752580845435693264e+09
1.752580845439420938e+09
1.752580845444836617e+09
1.752580845451721907e+09
1.752580845455909967e+09
1.752580845461356640e+09
1.752580845464811087e+09
1.752580845473741055e+09
1.752580845474218607e+09
1.752580845479362011e+09
1.752580845484864473e+09
1.752580845491233587e+09
1.752580845494880915e+09
1.752580845501240253e+09
1.752580845504867792e+09
1.752580845511299133e+09
1.752580845514908314e+09
1.752580845519267321e+09
1.752580845524923086e+09
1.752580845531095028e+09
1.752580845535682678e+09
1.752580845541239262e+09
1.752580845546053886e+09
1.752580845551139116e+09
1.752580845554865122e+09
1.752580845561120272e+09
1.752580845565006733e+09
1.752580845571237087e+09
1.752580845574963808e+09
1.752580845579378366e+09
1.752580845585104942e+09
1.752580845591069221e+09
1.752580845594774961e+09
1.752580845601303101e+09
1.752580845604937553e+09
1.752580845613649845e+09
1.752580845614128351e+09
1.752580845619613886e+09
1.752580845624819994e+09
1.752580845630920410e+09
1.752580845635509491e+09
1.752580845639289141e+09
1.752580845644845247e+09
1.752580845650991440e+09
1.752580845655931234e+09
1.752580845659247875e+09
1.752580845664738894e+09
1.752580845671195030e+09
1.752580845675152540e+09
1.752580845681628227e+09
1.752580845685357809e+09
1.752580845691386700e+09
1.752580845695415497e+09
1.752580845701304436e+09
1.752580845705114365e+09
1.752580845710838556e+09
1.752580845714670658e+09
1.752580845721227407e+09
1.752580845724887609e+09
1.752580845729527950e+09
1.752580845734846354e+09
1.752580845741186619e+09
1.752580845744980812e+09
1.752580845752338171e+09
1.752580845754422903e+09
1.752580845759268522e+09
1.752580845764944553e+09
1.752580845771429062e+09
1.752580845775733471e+09
1.752580845780867815e+09
1.752580845784807444e+09
1.752580845789616108e+09
1.752580845795814753e+09
1.752580845799178600e+09
1.752580845805037498e+09
1.752580845811101913e+09
1.752580845814824343e+09
1.752580845821105003e+09
1.752580845825007677e+09
1.752580845831559896e+09
1.752580845835791111e+09
1.752580845839608431e+09
1.752580845846503258e+09
1.752580845851690292e+09
1.752580845855726480e+09
1.752580845861026764e+09
1.752580845864773750e+09
1.752580845871428013e+09
1.752580845874878407e+09
1.752580845881089449e+09
1.752580845884833574e+09
1.752580845889926672e+09
1.752580845894828081e+09
1.752580845900947809e+09
1.752580845907512903e+09
1.752580845909578800e+09
1.752580845915572643e+09
1.752580845921194077e+09
1.752580845924862385e+09
1.752580845931136847e+09
1.752580845934862137e+09
1.752580845941293001e+09
1.752580845944835186e+09
1.752580845951100588e+09
1.752580845955567598e+09
1.752580845961130381e+09
1.752580845966515303e+09
1.752580845971049786e+09
1.752580845976311922e+09
1.752580845979283571e+09
1.752580845984799147e+09
1.752580845990729332e+09
1.752580845996161938e+09
1.752580845999836683e+09
1.752580846004840851e+09
1.752580846010897160e+09
1.752580846015499592e+09
1.752580846021200895e+09
1.752580846025070190e+09
1.752580846029507399e+09
1.752580846034902334e+09
1.752580846040885448e+09
1.752580846046118975e+09
1.752580846049261570e+09
1.752580846054855585e+09
1.752580846060889482e+09
1.752580846065129757e+09
1.752580846069440603e+09
1.752580846074772596e+09
1.752580846080820799e+09
1.752580846084913492e+09
1.752580846091779470e+09
1.752580846094846010e+09
1.752580846101042747e+09
1.752580846106123209e+09
1.752580846110882282e+09
1.752580846114722729e+09
1.752580846120964766e+09
1.752580846126197338e+09
