1.752580747390837193e+09
1.752580747394052029e+09
1.752580747400594950e+09
1.752580747404239416e+09
1.752580747410595894e+09
1.752580747414051056e+09
1.752580747420556307e+09
1.752580747423972845e+09
1.752580747430406094e+09
1.752580747434000492e+09
1.752580747440681696e+09
1.752580747445773125e+09
1.752580747450383425e+09
1.752580747453970909e+09
1.752580747461050510e+09
1.752580747464224100e+09
1.752580747470498323e+09
1.752580747473974705e+09
1.752580747480551243e+09
1.752580747483991861e+09
1.752580747490716457e+09
1.752580747494210482e+09
1.752580747500382185e+09
1.752580747503964663e+09
1.752580747510530710e+09
1.752580747514945269e+09
1.752580747519625664e+09
1.752580747524201393e+09
1.752580747530601740e+09
1.752580747533935308e+09
1.752580747540337086e+09
1.752580747544989347e+09
1.752580747550758362e+09
1.752580747554171562e+09
1.752580747560369730e+09
1.752580747564277172e+09
1.752580747570487022e+09
1.752580747574120998e+09
1.752580747580533504e+09
1.752580747584053278e+09
1.752580747589170933e+09
1.752580747595299244e+09
1.752580747600803614e+09
1.752580747603982925e+09
1.752580747611636162e+09
1.752580747614353895e+09
1.752580747620672226e+09
1.752580747623950005e+09
1.752580747630351305e+09
1.752580747634214878e+09
1.752580747640799522e+09
1.752580747644698381e+09
1.752580747650745869e+09
1.752580747654277563e+09
1.752580747660431623e+09
1.752580747664113760e+09
1.752580747670558929e+09
1.752580747675274134e+09
1.752580747680752039e+09
1.752580747683954239e+09
1.752580747690615177e+09
1.752580747694187403e+09
1.752580747700440407e+09
1.752580747704220533e+09
1.752580747710501671e+09
1.752580747715153456e+09
1.752580747718523979e+09
1.752580747723948002e+09
1.752580747730556250e+09
1.752580747734061718e+09
1.752580747740278959e+09
1.752580747745283365e+09
1.752580747751063347e+09
1.752580747753942966e+09
1.752580747760262966e+09
1.752580747764114141e+09
1.752580747770857573e+09
1.752580747774282217e+09
1.752580747780162811e+09
1.752580747783965111e+09
1.752580747791173458e+09
1.752580747794150591e+09
1.752580747799524784e+09
1.752580747803948879e+09
1.752580747811061621e+09
1.752580747814209700e+09
1.752580747820493460e+09
1.752580747824152946e+09
1.752580747830500841e+09
1.752580747833981991e+09
1.752580747840388060e+09
1.752580747846012592e+09
1.752580747850372314e+09
1.752580747853979588e+09
1.752580747860211372e+09
1.752580747866742611e+09
1.752580747870506525e+09
1.752580747874240875e+09
1.752580747880679607e+09
1.752580747884237766e+09
1.752580747890599728e+09
1.752580747894072771e+09
1.752580747900813103e+09
1.752580747904172182e+09
1.752580747910622358e+09
1.752580747914281368e+09
1.752580747920656681e+09
1.752580747924048424e+09
1.752580747930608988e+09
1.752580747933950663e+09
1.752580747938973665e+09
1.752580747945432663e+09
1.752580747950402021e+09
1.752580747954020977e+09
1.752580747960709333e+09
1.752580747964118004e+09
1.752580747970852613e+09
1.752580747974038839e+09
1.752580747980926275e+09
1.752580747984255314e+09
1.752580747990334749e+09
1.752580747993935585e+09
1.752580748000775099e+09
1.752580748006873369e+09
1.752580748010614634e+09
1.752580748014041424e+09
1.752580748020683765e+09
1.752580748024218082e+09
1.752580748031205893e+09
1.752580748035445929e+09
1.752580748039022446e+09
1.752580748044211864e+09
1.752580748050741911e+09
1.752580748055049181e+09
1.752580748058642864e+09
1.752580748063992977e+09
1.752580748070361853e+09
1.752580748075000048e+09
1.752580748080994368e+09
1.752580748083936453e+09
1.752580748090710640e+09
1.752580748095117569e+09
1.752580748098791361e+09
1.752580748103943825e+09
1.752580748110680342e+09
1.752580748114089966e+09
1.752580748120589495e+09
1.752580748123963356e+09
1.752580748130837917e+09
1.752580748134922028e+09
1.752580748140488625e+09
1.752580748144088745e+09
1.752580748149149895e+09
1.752580748154111862e+09
1.752580748160468578e+09
1.752580748164102077e+09
1.752580748170612335e+09
1.752580748174230099e+09
1.752580748180886745e+09
1.752580748184106827e+09
1.752580748190363169e+09
1.752580748194154263e+09
1.752580748200664520e+09
1.752580748204919338e+09
1.752580748210505009e+09
1.752580748214092970e+09
1.752580748219091654e+09
1.752580748224199533e+09
1.752580748231086016e+09
1.752580748233965397e+09
1.752580748240414143e+09
1.752580748248693466e+09
1.752580748249270678e+09
1.752580748254042149e+09
1.752580748260458469e+09
1.752580748264179707e+09
1.752580748270480871e+09
1.752580748274219990e+09
1.752580748280916452e+09
1.752580748284180164e+09
1.752580748290247917e+09
1.752580748295274258e+09
1.752580748300900698e+09
1.752580748304045677e+09
1.752580748310569763e+09
1.752580748314249039e+09
1.752580748320408344e+09
1.752580748324425220e+09
1.752580748330500603e+09
1.752580748334072113e+09
1.752580748340758562e+09
1.752580748344175816e+09
1.752580748350728273e+09
1.752580748354169607e+09
1.752580748361232996e+09
1.752580748364252567e+09
1.752580748370616436e+09
1.752580748374240875e+09
1.752580748380542994e+09
1.752580748384069443e+09
1.752580748390486717e+09
1.752580748395042658e+09
1.752580748400290489e+09
1.752580748403954744e+09
1.752580748410766363e+09
1.752580748414070845e+09
1.752580748420485735e+09
1.752580748424270630e+09
1.752580748430599689e+09
1.752580748434035063e+09
1.752580748440500975e+09
1.752580748444031477e+09
1.752580748450612307e+09
1.752580748454283714e+09
1.752580748460593939e+09
1.752580748464039564e+09
1.752580748470936298e+09
1.752580748475187540e+09
1.752580748480313301e+09
1.752580748483996868e+09
1.752580748490837097e+09
1.752580748495389938e+09
1.752580748499797583e+09
1.752580748503964663e+09
1.752580748510950565e+09
1.752580748514253616e+09
1.752580748520517349e+09
1.752580748524005413e+09
1.752580748529398441e+09
1.752580748537416935e+09
1.752580748538799763e+09
1.752580748546201229e+09
1.752580748550883770e+09
1.752580748554973841e+09
1.752580748558654308e+09
1.752580748564058065e+09
1.752580748569559813e+09
1.752580748575158834e+09
1.752580748579238176e+09
1.752580748584133863e+09
1.752580748590510130e+09
1.752580748594062805e+09
1.752580748600702286e+09
1.752580748603986025e+09
1.752580748610669136e+09
1.752580748614049435e+09
1.752580748620700359e+09
1.752580748624181986e+09
1.752580748630685806e+09
1.752580748634207726e+09
1.752580748639903069e+09
1.752580748644042969e+09
1.752580748650517464e+09
1.752580748653995037e+09
1.752580748660548925e+09
1.752580748664144754e+09
1.752580748670565128e+09
1.752580748674067259e+09
1.752580748680525303e+09
1.752580748684034824e+09
1.752580748690640211e+09
1.752580748694061279e+09
1.752580748700832367e+09
1.752580748705599546e+09
1.752580748710308313e+09
1.752580748714280128e+09
1.752580748718521118e+09
1.752580748724240780e+09
1.752580748730469227e+09
1.752580748733968019e+09
1.752580748740134954e+09
1.752580748744277239e+09
1.752580748750907898e+09
1.752580748753962994e+09
1.752580748760484934e+09
1.752580748764190674e+09
1.752580748770674944e+09
1.752580748774202824e+09
1.752580748778777361e+09
1.752580748784196138e+09
1.752580748790735960e+09
1.752580748794086933e+09
1.752580748800450563e+09
1.752580748804943562e+09
1.752580748810791492e+09
1.752580748814868212e+09
1.752580748820453882e+09
1.752580748824275970e+09
1.752580748830698252e+09
1.752580748834117651e+09
1.752580748840590477e+09
1.752580748845775127e+09
1.752580748850799084e+09
1.752580748854120255e+09
1.752580748860476017e+09
1.752580748864216805e+09
1.752580748870514631e+09
1.752580748874067545e+09
1.752580748880817413e+09
1.752580748884148836e+09
1.752580748890304565e+09
1.752580748893985987e+09
1.752580748900563240e+09
1.752580748904195786e+09
1.752580748910662889e+09
1.752580748914023161e+09
1.752580748919350863e+09
1.752580748924041033e+09
1.752580748930484533e+09
1.752580748935042381e+09
1.752580748940629721e+09
1.752580748944087982e+09
1.752580748950532198e+09
1.752580748954106808e+09
1.752580748960140467e+09
1.752580748963996887e+09
1.752580748970884323e+09
1.752580748974242926e+09
1.752580748980312824e+09
1.752580748983990192e+09
1.752580748990973234e+09
1.752580748994199038e+09
1.752580749000409126e+09
1.752580749004230976e+09
1.752580749010490656e+09
1.752580749014144182e+09
1.752580749020623684e+09
1.752580749023997784e+09
1.752580749030605793e+09
1.752580749034242630e+09
1.752580749040258408e+09
1.752580749044067621e+09
1.752580749050890923e+09
1.752580749055330038e+09
1.752580749060146332e+09
1.752580749063952446e+09
1.752580749070991278e+09
1.752580749074307680e+09
1.752580749080237150e+09
1.752580749083971977e+09
1.752580749090959311e+09
1.752580749095370531e+09
1.752580749100195408e+09
1.752580749105233192e+09
1.752580749111186981e+09
1.752580749114110231e+09
1.752580749120698690e+09
1.752580749124123573e+09
1.752580749130582571e+09
1.752580749134140968e+09
1.752580749140602589e+09
1.752580749144133568e+09
1.752580749150631428e+09
1.752580749154114485e+09
1.752580749160413980e+09
1.752580749164072752e+09
1.752580749170633793e+09
1.752580749177397966e+09
1.752580749181338072e+09
1.752580749184410095e+09
1.752580749190281153e+09
1.752580749195311069e+09
1.752580749200160980e+09
1.752580749203984976e+09
1.752580749210582256e+09
1.752580749215368032e+09
1.752580749219069481e+09
1.752580749225234270e+09
1.752580749230816364e+09
1.752580749234012604e+09
1.752580749240507603e+09
1.752580749244187832e+09
1.752580749250881910e+09
1.752580749254035473e+09
1.752580749260280132e+09
1.752580749264565706e+09
1.752580749270909548e+09
1.752580749274107933e+09
1.752580749278614283e+09
1.752580749284080267e+09
1.752580749290320396e+09
1.752580749293920279e+09
1.752580749300610304e+09
1.752580749304249287e+09
1.752580749311055422e+09
1.752580749315555096e+09
1.752580749318789005e+09
1.752580749323987961e+09
1.752580749330410480e+09
1.752580749334346533e+09
1.752580749340531111e+09
1.752580749344108343e+09
1.752580749350586653e+09
1.752580749354231596e+09
1.752580749360622644e+09
1.752580749364262342e+09
1.752580749370835304e+09
1.752580749374144316e+09
1.752580749380605936e+09
1.752580749384118080e+09
1.752580749390572548e+09
1.752580749393963575e+09
1.752580749400903702e+09
1.752580749405537605e+09
1.752580749410928965e+09
1.752580749414053679e+09
1.752580749420583725e+09
1.752580749424240351e+09
1.752580749430542946e+09
1.752580749434258461e+09
1.752580749440372467e+09
1.752580749444045782e+09
1.752580749450775862e+09
1.752580749454233646e+09
1.752580749460520744e+09
1.752580749464249611e+09
1.752580749470772982e+09
1.752580749474173784e+09
1.752580749480084419e+09
1.752580749485358953e+09
1.752580749490523338e+09
1.752580749493966103e+09
1.752580749500538349e+09
1.752580749504228115e+09
1.752580749510516167e+09
1.752580749513844013e+09
1.752580749520173550e+09
1.752580749523973465e+09
1.752580749529229879e+09
1.752580749533912420e+09
1.752580749540214777e+09
1.752580749544196606e+09
1.752580749550292492e+09
1.752580749554971933e+09
1.752580749560366154e+09
1.752580749564016342e+09
1.752580749570466042e+09
1.752580749574020863e+09
1.752580749581245899e+09
1.752580749584414482e+09
1.752580749590497017e+09
1.752580749594238281e+09
1.752580749600608349e+09
1.752580749604824543e+09
1.752580749610610247e+09
1.752580749614178896e+09
1.752580749619230509e+09
1.752580749624096155e+09
1.752580749630616903e+09
1.752580749635107517e+09
1.752580749640215635e+09
1.752580749645124674e+09
1.752580749650480986e+09
1.752580749653945446e+09
1.752580749660701752e+09
1.752580749664939404e+09
1.752580749670793533e+09
1.752580749674192905e+09
1.752580749680405617e+09
1.752580749684044838e+09
1.752580749691905737e+09
1.752580749694064379e+09
1.752580749700415850e+09
1.752580749704240799e+09
1.752580749710605621e+09
1.752580749714380264e+09
1.752580749720721960e+09
1.752580749724194050e+09
1.752580749730480671e+09
1.752580749734260082e+09
1.752580749740506649e+09
1.752580749744202852e+09
1.752580749750681400e+09
1.752580749754192114e+09
1.752580749758959532e+09
1.752580749764070749e+09
1.752580749770597219e+09
1.752580749774754047e+09
1.752580749783599854e+09
1.752580749790722132e+09
1.752580749794066429e+09
1.752580749800597668e+09
1.752580749804075956e+09
1.752580749810559750e+09
1.752580749814247370e+09
1.752580749820400715e+09
1.752580749824219465e+09
1.752580749831059933e+09
1.752580749834133148e+09
1.752580749840564013e+09
1.752580749844206333e+09
1.752580749850551367e+09
1.752580749854208946e+09
1.752580749860425949e+09
1.752580749864156961e+09
1.752580749870645046e+09
1.752580749874113798e+09
1.752580749880498171e+09
1.752580749884003878e+09
1.752580749890729904e+09
1.752580749894308090e+09
1.752580749899071455e+09
1.752580749905290842e+09
1.752580749910799980e+09
1.752580749914274454e+09
1.752580749920560122e+09
1.752580749924100161e+09
1.752580749931253433e+09
1.752580749935940266e+09
1.752580749939234972e+09
1.752580749943959475e+09
1.752580749950325966e+09
1.752580749954429150e+09
1.752580749958541870e+09
1.752580749964123726e+09
1.752580749972622395e+09
1.752580749974009752e+09
1.752580749983850479e+09
1.752580749984649420e+09
1.752580749990879297e+09
1.752580749993952513e+09
1.752580750000105143e+09
1.752580750005062342e+09
1.752580750010931730e+09
1.752580750016692400e+09
1.752580750019274235e+09
1.752580750025270224e+09
1.752580750030890703e+09
1.752580750034075975e+09
1.752580750041593790e+09
1.752580750045428038e+09
1.752580750053597450e+09
1.752580750060279846e+09
1.752580750064981937e+09
1.752580750071027756e+09
1.752580750075198650e+09
1.752580750080717087e+09
1.752580750084357262e+09
1.752580750091141462e+09
1.752580750094146490e+09
1.752580750100361109e+09
1.752580750105147839e+09
1.752580750113031864e+09
1.752580750114711046e+09
1.752580750120361567e+09
1.752580750124072075e+09
1.752580750130844831e+09
1.752580750134881020e+09
1.752580750140732527e+09
1.752580750144076109e+09
1.752580750149340391e+09
1.752580750153975964e+09
1.752580750160377741e+09
1.752580750164150953e+09
1.752580750170890093e+09
1.752580750174201250e+09
1.752580750181524515e+09
1.752580750184257746e+09
1.752580750190861225e+09
1.752580750194127321e+09
1.752580750200718880e+09
1.752580750204427719e+09
1.752580750210785627e+09
1.752580750214981556e+09
1.752580750220754147e+09
1.752580750226358175e+09
1.752580750230530024e+09
1.752580750235300064e+09
1.752580750238911390e+09
1.752580750244038105e+09
1.752580750252238750e+09
1.752580750254273653e+09
1.752580750261417150e+09
1.752580750264139175e+09
1.752580750270792723e+09
1.752580750274077654e+09
1.752580750280385733e+09
1.752580750284195900e+09
1.752580750290641546e+09
1.752580750294352055e+09
1.752580750300679445e+09
1.752580750304125786e+09
1.752580750310603857e+09
1.752580750314278126e+09
1.752580750318623304e+09
1.752580750324744463e+09
1.752580750330780268e+09
1.752580750334010363e+09
1.752580750339081764e+09
1.752580750345470428e+09
1.752580750350694895e+09
1.752580750354217768e+09
1.752580750361069679e+09
1.752580750364210844e+09
1.752580750370542049e+09
1.752580750373948336e+09
1.752580750381109238e+09
1.752580750385074854e+09
1.752580750391429186e+09
1.752580750394191027e+09
1.752580750400252342e+09
1.752580750404143333e+09
1.752580750410779715e+09
1.752580750415263176e+09
1.752580750418902874e+09
1.752580750424189329e+09
1.752580750431105614e+09
1.752580750435455799e+09
1.752580750438734770e+09
1.752580750444100380e+09
1.752580750450458527e+09
1.752580750454375505e+09
1.752580750459778547e+09
1.752580750464224577e+09
1.752580750470584154e+09
1.752580750474038601e+09
1.752580750481380701e+09
1.752580750484957457e+09
1.752580750490361929e+09
1.752580750494142294e+09
1.752580750500604868e+09
1.752580750505475521e+09
1.752580750510521650e+09
1.752580750514270782e+09
1.752580750518616915e+09
1.752580750524010897e+09
1.752580750531972885e+09
1.752580750535285473e+09
1.752580750538603306e+09
1.752580750544004917e+09
1.752580750550538778e+09
1.752580750555207491e+09
1.752580750558669329e+09
1.752580750564035892e+09
1.752580750570631742e+09
1.752580750574148655e+09
1.752580750580658913e+09
1.752580750584053755e+09
1.752580750590478659e+09
1.752580750594183922e+09
1.752580750600662947e+09
1.752580750603979588e+09
1.752580750610482693e+09
1.752580750614159107e+09
1.752580750620315552e+09
1.752580750624104023e+09
1.752580750630521297e+09
1.752580750634351969e+09
1.752580750640875578e+09
1.752580750644261360e+09
1.752580750650765419e+09
1.752580750654232025e+09
1.752580750660469294e+09
1.752580750664152384e+09
1.752580750673328638e+09
1.752580750673797369e+09
1.752580750679047823e+09
1.752580750684196234e+09
1.752580750690527678e+09
1.752580750695168018e+09
1.752580750701147318e+09
1.752580750704116583e+09
1.752580750710482121e+09
1.752580750714244604e+09
1.752580750720511675e+09
1.752580750724165440e+09
1.752580750730456114e+09
1.752580750734066248e+09
1.752580750740058422e+09
1.752580750744021416e+09
1.752580750750467777e+09
1.752580750755534172e+09
1.752580750758953333e+09
1.752580750764325857e+09
1.752580750770457745e+09
1.752580750775066137e+09
1.752580750778500795e+09
1.752580750787902832e+09
1.752580750790828943e+09
1.752580750794320822e+09
1.752580750800814629e+09
1.752580750804143906e+09
1.752580750812254906e+09
1.752580750813955307e+09
1.752580750820826530e+09
1.752580750824442148e+09
1.752580750830444574e+09
1.752580750834026575e+09
1.752580750840891361e+09
1.752580750844254494e+09
1.752580750850714922e+09
1.752580750854251146e+09
1.752580750860363483e+09
1.752580750864043474e+09
1.752580750871075153e+09
1.752580750875023603e+09
1.752580750881723881e+09
1.752580750884153366e+09
1.752580750890956402e+09
1.752580750894352198e+09
1.752580750900273561e+09
1.752580750904148579e+09
1.752580750910902023e+09
1.752580750918971300e+09
1.752580750919596434e+09
1.752580750924104452e+09
1.752580750931451321e+09
1.752580750935001135e+09
1.752580750940337896e+09
1.752580750944083929e+09
1.752580750950418711e+09
1.752580750955589771e+09
1.752580750960289717e+09
1.752580750963998795e+09
1.752580750971086502e+09
1.752580750975193262e+09
1.752580750980372190e+09
1.752580750984759092e+09
1.752580750990842104e+09
1.752580750994260311e+09
1.752580751000458956e+09
1.752580751004217148e+09
1.752580751010976791e+09
1.752580751016491175e+09
1.752580751019774199e+09
1.752580751023998499e+09
1.752580751030901432e+09
1.752580751035263538e+09
1.752580751040175676e+09
1.752580751044009209e+09
1.752580751052463055e+09
1.752580751054248333e+09
1.752580751060539961e+09
1.752580751064293861e+09
1.752580751071383953e+09
1.752580751075565815e+09
1.752580751079255342e+09
1.752580751084112406e+09
1.752580751092405081e+09
1.752580751094210148e+09
1.752580751100167274e+09
1.752580751105154514e+09
1.752580751111028433e+09
1.752580751114298344e+09
1.752580751120586634e+09
1.752580751124242783e+09
1.752580751130585909e+09
1.752580751134276628e+09
1.752580751138961554e+09
1.752580751144021749e+09
1.752580751150428772e+09
1.752580751154241800e+09
1.752580751159372330e+09
1.752580751164017200e+09
1.752580751170938969e+09
1.752580751174213886e+09
1.752580751180478573e+09
1.752580751185520887e+09
1.752580751190799952e+09
1.752580751194286585e+09
1.752580751200481176e+09
1.752580751205097198e+09
1.752580751210912943e+09
1.752580751214109898e+09
1.752580751220466375e+09
1.752580751224130154e+09
1.752580751231869936e+09
1.752580751233997345e+09
1.752580751240418673e+09
1.752580751244140148e+09
1.752580751251523495e+09
1.752580751254664660e+09
1.752580751260724545e+09
1.752580751264272213e+09
1.752580751270650625e+09
1.752580751274101496e+09
1.752580751280677080e+09
1.752580751285413742e+09
1.752580751289212704e+09
1.752580751294229031e+09
1.752580751301983118e+09
1.752580751305566549e+09
1.752580751311000824e+09
1.752580751314103603e+09
1.752580751320302486e+09
1.752580751325131178e+09
1.752580751330626249e+09
1.752580751334076643e+09
1.752580751340694189e+09
1.752580751344194651e+09
1.752580751350055218e+09
1.752580751354370117e+09
1.752580751361063719e+09
1.752580751365085602e+09
1.752580751371815681e+09
1.752580751374495745e+09
1.752580751380700827e+09
1.752580751385537386e+09
1.752580751390675306e+09
