-9.867655094172463892e-01 2.140696332641168001e-02 3.537524691080432548e-01
-9.867655094172463892e-01 2.140696332641168001e-02 3.537524691080432548e-01
-9.868032236392029199e-01 2.139359560670941671e-02 3.537519549278150821e-01
-9.868317960867104555e-01 2.141884469428884108e-02 3.537451382748534323e-01
-9.868573432709245585e-01 2.144526586111844199e-02 3.537795578421620846e-01
-9.869230058637282754e-01 2.152431281930293136e-02 3.538595704928803043e-01
-9.870705082167049449e-01 2.155058075515703039e-02 3.542112016290924759e-01
-9.872921960083789195e-01 2.164860860747281832e-02 3.545991792941256548e-01
-9.876483357418366360e-01 2.172787842455364826e-02 3.556338510450606227e-01
-9.877056489619512325e-01 2.161320124570699844e-02 3.561806596885820353e-01
-9.881195434967215974e-01 2.145802817312402258e-02 3.581441629929797976e-01
-9.882584087412501495e-01 2.139823074803686928e-02 3.587990530999244365e-01
-9.883008176004474121e-01 2.133246146947148300e-02 3.594603694256466309e-01
-9.884297596327921154e-01 2.130533264030627996e-02 3.601417798250424740e-01
-9.885224759101625125e-01 2.129326439739386359e-02 3.608262907783214013e-01
-9.888034954091252660e-01 2.115416542959534449e-02 3.626918934809740813e-01
-9.888483010475769275e-01 2.087789463875850196e-02 3.641593743312997455e-01
-9.887614480734328026e-01 2.062656726119454012e-02 3.647591945735716434e-01
-9.885656368524630144e-01 2.022922513975152978e-02 3.659431301303347484e-01
-9.884022587584669894e-01 2.004500810901764865e-02 3.664587001526468102e-01
-9.884022587584669894e-01 2.004500810901764865e-02 3.664587001526468102e-01
-9.882556401327641238e-01 1.986196073560663258e-02 3.670167217799086279e-01
-9.875195319666639771e-01 1.911403142034290639e-02 3.687174996540800720e-01
-9.875195319666639771e-01 1.911403142034290639e-02 3.687174996540800720e-01
-9.863459256573502421e-01 1.835974020218449076e-02 3.705918075512554255e-01
-9.859309174445516355e-01 1.817976515534769008e-02 3.711900706281379136e-01
-9.852967406200289213e-01 1.789479860889832408e-02 3.720519882826873737e-01
-9.849480960677162722e-01 1.771443464730975553e-02 3.723518048337540742e-01
-9.841164479369153284e-01 1.737932300380990239e-02 3.729143109065832240e-01
-9.835348290105324631e-01 1.716246336630380953e-02 3.731325212072501563e-01
-9.824258115365909205e-01 1.677171065155080507e-02 3.735043701390489135e-01
-9.814501006566628272e-01 1.655370721130506109e-02 3.739358636906146005e-01
-9.801850886474786639e-01 1.626026853560742086e-02 3.742896372622740442e-01
-9.795222601552046049e-01 1.611210441665052520e-02 3.744276356273552597e-01
-9.782996718406303804e-01 1.589928817843734229e-02 3.746753276284494616e-01
-9.776463453354371502e-01 1.582737182217690275e-02 3.747929869240542722e-01
-9.761275722648962150e-01 1.565670784747414876e-02 3.749839349782662090e-01
-9.754276067297974473e-01 1.556372384834377696e-02 3.751544673491876702e-01
-9.740498136940889395e-01 1.538524142187677746e-02 3.755605767194887257e-01
-9.732432084751087009e-01 1.524290138006569560e-02 3.756527992410517713e-01
-9.717024427226635952e-01 1.510770961087277812e-02 3.758313455382195079e-01
-9.701876843187579036e-01 1.509017067389908928e-02 3.760988242327680808e-01
-9.685834611763047830e-01 1.502549231511134814e-02 3.764848139348310196e-01
-9.677934212794522262e-01 1.503859166930469719e-02 3.767017075220565614e-01
-9.660149866739308200e-01 1.491511818874926600e-02 3.769581204708004618e-01
-9.651548505449349946e-01 1.491853735417677206e-02 3.770906509540987717e-01
-9.635813364114494961e-01 1.504139276142768024e-02 3.774318589033195392e-01
-9.627256844761081789e-01 1.505659973484043020e-02 3.775794174947705306e-01
-9.609267414869667734e-01 1.510950641367463272e-02 3.778584938276616789e-01
-9.600057954526795001e-01 1.512954049374070492e-02 3.780256972088761325e-01
-9.582328030176382461e-01 1.519224698798950397e-02 3.783416760311335558e-01
-9.573031250278720705e-01 1.523396652244180666e-02 3.784761876451767648e-01
-9.560068419628908742e-01 1.527533274973261711e-02 3.786173008877137258e-01
-9.546909843976042476e-01 1.533200169926447753e-02 3.787875178362332118e-01
-9.515441757981455417e-01 1.552736814033369751e-02 3.791731761611775164e-01
-9.505320080685034645e-01 1.556152895491088456e-02 3.793266969339018635e-01
-9.484445975264245154e-01 1.558172667940619337e-02 3.795899896708702093e-01
-9.474350606641284145e-01 1.560482166807026366e-02 3.797016344684369660e-01
-9.453674388856169175e-01 1.565612641158432849e-02 3.799477578650513054e-01
-9.442953652610835968e-01 1.565864485842278012e-02 3.800435396689646472e-01
-9.423564401319571848e-01 1.573529370258033508e-02 3.802880957155663211e-01
-9.413398078112747980e-01 1.575563974420883875e-02 3.804361779367640972e-01
-9.391415565416277866e-01 1.576785499553293168e-02 3.807693436287927780e-01
-9.369038843564098107e-01 1.577541742637220135e-02 3.809642565252551183e-01
-9.348417895263647637e-01 1.590317082531428686e-02 3.813075760100457234e-01
-9.337708480045718851e-01 1.591233778875575031e-02 3.814616577989785595e-01
-9.326961035769497643e-01 1.593047930484648225e-02 3.815957884408635037e-01
-9.316328041893805478e-01 1.599051617422746555e-02 3.817407249956471516e-01
-9.294492994894056892e-01 1.615496990500835464e-02 3.820231133417278935e-01
-9.272266638290932450e-01 1.626127247889751909e-02 3.822866647122272754e-01
-9.250102998458418213e-01 1.637153135017130681e-02 3.825926980461397120e-01
-9.238290413925137612e-01 1.639831433496196852e-02 3.826770817671975022e-01
-9.214970330936983478e-01 1.654232562703616960e-02 3.829222741509940020e-01
-9.204219958989630079e-01 1.666972184186376466e-02 3.831453582468495878e-01
-9.181219725138998200e-01 1.677836386701858987e-02 3.835032674360413507e-01
-9.181219725138998200e-01 1.677836386701858987e-02 3.835032674360413507e-01
-9.153632308750082602e-01 1.685085409234947720e-02 3.837539089325003872e-01
-9.138236460602214839e-01 1.694913542866105516e-02 3.839709307757434020e-01
-9.099986139298725796e-01 1.718063678387566143e-02 3.846328069546588457e-01
-9.087595586262527947e-01 1.716880495443026330e-02 3.847697376277475767e-01
-9.054172374447291283e-01 1.747799273122751032e-02 3.853775308271853994e-01
-9.054172374447291283e-01 1.747799273122751032e-02 3.853775308271853994e-01
-9.029224450476954766e-01 1.760326158951405415e-02 3.857046706245781387e-01
-9.003276414630677627e-01 1.764382867179889805e-02 3.859084224507991490e-01
-8.980664297387704886e-01 1.800150457835734963e-02 3.863654354189075546e-01
-8.969868837478953694e-01 1.824516095434086313e-02 3.866498033643103183e-01
-8.946637534953069126e-01 1.860401496940554747e-02 3.870889321800807803e-01
-8.934162951824949905e-01 1.872042097024912560e-02 3.872572649893609720e-01
-8.909641081013705000e-01 1.892976973335595142e-02 3.875858514044573377e-01
-8.897612196463272616e-01 1.907577235531571214e-02 3.877549606424937068e-01
-8.872651230130985667e-01 1.941959759016567699e-02 3.881003069118055260e-01
-8.847868214385203878e-01 1.968729520591115667e-02 3.884622116393592339e-01
-8.823120449684228594e-01 1.993878279975553128e-02 3.888476260125047768e-01
-8.810522630958598223e-01 2.006130531684803195e-02 3.890584362250819606e-01
-8.785876263666061448e-01 2.039207504525028872e-02 3.895262920384275906e-01
-8.774209997638596770e-01 2.054091833533339476e-02 3.897811097204275654e-01
-8.749840733771740986e-01 2.077310821188665599e-02 3.903030113309936544e-01
-8.737025593713697580e-01 2.093245287907163910e-02 3.905263944639018048e-01
-8.712184126517943383e-01 2.130185482855049064e-02 3.909188901904372404e-01
-8.699951183632220753e-01 2.148990688543314306e-02 3.911825935347302829e-01
-8.674496135050987489e-01 2.188032597774348595e-02 3.916975079411537664e-01
-8.649203156651411595e-01 2.234083069232873850e-02 3.920306442930371338e-01
-8.637017231749997137e-01 2.261517965242361081e-02 3.922324642273349316e-01
-8.612645454818558255e-01 2.326189452319844808e-02 3.926959938302281294e-01
-8.587587712283917263e-01 2.394499022085471232e-02 3.931547432481828919e-01
-8.574857330343667039e-01 2.428137522090222447e-02 3.933992922813663862e-01
-8.549680665158828630e-01 2.494502939564218272e-02 3.939820352750013077e-01
-8.537119624223264980e-01 2.526697957355035842e-02 3.942391864951805269e-01
-8.510754279490159169e-01 2.594526347677007794e-02 3.945752517012299787e-01
-8.495882005337557219e-01 2.622692255333763586e-02 3.946610465684724511e-01
-8.468101884112743116e-01 2.686047628248637922e-02 3.950843316656770243e-01
-8.441772952335294677e-01 2.757329396380429551e-02 3.954794048223942982e-01
-8.412410962741652121e-01 2.818298731808796878e-02 3.956937459204213914e-01
-8.396993528213134717e-01 2.846058216658696807e-02 3.957143412873173061e-01
-8.365925517585267590e-01 2.896127786884096847e-02 3.955965360985903567e-01
-8.351594442906492555e-01 2.933692446929359043e-02 3.956422592063063570e-01
-8.337562797231692358e-01 2.974626573739872978e-02 3.957849095765237912e-01
-8.309060637467786670e-01 3.043310684388344720e-02 3.959543327650533184e-01
-8.280523862343974750e-01 3.109057793364350397e-02 3.962294316648230508e-01
-8.266140991324201215e-01 3.134940389763826024e-02 3.964017112777895591e-01
-8.237435176854367436e-01 3.182368467708237419e-02 3.966969887354701019e-01
-8.223990186049445761e-01 3.209158479783218859e-02 3.968731614919914774e-01
-8.196479342842799554e-01 3.260047229676116265e-02 3.974163312974843265e-01
-8.169715239850677824e-01 3.318207443548299579e-02 3.980259265625932796e-01
-8.142773842365830239e-01 3.372919002342982669e-02 3.984712647675018315e-01
-8.129928408163787923e-01 3.402079806455698963e-02 3.987133110758001031e-01
-8.103475460268182440e-01 3.451591786073327645e-02 3.991098212819855773e-01
-8.089685886124842185e-01 3.474495142968676148e-02 3.992304386296233742e-01
-8.064310472620229708e-01 3.531602625727386230e-02 3.995694920423179530e-01
-8.041527948144827631e-01 3.604962393633629608e-02 3.999890989170336031e-01
-8.041527948144827631e-01 3.604962393633629608e-02 3.999890989170336031e-01
-8.016734459380905342e-01 3.672256485183515023e-02 4.002737535876820241e-01
-8.016734459380905342e-01 3.672256485183515023e-02 4.002737535876820241e-01
-7.982790889903322862e-01 3.744351712864599918e-02 4.007566293730915330e-01
-7.961768637095928414e-01 3.786977374217399134e-02 4.011019358393334011e-01
-7.926862003937834578e-01 3.847683186950082851e-02 4.016230062874391882e-01
-7.900770736249392856e-01 3.893375127667294405e-02 4.020807558611959598e-01
-7.888495684091331173e-01 3.917370321817070788e-02 4.022879632453451038e-01
-7.862253633259209673e-01 3.953033078656203320e-02 4.026114093286878859e-01
-7.849294425747389559e-01 3.967760713676279916e-02 4.027558871482245229e-01
-7.823085873752018138e-01 3.989994917085742249e-02 4.029700632164757712e-01
-7.795783107535654288e-01 4.022601279706883998e-02 4.032597528953734134e-01
-7.783020920394124742e-01 4.038641164173765313e-02 4.033276185773274625e-01
-7.769552882687217332e-01 4.049431800568092932e-02 4.034194182978195764e-01
-7.743283611453759541e-01 4.075363597538794735e-02 4.036213400463555256e-01
-7.717682688635930655e-01 4.110969587888178844e-02 4.037417513455894280e-01
-7.689554635742696931e-01 4.136625626034769881e-02 4.036314025662627314e-01
-7.675899641018429920e-01 4.153268783099035161e-02 4.035537523163169604e-01
-7.647620170898149494e-01 4.193316031879470995e-02 4.033068983225315263e-01
-7.619683214033939889e-01 4.242667617062980540e-02 4.029703206526765724e-01
-7.605855036161716098e-01 4.269320996414721625e-02 4.028180129214812277e-01
-7.591094060398204668e-01 4.296034034957707526e-02 4.026257683301978085e-01
-7.561496413862105470e-01 4.362517676384381621e-02 4.021659561374103520e-01
-7.531081666581537215e-01 4.422400160433690580e-02 4.016039548047456442e-01
-7.500886400982665903e-01 4.491552371746807687e-02 4.010553248118016167e-01
-7.485411609099972274e-01 4.526169625928303658e-02 4.007632141877014442e-01
-7.452700471464296372e-01 4.588793570739857497e-02 3.999892186086326795e-01
-7.436052446402122706e-01 4.621588092114876228e-02 3.996493217711638568e-01
-7.405017650025018661e-01 4.706330952703469128e-02 3.991712604473330872e-01
-7.390411717605868125e-01 4.760271625149253838e-02 3.990052604819301907e-01
-7.362305351595891389e-01 4.880235844952754420e-02 3.989645084270035946e-01
-7.336512191783288728e-01 5.005788684900371738e-02 3.991814941403011296e-01
-7.309051891565211401e-01 5.120533262062787472e-02 3.993558394805719614e-01
-7.309051891565211401e-01 5.120533262062787472e-02 3.993558394805719614e-01
-7.276870279979062994e-01 5.208613931289102911e-02 3.998102312567860528e-01
-7.257828530216694496e-01 5.236011519787633212e-02 4.001394902422338307e-01
-7.223204629571710056e-01 5.261267187406628437e-02 4.008880185761610759e-01
-7.208512771624761006e-01 5.267317430759881763e-02 4.012792837091626597e-01
-7.177667753496468350e-01 5.283031731333078657e-02 4.020194984864592369e-01
-7.162010543742733937e-01 5.294835751932397416e-02 4.023491591206455054e-01
-7.131396150149315050e-01 5.326235964092908975e-02 4.030063770190729366e-01
-7.101479692475871630e-01 5.369429294209559361e-02 4.036715132980966958e-01
-7.086705510402003805e-01 5.392446472985359257e-02 4.039574513545366452e-01
-7.056267484472961149e-01 5.450240882935878522e-02 4.044470321112583200e-01
-7.025481949395430137e-01 5.517771886717287577e-02 4.049311980925319743e-01
-7.009757919573109675e-01 5.551398282975952142e-02 4.051517722803853472e-01
-6.980533601445887415e-01 5.619281548201125048e-02 4.054821439875768707e-01
-6.965556006134306921e-01 5.652661590216189608e-02 4.056525120098951609e-01
-6.949904172955078119e-01 5.680740663856276990e-02 4.057973703495706408e-01
-6.930251720662877757e-01 5.724202817127468923e-02 4.059801111200942447e-01
-6.892584143450131151e-01 5.819607392986728828e-02 4.063504316047185094e-01
-6.864120716148395251e-01 5.890718660175869870e-02 4.065765590547917308e-01
-6.835308373717454700e-01 5.950114240297995488e-02 4.066211934830092911e-01
-6.821041308871622633e-01 5.983045389152420040e-02 4.066989749664533527e-01
-6.806634276825471730e-01 6.015027365718780827e-02 4.067772751407269238e-01
-6.777381270211574327e-01 6.074904046030116245e-02 4.067645132955169940e-01
-6.747969098369558383e-01 6.137622056113064412e-02 4.067582843349256683e-01
-6.733932850711042972e-01 6.167478683327540928e-02 4.067472350208516385e-01
-6.705376307265501490e-01 6.227662523284627910e-02 4.067363965928355585e-01
-6.689576776594403640e-01 6.250141308769655013e-02 4.066655645757805138e-01
-6.660856319738641673e-01 6.306570401037898954e-02 4.065121414463147564e-01
-6.647960720973012938e-01 6.342430488480016448e-02 4.064852693486248336e-01
-6.633921542598977261e-01 6.372823013021274019e-02 4.063995471355443811e-01
-6.619678029646827166e-01 6.401695697965349707e-02 4.063778469123470183e-01
-6.561671641683823886e-01 6.511610373569494403e-02 4.062034956169706668e-01
-6.561671641683823886e-01 6.511610373569494403e-02 4.062034956169706668e-01
-6.518402175808750698e-01 6.596335542418600706e-02 4.060584815539575176e-01
-6.504249859815184331e-01 6.628661933339730084e-02 4.060591483513720235e-01
-6.475832418349424247e-01 6.692943346765274637e-02 4.059977203655493749e-01
-6.461493620720247799e-01 6.718477452525432880e-02 4.058507149729151386e-01
-6.433068314068811633e-01 6.772962627960758819e-02 4.056373119927100257e-01
-6.404409956923053926e-01 6.831535601585292383e-02 4.054047746165848620e-01
-6.390182952219300994e-01 6.861486916681587556e-02 4.052747723491617604e-01
-6.375624905073288273e-01 6.888921295407253453e-02 4.051452719931761814e-01
-6.346911589795739550e-01 6.955769691538317423e-02 4.049872090652154588e-01
-6.318834800155165299e-01 7.020083899076991207e-02 4.047489517064205566e-01
-6.290694052992747975e-01 7.078450072221097178e-02 4.043826768745274469e-01
-6.276865509027649281e-01 7.111099435159566606e-02 4.042272399736887012e-01
-6.248939264912958258e-01 7.172090388895241420e-02 4.040037178843688404e-01
-6.235485587103359872e-01 7.207911330412304640e-02 4.039970039698556059e-01
-6.206567380915452015e-01 7.277288078067045696e-02 4.035596427612366810e-01
-6.191220112048935187e-01 7.307529231412850101e-02 4.032459540158269684e-01
-6.163340335495859357e-01 7.374686973718989902e-02 4.029509521022448526e-01
-6.149224638864096981e-01 7.407792605537584507e-02 4.027802619614887503e-01
-6.106467309956145062e-01 7.507086412054757296e-02 4.023305242953161276e-01
-6.092189456803631664e-01 7.546716053164220783e-02 4.023072291680266366e-01
-6.064761116375341210e-01 7.622107543560042997e-02 4.023004191760527481e-01
-6.050795703154057126e-01 7.643583269393235125e-02 4.021618195339302648e-01
-6.022689839952576341e-01 7.680431649165679608e-02 4.019737610874324352e-01
-6.009136782446020675e-01 7.703414207621743504e-02 4.020185010184137431e-01
-5.982131491316653449e-01 7.749121676403412928e-02 4.023415808460676368e-01
-5.982131491316653449e-01 7.749121676403412928e-02 4.023415808460676368e-01
-5.982131491316653449e-01 7.749121676403412928e-02 4.023415808460676368e-01
-5.982131491316653449e-01 7.749121676403412928e-02 4.023415808460676368e-01
-5.982131491316653449e-01 7.749121676403412928e-02 4.023415808460676368e-01
-5.982131491316653449e-01 7.749121676403412928e-02 4.023415808460676368e-01
-5.982131491316653449e-01 7.749121676403412928e-02 4.023415808460676368e-01
-5.982131491316653449e-01 7.749121676403412928e-02 4.023415808460676368e-01
-5.982131491316653449e-01 7.749121676403412928e-02 4.023415808460676368e-01
-5.982131491316653449e-01 7.749121676403412928e-02 4.023415808460676368e-01
-5.982131491316653449e-01 7.749121676403412928e-02 4.023415808460676368e-01
-5.982131491316653449e-01 7.749121676403412928e-02 4.023415808460676368e-01
-5.982131491316653449e-01 7.749121676403412928e-02 4.023415808460676368e-01
-5.982131491316653449e-01 7.749121676403412928e-02 4.023415808460676368e-01
-5.982131491316653449e-01 7.749121676403412928e-02 4.023415808460676368e-01
-5.982131491316653449e-01 7.749121676403412928e-02 4.023415808460676368e-01
-5.982131491316653449e-01 7.749121676403412928e-02 4.023415808460676368e-01
-5.982131491316653449e-01 7.749121676403412928e-02 4.023415808460676368e-01
-5.982131491316653449e-01 7.749121676403412928e-02 4.023415808460676368e-01
-5.982131491316653449e-01 7.749121676403412928e-02 4.023415808460676368e-01
-5.982131491316653449e-01 7.749121676403412928e-02 4.023415808460676368e-01
-5.982131491316653449e-01 7.749121676403412928e-02 4.023415808460676368e-01
-5.982131491316653449e-01 7.749121676403412928e-02 4.023415808460676368e-01
-5.982131491316653449e-01 7.749121676403412928e-02 4.023415808460676368e-01
-5.982131491316653449e-01 7.749121676403412928e-02 4.023415808460676368e-01
-5.982131491316653449e-01 7.749121676403412928e-02 4.023415808460676368e-01
-5.982131491316653449e-01 7.749121676403412928e-02 4.023415808460676368e-01
-5.982131491316653449e-01 7.749121676403412928e-02 4.023415808460676368e-01
-5.982131491316653449e-01 7.749121676403412928e-02 4.023415808460676368e-01
-5.982131491316653449e-01 7.749121676403412928e-02 4.023415808460676368e-01
-5.982131491316653449e-01 7.749121676403412928e-02 4.023415808460676368e-01
-5.982131491316653449e-01 7.749121676403412928e-02 4.023415808460676368e-01
-5.982131491316653449e-01 7.749121676403412928e-02 4.023415808460676368e-01
-5.982131491316653449e-01 7.749121676403412928e-02 4.023415808460676368e-01
-5.982131491316653449e-01 7.749121676403412928e-02 4.023415808460676368e-01
-5.982131491316653449e-01 7.749121676403412928e-02 4.023415808460676368e-01
-5.982131491316653449e-01 7.749121676403412928e-02 4.023415808460676368e-01
-5.982131491316653449e-01 7.749121676403412928e-02 4.023415808460676368e-01
-5.982131491316653449e-01 7.749121676403412928e-02 4.023415808460676368e-01
-5.982131491316653449e-01 7.749121676403412928e-02 4.023415808460676368e-01
-5.982131491316653449e-01 7.749121676403412928e-02 4.023415808460676368e-01
-5.982131491316653449e-01 7.749121676403412928e-02 4.023415808460676368e-01
-5.982131491316653449e-01 7.749121676403412928e-02 4.023415808460676368e-01
-5.982131491316653449e-01 7.749121676403412928e-02 4.023415808460676368e-01
-5.982131491316653449e-01 7.749121676403412928e-02 4.023415808460676368e-01
-5.982131491316653449e-01 7.749121676403412928e-02 4.023415808460676368e-01
-5.982131491316653449e-01 7.749121676403412928e-02 4.023415808460676368e-01
-5.982131491316653449e-01 7.749121676403412928e-02 4.023415808460676368e-01
-5.982131491316653449e-01 7.749121676403412928e-02 4.023415808460676368e-01
-5.982131491316653449e-01 7.749121676403412928e-02 4.023415808460676368e-01
-5.982131491316653449e-01 7.749121676403412928e-02 4.023415808460676368e-01
-5.982131491316653449e-01 7.749121676403412928e-02 4.023415808460676368e-01
-5.982131491316653449e-01 7.749121676403412928e-02 4.023415808460676368e-01
-5.982131491316653449e-01 7.749121676403412928e-02 4.023415808460676368e-01
-5.982131491316653449e-01 7.749121676403412928e-02 4.023415808460676368e-01
-5.982131491316653449e-01 7.749121676403412928e-02 4.023415808460676368e-01
-5.982131491316653449e-01 7.749121676403412928e-02 4.023415808460676368e-01
-5.982131491316653449e-01 7.749121676403412928e-02 4.023415808460676368e-01
-5.982131491316653449e-01 7.749121676403412928e-02 4.023415808460676368e-01
-5.982131491316653449e-01 7.749121676403412928e-02 4.023415808460676368e-01
-5.982131491316653449e-01 7.749121676403412928e-02 4.023415808460676368e-01
-5.982131491316653449e-01 7.749121676403412928e-02 4.023415808460676368e-01
-5.982131491316653449e-01 7.749121676403412928e-02 4.023415808460676368e-01
-5.982131491316653449e-01 7.749121676403412928e-02 4.023415808460676368e-01
-5.982131491316653449e-01 7.749121676403412928e-02 4.023415808460676368e-01
-5.982131491316653449e-01 7.749121676403412928e-02 4.023415808460676368e-01
-5.982131491316653449e-01 7.749121676403412928e-02 4.023415808460676368e-01
-5.405292581982589217e-01 8.549719713540467059e-02 4.003392032556822855e-01
-4.277302632601232557e-01 1.012693664704577418e-01 3.968009747132474896e-01
-4.260101159179010000e-01 1.016028438601516842e-01 3.971791478179037549e-01
-4.225052204336951500e-01 1.021433002860445000e-01 3.976611412424707614e-01
-4.191112303681052698e-01 1.026401709279379237e-01 3.982983640214343701e-01
-4.156326399240721226e-01 1.030878194606430487e-01 3.988498371400638343e-01
-4.138167664156637837e-01 1.033148062097346137e-01 3.991256632709346830e-01
-4.103482043529942391e-01 1.036971252841631941e-01 3.996119077307335177e-01
-4.085699475459012575e-01 1.038500542464608073e-01 3.998570170263971990e-01
-4.049619811297058281e-01 1.043079474336341961e-01 4.005845689127319753e-01
-4.031557440189541541e-01 1.044494222273051331e-01 4.008548430964993248e-01
-3.995146206858393723e-01 1.047074250035841675e-01 4.012970412935455977e-01
-3.976840356940966603e-01 1.048983360742626741e-01 4.014774271226885238e-01
-3.939250758047588286e-01 1.051659141079552273e-01 4.016110116497024762e-01
-3.920629940530468427e-01 1.053617342778112170e-01 4.017467646278648497e-01
-3.865362744782456783e-01 1.062274384827555235e-01 4.020336083581624864e-01
-3.847369645028838048e-01 1.065320857577212593e-01 4.019814730198056907e-01
-3.809462189424827616e-01 1.069580323780477543e-01 4.017053079019931028e-01
-3.789981196543110165e-01 1.072110018477471782e-01 4.016715679312771181e-01
-3.752442063334941458e-01 1.077923038517065168e-01 4.016207562413244281e-01
-3.733339150839136145e-01 1.080896865197118473e-01 4.015260710313305337e-01
-3.695323903877272276e-01 1.087362430604370961e-01 4.013552931820212333e-01
-3.657448135121699195e-01 1.094483466866108951e-01 4.012233466404812043e-01
-3.638058826935480217e-01 1.097047177571898874e-01 4.009779974225716748e-01
-3.618735307656570366e-01 1.100178034371675911e-01 4.007879564137801776e-01
-3.582334672000357934e-01 1.106507870515360398e-01 4.006234923701940120e-01
-3.545331314201389250e-01 1.111184951812199256e-01 4.005481228648798409e-01
-3.508131393607423210e-01 1.112971664109470016e-01 4.005049566507298264e-01
-3.508131393607423210e-01 1.112971664109470016e-01 4.005049566507298264e-01
-3.456358551814598390e-01 1.114827105452748518e-01 4.010888412986755025e-01
-3.439771163588055125e-01 1.114999663486030412e-01 4.012935714875909277e-01
-3.406075183030463083e-01 1.115576894841666666e-01 4.016380817745326404e-01
-3.389838809583418100e-01 1.116442323868650360e-01 4.018525003223499814e-01
-3.356421668785127266e-01 1.117716105491516759e-01 4.022908742008274308e-01
-3.339378098287915653e-01 1.118642891974892112e-01 4.025383617145030790e-01
-3.306518830947329235e-01 1.120323770967036198e-01 4.029817938247589604e-01
-3.273256768818507134e-01 1.122122749549163134e-01 4.034440009143752670e-01
-3.240186475928512055e-01 1.123739179823540074e-01 4.037488323016149572e-01
-3.223302356946367020e-01 1.124543701965895481e-01 4.038809014861418634e-01
-3.188915285232899466e-01 1.126221042723477145e-01 4.042123731749118765e-01
-3.172509728732528234e-01 1.126787160360780832e-01 4.042789136787146020e-01
-3.139060720855071929e-01 1.128009053250179639e-01 4.043624432130960011e-01
-3.121196235508288397e-01 1.128379905568405589e-01 4.044606215600988763e-01
-3.104052360845397374e-01 1.128409256519219972e-01 4.044883309611796429e-01
-3.086703808534583260e-01 1.128408332676040793e-01 4.044915577927182815e-01
-3.040514056827106071e-01 1.126990978623645806e-01 4.045065221928131338e-01
-3.000503645502688443e-01 1.124454541266163982e-01 4.045966642920109102e-01
-2.983690637844699789e-01 1.123255710489954179e-01 4.046226340187190074e-01
-2.966735549149975282e-01 1.121850593502666249e-01 4.046413880591367418e-01
-2.917724604281464740e-01 1.117597318865313910e-01 4.049238288134603403e-01
-2.901319508342930509e-01 1.115777679250666982e-01 4.049511473145795959e-01
-2.868286596053059023e-01 1.111209339761124043e-01 4.049181012732524509e-01
-2.852479608000124678e-01 1.109079845463765146e-01 4.049940997786963814e-01
-2.804322225934026691e-01 1.102742391095217628e-01 4.052032070291746724e-01
-2.788517164055581699e-01 1.100266133773140642e-01 4.052493879188060477e-01
-2.773042748628370968e-01 1.098282368943260950e-01 4.053384571868322572e-01
-2.741942730258338234e-01 1.094291102498782392e-01 4.053801171109338020e-01
-2.709511844261396907e-01 1.089776709276635697e-01 4.053077495032858524e-01
-2.694097718657029739e-01 1.087815417831568404e-01 4.052790358488721489e-01
-2.663234601430651272e-01 1.084210152689449175e-01 4.052507714999166177e-01
-2.647922833835451573e-01 1.082567719154515218e-01 4.051773785560129904e-01
-2.616258871337135417e-01 1.078789019059416682e-01 4.049972819549771952e-01
-2.599821454982083058e-01 1.076689723725832160e-01 4.049208138350954833e-01
-2.567864916223004390e-01 1.072642545643320428e-01 4.046419591011710670e-01
-2.551938977329453184e-01 1.070726236943011500e-01 4.045184878027187070e-01
-2.519784424627697361e-01 1.066241679791586211e-01 4.041833978933496718e-01
-2.503568354889748049e-01 1.063893886047887621e-01 4.040052069669132218e-01
-2.471127150364741398e-01 1.059388891740780797e-01 4.036189418561090259e-01
-2.438606073930036089e-01 1.054802017204714143e-01 4.032199302363448368e-01
-2.404895100139723407e-01 1.048797288193394489e-01 4.027405895060568453e-01
-2.372301558987490733e-01 1.042601707671226147e-01 4.022359265508472781e-01
-2.355454152918531607e-01 1.039531042552034323e-01 4.020170800605996630e-01
-2.337297004227306685e-01 1.036209140861291816e-01 4.018152900594241794e-01
-2.302809685888153324e-01 1.029387123698852075e-01 4.014256021702385935e-01
-2.269019770220373766e-01 1.023703853839860595e-01 4.011570231667693776e-01
-2.252188536004820774e-01 1.021134003760441195e-01 4.010649658003154761e-01
-2.219396144183596320e-01 1.017577669598341839e-01 4.012553601428433536e-01
-2.188679208349565142e-01 1.015687802628112424e-01 4.017190149042729752e-01
-2.173305838406237589e-01 1.014261542468398308e-01 4.020192204562970106e-01
-2.157709758078744378e-01 1.012821978700134823e-01 4.023201299655431162e-01
-2.127779305573603563e-01 1.011998890031282627e-01 4.029353419912208301e-01
-2.097284347102240654e-01 1.010711958967797086e-01 4.032001180009182617e-01
-2.082126594486744253e-01 1.009965983908312909e-01 4.032439753825787232e-01
-2.051378935458283426e-01 1.007702689242305771e-01 4.033865465933145211e-01
-2.035974677936364385e-01 1.006798290990257860e-01 4.035108413545075434e-01
-2.020612750871724206e-01 1.005519698438080839e-01 4.036040033902968949e-01
-1.978497676751818368e-01 1.002122723629994133e-01 4.036362895496733438e-01
-1.942461825471094305e-01 9.995546800144178290e-02 4.036509818756609524e-01
-1.927394714884841098e-01 9.986759820334821514e-02 4.037246699649983395e-01
-1.897466023506993726e-01 9.972471227449175579e-02 4.038981509611160314e-01
-1.882300906323325085e-01 9.964404678773579327e-02 4.039304982106246555e-01
-1.851526348337534378e-01 9.946607332665063916e-02 4.039916030924631807e-01
-1.835641475031680458e-01 9.933226828253576002e-02 4.039268235498137960e-01
-1.804411102690944013e-01 9.908165577226275833e-02 4.037321638766704357e-01
-1.789347749683858346e-01 9.904782868472983282e-02 4.037148126004561632e-01
-1.774680762888024843e-01 9.905449687942345649e-02 4.037447036194933281e-01
-1.774680762888024843e-01 9.905449687942345649e-02 4.037447036194933281e-01
-1.759648647923508780e-01 9.907463834571168804e-02 4.037889245822713358e-01
-1.709106502017812279e-01 9.915835308390839875e-02 4.036592663996833030e-01
-1.683994599883710530e-01 9.919613767865174958e-02 4.035310454178631101e-01
-1.653728567969396934e-01 9.927806817844263276e-02 4.035160790324009428e-01
-1.624401820864597445e-01 9.937908405854777028e-02 4.036983537852669723e-01
-1.610208383832062717e-01 9.945466823279631996e-02 4.037470388685211464e-01
-1.580202136095029131e-01 9.960181267433998453e-02 4.036658926391769597e-01
-1.550346703998930764e-01 9.978097946846864463e-02 4.037100001166102903e-01
-1.520808319041491996e-01 9.998969731278750661e-02 4.037105361612768339e-01
-1.506592532507076143e-01 1.001949342185744912e-01 4.037514136688938882e-01
-1.477608546680902746e-01 1.004988391900110828e-01 4.036374262518478417e-01
-1.463350956870168307e-01 1.005963651259534908e-01 4.035013096133098776e-01
-1.435023965742397989e-01 1.009569212723380599e-01 4.034295616948448959e-01
-1.419758024709149025e-01 1.011287484946520876e-01 4.033989415851361171e-01
-1.375913843990469176e-01 1.016242523801805381e-01 4.032628141262293298e-01
-1.375913843990469176e-01 1.016242523801805381e-01 4.032628141262293298e-01
-1.346863415846168699e-01 1.019414803284570264e-01 4.032299365264947477e-01
-1.346863415846168699e-01 1.019414803284570264e-01 4.032299365264947477e-01
-1.346863415846168699e-01 1.019414803284570264e-01 4.032299365264947477e-01
-1.346863415846168699e-01 1.019414803284570264e-01 4.032299365264947477e-01
-1.297639897414127053e-01 1.025346355096112411e-01 4.033734773901069826e-01
-1.258458881408848762e-01 1.030851367657383971e-01 4.035784029170133014e-01
-1.199651339652359622e-01 1.040203108658705050e-01 4.037870793674821490e-01
-1.170133995846136948e-01 1.046295391260128466e-01 4.038814680811325664e-01
-1.141892473995731599e-01 1.052363523790605243e-01 4.039779083655005154e-01
-1.127778642165574302e-01 1.055386512871722693e-01 4.040131231268762058e-01
-1.099427246158280469e-01 1.061744276825435790e-01 4.040304029467886027e-01
-1.085298005255987547e-01 1.065149501194707637e-01 4.040392759603773642e-01
-1.056269398666588727e-01 1.071632744517960756e-01 4.040852266556277383e-01
-1.042073047297143590e-01 1.074626866432420585e-01 4.040824410915501153e-01
-1.014168207775364428e-01 1.081143273698425694e-01 4.041103444724737370e-01
-9.998864645728137990e-02 1.084729385272067415e-01 4.041041467259143261e-01
-9.705784040662297774e-02 1.090871916084010101e-01 4.039453735848154148e-01
-9.560903834766698584e-02 1.094003262432087648e-01 4.038677074708784120e-01
-9.286982146458962195e-02 1.102234385136183076e-01 4.036472857967989825e-01
-8.992806820715786020e-02 1.109997171015795897e-01 4.033493115287597464e-01
-8.700805632471471374e-02 1.117059236651252868e-01 4.030361815399332581e-01
-8.554839828856657113e-02 1.120606357750747878e-01 4.027848463268305368e-01
-8.255492093845030743e-02 1.127797300065864344e-01 4.023257223737305432e-01
-8.105867301545564840e-02 1.131217003547352468e-01 4.021045114052005376e-01
-7.815803794704960505e-02 1.137654045411687354e-01 4.015111284028965999e-01
-7.815803794704960505e-02 1.137654045411687354e-01 4.015111284028965999e-01
-7.519573187561723326e-02 1.144387500169952304e-01 4.009993821059734120e-01
-7.169864835117506496e-02 1.150614195861087569e-01 4.005419497291210496e-01
-6.787549816486056209e-02 1.156323306738741286e-01 4.002855634753256231e-01
-6.653934540160076627e-02 1.157894831777126904e-01 4.002799034658071076e-01
-6.373468678259085196e-02 1.161469959946898195e-01 4.004163534976336036e-01
-6.234357075618568444e-02 1.163260560181873654e-01 4.005401246784930924e-01
-5.825332204662710817e-02 1.168465032959956212e-01 4.008086833953160566e-01
-5.693126997778868298e-02 1.170592172258274749e-01 4.009118615111165740e-01
-5.428117467710882188e-02 1.175583583728331966e-01 4.010036489840883567e-01
-5.290166669681841544e-02 1.178108467764422823e-01 4.010391889850010161e-01
-5.013835784003180945e-02 1.183541783441135892e-01 4.011485330124485715e-01
-4.883554072149382669e-02 1.186337379910446382e-01 4.011672832213157847e-01
-4.611652342153751277e-02 1.191941277284762207e-01 4.012348634428385408e-01
-4.472541590740005540e-02 1.194723431382189033e-01 4.013030345122011733e-01
-4.199714368383020147e-02 1.200712572123512761e-01 4.014167127604543195e-01
-4.064480832540625505e-02 1.203907628700133098e-01 4.014334095080712705e-01
-3.783006902633653107e-02 1.209269524556729758e-01 4.013968663526218394e-01
-3.636150572068681114e-02 1.211451058976930756e-01 4.013874369895814587e-01
-3.216992828145744110e-02 1.218942527671731529e-01 4.015131958535483880e-01
-3.077254106434148054e-02 1.220299155801772145e-01 4.014281021491957757e-01
-2.776312099881728113e-02 1.221697874823753915e-01 4.012070017972644287e-01
-2.622187980711395902e-02 1.222813300270075426e-01 4.012542553746335505e-01
-2.325842790431655038e-02 1.224216415663657992e-01 4.012898967051400367e-01
-2.175098843396039081e-02 1.224808805204210399e-01 4.012857256331668898e-01
-2.024986828239326575e-02 1.225565848358581705e-01 4.012813510160423425e-01
-2.024986828239326575e-02 1.225565848358581705e-01 4.012813510160423425e-01
-1.869345981789746411e-02 1.226175565582806049e-01 4.012771712373331967e-01
-1.869345981789746411e-02 1.226175565582806049e-01 4.012771712373331967e-01
-1.248151222249929172e-02 1.229047336539530466e-01 4.013901601741783898e-01
-6.257937469404818709e-03 1.232318835509432359e-01 4.015122814174616472e-01
-3.184527368715374136e-03 1.233079169020566135e-01 4.015044133481660005e-01
-1.608704469422190218e-03 1.233409207298680893e-01 4.015248720668590510e-01
1.564861666911305333e-03 1.234195657441539279e-01 4.015829741209636650e-01
3.125567667220846817e-03 1.234372598882760991e-01 4.016016811100214801e-01
7.831171909524760680e-03 1.234302482076286012e-01 4.015920080813645265e-01
7.831171909524760680e-03 1.234302482076286012e-01 4.015920080813645265e-01
1.094373780946605000e-02 1.233912031507563983e-01 4.016117126915682567e-01
1.402998881119282837e-02 1.233340122731712007e-01 4.015916596136004380e-01
1.716115042134122234e-02 1.232744355749191972e-01 4.015955301934314159e-01
1.870975563993738586e-02 1.232391458600019946e-01 4.015775993412614708e-01
2.180883934554507519e-02 1.231894752402560994e-01 4.014971137136845725e-01
2.337449879276152012e-02 1.231762729075966956e-01 4.014544755267568377e-01
2.653758164953367096e-02 1.231262426266598320e-01 4.013300185008282783e-01
2.809010876581724547e-02 1.230885083611596570e-01 4.012662369695892961e-01
3.127136052951968309e-02 1.230103679976382730e-01 4.010750996924689060e-01
3.127136052951968309e-02 1.230103679976382730e-01 4.010750996924689060e-01
3.286097730396516509e-02 1.229826862257118597e-01 4.009442071929660845e-01
3.286097730396516509e-02 1.229826862257118597e-01 4.009442071929660845e-01
3.757477371673558636e-02 1.228647383339492444e-01 4.003421482209708060e-01
4.404057934411573921e-02 1.226757930119466850e-01 3.993987801141152261e-01
4.734909325924279572e-02 1.225314166100128083e-01 3.988112843256100826e-01
4.903298839403661541e-02 1.224520438650288784e-01 3.984870351552421974e-01
5.404741232091567205e-02 1.221990278214638709e-01 3.973493229720941322e-01
5.752484290995021898e-02 1.220835484107662960e-01 3.965604419743673503e-01
5.936428219742453244e-02 1.220325916300443875e-01 3.961767207412535408e-01
6.451250917149403685e-02 1.220031078618938197e-01 3.951820734353410636e-01
6.617517843957922141e-02 1.220938050524382201e-01 3.949988199907635833e-01
6.933614759415640538e-02 1.224342125176365453e-01 3.949231118950132791e-01
7.080997115771327233e-02 1.226620114944022566e-01 3.949939202114416403e-01
7.376860609996950535e-02 1.230788932919102407e-01 3.952541204711528255e-01
7.523409613518493300e-02 1.232542903030679066e-01 3.953965073078214987e-01
7.820593395153897787e-02 1.234929896829128348e-01 3.956350116668287953e-01
7.969524001807178071e-02 1.235689824409868937e-01 3.957500224590583260e-01
8.253394249614695588e-02 1.236487500709743115e-01 3.959668787519565747e-01
8.399493215110788447e-02 1.236399298772851013e-01 3.960791709083194556e-01
8.856950324639700778e-02 1.234731102944595649e-01 3.964024059214810158e-01
9.008768231520454528e-02 1.233914187272479174e-01 3.964771427062395714e-01
9.146728933685165097e-02 1.233853134928870748e-01 3.966740261272835300e-01
9.301141834715088985e-02 1.232940499591950595e-01 3.967643724133534944e-01
9.771581798088596615e-02 1.230601515403551421e-01 3.969890616358341395e-01
9.922930543036845297e-02 1.230393686702337258e-01 3.970915677345515649e-01
1.023374453331611506e-01 1.231070271762954721e-01 3.973552713733028430e-01
1.038787708668830606e-01 1.231726066138291859e-01 3.974387427387404692e-01
1.069316788466670443e-01 1.233547700446979700e-01 3.975554504359836150e-01
1.100881445015683413e-01 1.236183891637391841e-01 3.977323798006869859e-01
1.116552334232238652e-01 1.237565580531285736e-01 3.978043562667600286e-01
1.147335542684246729e-01 1.240748070067713704e-01 3.979260239940590749e-01
1.178048260580389223e-01 1.245099367427537768e-01 3.980553696288475773e-01
1.192996421311156435e-01 1.247410781144399489e-01 3.980898136567730949e-01
1.223400465073009591e-01 1.252055277928750265e-01 3.982313356170256169e-01
1.238926454071795913e-01 1.254657953229577627e-01 3.983129991749397858e-01
1.269617669461886866e-01 1.260376012446804694e-01 3.984029798162789238e-01
1.298341919942758993e-01 1.266487483188981356e-01 3.986248186072092192e-01
1.313016941862418241e-01 1.269213025868007882e-01 3.987294701864408930e-01
1.328604214647525483e-01 1.271665170606685324e-01 3.988378453026396597e-01
1.359648630010963644e-01 1.276020378954657308e-01 3.990102998069899876e-01
1.389830432813145278e-01 1.281842620020424983e-01 3.994246105917617085e-01
1.405383604823506605e-01 1.284390052624523049e-01 3.995956224540947455e-01
1.434134121246482263e-01 1.290282604850933323e-01 3.999522401383880377e-01
1.477985310264177954e-01 1.299297693454398994e-01 4.003508304399863160e-01
1.477985310264177954e-01 1.299297693454398994e-01 4.003508304399863160e-01
1.521596452607546779e-01 1.308882654281397773e-01 4.007266888582439179e-01
1.521596452607546779e-01 1.308882654281397773e-01 4.007266888582439179e-01
1.549806014576031732e-01 1.315265570659670813e-01 4.009019220931318017e-01
1.564169225217723336e-01 1.318603562358370007e-01 4.009918550430147111e-01
1.592882172397275531e-01 1.325427027105848532e-01 4.011475609558656785e-01
1.621416030338523329e-01 1.331789810207230362e-01 4.012817565988363588e-01
1.649914084934832881e-01 1.337941926735042586e-01 4.013722577925146195e-01
1.678170482428711641e-01 1.343951349756658531e-01 4.014217165683443556e-01
1.692426530068806834e-01 1.346889699509982996e-01 4.014198401268685990e-01
1.721419286813224703e-01 1.352826250162502963e-01 4.014056582168317178e-01
1.735624323704708372e-01 1.355918723602509701e-01 4.013988555566628813e-01
1.749996865085160225e-01 1.359063587346329427e-01 4.013811346828884963e-01
1.792883231731726978e-01 1.367613999041277506e-01 4.012349328205768728e-01
1.792883231731726978e-01 1.367613999041277506e-01 4.012349328205768728e-01
1.806767278449402381e-01 1.370582371546905653e-01 4.011933880263115482e-01
1.878551428318558647e-01 1.384353685802794665e-01 4.008708181325885134e-01
1.892429082882815250e-01 1.386922322379473826e-01 4.007573155619003069e-01
1.921038985191231563e-01 1.392023714905477882e-01 4.005779706524771333e-01
1.935895443130133675e-01 1.394478473351432879e-01 4.004848267450203947e-01
1.965012972285749282e-01 1.399632940496802480e-01 4.002440797365262037e-01
1.979650553140226421e-01 1.402081595037205919e-01 4.001231009664665272e-01
2.022840944959400089e-01 1.410327560067516639e-01 3.997613775112559553e-01
2.037636147972230471e-01 1.412935722299981378e-01 3.996347872411477598e-01
2.052099795808958460e-01 1.415814867164764124e-01 3.995304891295640148e-01
2.081399323818647895e-01 1.421583241224821659e-01 3.992230875448575800e-01
2.110382950899923615e-01 1.427635164631937126e-01 3.989044978455091872e-01
2.125112211924108097e-01 1.430355392749553811e-01 3.987635757795113811e-01
2.153370995013796085e-01 1.435403224255068499e-01 3.984030250481249702e-01
2.167633583454834090e-01 1.437721030174322068e-01 3.982482038577599415e-01
2.196584351285038039e-01 1.442430877470133599e-01 3.980909967067907118e-01
2.224974070469088183e-01 1.446522604164357517e-01 3.979308860791742619e-01
2.238842212549422561e-01 1.448332203654801587e-01 3.978668322014992098e-01
2.238842212549422561e-01 1.448332203654801587e-01 3.978668322014992098e-01
2.252927422425345660e-01 1.449828106599699296e-01 3.977994669763271762e-01
2.271690839289114694e-01 1.452027784827693291e-01 3.977369228455663874e-01
2.336357962234807684e-01 1.459579936131362166e-01 3.974257552473042798e-01
2.350673854733575097e-01 1.461129653074494661e-01 3.973896536806796886e-01
2.379691005350821065e-01 1.463526125343209416e-01 3.971780883029899512e-01
2.394259184040136434e-01 1.464780836682499088e-01 3.970931302818773156e-01
2.422769200742370677e-01 1.467900643679779238e-01 3.969217830507355549e-01
2.436844924251691802e-01 1.469553188454733317e-01 3.968416298083390359e-01
2.479566480461803113e-01 1.473538285178115637e-01 3.966638824607635616e-01
2.494102986859320359e-01 1.474777392946785004e-01 3.966126198550434800e-01
2.523639751635026740e-01 1.477216301760906070e-01 3.965427496854843081e-01
2.538029124408682224e-01 1.478685548181310483e-01 3.965009588936396767e-01
2.566021683541037102e-01 1.482338690669444126e-01 3.964166425759420020e-01
2.580359039204587202e-01 1.483913011041332053e-01 3.963945916817679382e-01
2.610343891822886064e-01 1.487058636952652835e-01 3.963813306599814901e-01
2.625167567997230833e-01 1.488609632903605262e-01 3.963639864672127144e-01
2.655015720363907428e-01 1.491825782935640443e-01 3.964113223920294748e-01
2.685766688945838698e-01 1.494564175512173576e-01 3.964599017478134257e-01
2.685766688945838698e-01 1.494564175512173576e-01 3.964599017478134257e-01
2.715233714300635537e-01 1.497240236419223047e-01 3.965188916067393654e-01
2.760114749625413588e-01 1.500966052331794698e-01 3.967394845965336314e-01
2.775030215168489689e-01 1.502488478138276906e-01 3.968245497732362237e-01
2.804963918316035754e-01 1.505260419345286482e-01 3.969372809581290795e-01
2.819848795362756566e-01 1.506664140101130756e-01 3.970175272190310523e-01
2.850165110670987434e-01 1.509292984470181898e-01 3.971625455945573258e-01
2.865324162207594227e-01 1.510331001515910765e-01 3.971924271870013179e-01
2.895779660619581253e-01 1.512477613690011713e-01 3.972600781625953426e-01
2.910931843232513749e-01 1.513816841716898454e-01 3.973140705222805158e-01
2.940284950656590346e-01 1.516309091747919113e-01 3.973661775567250976e-01
2.970916441056727364e-01 1.518437053182240259e-01 3.974798052506274271e-01
3.001017652476030695e-01 1.520803664898280061e-01 3.975310721993536855e-01
3.016110110167055658e-01 1.521946714269808987e-01 3.975610326888487922e-01
3.045489990514239076e-01 1.523813376124030505e-01 3.975624930423631298e-01
3.060670480443402064e-01 1.524770487425973486e-01 3.975485306606099112e-01
3.075807687148968683e-01 1.525486441923891434e-01 3.975042384406686224e-01
3.106956274091631776e-01 1.527115162547731109e-01 3.974016100163660914e-01
3.138306959853163214e-01 1.528631256530264826e-01 3.972931042575987837e-01
3.153928793129663344e-01 1.529367454617777400e-01 3.971703710705264401e-01
3.185523756756166169e-01 1.530558155442885704e-01 3.968882906184688641e-01
3.216526671082100552e-01 1.531642094369850826e-01 3.965522554709437486e-01
3.232557401025563659e-01 1.532092749415370492e-01 3.963692210045579589e-01
3.232557401025563659e-01 1.532092749415370492e-01 3.963692210045579589e-01
3.232557401025563659e-01 1.532092749415370492e-01 3.963692210045579589e-01
3.232557401025563659e-01 1.532092749415370492e-01 3.963692210045579589e-01
3.248762663783936189e-01 1.532431015003280494e-01 3.961530870783550595e-01
3.300112059566064904e-01 1.533229692057975213e-01 3.952569614430091471e-01
3.403884015184965861e-01 1.534808081804265312e-01 3.931951919891621960e-01
3.421908199924488247e-01 1.535088268212463081e-01 3.927404922173548529e-01
3.440306998691426976e-01 1.535455959394960435e-01 3.922611491117392601e-01
3.458285961306405976e-01 1.535953854001061436e-01 3.917976505342243287e-01
3.493481887417415610e-01 1.538048571718892976e-01 3.908577742223057205e-01
3.527615283731024842e-01 1.543033386195193646e-01 3.903677447920381738e-01
3.574537335335263299e-01 1.552850835133790242e-01 3.903099231640655420e-01
3.589652518113827795e-01 1.555522425196825820e-01 3.903998939205838292e-01
3.604938614062635494e-01 1.558295219366726547e-01 3.905561213091829353e-01
3.634594737273469378e-01 1.563322826547721700e-01 3.907997161449103807e-01
3.664911590009181097e-01 1.567647821870438996e-01 3.910447684481733743e-01
3.695483833340324487e-01 1.571295399599421938e-01 3.913156917031440640e-01
3.710764513714728818e-01 1.572811706719507152e-01 3.914096008098341128e-01
3.742172755412467300e-01 1.575748708000697107e-01 3.915787204441847358e-01
3.772784108024755945e-01 1.579098475202698193e-01 3.916839805567530197e-01
3.788426595998603541e-01 1.581008169283960318e-01 3.917104095098541405e-01
3.804189849143180258e-01 1.583008336291110429e-01 3.917542379707334987e-01
3.835754609746598320e-01 1.586972652680542495e-01 3.918048629879389289e-01
3.867524395973849782e-01 1.590838271731740139e-01 3.919980151698129189e-01
3.883431654235637853e-01 1.592652968335085406e-01 3.921535378463580912e-01
3.915097280666526292e-01 1.596581040878292390e-01 3.925025223546422248e-01
3.930723101116083140e-01 1.598775398382541180e-01 3.927227995633016944e-01
3.961402205386427844e-01 1.603834021208483118e-01 3.932157531814649554e-01
3.976761714882877108e-01 1.606249456661955344e-01 3.935179470988594552e-01
4.023319078474953403e-01 1.614947993493674183e-01 3.944212441393755153e-01
4.037640192789922478e-01 1.618123534885002324e-01 3.947109477038331926e-01
4.067485492183404716e-01 1.624445482972552146e-01 3.953879644004284488e-01
4.083328343401500526e-01 1.627805133475928590e-01 3.957382075696219692e-01
4.098299190125437863e-01 1.631180967242844282e-01 3.960411380638571011e-01
4.128859321427591489e-01 1.637038141333094499e-01 3.965824913296228660e-01
4.175974867634998922e-01 1.646490845562011140e-01 3.974155105914344288e-01
4.191081913203384413e-01 1.649358309602459161e-01 3.976636580069474736e-01
4.205556228726619050e-01 1.651836255498090600e-01 3.979227339431541388e-01
4.205556228726619050e-01 1.651836255498090600e-01 3.979227339431541388e-01
4.252217834781594763e-01 1.660478004689870668e-01 3.985540042120544468e-01
4.282199790752256319e-01 1.666494396954272539e-01 3.989210196684078724e-01
4.297328353879401042e-01 1.669181695819882683e-01 3.990700040490827716e-01
4.312166041959071827e-01 1.672061204624731567e-01 3.992295475961337159e-01
4.357135501788116372e-01 1.679691724012105647e-01 3.996195478540742752e-01
4.371882380095233334e-01 1.682304780066268268e-01 3.996943585919433550e-01
4.401694344863488761e-01 1.687745125468933516e-01 3.998392198203228887e-01
4.416493966611398925e-01 1.690266093884739418e-01 3.998825613416635560e-01
4.431272332392263702e-01 1.692892039548118122e-01 3.999059241856518510e-01
4.446108093003282025e-01 1.695773423276805136e-01 3.999619083531200658e-01
4.504777253668085790e-01 1.706375624750704201e-01 4.000843544143051211e-01
4.518613306539379093e-01 1.708963928715862002e-01 4.000497122916736314e-01
4.533101662936924181e-01 1.711843779884338890e-01 4.000760617039486045e-01
4.563370133810693563e-01 1.717580745451439128e-01 4.001197531313004374e-01
4.592411112540052964e-01 1.722763919969717838e-01 4.001261342861234249e-01
4.607327371432967111e-01 1.725357671979064478e-01 4.001279013657612627e-01
4.636102502606438414e-01 1.730349666625091432e-01 4.001001299380960718e-01
4.650442406001368822e-01 1.732858112334741685e-01 4.000687074358210138e-01
4.679476687916307998e-01 1.737800994103593233e-01 3.999495001707202846e-01
4.709030230407214024e-01 1.742911642835710817e-01 3.998838616672408808e-01
4.738237554145105501e-01 1.747883270570760039e-01 3.998331599445545947e-01
4.752854969771982407e-01 1.750329201171475779e-01 3.998057790407183454e-01
4.782433022506043518e-01 1.754596144032219973e-01 3.996767417511882803e-01
4.782433022506043518e-01 1.754596144032219973e-01 3.996767417511882803e-01
4.840099187623891908e-01 1.764567853273681930e-01 3.992677357646793324e-01
4.840099187623891908e-01 1.764567853273681930e-01 3.992677357646793324e-01
4.869429052157270843e-01 1.769153037279428131e-01 3.990871157048359041e-01
4.884209887623345292e-01 1.771353836296143680e-01 3.990422809218511224e-01
4.913105956519409623e-01 1.776217845609160406e-01 3.988433875329163714e-01
4.942110767292962614e-01 1.781481790498934403e-01 3.985967213061382131e-01
4.970989166608286158e-01 1.786251625803296772e-01 3.983714836531000447e-01
4.985476445578200799e-01 1.788788790192691602e-01 3.982297422804262910e-01
5.014858954777930977e-01 1.794602068367905090e-01 3.979694359862765429e-01
5.014858954777930977e-01 1.794602068367905090e-01 3.979694359862765429e-01
5.058043824998237348e-01 1.802866752854075660e-01 3.975214170383408741e-01
5.072772306859002489e-01 1.805510081246488874e-01 3.973867966926962758e-01
5.101869824056243230e-01 1.811180464259862788e-01 3.970881216184999341e-01
5.116541873045803435e-01 1.814162773640535242e-01 3.969511606385822677e-01
5.146063082500472730e-01 1.819439666395750443e-01 3.967397581148012220e-01
5.175455989684371039e-01 1.824441847304697772e-01 3.964603484922831766e-01
5.204710718267685499e-01 1.829355143739578304e-01 3.962529587529556308e-01
5.204710718267685499e-01 1.829355143739578304e-01 3.962529587529556308e-01
5.219026990558063295e-01 1.831180469129525257e-01 3.961331245028143488e-01
5.247515953539864109e-01 1.834097304257246153e-01 3.959302939082762762e-01
5.275951358908388400e-01 1.836688534008570073e-01 3.958989822295967409e-01
5.304303862593496843e-01 1.838947135704197822e-01 3.959121542654019388e-01
5.318173289500701673e-01 1.839627921634372776e-01 3.958823518306302525e-01
5.362388507720249331e-01 1.841973483918992460e-01 3.959710035208096057e-01
5.376766101019208044e-01 1.842952081428011757e-01 3.959874883993269590e-01
5.404487643705803146e-01 1.845550465413821895e-01 3.958880807140552349e-01
5.418530104878840348e-01 1.847009018108332901e-01 3.958181871911413685e-01
5.445062280469846749e-01 1.851401303543599719e-01 3.960106291075959906e-01
5.476618879105955573e-01 1.854022194869057172e-01 3.957499144737561814e-01
5.491093818467378540e-01 1.855657296014758817e-01 3.956910604272632082e-01
5.520042396478649360e-01 1.859766115065887571e-01 3.956833012755472945e-01
5.534579567626529695e-01 1.861984537404338391e-01 3.957816501844581003e-01
5.562479876648694921e-01 1.865204472390760149e-01 3.958375688496360567e-01
5.577134996778653209e-01 1.866761328976887235e-01 3.958243185331771219e-01
5.606871595396943908e-01 1.870590926612545613e-01 3.960641108566106405e-01
5.621339002265360874e-01 1.872260139590374572e-01 3.962210966711764426e-01
5.667026610471393999e-01 1.876342626245218470e-01 3.964550186301862844e-01
5.682048852995262855e-01 1.877689825489851083e-01 3.964935414138432979e-01
5.714435843705466533e-01 1.880974464865805551e-01 3.964512127100915384e-01
5.714435843705466533e-01 1.880974464865805551e-01 3.964512127100915384e-01
5.730736440696977407e-01 1.882676916322772176e-01 3.964906799693286299e-01
5.771621174663241760e-01 1.886066604619870135e-01 3.966808309862372983e-01
5.806542190918372315e-01 1.889058211457552705e-01 3.967345997548755721e-01
5.821412291223819757e-01 1.890373049082330892e-01 3.968308727230123178e-01
5.869286481732428618e-01 1.895475164237047927e-01 3.970264600512339870e-01
5.883748423145784834e-01 1.896908879635702261e-01 3.969659933251844519e-01
5.899035143435241713e-01 1.898961764563747712e-01 3.969777635155863349e-01
5.929581133360117828e-01 1.902680237186912260e-01 3.969697668367421217e-01
5.959908610620926472e-01 1.905989644125917204e-01 3.967592417205220157e-01
5.975761179070290252e-01 1.907476106935289406e-01 3.966939064202863463e-01
5.975761179070290252e-01 1.907476106935289406e-01 3.966939064202863463e-01
6.022709854929282347e-01 1.911489523432358117e-01 3.963592309864986118e-01
6.055317847046092217e-01 1.913683175543567927e-01 3.960736029908438205e-01
6.087336895691951577e-01 1.915973338401647796e-01 3.956274164606923271e-01
6.103589291158916241e-01 1.917002191435607517e-01 3.953746459941044344e-01
6.119919054072866516e-01 1.918033942952664661e-01 3.951017533064103970e-01
6.152991211214203782e-01 1.919740506371122313e-01 3.944665755942557972e-01
6.186816002990161989e-01 1.920792079898414606e-01 3.937383047186505669e-01
6.221205119211529189e-01 1.922053079748722026e-01 3.929891190755582242e-01
6.238629297708486732e-01 1.922564348254101330e-01 3.925317039485393122e-01
6.274379108843279873e-01 1.923727850556924412e-01 3.915516796359294061e-01
6.292278413228312717e-01 1.924282408776057107e-01 3.910496116579392778e-01
6.328350794877278807e-01 1.926113166389393505e-01 3.900426222384257846e-01
6.346014174340047775e-01 1.928018275898902567e-01 3.895874423888324722e-01
6.395755196085667338e-01 1.936127344666567496e-01 3.887807721745130118e-01
6.410814633837078613e-01 1.939609895437017784e-01 3.887026521018072112e-01
6.426284590100181937e-01 1.943002733682099858e-01 3.887433225745533516e-01
6.456486302213835238e-01 1.949035244425528779e-01 3.890874351998372394e-01
6.483372545529317854e-01 1.954613802724836924e-01 3.893992879355342440e-01
6.512434952689537537e-01 1.960289637903056270e-01 3.894371297823141509e-01
6.527035732295370929e-01 1.963172167622144748e-01 3.895105832613169339e-01
6.541826647571929998e-01 1.966054271963184330e-01 3.895561334271012699e-01
6.570482626751629196e-01 1.971572822266588476e-01 3.896176204171808433e-01
6.599849725063728911e-01 1.977500456999281842e-01 3.897468579407898925e-01
6.599849725063728911e-01 1.977500456999281842e-01 3.897468579407898925e-01
6.614241884043429165e-01 1.980625953770256686e-01 3.897915487715832850e-01
6.676083486208316264e-01 1.989396870744004620e-01 3.904275296320435240e-01
6.691414576005282333e-01 1.991420201143948854e-01 3.906276740493892508e-01
6.721080996828304732e-01 1.995733867892314217e-01 3.910324661768241894e-01
6.735327676639978334e-01 1.998142416294450552e-01 3.912400969245611870e-01
6.765027928057271156e-01 2.003672211761493294e-01 3.918555793164512080e-01
6.779831399701592431e-01 2.006547768482076777e-01 3.921500185698971741e-01
6.793747001828300824e-01 2.009368986807494595e-01 3.923836216518352682e-01
6.822483968814240241e-01 2.015217363267848005e-01 3.928897956390512425e-01
6.865366216792060383e-01 2.024738730053352587e-01 3.937434785940110427e-01
6.879585999227710857e-01 2.027659501434796174e-01 3.939356460497437373e-01
6.894059326637341778e-01 2.030715846483248377e-01 3.941478553010361319e-01
6.922196632431529828e-01 2.036956817147307364e-01 3.946263171414149395e-01
6.949725123059606879e-01 2.043014404019879438e-01 3.949685527175091915e-01
6.963951543416246892e-01 2.045941392706736861e-01 3.950938693980540206e-01
6.991763724526992574e-01 2.051741403278742881e-01 3.953800731508266830e-01
7.004658807688125544e-01 2.054929123853060646e-01 3.955101395105765638e-01
7.032443493269321388e-01 2.060714219281604420e-01 3.958876402051532128e-01
7.046838659395137094e-01 2.063444722692042987e-01 3.960673323245432753e-01
7.060839047956254388e-01 2.065912632895608170e-01 3.961404527189723579e-01
7.101763556992408688e-01 2.073831088248996035e-01 3.964658069080702063e-01
7.101763556992408688e-01 2.073831088248996035e-01 3.964658069080702063e-01
7.129449090244982523e-01 2.078701523918369265e-01 3.966278361642380235e-01
7.157299595906114753e-01 2.083361717289564652e-01 3.966634265999838815e-01
7.185034664407753402e-01 2.087662102509476314e-01 3.967600988740267454e-01
7.212265230158175777e-01 2.091827359348829019e-01 3.968794120588664542e-01
7.226284626594544624e-01 2.093994460371267907e-01 3.969489121896053740e-01
7.253480085927276333e-01 2.099080270989592545e-01 3.970217005373157804e-01
7.281009739565904582e-01 2.104137003669816763e-01 3.971543107157072816e-01
7.293964855487770071e-01 2.106740704170807776e-01 3.971757247253302481e-01
7.307773477733844336e-01 2.109391293509352006e-01 3.972153859299756284e-01
7.307773477733844336e-01 2.109391293509352006e-01 3.972153859299756284e-01
7.321477996794842902e-01 2.111214310732733301e-01 3.972157778104321579e-01
7.392679274431480652e-01 2.124814732162011721e-01 3.973201352427584432e-01
7.406493519395240810e-01 2.126822993712969290e-01 3.972987829820540107e-01
7.433173663040552048e-01 2.130978231165172598e-01 3.972928343774712046e-01
7.446131099757469229e-01 2.133282760430255109e-01 3.972530107303543501e-01
7.472877566062759991e-01 2.138652020657528796e-01 3.972450952164598981e-01
7.487156529478468103e-01 2.141065037486542255e-01 3.972194007265069660e-01
7.514424090340677820e-01 2.145514013107533702e-01 3.971035510047541406e-01
7.514424090340677820e-01 2.145514013107533702e-01 3.971035510047541406e-01
7.514424090340677820e-01 2.145514013107533702e-01 3.971035510047541406e-01
7.514424090340677820e-01 2.145514013107533702e-01 3.971035510047541406e-01
7.514424090340677820e-01 2.145514013107533702e-01 3.971035510047541406e-01
7.514424090340677820e-01 2.145514013107533702e-01 3.971035510047541406e-01
7.514424090340677820e-01 2.145514013107533702e-01 3.971035510047541406e-01
7.514424090340677820e-01 2.145514013107533702e-01 3.971035510047541406e-01
7.514424090340677820e-01 2.145514013107533702e-01 3.971035510047541406e-01
7.514424090340677820e-01 2.145514013107533702e-01 3.971035510047541406e-01
7.514424090340677820e-01 2.145514013107533702e-01 3.971035510047541406e-01
7.514424090340677820e-01 2.145514013107533702e-01 3.971035510047541406e-01
7.514424090340677820e-01 2.145514013107533702e-01 3.971035510047541406e-01
7.514424090340677820e-01 2.145514013107533702e-01 3.971035510047541406e-01
7.514424090340677820e-01 2.145514013107533702e-01 3.971035510047541406e-01
7.514424090340677820e-01 2.145514013107533702e-01 3.971035510047541406e-01
7.514424090340677820e-01 2.145514013107533702e-01 3.971035510047541406e-01
7.514424090340677820e-01 2.145514013107533702e-01 3.971035510047541406e-01
7.514424090340677820e-01 2.145514013107533702e-01 3.971035510047541406e-01
7.514424090340677820e-01 2.145514013107533702e-01 3.971035510047541406e-01
7.514424090340677820e-01 2.145514013107533702e-01 3.971035510047541406e-01
7.514424090340677820e-01 2.145514013107533702e-01 3.971035510047541406e-01
7.514424090340677820e-01 2.145514013107533702e-01 3.971035510047541406e-01
7.514424090340677820e-01 2.145514013107533702e-01 3.971035510047541406e-01
7.514424090340677820e-01 2.145514013107533702e-01 3.971035510047541406e-01
7.514424090340677820e-01 2.145514013107533702e-01 3.971035510047541406e-01
7.514424090340677820e-01 2.145514013107533702e-01 3.971035510047541406e-01
7.514424090340677820e-01 2.145514013107533702e-01 3.971035510047541406e-01
7.514424090340677820e-01 2.145514013107533702e-01 3.971035510047541406e-01
7.514424090340677820e-01 2.145514013107533702e-01 3.971035510047541406e-01
7.514424090340677820e-01 2.145514013107533702e-01 3.971035510047541406e-01
