1.752580042440031528e+09
1.752580042444445372e+09
1.752580042448228598e+09
1.752580042454347849e+09
1.752580042460004807e+09
1.752580042464373589e+09
1.752580042469703913e+09
1.752580042474853516e+09
1.752580042480297804e+09
1.752580042484405756e+09
1.752580042487782240e+09
1.752580042494387388e+09
1.752580042500152588e+09
1.752580042505798101e+09
1.752580042511749268e+09
1.752580042515189648e+09
1.752580042518515825e+09
1.752580042524099588e+09
1.752580042530123472e+09
1.752580042534610271e+09
1.752580042540488720e+09
1.752580042544281006e+09
1.752580042550507545e+09
1.752580042554471254e+09
1.752580042558384657e+09
1.752580042564338923e+09
1.752580042570538521e+09
1.752580042574497700e+09
1.752580042580039978e+09
1.752580042584227562e+09
1.752580042589703321e+09
1.752580042594455004e+09
1.752580042600256920e+09
1.752580042603999853e+09
1.752580042609539509e+09
1.752580042614459276e+09
1.752580042619946003e+09
1.752580042624619484e+09
1.752580042627791643e+09
1.752580042634592295e+09
1.752580042640328407e+09
1.752580042644483328e+09
1.752580042648420811e+09
1.752580042654210806e+09
1.752580042660089970e+09
1.752580042664410353e+09
1.752580042667772770e+09
1.752580042674454689e+09
1.752580042680026770e+09
1.752580042684394121e+09
1.752580042689873219e+09
1.752580042694074154e+09
1.752580042699706078e+09
1.752580042704415798e+09
1.752580042708308697e+09
1.752580042713637590e+09
1.752580042718963623e+09
1.752580042724763393e+09
1.752580042730226517e+09
1.752580042733869553e+09
1.752580042739579916e+09
1.752580042744316578e+09
1.752580042749671698e+09
1.752580042753886223e+09
1.752580042759834528e+09
1.752580042763511896e+09
1.752580042768218040e+09
1.752580042774729967e+09
1.752580042780222893e+09
1.752580042784425974e+09
1.752580042789685965e+09
1.752580042793982029e+09
1.752580042798481941e+09
1.752580042804262161e+09
1.752580042809766769e+09
1.752580042814809561e+09
1.752580042820437431e+09
1.752580042824302435e+09
1.752580042829756260e+09
1.752580042834384918e+09
1.752580042840272427e+09
1.752580042844158888e+09
1.752580042847937584e+09
1.752580042854270458e+09
1.752580042859221458e+09
1.752580042864175558e+09
1.752580042869618654e+09
1.752580042873543739e+09
1.752580042878209829e+09
1.752580042884614706e+09
1.752580042889485598e+09
1.752580042893450499e+09
1.752580042900413513e+09
1.752580042904507637e+09
1.752580042909572840e+09
1.752580042914007664e+09
1.752580042919898272e+09
1.752580042925643206e+09
1.752580042928613663e+09
1.752580042934471846e+09
1.752580042940032005e+09
1.752580042943701029e+09
1.752580042947866440e+09
1.752580042954362392e+09
1.752580042960229635e+09
1.752580042964259148e+09
1.752580042969656229e+09
1.752580042974152803e+09
1.752580042980023623e+09
1.752580042984375477e+09
1.752580042990359545e+09
1.752580042994649649e+09
1.752580042999424696e+09
1.752580043004052401e+09
1.752580043010206461e+09
1.752580043014541864e+09
1.752580043019968271e+09
1.752580043023481607e+09
1.752580043030297756e+09
1.752580043034909010e+09
1.752580043039589882e+09
1.752580043043507814e+09
1.752580043050185919e+09
1.752580043054240942e+09
1.752580043060271263e+09
1.752580043065963984e+09
1.752580043069670916e+09
1.752580043074368000e+09
1.752580043080211639e+09
1.752580043084449291e+09
1.752580043089827061e+09
1.752580043094201088e+09
1.752580043099919319e+09
1.752580043104479790e+09
1.752580043108036518e+09
1.752580043114708424e+09
1.752580043120162487e+09
1.752580043124281883e+09
1.752580043129687548e+09
1.752580043134577751e+09
1.752580043138765335e+09
1.752580043144333839e+09
1.752580043147898197e+09
1.752580043154272079e+09
1.752580043159865856e+09
1.752580043164335012e+09
1.752580043167944908e+09
1.752580043174379587e+09
1.752580043180129766e+09
1.752580043184081316e+09
1.752580043189896107e+09
1.752580043193498850e+09
1.752580043199812889e+09
1.752580043204342604e+09
1.752580043212006092e+09
1.752580043213895798e+09
1.752580043220019102e+09
1.752580043224295139e+09
1.752580043228011370e+09
1.752580043234300375e+09
1.752580043240137100e+09
1.752580043244729280e+09
1.752580043248095512e+09
1.752580043254268169e+09
1.752580043260207891e+09
1.752580043264380455e+09
1.752580043267991543e+09
1.752580043274112225e+09
1.752580043279079914e+09
1.752580043284648657e+09
1.752580043288202524e+09
1.752580043294060707e+09
1.752580043299734592e+09
1.752580043304406166e+09
1.752580043308211088e+09
1.752580043314201355e+09
1.752580043320282698e+09
1.752580043324182510e+09
1.752580043328169584e+09
1.752580043334336519e+09
1.752580043339910030e+09
1.752580043343821526e+09
1.752580043349492550e+09
1.752580043354363680e+09
1.752580043359883070e+09
1.752580043364447832e+09
1.752580043367999315e+09
1.752580043374349356e+09
1.752580043378426075e+09
1.752580043384366751e+09
1.752580043387998104e+09
1.752580043394190788e+09
1.752580043399604559e+09
1.752580043404112577e+09
1.752580043409622192e+09
1.752580043413474560e+09
1.752580043419162512e+09
1.752580043424353361e+09
1.752580043428025246e+09
1.752580043434226036e+09
1.752580043438591719e+09
1.752580043443306684e+09
1.752580043449460268e+09
1.752580043454041004e+09
1.752580043460172176e+09
1.752580043464085579e+09
1.752580043470463753e+09
1.752580043474581957e+09
1.752580043480082750e+09
1.752580043484880447e+09
1.752580043487804890e+09
1.752580043494191170e+09
1.752580043498416424e+09
1.752580043504944563e+09
1.752580043509523869e+09
1.752580043513953447e+09
1.752580043520409822e+09
1.752580043524460316e+09
1.752580043527844429e+09
1.752580043534520626e+09
1.752580043540159225e+09
1.752580043544494867e+09
1.752580043550225496e+09
1.752580043554713488e+09
1.752580043559058189e+09
1.752580043564070702e+09
1.752580043567892313e+09
1.752580043574604511e+09
1.752580043579688787e+09
1.752580043584070683e+09
1.752580043588219404e+09
1.752580043594504118e+09
1.752580043600090981e+09
1.752580043604236364e+09
1.752580043607952356e+09
1.752580043614346027e+09
1.752580043620273590e+09
1.752580043624454260e+09
1.752580043630652905e+09
1.752580043634241581e+09
1.752580043640103817e+09
1.752580043644278765e+09
1.752580043650080681e+09
1.752580043654359102e+09
1.752580043659979105e+09
1.752580043664331198e+09
1.752580043669883728e+09
1.752580043674415350e+09
1.752580043680074453e+09
1.752580043684407949e+09
1.752580043689918756e+09
1.752580043694191933e+09
1.752580043699969530e+09
1.752580043704045773e+09
1.752580043708215952e+09
1.752580043716418743e+09
1.752580043720290899e+09
1.752580043724490166e+09
1.752580043729830503e+09
1.752580043734371424e+09
1.752580043739963531e+09
1.752580043743629217e+09
1.752580043750121832e+09
1.752580043754164934e+09
1.752580043760171890e+09
1.752580043764790058e+09
1.752580043770174265e+09
1.752580043773483276e+09
1.752580043780225515e+09
1.752580043783998013e+09
1.752580043789566755e+09
1.752580043794696808e+09
1.752580043798351288e+09
1.752580043804421663e+09
1.752580043808035612e+09
1.752580043814162254e+09
1.752580043820190430e+09
1.752580043824223280e+09
1.752580043829943657e+09
1.752580043833537102e+09
1.752580043840672970e+09
1.752580043843470335e+09
1.752580043849504232e+09
1.752580043854693174e+09
1.752580043860350609e+09
1.752580043864552736e+09
1.752580043870114088e+09
1.752580043874718189e+09
1.752580043880318880e+09
1.752580043884221792e+09
1.752580043888705254e+09
1.752580043893676758e+09
1.752580043898926497e+09
1.752580043905129910e+09
1.752580043908183098e+09
1.752580043913560867e+09
1.752580043918377876e+09
1.752580043924573183e+09
1.752580043929869652e+09
1.752580043934284449e+09
1.752580043939804554e+09
1.752580043944396973e+09
1.752580043949726820e+09
1.752580043954302549e+09
1.752580043960268497e+09
1.752580043964299917e+09
1.752580043968168020e+09
1.752580043974455357e+09
1.752580043979802847e+09
1.752580043983462334e+09
1.752580043987997532e+09
1.752580043994688749e+09
1.752580043998367548e+09
1.752580044003936529e+09
1.752580044007835150e+09
1.752580044014288425e+09
1.752580044019889116e+09
1.752580044024089575e+09
1.752580044029561281e+09
1.752580044034021616e+09
1.752580044039824963e+09
1.752580044044193745e+09
1.752580044047918320e+09
1.752580044054244280e+09
1.752580044059953213e+09
1.752580044064279318e+09
1.752580044067953348e+09
1.752580044074542999e+09
1.752580044079469204e+09
1.752580044084332466e+09
1.752580044087764978e+09
1.752580044094579458e+09
1.752580044100690842e+09
1.752580044103717804e+09
1.752580044108039856e+09
1.752580044114450216e+09
1.752580044119594336e+09
1.752580044123538256e+09
1.752580044127760172e+09
1.752580044134026051e+09
1.752580044140502930e+09
1.752580044144381046e+09
1.752580044148146868e+09
1.752580044154135466e+09
1.752580044159846544e+09
1.752580044164295435e+09
1.752580044168169975e+09
1.752580044174352884e+09
1.752580044180171967e+09
1.752580044184907913e+09
1.752580044188420773e+09
1.752580044194267035e+09
1.752580044200124264e+09
1.752580044204274654e+09
1.752580044209772587e+09
1.752580044215640306e+09
1.752580044218529463e+09
1.752580044223496914e+09
1.752580044229506493e+09
1.752580044234696150e+09
1.752580044239578962e+09
1.752580044244513512e+09
1.752580044248009205e+09
1.752580044254434109e+09
1.752580044258543253e+09
1.752580044264447689e+09
1.752580044269845247e+09
1.752580044274276495e+09
1.752580044279923439e+09
1.752580044284645081e+09
1.752580044289125204e+09
1.752580044293537140e+09
1.752580044300381422e+09
1.752580044304342747e+09
1.752580044307977676e+09
1.752580044313448191e+09
1.752580044320605993e+09
1.752580044326149464e+09
1.752580044327799559e+09
1.752580044334223270e+09
1.752580044339586258e+09
1.752580044343493462e+09
1.752580044348192215e+09
1.752580044354604006e+09
1.752580044359554768e+09
1.752580044363944530e+09
1.752580044368160963e+09
1.752580044374409676e+09
1.752580044380253077e+09
1.752580044384570360e+09
1.752580044387935638e+09
1.752580044394214869e+09
1.752580044400331497e+09
1.752580044404318094e+09
1.752580044409696817e+09
1.752580044414593935e+09
1.752580044420612812e+09
1.752580044424164534e+09
1.752580044427933931e+09
1.752580044434727907e+09
1.752580044440386057e+09
1.752580044444250345e+09
1.752580044449628353e+09
1.752580044453897715e+09
1.752580044460003376e+09
1.752580044466437817e+09
1.752580044468281746e+09
1.752580044473724365e+09
1.752580044479645014e+09
1.752580044484534740e+09
1.752580044488168955e+09
1.752580044494048357e+09
1.752580044499681234e+09
1.752580044504503489e+09
1.752580044508262873e+09
1.752580044514720917e+09
1.752580044520437717e+09
1.752580044525551558e+09
1.752580044529098034e+09
1.752580044534097433e+09
1.752580044540338516e+09
1.752580044544264793e+09
1.752580044547819376e+09
1.752580044554366350e+09
1.752580044560110569e+09
1.752580044564147711e+09
1.752580044569967985e+09
1.752580044574319601e+09
1.752580044580173731e+09
1.752580044584313154e+09
1.752580044589679241e+09
1.752580044594259739e+09
1.752580044600041866e+09
1.752580044605130434e+09
1.752580044607948303e+09
1.752580044614234686e+09
1.752580044619793892e+09
1.752580044623543978e+09
1.752580044628173590e+09
1.752580044634895325e+09
1.752580044640136480e+09
1.752580044644227982e+09
1.752580044649740696e+09
1.752580044655576468e+09
1.752580044658449411e+09
1.752580044664242983e+09
1.752580044669618607e+09
1.752580044674259424e+09
1.752580044679901838e+09
1.752580044684622288e+09
1.752580044687979460e+09
1.752580044694318056e+09
1.752580044700073004e+09
1.752580044704333305e+09
1.752580044710078239e+09
1.752580044714538097e+09
1.752580044720131636e+09
1.752580044724260092e+09
1.752580044727855921e+09
1.752580044734341621e+09
1.752580044740109205e+09
1.752580044745274305e+09
1.752580044749789238e+09
1.752580044753525496e+09
1.752580044758209467e+09
1.752580044764505148e+09
1.752580044768222094e+09
1.752580044774422884e+09
1.752580044780196905e+09
1.752580044785045385e+09
1.752580044789602995e+09
1.752580044794035673e+09
1.752580044798331738e+09
1.752580044804773092e+09
1.752580044809531212e+09
1.752580044813496828e+09
1.752580044818428993e+09
1.752580044824523449e+09
1.752580044829759598e+09
1.752580044834568739e+09
1.752580044840150595e+09
1.752580044844282150e+09
1.752580044849567413e+09
1.752580044854016304e+09
1.752580044859977007e+09
1.752580044864453793e+09
1.752580044868065119e+09
1.752580044874411345e+09
1.752580044880070210e+09
1.752580044886357546e+09
1.752580044890104055e+09
1.752580044894462824e+09
1.752580044900161743e+09
1.752580044904326677e+09
1.752580044908026934e+09
1.752580044914466858e+09
1.752580044920378685e+09
1.752580044924654961e+09
1.752580044928028345e+09
1.752580044934120417e+09
1.752580044940191031e+09
1.752580044944794893e+09
1.752580044948333740e+09
1.752580044954337835e+09
1.752580044959822416e+09
1.752580044964111805e+09
1.752580044967927217e+09
1.752580044974232912e+09
1.752580044980198145e+09
1.752580044984283447e+09
1.752580044989657640e+09
1.752580044994814157e+09
1.752580044998362541e+09
1.752580045004262686e+09
1.752580045010148287e+09
1.752580045014607430e+09
1.752580045020011663e+09
1.752580045025664330e+09
1.752580045027733803e+09
1.752580045033800364e+09
1.752580045040215492e+09
1.752580045043581963e+09
1.752580045049470663e+09
1.752580045054895163e+09
1.752580045058387995e+09
1.752580045064153910e+09
1.752580045067927599e+09
1.752580045074541092e+09
1.752580045078406811e+09
1.752580045084254980e+09
1.752580045087814569e+09
1.752580045093935013e+09
1.752580045099886179e+09
1.752580045104403496e+09
1.752580045109572411e+09
1.752580045113482714e+09
1.752580045120145559e+09
1.752580045124519587e+09
1.752580045128185034e+09
1.752580045134558916e+09
1.752580045140168667e+09
1.752580045144341469e+09
1.752580045147922039e+09
1.752580045154342651e+09
1.752580045159630060e+09
1.752580045163632393e+09
1.752580045170414448e+09
1.752580045174560785e+09
1.752580045180034161e+09
1.752580045184444904e+09
1.752580045187996626e+09
1.752580045194580793e+09
1.752580045200047731e+09
1.752580045204257011e+09
1.752580045207912683e+09
1.752580045214455128e+09
1.752580045220039368e+09
1.752580045224408865e+09
1.752580045229748487e+09
1.752580045234248161e+09
1.752580045239346027e+09
1.752580045244391918e+09
1.752580045249820948e+09
1.752580045254547358e+09
1.752580045260179520e+09
1.752580045264232874e+09
1.752580045267726421e+09
1.752580045274296045e+09
1.752580045280228138e+09
1.752580045284505367e+09
1.752580045287734985e+09
1.752580045294250488e+09
1.752580045300094366e+09
1.752580045304249287e+09
1.752580045309207439e+09
1.752580045313671827e+09
1.752580045318416595e+09
1.752580045324629068e+09
1.752580045327950001e+09
1.752580045334510565e+09
1.752580045340225458e+09
1.752580045344491482e+09
1.752580045348506451e+09
1.752580045355324507e+09
1.752580045360041380e+09
1.752580045364443541e+09
1.752580045368007898e+09
1.752580045374242544e+09
1.752580045379507303e+09
1.752580045384324789e+09
1.752580045389894962e+09
1.752580045394346714e+09
1.752580045399997711e+09
1.752580045404428959e+09
1.752580045407953501e+09
1.752580045414119005e+09
1.752580045420093536e+09
1.752580045424237967e+09
1.752580045427732706e+09
1.752580045434458256e+09
1.752580045440021753e+09
1.752580045444425106e+09
1.752580045448350668e+09
1.752580045454068422e+09
1.752580045460096836e+09
1.752580045464475870e+09
1.752580045467958450e+09
1.752580045474061489e+09
1.752580045479814291e+09
1.752580045485086203e+09
1.752580045488181591e+09
1.752580045493513107e+09
1.752580045499833345e+09
1.752580045504272461e+09
1.752580045507844448e+09
1.752580045514672756e+09
1.752580045519781113e+09
1.752580045524075508e+09
1.752580045529567480e+09
1.752580045534516573e+09
1.752580045538392782e+09
1.752580045544056177e+09
1.752580045549593687e+09
1.752580045553631067e+09
1.752580045559831381e+09
1.752580045564496994e+09
1.752580045568194389e+09
1.752580045574320316e+09
1.752580045580102682e+09
1.752580045585510731e+09
1.752580045588093042e+09
1.752580045594325304e+09
1.752580045599922657e+09
1.752580045604259253e+09
1.752580045608159542e+09
1.752580045614334345e+09
1.752580045620210409e+09
1.752580045624361038e+09
1.752580045628134966e+09
1.752580045634467840e+09
1.752580045640588284e+09
1.752580045644469261e+09
1.752580045648172140e+09
1.752580045654242277e+09
1.752580045660027981e+09
1.752580045664328814e+09
1.752580045670172691e+09
1.752580045674415112e+09
1.752580045680060148e+09
1.752580045684294701e+09
1.752580045687854528e+09
1.752580045694544554e+09
1.752580045700657606e+09
1.752580045704607487e+09
1.752580045709601164e+09
1.752580045714359283e+09
1.752580045718443155e+09
1.752580045724763393e+09
1.752580045728388548e+09
1.752580045734253645e+09
1.752580045739595890e+09
1.752580045744091749e+09
1.752580045747839928e+09
1.752580045754377127e+09
1.752580045759674549e+09
1.752580045763537407e+09
1.752580045769607782e+09
1.752580045773509026e+09
1.752580045780484200e+09
1.752580045784479141e+09
1.752580045787806034e+09
1.752580045794290543e+09
1.752580045799805164e+09
1.752580045804252386e+09
1.752580045807761431e+09
1.752580045814350128e+09
1.752580045820110798e+09
1.752580045824514389e+09
1.752580045827757120e+09
1.752580045834324837e+09
1.752580045840034008e+09
1.752580045844359159e+09
1.752580045850058317e+09
1.752580045853703260e+09
1.752580045859992266e+09
1.752580045864377260e+09
1.752580045869150877e+09
1.752580045874425173e+09
1.752580045880236149e+09
1.752580045884077311e+09
1.752580045889562130e+09
1.752580045894070387e+09
1.752580045899610996e+09
1.752580045904552698e+09
1.752580045908177376e+09
1.752580045913635015e+09
1.752580045920208931e+09
1.752580045924540043e+09
1.752580045930154800e+09
1.752580045934137344e+09
1.752580045940774441e+09
1.752580045944274426e+09
1.752580045947977304e+09
1.752580045954324484e+09
1.752580045959911823e+09
1.752580045964366198e+09
1.752580045968208075e+09
1.752580045974493504e+09
1.752580045980023146e+09
1.752580045983900309e+09
1.752580045989847660e+09
1.752580045994466305e+09
1.752580045999975443e+09
1.752580046005398750e+09
1.752580046008064032e+09
1.752580046014301777e+09
1.752580046020246267e+09
1.752580046024301767e+09
1.752580046027874470e+09
1.752580046033733368e+09
1.752580046040335655e+09
1.752580046044311523e+09
1.752580046049734592e+09
1.752580046054362535e+09
1.752580046060277462e+09
1.752580046064429998e+09
1.752580046067831516e+09
1.752580046074222803e+09
1.752580046079165697e+09
1.752580046084268332e+09
1.752580046088170767e+09
1.752580046094454050e+09
1.752580046100318193e+09
1.752580046104032040e+09
1.752580046109721422e+09
1.752580046114555836e+09
1.752580046118180752e+09
1.752580046124301672e+09
1.752580046127994776e+09
1.752580046134411812e+09
1.752580046140179873e+09
1.752580046144346952e+09
1.752580046148550749e+09
1.752580046154493093e+09
1.752580046159786701e+09
1.752580046164039612e+09
1.752580046169838905e+09
1.752580046174724817e+09
1.752580046180145979e+09
1.752580046184127569e+09
1.752580046189741850e+09
1.752580046194056988e+09
1.752580046199785948e+09
1.752580046204427481e+09
1.752580046208196640e+09
1.752580046214406252e+09
1.752580046221917391e+09
1.752580046223307371e+09
1.752580046230121374e+09
1.752580046234042645e+09
1.752580046239583731e+09
1.752580046244594097e+09
1.752580046248126030e+09
1.752580046253499746e+09
1.752580046259624243e+09
1.752580046263924122e+09
1.752580046269583464e+09
1.752580046274158001e+09
1.752580046278905392e+09
1.752580046284326553e+09
1.752580046288635969e+09
1.752580046294538736e+09
1.752580046300238371e+09
1.752580046304447174e+09
1.752580046307786465e+09
1.752580046314277172e+09
1.752580046320165873e+09
1.752580046324464321e+09
1.752580046327868700e+09
1.752580046334993362e+09
1.752580046340476513e+09
1.752580046344018698e+09
1.752580046349621296e+09
1.752580046354623318e+09
1.752580046360589027e+09
1.752580046364265442e+09
1.752580046369629383e+09
1.752580046374661922e+09
1.752580046378354073e+09
1.752580046384253025e+09
1.752580046389551640e+09
1.752580046393416643e+09
1.752580046398419857e+09
1.752580046404324293e+09
1.752580046407738209e+09
1.752580046414241552e+09
1.752580046420034647e+09
1.752580046424474955e+09
1.752580046428173542e+09
1.752580046434267282e+09
1.752580046439535379e+09
