-1.609485740882248939e+00 3.595768530069558960e-02 3.624422363840659189e-01
-1.609489555658288440e+00 3.595888796581240415e-02 3.624343293772490648e-01
-1.609552616150887738e+00 3.604612741565114270e-02 3.623935103726961815e-01
-1.609562218128244071e+00 3.607853139963591166e-02 3.624110780481930583e-01
-1.609598395002864279e+00 3.623997132841291768e-02 3.624845421573021920e-01
-1.609642390726326200e+00 3.636210211115403074e-02 3.626020104219919160e-01
-1.609730803870367710e+00 3.647445193648436029e-02 3.630466747514696779e-01
-1.609706242434308265e+00 3.657142982949804916e-02 3.634451535409295442e-01
-1.609647026134999992e+00 3.677334096728271384e-02 3.643028515911900245e-01
-1.609752099766684763e+00 3.683561458586951526e-02 3.647520860194620740e-01
-1.609997696596145111e+00 3.683048490973317435e-02 3.660622423446288076e-01
-1.610328246432813692e+00 3.681803275577819751e-02 3.666264990869222418e-01
-1.610592203973412628e+00 3.686937652066207133e-02 3.681959712028292087e-01
-1.610634548283524703e+00 3.661362725021279768e-02 3.689597640231353504e-01
-1.610429832400693373e+00 3.625678853848116751e-02 3.708738937898211629e-01
-1.610312965490794612e+00 3.619942508717283181e-02 3.716057304858318977e-01
-1.610193997687428658e+00 3.596492213479329098e-02 3.726963449713901477e-01
-1.610082276809360335e+00 3.591292179261777046e-02 3.733171871094073113e-01
-1.609763382852978708e+00 3.560187413703438941e-02 3.745397747033164526e-01
-1.609560762453863703e+00 3.537604616807945440e-02 3.751350247645395264e-01
-1.609153867368519952e+00 3.505846367300281125e-02 3.763017347031315518e-01
-1.608867833936743930e+00 3.485863277573181263e-02 3.768776671349974849e-01
-1.607764882924123340e+00 3.417382257478929902e-02 3.784466120843817949e-01
-1.607436756240706588e+00 3.377507512347423940e-02 3.788774037914663939e-01
-1.606843030740476186e+00 3.324356827532918418e-02 3.795683307031116893e-01
-1.606843030740476186e+00 3.324356827532918418e-02 3.795683307031116893e-01
-1.604975838025362700e+00 3.271278459115154608e-02 3.808708431979385134e-01
-1.604387990311647805e+00 3.243769961270037694e-02 3.812956280259033326e-01
-1.603187967104204859e+00 3.190096413376250495e-02 3.820928149634562621e-01
-1.602613555495689290e+00 3.180093470924705984e-02 3.823280243672595446e-01
-1.601976469073203679e+00 3.184374736382353244e-02 3.824012123024776999e-01
-1.600533388862899642e+00 3.132788877285081625e-02 3.827620832817513197e-01
-1.598068968118910638e+00 3.041336190318741362e-02 3.836770342903478292e-01
-1.597186510932643300e+00 3.020812981632034488e-02 3.839019598059915106e-01
-1.595441234416909992e+00 2.987954327817035280e-02 3.843893800639845981e-01
-1.594515514562982572e+00 2.972096214203303124e-02 3.846023270450090736e-01
-1.593582152792233586e+00 2.960751240127171627e-02 3.847867836033258548e-01
-1.591628740620541604e+00 2.930581895930165284e-02 3.852571586653997793e-01
-1.590615242878721913e+00 2.915105996676575772e-02 3.854469991410175433e-01
-1.589593429587993656e+00 2.901159449400772528e-02 3.856383903763688226e-01
-1.587106745386130724e+00 2.871997406940991412e-02 3.861093334663553422e-01
-1.584179498722600110e+00 2.848898643937040551e-02 3.866180158420348123e-01
-1.581894474020314023e+00 2.838666927441475460e-02 3.869667266428886698e-01
-1.580740966124894120e+00 2.832565778657802902e-02 3.871786838760361560e-01
-1.578396601701254731e+00 2.820020275952461741e-02 3.875258153340253031e-01
-1.577228997813464595e+00 2.797834221989383904e-02 3.877685235253304219e-01
-1.575903220974762542e+00 2.775979468596155922e-02 3.881470380130762621e-01
-1.574607149466902500e+00 2.762434496896272809e-02 3.884225947913728660e-01
-1.572024712929646517e+00 2.768197720115629645e-02 3.888300529772460434e-01
-1.570684446578636484e+00 2.766054218154316222e-02 3.890612671509972031e-01
-1.566509194591423793e+00 2.739481729909310978e-02 3.897296055781770407e-01
-1.565129148316363183e+00 2.728164199790062208e-02 3.901035454629541155e-01
-1.560677472742360017e+00 2.719326367779889911e-02 3.908963137973928692e-01
-1.559270557714107497e+00 2.720799335699789281e-02 3.910914163250042153e-01
-1.556258461161281303e+00 2.736775626591403388e-02 3.916024809585608724e-01
-1.554726389593356517e+00 2.746971559709371694e-02 3.917619863700473326e-01
-1.551525849283444058e+00 2.749221029453040657e-02 3.923000571384119839e-01
-1.548206864719585907e+00 2.737082478150963671e-02 3.928391965910092987e-01
-1.546542501191865648e+00 2.733693504870618463e-02 3.931269243338783026e-01
-1.544917899262632233e+00 2.750370184109441826e-02 3.933844689969906439e-01
-1.541526361428710246e+00 2.764438646862300494e-02 3.939963164835287301e-01
-1.538093272546596779e+00 2.779238436216243877e-02 3.945958779111076176e-01
-1.534507208115366339e+00 2.803939267484456196e-02 3.952490280091841557e-01
-1.532629793564829868e+00 2.819164170751226051e-02 3.956584951473293144e-01
-1.529029578072850226e+00 2.854135117115702905e-02 3.964182530850329789e-01
-1.527167791495728011e+00 2.867834803173644267e-02 3.967714801487037812e-01
-1.523338176244745101e+00 2.891072808208127246e-02 3.976667796873273319e-01
-1.519411755784241924e+00 2.938826125214387755e-02 3.986209495108533618e-01
-1.517416441478858902e+00 2.966337942350472101e-02 3.991071943693870194e-01
-1.517416441478858902e+00 2.966337942350472101e-02 3.991071943693870194e-01
-1.511517808990675782e+00 3.078940952052940452e-02 4.002868560301927614e-01
-1.507599500168747220e+00 3.176895778058869829e-02 4.008803717689257695e-01
-1.503302961031636187e+00 3.251541548566058704e-02 4.015281211348565860e-01
-1.498945589195627592e+00 3.324642507237903638e-02 4.022013385817149178e-01
-1.496757310246729977e+00 3.363832773129236259e-02 4.024646935732648645e-01
-1.494561716091797665e+00 3.410449236138246576e-02 4.026727593783427928e-01
-1.490058184571595445e+00 3.495690984127924894e-02 4.031575191858897123e-01
-1.487782918897112117e+00 3.529550964556880249e-02 4.034527697899459309e-01
-1.483166614408887751e+00 3.609285165370199749e-02 4.037734801395137518e-01
-1.480800796237160322e+00 3.652282191726798771e-02 4.037694699419805966e-01
-1.478402801197159055e+00 3.688172909512507647e-02 4.037661906220731955e-01
-1.475971987043580347e+00 3.728206603411232667e-02 4.038068760827999704e-01
-1.469367932100261287e+00 3.805211107488617323e-02 4.038285852765817197e-01
-1.463498464821193279e+00 3.860124328226734874e-02 4.038665225276787396e-01
-1.458391048386491029e+00 3.899354816703721333e-02 4.037618578978799944e-01
-1.455907089117618902e+00 3.919488537447821802e-02 4.037841343422589047e-01
-1.450797104143084271e+00 3.951732957645956446e-02 4.038243177154116070e-01
-1.445758482956733593e+00 3.969835888733803941e-02 4.041089293417696737e-01
-1.443361561779980873e+00 3.980994110989264506e-02 4.042506030494150693e-01
-1.440994712065112537e+00 3.981197815752968161e-02 4.046277524336722164e-01
-1.436368929343475598e+00 3.992276759575419387e-02 4.055279650151089044e-01
-1.431860720494253059e+00 4.005882760824962946e-02 4.062569431465147263e-01
-1.427433107786668876e+00 4.007230350846103378e-02 4.073599869494127779e-01
-1.425214288393920059e+00 4.009488198194184616e-02 4.078542806290758049e-01
-1.423068071926886669e+00 4.025803393679398129e-02 4.081419942352116914e-01
-1.420913601809031368e+00 4.039036041405023175e-02 4.085098940360850639e-01
-1.414515200697215702e+00 4.100681819837984771e-02 4.092321052507713608e-01
-1.412386389372808582e+00 4.124014073755693371e-02 4.095892452074819667e-01
-1.408107883872564914e+00 4.197133908869816327e-02 4.100629441860718094e-01
-1.405935393452001803e+00 4.236837239130866045e-02 4.102213274614470162e-01
-1.403759748594215706e+00 4.276425855167661355e-02 4.104553585300649843e-01
-1.397924230304963267e+00 4.353534287776528872e-02 4.112308645219283632e-01
-1.392693173382940408e+00 4.401157395292405045e-02 4.117450179687581757e-01
-1.390485827805218788e+00 4.416307812639419517e-02 4.120390977756877016e-01
-1.386138362344293107e+00 4.469765208263313389e-02 4.122818216590212748e-01
-1.383918385892558334e+00 4.490930847743660609e-02 4.123255687222825427e-01
-1.379382547309976559e+00 4.509473306597583386e-02 4.124687591590830982e-01
-1.374905546575444504e+00 4.540488408096549772e-02 4.125002866877297558e-01
-1.372550539790308832e+00 4.531620276910589690e-02 4.125837242085870216e-01
-1.372550539790308832e+00 4.531620276910589690e-02 4.125837242085870216e-01
-1.366272419293278029e+00 4.511000276242398827e-02 4.125730985787995353e-01
-1.362514024328884688e+00 4.524648003747046981e-02 4.123936395361746943e-01
-1.357257680367312647e+00 4.617693134956347284e-02 4.111404415425626846e-01
-1.355241489116829401e+00 4.660204537556335985e-02 4.104983590660827852e-01
-1.350490732930395898e+00 4.679396818373560141e-02 4.100736046644114507e-01
-1.348074203518748293e+00 4.692584543800473046e-02 4.100627463631281167e-01
-1.342856128102509317e+00 4.673367830939555850e-02 4.101675191782195862e-01
-1.340398782539154121e+00 4.674784184168168100e-02 4.099701908907119607e-01
-1.335797379484579439e+00 4.732739797298302076e-02 4.091708881072805282e-01
-1.333533702096864948e+00 4.756011067056522407e-02 4.087955688226089235e-01
-1.326588850742087766e+00 4.833544277277729284e-02 4.073967349570244423e-01
-1.324324286394340966e+00 4.856042073062141057e-02 4.069114569716768548e-01
-1.319802709666116902e+00 4.904991160645957859e-02 4.060457372573118562e-01
-1.317519943286103778e+00 4.941501830697776071e-02 4.055964099022700831e-01
-1.315316873495863348e+00 4.990072026338160383e-02 4.052390213595413737e-01
-1.313184047822890665e+00 5.040452806036110206e-02 4.050868358510553158e-01
-1.308376227522301427e+00 5.186545207019966491e-02 4.050561351619411665e-01
-1.308376227522301427e+00 5.186545207019966491e-02 4.050561351619411665e-01
-1.305702835268629292e+00 5.282915208015474123e-02 4.051863107343911530e-01
-1.303032898612677348e+00 5.378657137544409078e-02 4.053956811594453535e-01
-1.297746567292694442e+00 5.533072768113319467e-02 4.057207563972455855e-01
-1.293448742994369072e+00 5.683661529986491073e-02 4.056304944048010341e-01
-1.286836579482236509e+00 5.718226534076262246e-02 4.068190892625330735e-01
-1.286836579482236509e+00 5.718226534076262246e-02 4.068190892625330735e-01
-1.280270163724334109e+00 5.710322108047236750e-02 4.080123020081291019e-01
-1.278102356853436872e+00 5.714846654723235164e-02 4.083853662738350376e-01
-1.273653234626731745e+00 5.719469539529805496e-02 4.091969802664924272e-01
-1.271483220685220017e+00 5.733361361693169872e-02 4.095701645802825031e-01
-1.271483220685220017e+00 5.733361361693169872e-02 4.095701645802825031e-01
-1.269526896813119698e+00 5.789164225522844265e-02 4.093981124360420720e-01
-1.264388942246371661e+00 5.953712557882054335e-02 4.091540718394810483e-01
-1.261544271755714597e+00 5.996739947522467667e-02 4.095259004962935601e-01
-1.255826630564806479e+00 6.085309237177408820e-02 4.101805394145726646e-01
-1.250668159374390909e+00 6.146462187216888973e-02 4.106160206440140348e-01
-1.246495802669777442e+00 6.231394487976184976e-02 4.111370396801579119e-01
-1.244479424404315582e+00 6.276507202784901984e-02 4.113761175411132509e-01
-1.240226068286112593e+00 6.332879313678878297e-02 4.115691467128376191e-01
-1.237751690315658237e+00 6.320502192380340889e-02 4.119469195691679575e-01
-1.233395161461853240e+00 6.367966961264036330e-02 4.118351442029407616e-01
-1.231337043097643358e+00 6.373062848545095471e-02 4.116844369969582251e-01
-1.226596777554140427e+00 6.375290130145681855e-02 4.128240639183244909e-01
-1.224427090909273375e+00 6.428164387694945692e-02 4.131015932319814787e-01
-1.218706648218381483e+00 6.591544781179503598e-02 4.120148676101184071e-01
-1.216560037947927997e+00 6.610731917978898697e-02 4.120071847901144446e-01
-1.214381741956161775e+00 6.628120533674840276e-02 4.120091213957352005e-01
-1.209962569201593618e+00 6.649317544008874481e-02 4.116409706965663551e-01
-1.205584984210704702e+00 6.672559370430564130e-02 4.116102773558949490e-01
-1.203358394675421827e+00 6.688287722527691548e-02 4.116283009633303624e-01
-1.198990095327281180e+00 6.727022647303917968e-02 4.115574815286837662e-01
-1.196786901349097487e+00 6.738527783340965416e-02 4.114885403907256878e-01
-1.194459222778077701e+00 6.742039040623515334e-02 4.111823443872674178e-01
-1.190010084168417803e+00 6.758651500405997437e-02 4.110152626876130144e-01
-1.187804962156778332e+00 6.764927586577186569e-02 4.111050441578342207e-01
-1.182530587177725412e+00 6.764184958828702021e-02 4.109999078866859445e-01
-1.176157012682139902e+00 6.759901505014571932e-02 4.112405757002194351e-01
-1.173663892567170519e+00 6.746927568242393203e-02 4.115426474644370280e-01
-1.171183532467037214e+00 6.734316044643313959e-02 4.118572777067225354e-01
-1.168882157992460646e+00 6.739763227092988862e-02 4.118038960965837436e-01
-1.162218456091788310e+00 6.787974875910444961e-02 4.115824612280167827e-01
-1.160084332426344567e+00 6.808584826269835355e-02 4.115224208963341734e-01
-1.160084332426344567e+00 6.808584826269835355e-02 4.115224208963341734e-01
-1.154063845175066882e+00 6.843002713119560043e-02 4.111478093444548287e-01
-1.146868621719952186e+00 6.917371241803738080e-02 4.104267215812024139e-01
-1.144940759387455431e+00 6.961388026253743921e-02 4.099269637142793909e-01
-1.140887324524001434e+00 7.008892048402474984e-02 4.093307711832062656e-01
-1.138682921865584285e+00 7.021726541636269525e-02 4.092488530324683849e-01
-1.134238714015347371e+00 7.033293366469636765e-02 4.087124590799011692e-01
-1.131991622358079264e+00 7.022804594862369632e-02 4.087419526094149269e-01
-1.127537897757709073e+00 7.002113253206354582e-02 4.090838998451142849e-01
-1.125381273379794989e+00 7.002582561593787003e-02 4.090168881439830706e-01
-1.121308516038934444e+00 7.022011073017529748e-02 4.089745853798560926e-01
-1.119281336252163639e+00 7.023363575563960903e-02 4.089680161047699603e-01
-1.115046122938444073e+00 6.993609780770725093e-02 4.090412257921482997e-01
-1.113030674993684022e+00 6.984232745630541972e-02 4.089424348918754282e-01
-1.106753081042819664e+00 6.993923214681323219e-02 4.094616490255628127e-01
-1.106753081042819664e+00 6.993923214681323219e-02 4.094616490255628127e-01
-1.100636177416272732e+00 7.024672183545724313e-02 4.097853252098636601e-01
-1.098695942253284707e+00 7.033396786578659243e-02 4.099051958716560806e-01
-1.094422384686101868e+00 7.050263867484789226e-02 4.100482605410488146e-01
-1.092300174264731583e+00 7.051506133474810811e-02 4.099992138199776148e-01
-1.088069582136473201e+00 7.053895539433220618e-02 4.102826255064003780e-01
-1.083745732765383218e+00 7.058738524352538291e-02 4.102383256283346213e-01
-1.081488285381049907e+00 7.054524786974758488e-02 4.098633975176994015e-01
-1.081488285381049907e+00 7.054524786974758488e-02 4.098633975176994015e-01
-1.076425606002586521e+00 7.064147582499033518e-02 4.095568182531696966e-01
-1.070868830380269587e+00 7.086077998505264930e-02 4.100340824867813039e-01
-1.066640226386247781e+00 7.095934396603813255e-02 4.098130270844072554e-01
-1.062324165332966919e+00 7.121582893399917846e-02 4.091962802773684293e-01
-1.060132901136714212e+00 7.124547703573617941e-02 4.090149644080129931e-01
-1.057978695016599469e+00 7.125955469777128792e-02 4.087921428355841824e-01
-1.051377911236695439e+00 7.135042992554103958e-02 4.081560562431846284e-01
-1.051377911236695439e+00 7.135042992554103958e-02 4.081560562431846284e-01
-1.044406793354197172e+00 7.099009888671434232e-02 4.070143605250408081e-01
-1.041999915350346084e+00 7.084101021458993896e-02 4.065006274676475906e-01
-1.041999915350346084e+00 7.084101021458993896e-02 4.065006274676475906e-01
-1.041999915350346084e+00 7.084101021458993896e-02 4.065006274676475906e-01
-1.035843176393488996e+00 7.103348218223821953e-02 4.054247458757427314e-01
-1.028355487353477038e+00 7.157246600666666847e-02 4.041050463150982486e-01
-1.023666362052290335e+00 7.173194890043389782e-02 4.027830897728904569e-01
-1.021271384533746440e+00 7.184052136304662495e-02 4.024840862409159170e-01
-1.016312390308795166e+00 7.210065920784812510e-02 4.013701730109453525e-01
-1.011380842422640258e+00 7.249324678558517754e-02 4.002198607806757291e-01
-1.009043151031826291e+00 7.270627183293366935e-02 3.996953306079437107e-01
-1.004439665442260488e+00 7.325727993807885918e-02 3.991558500067607929e-01
-1.000024923163044477e+00 7.396383013044229016e-02 3.989567100022064494e-01
-9.977741644192376080e-01 7.411658898158217379e-02 3.987406272769035143e-01
-9.933261578959206028e-01 7.461019907893862158e-02 3.983996674676577587e-01
-9.913186865481090626e-01 7.514042576949787888e-02 3.983494542665754201e-01
-9.872876077457025668e-01 7.594032507146536437e-02 3.982389532326077175e-01
-9.851249566810470482e-01 7.620488206485427629e-02 3.982326579722835769e-01
-9.784744386407214778e-01 7.650632505678917061e-02 3.987041661356118816e-01
-9.762292011475207643e-01 7.647056455518246032e-02 3.989708857153263510e-01
-9.717797475390677064e-01 7.658346209209458688e-02 3.993888152540915337e-01
-9.694626146573787073e-01 7.655214592772301152e-02 3.997123347264405213e-01
-9.648195716043023173e-01 7.646284836925920647e-02 4.005624185313299002e-01
-9.625527609710694543e-01 7.652583502959614536e-02 4.011810752223100573e-01
-9.579382955007339495e-01 7.666619055635211233e-02 4.025829279919757031e-01
-9.536329509732922594e-01 7.701817591323868728e-02 4.028100339004053732e-01
-9.516630840102727751e-01 7.736017544934177537e-02 4.030933965498380012e-01
-9.493225066053766481e-01 7.748182111852777720e-02 4.037073348827417973e-01
-9.471517080547134926e-01 7.774457614296163832e-02 4.044129033023621256e-01
-9.416611062765630757e-01 7.796103203390288006e-02 4.055399295792879721e-01
-9.387000516113425119e-01 7.814626741636444829e-02 4.059551770665379422e-01
-9.357487475402489485e-01 7.847765720973641501e-02 4.063125487420194970e-01
-9.298444334261543043e-01 7.914539626711648845e-02 4.068752020227014432e-01
-9.268811084819872370e-01 7.945031786171234678e-02 4.071787757751900161e-01
-9.224354025639657229e-01 7.984260585498877127e-02 4.076875153177746958e-01
-9.202229556410167488e-01 7.996917363322081362e-02 4.078628282148807349e-01
-9.158097161066510727e-01 8.021713685806657057e-02 4.080534695209233620e-01
-9.114390366450297876e-01 8.054275559701327969e-02 4.080654444595198660e-01
-9.092176210967205519e-01 8.066820163232159280e-02 4.078606170496764660e-01
-9.048549364198095191e-01 8.091002056247122154e-02 4.078243439210075261e-01
-9.026764396624139541e-01 8.105709535298553925e-02 4.079565368518508484e-01
-8.982800714756934424e-01 8.129901146208289020e-02 4.080557380121226929e-01
-8.938689439747613541e-01 8.146176965103178735e-02 4.081148811946151422e-01
-8.916419450770876054e-01 8.155561091009545793e-02 4.081771514433584214e-01
-8.872156812611099452e-01 8.169648007446775329e-02 4.082458271162615615e-01
-8.850101486915861182e-01 8.183191524829407093e-02 4.084701927722984571e-01
-8.781712123936150638e-01 8.205559331564460379e-02 4.079546277737552407e-01
-8.758498959038151233e-01 8.214929514396426824e-02 4.082172308584951503e-01
-8.712149318087347716e-01 8.232991590179911112e-02 4.087653953679460939e-01
-8.688819602275957843e-01 8.244182126673457733e-02 4.086423587644355537e-01
-8.642617140909343298e-01 8.265594682031644769e-02 4.081482038315175087e-01
-8.619855205443016644e-01 8.277152423279825200e-02 4.077245508108655603e-01
-8.597345815839156913e-01 8.287618410343536302e-02 4.072893000038336764e-01
-8.549965276157713845e-01 8.317288797471865391e-02 4.069038438267268409e-01
-8.502486793076645677e-01 8.335381843032724225e-02 4.064483170027083370e-01
-8.479207152614214316e-01 8.348121539742647812e-02 4.063738254868431987e-01
-8.431877426955681765e-01 8.378280669953597215e-02 4.059493064736418022e-01
-8.384164407508949424e-01 8.397669419110524724e-02 4.055524150809515227e-01
-8.359310363455511039e-01 8.406790740874968415e-02 4.053029949899354945e-01
-8.333717479857020161e-01 8.416276016707217866e-02 4.049511585934663094e-01
-8.259724740932202769e-01 8.457993308168530733e-02 4.043700236845781948e-01
-8.235591448758662336e-01 8.476746285049130414e-02 4.040947677362268786e-01
-8.185982992875103781e-01 8.498062142355346238e-02 4.037503466455504286e-01
-8.160839704329071465e-01 8.496419896017048945e-02 4.036873437429341349e-01
-8.111549631333336841e-01 8.503171920312851961e-02 4.035269318968136565e-01
-8.086713658352979728e-01 8.504463790144815849e-02 4.034264302181314044e-01
-8.039398414496862211e-01 8.509687115364861221e-02 4.035802352760667899e-01
-7.992912307270286787e-01 8.513800524993460350e-02 4.040265772732212213e-01
-7.969115579018873907e-01 8.513603946610516504e-02 4.042237087118760730e-01
-7.945037238796772705e-01 8.514276112251982498e-02 4.044026091537663570e-01
-7.945037238796772705e-01 8.514276112251982498e-02 4.044026091537663570e-01
-7.945037238796772705e-01 8.514276112251982498e-02 4.044026091537663570e-01
-7.945037238796772705e-01 8.514276112251982498e-02 4.044026091537663570e-01
-7.921261019159132610e-01 8.519597428421051000e-02 4.048321424679330871e-01
-7.725418941252241156e-01 8.561895571065096522e-02 4.064214082614251433e-01
-7.675340495016228504e-01 8.581342177726968001e-02 4.069906954761975948e-01
-7.626165963975134465e-01 8.601474750283498449e-02 4.074173627464490188e-01
-7.626165963975134465e-01 8.601474750283498449e-02 4.074173627464490188e-01
-7.575792514238323117e-01 8.609399046801730071e-02 4.077752252174321468e-01
-7.525864933741249763e-01 8.606475970000231068e-02 4.080526306337419751e-01
-7.476979801208857301e-01 8.595157859681597234e-02 4.082448466307925239e-01
-7.451587357560537361e-01 8.581710178291124258e-02 4.083650654064764352e-01
-7.401719233026303746e-01 8.562105478459597352e-02 4.085123322094029730e-01
-7.377200721160925845e-01 8.559342999196080382e-02 4.085445117944165316e-01
-7.327192900701572364e-01 8.547207387348949859e-02 4.084307698167772838e-01
-7.301993441977571164e-01 8.541060340574239962e-02 4.083429399674222138e-01
-7.277496199167544644e-01 8.539308871950994362e-02 4.082347587945279743e-01
-7.253216535263732334e-01 8.535376886091637638e-02 4.081055792211728539e-01
-7.186923990112937810e-01 8.495678168610458492e-02 4.079635357583123456e-01
-7.153940920857714270e-01 8.483326322433674960e-02 4.079841509710897540e-01
-7.081686717483900440e-01 8.479660451010216649e-02 4.078622527581096113e-01
-7.057355068253697850e-01 8.476152154382032844e-02 4.077282361406581179e-01
-7.008165904681932235e-01 8.462253862912767766e-02 4.073404668968398923e-01
-6.983966090502006230e-01 8.462304026717988592e-02 4.071975949545665330e-01
-6.935566140173069494e-01 8.462168783508916547e-02 4.067845416760559329e-01
-6.910973968790653510e-01 8.457572465588288069e-02 4.065435445423676297e-01
-6.861159294840498690e-01 8.447973837318119295e-02 4.060346987798841845e-01
-6.811698060530920751e-01 8.438135774664433375e-02 4.054481733530502785e-01
-6.762044270356309950e-01 8.427330738440537428e-02 4.048496349142763906e-01
-6.737234273644833182e-01 8.423551295216764878e-02 4.045243906264347489e-01
-6.687329599064989472e-01 8.411494314463578703e-02 4.036751631444844834e-01
-6.636376464701200240e-01 8.402162847441692339e-02 4.029531322250922143e-01
-6.611240377890277298e-01 8.401535824476019654e-02 4.026104785302896394e-01
-6.585082626173195397e-01 8.388316409819242259e-02 4.021163030475931599e-01
-6.533103430105062781e-01 8.380611542572406758e-02 4.011632303114648357e-01
-6.507221802615807960e-01 8.382501572101254406e-02 4.007006816109329739e-01
-6.455407368490488906e-01 8.376975630294401787e-02 3.996794492335536964e-01
-6.428704681241116381e-01 8.368142608395158499e-02 3.991787266484131402e-01
-6.375149443726365606e-01 8.351443210131909156e-02 3.982534987961509065e-01
-6.324005718407303966e-01 8.350872268264368514e-02 3.976028807742454374e-01
-6.272912276342325066e-01 8.375727297301192864e-02 3.971335529634861805e-01
-6.248651470369396277e-01 8.394147668962576025e-02 3.970678663828500765e-01
-6.202251734918208248e-01 8.433680672700345771e-02 3.973371829035081682e-01
-6.177980797328539442e-01 8.454450387444149839e-02 3.974770525177812042e-01
-6.130761185974662464e-01 8.479846537603501211e-02 3.978255666417359615e-01
-6.107570246935026814e-01 8.481778220648365785e-02 3.980624143631567025e-01
-6.060482931072092017e-01 8.475538493289956621e-02 3.984315640167315209e-01
-6.060482931072092017e-01 8.475538493289956621e-02 3.984315640167315209e-01
-6.003361615572710974e-01 8.453169955827344317e-02 3.989205922217522460e-01
-5.937337125570610885e-01 8.432296404915250176e-02 3.994957061700125101e-01
-5.887465352208642866e-01 8.426811043845262861e-02 3.999122747403220934e-01
-5.862278513953449455e-01 8.431070641275197064e-02 3.999217326944276563e-01
-5.810990926913364163e-01 8.428851594011115000e-02 3.999800971620010026e-01
-5.784429538251781855e-01 8.423333108221624232e-02 4.000747975744011198e-01
-5.731910286063471860e-01 8.423089322697052683e-02 4.003875614637789626e-01
-5.680154235296451803e-01 8.422479477107090717e-02 4.006602245479761182e-01
-5.654666490069312212e-01 8.424619490342490080e-02 4.008419908603993997e-01
-5.604639610402258887e-01 8.448682462092706180e-02 4.013511177111612760e-01
-5.580139712013234554e-01 8.473906543154302584e-02 4.016813103176271049e-01
-5.531440804842499004e-01 8.524445733325369812e-02 4.021745322050832572e-01
-5.483749645933855277e-01 8.565410074506564497e-02 4.028494789698073841e-01
-5.460409154793336439e-01 8.583744867262639577e-02 4.031374644193372880e-01
-5.414050198624268395e-01 8.633384190309180417e-02 4.035637828923187564e-01
-5.391087635964232350e-01 8.656807370959690440e-02 4.037877852063512796e-01
-5.343814317266036840e-01 8.696517689555298414e-02 4.042260481733604971e-01
-5.319639704459602214e-01 8.708747155196559786e-02 4.042903413832997783e-01
-5.273332206121700283e-01 8.733844663328904634e-02 4.045670309008374543e-01
-5.273332206121700283e-01 8.733844663328904634e-02 4.045670309008374543e-01
-5.220034863187814622e-01 8.758278171045924543e-02 4.049005356060316752e-01
-5.188927514465179192e-01 8.767071968407558202e-02 4.049635545887656507e-01
-5.112141280133947197e-01 8.776799694647391403e-02 4.050820752664069380e-01
-5.089027492369860850e-01 8.776749921699046608e-02 4.051023089886689466e-01
-5.042358660116113001e-01 8.782721496947169804e-02 4.050055333655445677e-01
-5.019461699234432084e-01 8.794270987514814231e-02 4.049410905615199452e-01
-4.972775054872468625e-01 8.807244846873014954e-02 4.048493311475479528e-01
-4.949233110377639355e-01 8.815345323986290005e-02 4.047307735952366814e-01
-4.902901958949039130e-01 8.833414084741181282e-02 4.043823942239584968e-01
-4.879373272753706470e-01 8.838227521868174952e-02 4.042347206140658455e-01
-4.806735133486118028e-01 8.849322852342374202e-02 4.040881976544904441e-01
-4.783230944909033777e-01 8.865221508088509672e-02 4.039268909808758634e-01
-4.735353962839179975e-01 8.891550597353135854e-02 4.035796757750412800e-01
-4.687088844913933072e-01 8.923494971399119347e-02 4.029607177255188910e-01
-4.664134740257948053e-01 8.944652978090901485e-02 4.026473388534211884e-01
-4.640007158167553381e-01 8.956856526697153098e-02 4.024386434809693602e-01
-4.590269931149207339e-01 8.975495031451342920e-02 4.020561005007019517e-01
-4.565679956057869249e-01 8.989108054853782448e-02 4.018560730370731582e-01
-4.516285558765830710e-01 9.018126514731972243e-02 4.014279984522192146e-01
-4.466285864838164810e-01 9.047693954076811707e-02 4.009719651140003505e-01
-4.415640395004503671e-01 9.078589833525935182e-02 4.003997549158814229e-01
-4.390103058859926022e-01 9.096215517708079734e-02 4.001158629126675415e-01
-4.338500670833435602e-01 9.134453416111798507e-02 3.996242644186893678e-01
-4.312845303105574679e-01 9.151257325912252882e-02 3.993890386785307056e-01
-4.260481469412187305e-01 9.186333091211418278e-02 3.988636906073615984e-01
-4.234743354713227936e-01 9.202100301721526099e-02 3.986366737300083285e-01
-4.183926109403261484e-01 9.221944085492188303e-02 3.984034334611781247e-01
-4.158408975652630457e-01 9.226964225810989351e-02 3.984293390291681058e-01
-4.108426574142631793e-01 9.229805732970235155e-02 3.986492970404729164e-01
-4.084442836163531543e-01 9.233140491370295244e-02 3.988185585073913408e-01
-4.011726552445183391e-01 9.242007021808733291e-02 3.995789681796743098e-01
-3.987475874480219673e-01 9.244144541982912688e-02 3.998375178687004761e-01
-3.938651435041355398e-01 9.254518314121860934e-02 4.004176742306757575e-01
-3.914442814595424092e-01 9.260333628560235564e-02 4.007332266848288027e-01
-3.865805926745783938e-01 9.272559729658304273e-02 4.013685084620711718e-01
-3.841649763965884756e-01 9.281388368123633104e-02 4.016977520587856620e-01
-3.792365767491103767e-01 9.296582079884944949e-02 4.024294039126707911e-01
-3.767318720098487006e-01 9.309034953569457482e-02 4.028370856858024540e-01
-3.718591010680260545e-01 9.353471005112712344e-02 4.033986877020920847e-01
-3.693724182458848482e-01 9.376328704057328156e-02 4.035526663420083704e-01
-3.617400595344719694e-01 9.385765126437788097e-02 4.044476210973091401e-01
-3.592880096011592528e-01 9.400039647360008965e-02 4.047397549616279511e-01
-3.543225896416737908e-01 9.402876957344367959e-02 4.052297178679430401e-01
-3.517964113890439393e-01 9.396159826291922146e-02 4.054479041388893146e-01
-3.468131570235414851e-01 9.385994140254762252e-02 4.058099728994163380e-01
-3.443351388700295335e-01 9.380711411158493274e-02 4.059276499930790649e-01
-3.394081415529983103e-01 9.367044843032856782e-02 4.061159617982286196e-01
-3.345404677165821905e-01 9.366258935103453920e-02 4.063077527393254007e-01
-3.345404677165821905e-01 9.366258935103453920e-02 4.063077527393254007e-01
-3.296318850524014299e-01 9.360454483463802322e-02 4.064396440371688124e-01
-3.271922469615917151e-01 9.357638746152913134e-02 4.064721902123961117e-01
-3.223358052163023957e-01 9.357477098046389219e-02 4.065116036741417416e-01
-3.148350537820180928e-01 9.350137373083915182e-02 4.064593322345867454e-01
-3.123810339566520100e-01 9.348793964392072831e-02 4.064039642229265725e-01
-3.075213023529204670e-01 9.347131089142757254e-02 4.063140272582305146e-01
-3.050563838305168640e-01 9.345157234176774963e-02 4.062539419329266321e-01
-3.001164185166307896e-01 9.340307760383585733e-02 4.059489990035238804e-01
-2.951522666715102328e-01 9.335288841013354710e-02 4.056934314316275048e-01
-2.926588360763990315e-01 9.333230444837492534e-02 4.055192577085784400e-01
-2.877366856062300027e-01 9.327117875777928002e-02 4.050598571990051688e-01
-2.829059833863864504e-01 9.336030256606218936e-02 4.045872358805597813e-01
-2.803837577412193194e-01 9.341139022436240058e-02 4.042386951862971811e-01
-2.753893895680275539e-01 9.340130340371337325e-02 4.035954091463316296e-01
-2.729049672108658786e-01 9.337142932749281643e-02 4.032924556620840484e-01
-2.678205816515121240e-01 9.336208154276871840e-02 4.025286343445227955e-01
-2.653144987835326929e-01 9.338734465523303163e-02 4.021831731313164626e-01
-2.602331721869466929e-01 9.342168082495368175e-02 4.014307057074930629e-01
-2.576226745622117176e-01 9.335483957983599368e-02 4.009522646026564274e-01
-2.524312053085115415e-01 9.326822388511690765e-02 4.000778831932678692e-01
-2.471456812301970618e-01 9.319923942353243451e-02 3.991486976315021806e-01
-2.445387807061789598e-01 9.315235296942321608e-02 3.986025902415110123e-01
-2.392005983938302605e-01 9.296216180278500663e-02 3.975840552049286769e-01
-2.338753635154071919e-01 9.280469287669541878e-02 3.967495039489085107e-01
-2.338753635154071919e-01 9.280469287669541878e-02 3.967495039489085107e-01
-2.260469154862441987e-01 9.289779379641587009e-02 3.958210721122502607e-01
-2.235419666203601052e-01 9.301263542188824285e-02 3.956834793075471035e-01
-2.186752123502347656e-01 9.330752114748123993e-02 3.957083997552860444e-01
-2.162765440027888120e-01 9.346117604616854813e-02 3.958286519626845745e-01
-2.114080250778905823e-01 9.373463133219504806e-02 3.960678872320148036e-01
-2.090136024702063111e-01 9.381351645165304787e-02 3.962213632869133750e-01
-2.043384729743845940e-01 9.386870994969613580e-02 3.966120748453656475e-01
-1.994506609445170220e-01 9.382133052464396161e-02 3.969609211766159662e-01
-1.945651076088045495e-01 9.381182186448856763e-02 3.972855762448035399e-01
-1.920540726825392952e-01 9.377973698301751704e-02 3.974451539854362281e-01
-1.869006744112423346e-01 9.372762033757213451e-02 3.978472112045717823e-01
-1.843646345354021110e-01 9.376053459324290573e-02 3.979920232355844689e-01
-1.792274559585507465e-01 9.368445301424743743e-02 3.981268566342835991e-01
-1.766320790804970231e-01 9.374123180308091552e-02 3.982296510084027963e-01
-1.714622378045006779e-01 9.389369711250740436e-02 3.984222683603549919e-01
-1.688708073988247627e-01 9.397500114023495110e-02 3.986143761074110170e-01
-1.609084747685465555e-01 9.408996125911806008e-02 3.992564600838416355e-01
-1.582492756609164830e-01 9.419902124092548179e-02 3.995897411257214316e-01
-1.530552343779713331e-01 9.467518785218653754e-02 4.002164702263705243e-01
-1.504421574481122070e-01 9.475823560558997716e-02 4.002749716058245921e-01
-1.452678122174118069e-01 9.487155188495376146e-02 4.002867783109069766e-01
-1.427230629624115232e-01 9.506037800685636363e-02 4.004857045916075942e-01
-1.376482586523356533e-01 9.546269695544629119e-02 4.008154381177069236e-01
-1.351168485874421343e-01 9.575700911284980299e-02 4.009636108049635661e-01
-1.325624189078782322e-01 9.599598498181698136e-02 4.011294506337166332e-01
-1.291892021114321165e-01 9.632772763846060571e-02 4.012629206766623602e-01
-1.201024917542284770e-01 9.689663516275941191e-02 4.016154485370148075e-01
-1.176824612764962308e-01 9.700961720797568466e-02 4.016231044082835266e-01
-1.127370950911589370e-01 9.737959931918642453e-02 4.016784560865707121e-01
-1.102611897110856720e-01 9.757253646010043135e-02 4.017112144706659338e-01
-1.054349656554881970e-01 9.787552637860706672e-02 4.017116394245132671e-01
-1.029834326263772831e-01 9.802162253501790767e-02 4.016727217612219292e-01
-9.803395087169630706e-02 9.830885492296947969e-02 4.014674416470856988e-01
-9.319545740596825445e-02 9.853759473522398504e-02 4.012328744753494991e-01
-9.077645417619134571e-02 9.867242758139514736e-02 4.010453396737988507e-01
-8.841716684940154058e-02 9.882414281068256645e-02 4.009020559508228443e-01
-8.136793495303924761e-02 9.930171282704226832e-02 4.004757726312909716e-01
-8.136793495303924761e-02 9.930171282704226832e-02 4.004757726312909716e-01
-7.655048826342118751e-02 9.963474837733975187e-02 4.000443354518544714e-01
-7.155219820430558375e-02 1.000053667941021573e-01 3.994886647733025820e-01
-6.652828216872347378e-02 1.003018097879173204e-01 3.988688315081104774e-01
-6.411350921119383928e-02 1.004431869020105950e-01 3.986049729874115988e-01
-5.926723416461959770e-02 1.007888494831184895e-01 3.981633946798149859e-01
-5.671819749654935516e-02 1.010168673639163378e-01 3.978688561024646964e-01
-5.409017519621305697e-02 1.012591460969879537e-01 3.975582514670066292e-01
-5.064907027569042625e-02 1.015586000992676902e-01 3.970988529580617987e-01
-4.151471091271284608e-02 1.023069340383308545e-01 3.959244737990018637e-01
-3.901666204629208878e-02 1.025615708204909576e-01 3.956908916396651987e-01
-3.348707457073964860e-02 1.029326702907236851e-01 3.950042915238904939e-01
-3.076904808550305626e-02 1.031229233793901079e-01 3.945927749032626108e-01
-2.570044815059532514e-02 1.034992733760628364e-01 3.940524890670263902e-01
-2.317386533954791938e-02 1.036582005999762829e-01 3.938848915092622027e-01
-1.819053161205200567e-02 1.038839107863245848e-01 3.936843558406425414e-01
-1.327438286912099863e-02 1.040305658283274259e-01 3.937803916956139627e-01
-1.088261256821657086e-02 1.042371749844270695e-01 3.941318449343166330e-01
-8.515004395692778519e-03 1.043840075266936757e-01 3.945333832417367015e-01
-3.774700116144238948e-03 1.044129411116896389e-01 3.949601843686395553e-01
-1.515175941203087155e-03 1.043629271290185817e-01 3.949863936697076694e-01
-1.515175941203087155e-03 1.043629271290185817e-01 3.949863936697076694e-01
4.534262017663863269e-03 1.044480026548749718e-01 3.954583426703376370e-01
1.221514733980776958e-02 1.047595226309052802e-01 3.967531161550293950e-01
1.446040391685709907e-02 1.048957057104236007e-01 3.974581883446687280e-01
1.928405079796322377e-02 1.051263968725916209e-01 3.982968371634334481e-01
2.165883901554276070e-02 1.052421746817433501e-01 3.986493099252165218e-01
2.635044508693473730e-02 1.056347365366699931e-01 3.994671645586954645e-01
3.139921436829227336e-02 1.058997146548403684e-01 3.998009895838078309e-01
3.387679154081075367e-02 1.059727640930037545e-01 3.999523925744002950e-01
3.869901533504382929e-02 1.062317975939376796e-01 4.006952253191585767e-01
4.374772086143532274e-02 1.064270708441881624e-01 4.014447956157104480e-01
4.632951479460519634e-02 1.062767172400828214e-01 4.014132036885326160e-01
5.138481447180590078e-02 1.060491208696352494e-01 4.016290699431007694e-01
5.621674192548467563e-02 1.058327461335910463e-01 4.020723315517558127e-01
5.856546384854530857e-02 1.057378381889663155e-01 4.022792677752348167e-01
6.101329216507903747e-02 1.055997696594737495e-01 4.024243971095388117e-01
6.593182021733341724e-02 1.054148029174217099e-01 4.026708378090664286e-01
7.075873794889663004e-02 1.054432284879592979e-01 4.030572696320683379e-01
7.305583345860804101e-02 1.054577080888206703e-01 4.032861081817533666e-01
7.799340198918931766e-02 1.052635464427872924e-01 4.033730123602351503e-01
8.287061911625097366e-02 1.052219560752628985e-01 4.034169265269315074e-01
8.770588563649339697e-02 1.053131956107253159e-01 4.038417186482691212e-01
8.770588563649339697e-02 1.053131956107253159e-01 4.038417186482691212e-01
9.263135758629280347e-02 1.051661195207506533e-01 4.038404455108518532e-01
9.745206308017990982e-02 1.051442084276158345e-01 4.034133751100300591e-01
9.971507896155429318e-02 1.052933477816810348e-01 4.033156097634735815e-01
1.043863131337515737e-01 1.052821241159324767e-01 4.031188437841733974e-01
1.043863131337515737e-01 1.052821241159324767e-01 4.031188437841733974e-01
1.101396684811241089e-01 1.053741138254261633e-01 4.028858239556858400e-01
1.168499938040954006e-01 1.054975370826726211e-01 4.025703191862438635e-01
1.217244611650481340e-01 1.054792364522235820e-01 4.020685401993415731e-01
1.241135238708462457e-01 1.054821226363441694e-01 4.018053687997382717e-01
1.313229522686678585e-01 1.053343214755211726e-01 4.009479115037329899e-01
1.337704031734396892e-01 1.053714457946537536e-01 4.006003237513939830e-01
1.337704031734396892e-01 1.053714457946537536e-01 4.006003237513939830e-01
1.362426951130688846e-01 1.053742597008196363e-01 4.002226936877955055e-01
1.430370385614154749e-01 1.051383281035577627e-01 3.988440722540828043e-01
1.430370385614154749e-01 1.051383281035577627e-01 3.988440722540828043e-01
1.517253348172211691e-01 1.047247526800257483e-01 3.972745021893308026e-01
1.568164685031960270e-01 1.044840020558730070e-01 3.963754812047204368e-01
1.620867228809675931e-01 1.043564126214280297e-01 3.956643981385098430e-01
1.647160283224494981e-01 1.043366849180681483e-01 3.954416193853269590e-01
1.700035044179829258e-01 1.043630703975928914e-01 3.948721543763281661e-01
1.725127366235398585e-01 1.044195869491048728e-01 3.946434170476335046e-01
1.772775595945333682e-01 1.046547538032095437e-01 3.945664905632856323e-01
1.795723173118372318e-01 1.048139659849629951e-01 3.946952560054340919e-01
1.839110227776738216e-01 1.051121305634498543e-01 3.950083260504542171e-01
1.860916585090778008e-01 1.051968819985496101e-01 3.951598923120318574e-01
1.905996977005746940e-01 1.053730316961159624e-01 3.956029123041816531e-01
1.929214504143249853e-01 1.053795092875703387e-01 3.956431299709052274e-01
1.991857393492647288e-01 1.050815554812010583e-01 3.957714613355866051e-01
1.991857393492647288e-01 1.050815554812010583e-01 3.957714613355866051e-01
2.071703127510280407e-01 1.047454065927732048e-01 3.963581890333768287e-01
2.096110515527526419e-01 1.046593459499736006e-01 3.965300367398882919e-01
2.147197643330396311e-01 1.044291886828933730e-01 3.966102585134477776e-01
2.172697168163336967e-01 1.042943295620768068e-01 3.966395342101768362e-01
2.220924054638926393e-01 1.042187326074985460e-01 3.969342518361306249e-01
2.244901269476550221e-01 1.042047620030608773e-01 3.970447228220027602e-01
2.321049506326310630e-01 1.042669390716437910e-01 3.971054297198687300e-01
2.346624358720435788e-01 1.042563418461033703e-01 3.971019922633521881e-01
2.400205429724595885e-01 1.043772797329225316e-01 3.970728523920674657e-01
2.426637637860821206e-01 1.045530038937315109e-01 3.972455432610195736e-01
2.452416983969274711e-01 1.047508404053561354e-01 3.974109134260642717e-01
2.501994194610406841e-01 1.051619540339895492e-01 3.977587959592575606e-01
2.551698775691481624e-01 1.055606949696101943e-01 3.980967659631882150e-01
2.577181813863181348e-01 1.057662436376718557e-01 3.983313551290347254e-01
2.627506237512926002e-01 1.060968991912024234e-01 3.985653619419586846e-01
2.676820160005130567e-01 1.064815815128771354e-01 3.986646691643209728e-01
2.701675912337586638e-01 1.066998893532581372e-01 3.988038298781240165e-01
2.749358928933501311e-01 1.070569416779234562e-01 3.991106311599814660e-01
2.798208276489275170e-01 1.073711625322451013e-01 3.992213301699508721e-01
2.822706224950002341e-01 1.075613438039514369e-01 3.992909820981299651e-01
2.872325639161041333e-01 1.076914952358547506e-01 3.991302793741097199e-01
2.896985591600922949e-01 1.077387079600528458e-01 3.989576551174718322e-01
2.944025150397001078e-01 1.081088643533649890e-01 3.990602028482946873e-01
2.967519760064443735e-01 1.082857600684764554e-01 3.991469960249421911e-01
3.015498049875293685e-01 1.084886474657936195e-01 3.989594721938317656e-01
3.064885880766249349e-01 1.085553332315038616e-01 3.985200197100110531e-01
3.112857430774220169e-01 1.088449819868612667e-01 3.984553228373539646e-01
3.136476253252706292e-01 1.089932110579604485e-01 3.983991594485929433e-01
3.184294223375125354e-01 1.092455495410705746e-01 3.979680131404433885e-01
3.208473316188400482e-01 1.094296893496651962e-01 3.978472479468494472e-01
3.257743022293911328e-01 1.096679440710854880e-01 3.976157964327843297e-01
3.281864553242597182e-01 1.097907712253257811e-01 3.973942024990749777e-01
3.330989264275123207e-01 1.100007771801346373e-01 3.967739356902248993e-01
3.355835537665193269e-01 1.101063936842576613e-01 3.965130257583092677e-01
3.404917910326542008e-01 1.104305060942895739e-01 3.961539939828998547e-01
3.429449698105975775e-01 1.105998146369290280e-01 3.959434807781619936e-01
3.479753657335579731e-01 1.109092864085186730e-01 3.954842639415144800e-01
3.506298374090148218e-01 1.110052536684550950e-01 3.951352402574743738e-01
3.532238248501011202e-01 1.111116370475694337e-01 3.947914400681613589e-01
3.566850648577975513e-01 1.112564313905549246e-01 3.943512212642829029e-01
3.566850648577975513e-01 1.112564313905549246e-01 3.943512212642829029e-01
3.659163362016852328e-01 1.120120658575218808e-01 3.934807494721527243e-01
3.736034324374075677e-01 1.127691107210065241e-01 3.926896551002100333e-01
3.762257395511543479e-01 1.130307815026403567e-01 3.924251089677276427e-01
3.814376973099347090e-01 1.134040283196465632e-01 3.919624030270054682e-01
3.840490105526239706e-01 1.135471882638446894e-01 3.918583272558832098e-01
3.891966471594545673e-01 1.137230344783902725e-01 3.918383126742769340e-01
3.941058940387958121e-01 1.138209569955366679e-01 3.920129924201886107e-01
3.987905092979349142e-01 1.140770020049819838e-01 3.924012902751965459e-01
4.011321889806881980e-01 1.141879990448917831e-01 3.926644296709099757e-01
4.057642990513829484e-01 1.143598546796350535e-01 3.931737942772335348e-01
4.080420448705964209e-01 1.144391303501897800e-01 3.933902092752807889e-01
4.126809859850029683e-01 1.145798852339839913e-01 3.940162640974107511e-01
4.172568785877154851e-01 1.147437893629941752e-01 3.947464760221096602e-01
4.195517120679855272e-01 1.148484701584087525e-01 3.950874579748701043e-01
4.195517120679855272e-01 1.148484701584087525e-01 3.950874579748701043e-01
4.251559614977336587e-01 1.151771349237333819e-01 3.958770417873990199e-01
4.283834539718440193e-01 1.154605964817084079e-01 3.963912045796930128e-01
4.341417533472303192e-01 1.159757225170831713e-01 3.972244471378322261e-01
4.391578568282503148e-01 1.162521199466435701e-01 3.977392094959730784e-01
4.441486249802393815e-01 1.164902938724954456e-01 3.983064514075337348e-01
4.466319901803315617e-01 1.166192753163272089e-01 3.985889528638578705e-01
4.515917036085245750e-01 1.166484333578218652e-01 3.988778079781679642e-01
4.540424729361124956e-01 1.166341859504593653e-01 3.990431216414552784e-01
4.589618705728072956e-01 1.166404155638509771e-01 3.993564068475010664e-01
4.614495407647877800e-01 1.165889921808887647e-01 3.994228543772446738e-01
4.662655868793618708e-01 1.166181654450368227e-01 3.997803906639617599e-01
4.711889746611754859e-01 1.166994294460360210e-01 4.000699501062244812e-01
4.761777222783472041e-01 1.166124004572758888e-01 4.005347666487620861e-01
4.786776920344120723e-01 1.165740217944108981e-01 4.006893951366001794e-01
4.834744202052820850e-01 1.166393103957555910e-01 4.004105154714447945e-01
4.859018808946058421e-01 1.167225379894330367e-01 4.003040650245367482e-01
4.909140064449796781e-01 1.168033025197258157e-01 4.002818122079025986e-01
4.933423698331009244e-01 1.168201634737961042e-01 4.002126394073146631e-01
4.981970523442753596e-01 1.167840180970058789e-01 3.999234667389706122e-01
5.030582919709246648e-01 1.168801410348398323e-01 3.997392963502081065e-01
5.079361535693501795e-01 1.169772108753000389e-01 3.995014312068452256e-01
5.079361535693501795e-01 1.169772108753000389e-01 3.995014312068452256e-01
5.151301143107150926e-01 1.171696360765354106e-01 3.989293975050355323e-01
5.175650630759879300e-01 1.172854816318535942e-01 3.986204591822818388e-01
5.224891993121371092e-01 1.174220851649645653e-01 3.980678121263233615e-01
5.249922492005242303e-01 1.174804415722840584e-01 3.977634690865233802e-01
5.274632369102417728e-01 1.175675152196548751e-01 3.974277488989833573e-01
5.324738878616795956e-01 1.177530174043985717e-01 3.967123548110176312e-01
5.375591971089596077e-01 1.178484520401454488e-01 3.959430335247500210e-01
5.400828399190356066e-01 1.179497604115102433e-01 3.955653418800669785e-01
5.477702526138087391e-01 1.180223107132055138e-01 3.942252346207201219e-01
5.503894716629404993e-01 1.180766080096985887e-01 3.936777173255858742e-01
5.556460061692483077e-01 1.182208557799666465e-01 3.928688877215513742e-01
5.582557622106681938e-01 1.182576287825211070e-01 3.924368306916189431e-01
5.635573450604476342e-01 1.182977409986646217e-01 3.916482490877474243e-01
5.661960430228287766e-01 1.183363864844383939e-01 3.911178897035200164e-01
5.713576971385957437e-01 1.185114688012556955e-01 3.901336955841245846e-01
5.764605768314594592e-01 1.187905296489573104e-01 3.896626676432731751e-01
5.789285459799859979e-01 1.190622789243695329e-01 3.895827177903432581e-01
5.813288083602471401e-01 1.193019062494262011e-01 3.895603926408590656e-01
5.859936984701206164e-01 1.198819198827368177e-01 3.899120580159144422e-01
5.883618985865545215e-01 1.200990576459944198e-01 3.900818948871517255e-01
5.931142108330452745e-01 1.203068406614014596e-01 3.902815602593781019e-01
5.955015975648068061e-01 1.204617563937819824e-01 3.904991059821901755e-01
6.027942728014358265e-01 1.205452614739021960e-01 3.909976674366777427e-01
6.052252191650937529e-01 1.206834452072332448e-01 3.911439431213329376e-01
6.101353264524926878e-01 1.208625146559162838e-01 3.914918632939285992e-01
6.177835092135828265e-01 1.208967418238325459e-01 3.920455976469612303e-01
6.177835092135828265e-01 1.208967418238325459e-01 3.920455976469612303e-01
6.231735425632548564e-01 1.208826659695661915e-01 3.925029464412141955e-01
6.282462390647672867e-01 1.210253269565780831e-01 3.926353002182305652e-01
6.307448388445223708e-01 1.211620515953085314e-01 3.927054436825549999e-01
6.359957859421990767e-01 1.214251371238535687e-01 3.931645682852294987e-01
6.386180074669122186e-01 1.215828260969000346e-01 3.934299437783249642e-01
6.437237975072703788e-01 1.219954193151871896e-01 3.939201269094828595e-01
6.462703590450654678e-01 1.222454191792542028e-01 3.941898058809686356e-01
6.514527261903464428e-01 1.228013624465710135e-01 3.946903641122293527e-01
6.540433290933823640e-01 1.231059046327646483e-01 3.949274626813833455e-01
6.590497426215596866e-01 1.237978391096807851e-01 3.953846641949314566e-01
6.615544209118507935e-01 1.240790527532494442e-01 3.955246968782391015e-01
6.689714437248817092e-01 1.249600522362733085e-01 3.959542751170945785e-01
6.713971052281061391e-01 1.252170637032829770e-01 3.960592104210590714e-01
6.738168522206283706e-01 1.254336631491883569e-01 3.961221212198849928e-01
6.787965001113051011e-01 1.258732628660871322e-01 3.963555843053393479e-01
6.836311912674389868e-01 1.263101287826094987e-01 3.965177785305242786e-01
6.860214004247953135e-01 1.265059123252778861e-01 3.964848433269420047e-01
6.884392843142440599e-01 1.266994492944863715e-01 3.964812132231104735e-01
6.957184966211396038e-01 1.272673199394560306e-01 3.963773710564788555e-01
6.981379983031992253e-01 1.274890430156032373e-01 3.963441184517489946e-01
7.005649177907180558e-01 1.276840050802959536e-01 3.963035585177596687e-01
7.055322646640709294e-01 1.279950028372088822e-01 3.961062074089805041e-01
7.079459120196099908e-01 1.281878483079802455e-01 3.959646572919244267e-01
7.127699057224567980e-01 1.286274506639785431e-01 3.957077582394511461e-01
7.151994008447840612e-01 1.288358626096127724e-01 3.955839316367987246e-01
7.201112086254113365e-01 1.292590847931248399e-01 3.952844655966978316e-01
7.225329240156482813e-01 1.294744550877935385e-01 3.951158421472588111e-01
7.274457416977501145e-01 1.298817512621885939e-01 3.946901609221180607e-01
7.299620183023907138e-01 1.301493688982859886e-01 3.943978119802659110e-01
7.349989864537057604e-01 1.306687986909350896e-01 3.939260972001497052e-01
7.400518773374337167e-01 1.311207420523549938e-01 3.933892298179927360e-01
7.451354105543296358e-01 1.315559715717140865e-01 3.926443542738204950e-01
7.476262081396267689e-01 1.318100846135594195e-01 3.922890912444237932e-01
7.526944169427917108e-01 1.323853547579600110e-01 3.916599551010963021e-01
7.552818719802419922e-01 1.326944228504017553e-01 3.914228063454180395e-01
7.605066844989566421e-01 1.332718776490485757e-01 3.909027340600046418e-01
7.657301315048514745e-01 1.338937485579666242e-01 3.901765094006667267e-01
7.682999469299707229e-01 1.342168515824291863e-01 3.897551232763425411e-01
7.682999469299707229e-01 1.342168515824291863e-01 3.897551232763425411e-01
7.753410985314529436e-01 1.348492723217907807e-01 3.890755975080880669e-01
7.753410985314529436e-01 1.348492723217907807e-01 3.890755975080880669e-01
7.839490370128706642e-01 1.353146467328285862e-01 3.887226666023383403e-01
7.864244338400642187e-01 1.353759436741224509e-01 3.888063879212217966e-01
7.896179514791418219e-01 1.355431289399393335e-01 3.891009639400907494e-01
7.928205672560392214e-01 1.356272184418027271e-01 3.894219219053455250e-01
7.999661382380054420e-01 1.359208082794256811e-01 3.902920996023804268e-01
8.054387017658216630e-01 1.362271499955885756e-01 3.910380116137055495e-01
8.101748213996962100e-01 1.365005376091965594e-01 3.917130745946194592e-01
8.125925301450150906e-01 1.367188865998511804e-01 3.920120557036287368e-01
8.173314009698623428e-01 1.371013713770008469e-01 3.925074688858802840e-01
8.196541194014130838e-01 1.372748071325546049e-01 3.927720673247195871e-01
8.243683329216550115e-01 1.377099915256543294e-01 3.935077648125487881e-01
8.291712310316160517e-01 1.381400702757001053e-01 3.941894571327496655e-01
8.291712310316160517e-01 1.381400702757001053e-01 3.941894571327496655e-01
8.291712310316160517e-01 1.381400702757001053e-01 3.941894571327496655e-01
8.291712310316160517e-01 1.381400702757001053e-01 3.941894571327496655e-01
8.291712310316160517e-01 1.381400702757001053e-01 3.941894571327496655e-01
8.291712310316160517e-01 1.381400702757001053e-01 3.941894571327496655e-01
8.291712310316160517e-01 1.381400702757001053e-01 3.941894571327496655e-01
8.291712310316160517e-01 1.381400702757001053e-01 3.941894571327496655e-01
8.291712310316160517e-01 1.381400702757001053e-01 3.941894571327496655e-01
8.291712310316160517e-01 1.381400702757001053e-01 3.941894571327496655e-01
8.291712310316160517e-01 1.381400702757001053e-01 3.941894571327496655e-01
8.291712310316160517e-01 1.381400702757001053e-01 3.941894571327496655e-01
8.291712310316160517e-01 1.381400702757001053e-01 3.941894571327496655e-01
8.291712310316160517e-01 1.381400702757001053e-01 3.941894571327496655e-01
8.291712310316160517e-01 1.381400702757001053e-01 3.941894571327496655e-01
8.291712310316160517e-01 1.381400702757001053e-01 3.941894571327496655e-01
8.291712310316160517e-01 1.381400702757001053e-01 3.941894571327496655e-01
8.291712310316160517e-01 1.381400702757001053e-01 3.941894571327496655e-01
8.291712310316160517e-01 1.381400702757001053e-01 3.941894571327496655e-01
8.291712310316160517e-01 1.381400702757001053e-01 3.941894571327496655e-01
8.291712310316160517e-01 1.381400702757001053e-01 3.941894571327496655e-01
8.291712310316160517e-01 1.381400702757001053e-01 3.941894571327496655e-01
8.291712310316160517e-01 1.381400702757001053e-01 3.941894571327496655e-01
8.291712310316160517e-01 1.381400702757001053e-01 3.941894571327496655e-01
8.291712310316160517e-01 1.381400702757001053e-01 3.941894571327496655e-01
8.291712310316160517e-01 1.381400702757001053e-01 3.941894571327496655e-01
8.291712310316160517e-01 1.381400702757001053e-01 3.941894571327496655e-01
8.291712310316160517e-01 1.381400702757001053e-01 3.941894571327496655e-01
8.291712310316160517e-01 1.381400702757001053e-01 3.941894571327496655e-01
8.291712310316160517e-01 1.381400702757001053e-01 3.941894571327496655e-01
8.291712310316160517e-01 1.381400702757001053e-01 3.941894571327496655e-01
8.291712310316160517e-01 1.381400702757001053e-01 3.941894571327496655e-01
8.291712310316160517e-01 1.381400702757001053e-01 3.941894571327496655e-01
8.291712310316160517e-01 1.381400702757001053e-01 3.941894571327496655e-01
8.291712310316160517e-01 1.381400702757001053e-01 3.941894571327496655e-01
8.291712310316160517e-01 1.381400702757001053e-01 3.941894571327496655e-01
8.291712310316160517e-01 1.381400702757001053e-01 3.941894571327496655e-01
8.291712310316160517e-01 1.381400702757001053e-01 3.941894571327496655e-01
8.291712310316160517e-01 1.381400702757001053e-01 3.941894571327496655e-01
8.291712310316160517e-01 1.381400702757001053e-01 3.941894571327496655e-01
8.291712310316160517e-01 1.381400702757001053e-01 3.941894571327496655e-01
8.291712310316160517e-01 1.381400702757001053e-01 3.941894571327496655e-01
8.291712310316160517e-01 1.381400702757001053e-01 3.941894571327496655e-01
8.291712310316160517e-01 1.381400702757001053e-01 3.941894571327496655e-01
8.291712310316160517e-01 1.381400702757001053e-01 3.941894571327496655e-01
8.291712310316160517e-01 1.381400702757001053e-01 3.941894571327496655e-01
8.291712310316160517e-01 1.381400702757001053e-01 3.941894571327496655e-01
8.291712310316160517e-01 1.381400702757001053e-01 3.941894571327496655e-01
8.291712310316160517e-01 1.381400702757001053e-01 3.941894571327496655e-01
8.291712310316160517e-01 1.381400702757001053e-01 3.941894571327496655e-01
8.291712310316160517e-01 1.381400702757001053e-01 3.941894571327496655e-01
8.291712310316160517e-01 1.381400702757001053e-01 3.941894571327496655e-01
8.291712310316160517e-01 1.381400702757001053e-01 3.941894571327496655e-01
8.291712310316160517e-01 1.381400702757001053e-01 3.941894571327496655e-01
8.291712310316160517e-01 1.381400702757001053e-01 3.941894571327496655e-01
8.291712310316160517e-01 1.381400702757001053e-01 3.941894571327496655e-01
8.291712310316160517e-01 1.381400702757001053e-01 3.941894571327496655e-01
8.291712310316160517e-01 1.381400702757001053e-01 3.941894571327496655e-01
8.291712310316160517e-01 1.381400702757001053e-01 3.941894571327496655e-01
8.291712310316160517e-01 1.381400702757001053e-01 3.941894571327496655e-01
8.291712310316160517e-01 1.381400702757001053e-01 3.941894571327496655e-01
8.291712310316160517e-01 1.381400702757001053e-01 3.941894571327496655e-01
8.291712310316160517e-01 1.381400702757001053e-01 3.941894571327496655e-01
8.291712310316160517e-01 1.381400702757001053e-01 3.941894571327496655e-01
8.291712310316160517e-01 1.381400702757001053e-01 3.941894571327496655e-01
1.002499515990404433e+00 1.377962624966352634e-01 3.920094830955123122e-01
1.090527766645507990e+00 1.373402016490008204e-01 3.908362810248311447e-01
1.093056025129814479e+00 1.373576248596872496e-01 3.908647078603065816e-01
1.095560731575959235e+00 1.373204557112399082e-01 3.908947617126283802e-01
1.100359690953717662e+00 1.372624068741849224e-01 3.909098569192203110e-01
1.102769762397971531e+00 1.372356546024698642e-01 3.909110217484030869e-01
1.105262660633201000e+00 1.371627987927712400e-01 3.909868680898999083e-01
1.110967171658620023e+00 1.370299445459590149e-01 3.908682564161863882e-01
1.117544342776220612e+00 1.369172705904200260e-01 3.907958126650962205e-01
1.120008039941686073e+00 1.369483652130774887e-01 3.907014464949902788e-01
1.124803148134687847e+00 1.368435257109662240e-01 3.903147789383690780e-01
1.127187582197332949e+00 1.367347497382602195e-01 3.902545692237825437e-01
1.132317464482305525e+00 1.364792370371726293e-01 3.902033724851050600e-01
1.134882362384775023e+00 1.364030206895512076e-01 3.899932820135749711e-01
1.141999357425097505e+00 1.364123013170018550e-01 3.895351775911785053e-01
1.141999357425097505e+00 1.364123013170018550e-01 3.895351775911785053e-01
1.149522917573284397e+00 1.363136860754519952e-01 3.891351378343422818e-01
1.152018228068681038e+00 1.362527956843661847e-01 3.889843073892547132e-01
1.157012849643082930e+00 1.361311010069659877e-01 3.887331441733770099e-01
1.157012849643082930e+00 1.361311010069659877e-01 3.887331441733770099e-01
1.159520109227920370e+00 1.361007027434638639e-01 3.885360827859498656e-01
1.166388542671639161e+00 1.361140791416450280e-01 3.880828932468359804e-01
1.172360550403371171e+00 1.363060638224665999e-01 3.876294949196962270e-01
1.174945292641241146e+00 1.364265653411710633e-01 3.874827866050218894e-01
1.180266539636912526e+00 1.366282255015520142e-01 3.871846255280471105e-01
1.185532367147864141e+00 1.365193721128996618e-01 3.865799298925542971e-01
1.188161713238287343e+00 1.363493844782970310e-01 3.862766816191757213e-01
1.193480164319465908e+00 1.362170204914674720e-01 3.858601679008483165e-01
1.198670947749738147e+00 1.360822553545178448e-01 3.857655253773186743e-01
1.201140931313420923e+00 1.359507293789509741e-01 3.858210017072249975e-01
1.206020566372547842e+00 1.356675155586395398e-01 3.862647066537722162e-01
1.210762682724116912e+00 1.353985767408482366e-01 3.869158298943876639e-01
1.213131359270266607e+00 1.352404218516406742e-01 3.871982798042876706e-01
1.215430621892436669e+00 1.351146391685287551e-01 3.875844281986254858e-01
1.220018022983379913e+00 1.347914041286064901e-01 3.882157492005279265e-01
1.224704677275205489e+00 1.346068156137480154e-01 3.889107960220212767e-01
1.229532281107400982e+00 1.346679966429100983e-01 3.897764955200132553e-01
1.231940519224918207e+00 1.347188910897131053e-01 3.901837932156820843e-01
1.236918734559863786e+00 1.349605068663015939e-01 3.908579006130644684e-01
1.239530088000044827e+00 1.350308766014512718e-01 3.913152229904693913e-01
1.242063289767028733e+00 1.350589943937716697e-01 3.916678000334846699e-01
1.244607136092202415e+00 1.351053564981994359e-01 3.920650165915308127e-01
1.252194872423983307e+00 1.351139409009937953e-01 3.929904727626239991e-01
1.254718336550334046e+00 1.349782837680509606e-01 3.932088198032633874e-01
1.259734638430755282e+00 1.347342663562508813e-01 3.935385449463257856e-01
1.264720301057478791e+00 1.346356318795007834e-01 3.941366842403283277e-01
1.269616867847882524e+00 1.345189627390770137e-01 3.943869986330341693e-01
1.272033316195403829e+00 1.344782780781383080e-01 3.945156838530036181e-01
1.277067475638156369e+00 1.341610739554468801e-01 3.947271765133981702e-01
1.279558038564952094e+00 1.340861530074730912e-01 3.948153743246903824e-01
1.284422741710178784e+00 1.340167468400943473e-01 3.950038116067644545e-01
1.284422741710178784e+00 1.340167468400943473e-01 3.950038116067644545e-01
1.290206695631249234e+00 1.338656506085924847e-01 3.950851696562152071e-01
1.293424165310435248e+00 1.338929276673234414e-01 3.950924787909039226e-01
1.299140617808069775e+00 1.338837566916128152e-01 3.950585170962053194e-01
