-1.670192960154099460e+00 4.955479038168597583e-02 3.654617874076107054e-01
-1.670221570889050433e+00 4.966229349839595963e-02 3.654473665901639690e-01
-1.670234709658500405e+00 4.975465523424357772e-02 3.654400521791648648e-01
-1.670279140832126474e+00 4.976513350831703736e-02 3.654824182034736024e-01
-1.670307695056022723e+00 4.979528775143862024e-02 3.655346682396237723e-01
-1.670357861542212552e+00 4.966306158191646780e-02 3.657826617019763749e-01
-1.670489808765285522e+00 4.969295596464885084e-02 3.661825726077745369e-01
-1.670564944827994447e+00 4.973895641387268002e-02 3.666015501110798658e-01
-1.670710650023569110e+00 4.961802184599670151e-02 3.669890868889572610e-01
-1.670818702921083698e+00 4.961809391056176688e-02 3.675527573598866837e-01
-1.671166584202779859e+00 4.932069873122992693e-02 3.694570055603551006e-01
-1.671271593383971243e+00 4.927368635827158311e-02 3.701525115051215176e-01
-1.671422799085677369e+00 4.923434331762908261e-02 3.712803451194558457e-01
-1.671485457198603752e+00 4.939043029951351721e-02 3.723554842710944390e-01
-1.671464336212091117e+00 4.931207061075026932e-02 3.729332229294723966e-01
-1.671341200565191309e+00 4.878149906410856468e-02 3.742147907029819143e-01
-1.671250305799134805e+00 4.845290158774867573e-02 3.754617216989771800e-01
-1.671137755063691221e+00 4.813429122114745023e-02 3.761843776740719791e-01
-1.670724321958125591e+00 4.753973354531045720e-02 3.776505274376913412e-01
-1.670221213240544289e+00 4.713283917150090652e-02 3.787782270247831429e-01
-1.670221213240544289e+00 4.713283917150090652e-02 3.787782270247831429e-01
-1.669620202792244656e+00 4.698307450434909688e-02 3.797002866717850145e-01
-1.669276429992674560e+00 4.686503982436127785e-02 3.801960433972472186e-01
-1.668652357678222176e+00 4.662292137589254398e-02 3.809483851234684026e-01
-1.667629866003788708e+00 4.613237177399959199e-02 3.818447125712723933e-01
-1.666458097681760897e+00 4.581808965111088677e-02 3.824164663618632165e-01
-1.665282830814924564e+00 4.584943735757392863e-02 3.825943231378124976e-01
-1.664625600619559220e+00 4.566991350608715777e-02 3.829186731735839677e-01
-1.663954475854654502e+00 4.547257600754098239e-02 3.831782749938893451e-01
-1.663199205641206602e+00 4.520714503105281029e-02 3.834554665431977316e-01
-1.661006022392351733e+00 4.460275855039112086e-02 3.844235326685253584e-01
-1.660201881408480240e+00 4.448125524334032438e-02 3.845099515270614665e-01
-1.657652490874328643e+00 4.404774383175418667e-02 3.850788013230393991e-01
-1.655838234411333820e+00 4.373598012216602798e-02 3.854382358805356068e-01
-1.654077570381937035e+00 4.357540748469501679e-02 3.857488134752468101e-01
-1.652880096752933348e+00 4.364111402445558507e-02 3.859875881624935667e-01
-1.650479300569916097e+00 4.352969116537105942e-02 3.867498013808620128e-01
-1.648413628399340247e+00 4.330453928679769277e-02 3.871044966875826221e-01
-1.646170703857696926e+00 4.311436277909819204e-02 3.873927104770786833e-01
-1.645077980932263095e+00 4.305108289490156004e-02 3.875259390041355667e-01
-1.642872897500776697e+00 4.289433095055131262e-02 3.879349675216875459e-01
-1.641726556935862780e+00 4.279136456135967936e-02 3.881959037556576009e-01
-1.639292097789359914e+00 4.252883281629165485e-02 3.886642277448337790e-01
-1.638045805720794279e+00 4.243442636571683607e-02 3.888807351458850592e-01
-1.635590440682314517e+00 4.235877856203196928e-02 3.893238440151981505e-01
-1.635590440682314517e+00 4.235877856203196928e-02 3.893238440151981505e-01
-1.631678395634386547e+00 4.190267512095394858e-02 3.901087117765917878e-01
-1.628971936313450719e+00 4.169568505777707101e-02 3.905616280391180917e-01
-1.627591082311951709e+00 4.160293109821413399e-02 3.907780941649083850e-01
-1.624774810615460696e+00 4.141240518803516318e-02 3.912686163700423991e-01
-1.623325690768550267e+00 4.135871766297487956e-02 3.915143931894694562e-01
-1.620367373129002031e+00 4.111841403273624324e-02 3.921785161787002538e-01
-1.618864173250189831e+00 4.091801934263476770e-02 3.925786404566596888e-01
-1.615895592261011648e+00 4.095179881994651799e-02 3.931193744292490466e-01
-1.612742168961644573e+00 4.084125028977479005e-02 3.938084217647798146e-01
-1.609577863290214461e+00 4.066117322610608015e-02 3.942942651306859947e-01
-1.608008682869574102e+00 4.072697639609374615e-02 3.944609608688612878e-01
-1.606234186531610098e+00 4.085820295515985023e-02 3.950707224135943108e-01
-1.600843202890959383e+00 4.087206554877479553e-02 3.967576995549402241e-01
-1.599170267236723619e+00 4.087745545690583265e-02 3.970975966652985356e-01
-1.595708473214537237e+00 4.083249143610036269e-02 3.977116409795803387e-01
-1.593939387093189941e+00 4.089523055661870021e-02 3.980109016782125142e-01
-1.592210387292253948e+00 4.085897198011334552e-02 3.982150370446000398e-01
-1.588515558566181873e+00 4.098777619233068964e-02 3.988856397440621038e-01
-1.586591197052983349e+00 4.109380999926876693e-02 3.992922154497487996e-01
-1.582807309800027262e+00 4.129179953829123506e-02 4.000143049459855549e-01
-1.580917577819259456e+00 4.147282018226877698e-02 4.003422423530351715e-01
-1.578360411343630032e+00 4.164154739809560607e-02 4.009276966175708834e-01
-1.575782941292981576e+00 4.188030250713575126e-02 4.014660216339488441e-01
-1.571128755208994754e+00 4.239836345009168755e-02 4.024968878954817697e-01
-1.567175946301157863e+00 4.297811759162772915e-02 4.033670864063564343e-01
-1.561192117207546692e+00 4.412403435414592040e-02 4.042640300736813908e-01
-1.559026191342159251e+00 4.460060854911634953e-02 4.046814946420335124e-01
-1.556909037858941636e+00 4.501333228780824564e-02 4.049969543215369283e-01
-1.552583696547342074e+00 4.591568030314809729e-02 4.056342233679787190e-01
-1.550387526438684604e+00 4.640280023262966652e-02 4.059082917998269036e-01
-1.545952118160214495e+00 4.719017934620479277e-02 4.062560301208920643e-01
-1.543708417284473056e+00 4.753375929020305785e-02 4.063625905464506305e-01
-1.536830621882691927e+00 4.892962424092461154e-02 4.063828810752111442e-01
-1.534425035245168489e+00 4.937996302879130855e-02 4.064700096755746728e-01
-1.531989636609067951e+00 4.959279811322234860e-02 4.064735105478154420e-01
-1.527076194092495287e+00 5.024007149069813910e-02 4.064230237256833966e-01
-1.527076194092495287e+00 5.024007149069813910e-02 4.064230237256833966e-01
-1.517864824498943221e+00 5.125266990367921549e-02 4.062340733092216771e-01
-1.514460424215370971e+00 5.157280074884668108e-02 4.060809994758650676e-01
-1.511947349575763822e+00 5.182725356501536457e-02 4.058899070392035791e-01
-1.506846787332809301e+00 5.211846900674314137e-02 4.057303208590122834e-01
-1.501893214469607996e+00 5.222551361117960117e-02 4.059882276931795486e-01
-1.499692285057308894e+00 5.225948299871618907e-02 4.058925996824706006e-01
-1.497506419325908888e+00 5.244424057743188317e-02 4.057536150117236895e-01
-1.493129183817878625e+00 5.258770627107404311e-02 4.060126172229124863e-01
-1.488802241829803696e+00 5.271563293597159722e-02 4.069236275720240492e-01
-1.486737944360974284e+00 5.284222715206402660e-02 4.073485411982323834e-01
-1.484857605039975326e+00 5.268939003182040309e-02 4.075618020702788113e-01
-1.479037832172245936e+00 5.246513722955530729e-02 4.083930498457855052e-01
-1.477031614390935443e+00 5.265090729111154833e-02 4.087591080075899663e-01
-1.473039009119438747e+00 5.309947109925450270e-02 4.095895166841434509e-01
-1.471044827551917678e+00 5.347742681166147566e-02 4.099359188664680742e-01
-1.466965640052490860e+00 5.431495348862833833e-02 4.104297753714698516e-01
-1.462817313396114871e+00 5.516142297517189624e-02 4.109910221072757830e-01
-1.460777405294019893e+00 5.572115539392788475e-02 4.112168670848432850e-01
-1.456625563556660508e+00 5.667649550859040625e-02 4.115568607059213457e-01
-1.456625563556660508e+00 5.667649550859040625e-02 4.115568607059213457e-01
-1.450155847086088690e+00 5.751896845487667470e-02 4.121862421608284421e-01
-1.445840769275333004e+00 5.801367698816490420e-02 4.125039357769487713e-01
-1.443476125573315505e+00 5.844895390759950043e-02 4.131488494180403093e-01
-1.441360343734945815e+00 5.858969188224025931e-02 4.125554794344464815e-01
-1.441360343734945815e+00 5.858969188224025931e-02 4.125554794344464815e-01
-1.441360343734945815e+00 5.858969188224025931e-02 4.125554794344464815e-01
-1.439273172059170491e+00 5.869505882459641333e-02 4.119976130553396620e-01
-1.435241273210884794e+00 5.868482464128158688e-02 4.108537092010883240e-01
-1.424446644818768704e+00 5.930988454215938704e-02 4.106645289700286972e-01
-1.417951819591608986e+00 5.968700776288712179e-02 4.101242324434545283e-01
-1.415720728523104599e+00 5.984811588302735297e-02 4.098419036737891430e-01
-1.413474547532631354e+00 6.004036785380947178e-02 4.103808844213028273e-01
-1.409050872876608240e+00 6.049430618505616947e-02 4.112535654961694265e-01
-1.404612319631432626e+00 6.092250105761568696e-02 4.107919752610995623e-01
-1.402415240726855750e+00 6.115456008446240599e-02 4.104707580888150575e-01
-1.395748280163018995e+00 6.202584152018064678e-02 4.091755479579836097e-01
-1.391322182367188409e+00 6.251508678894973636e-02 4.081971075613991529e-01
-1.386954586157036040e+00 6.297303601820930519e-02 4.072085662546938156e-01
-1.382692859284098574e+00 6.345995558682755722e-02 4.063036735470392236e-01
-1.378670484985994982e+00 6.419367994615922390e-02 4.054256560323991065e-01
-1.376686592313415503e+00 6.470660914868077429e-02 4.051618748767206180e-01
-1.374788061479258028e+00 6.532181174731212236e-02 4.050355796274299758e-01
-1.372827358524249641e+00 6.597377779653160190e-02 4.050452375807419569e-01
-1.368885801422703663e+00 6.721815038900642858e-02 4.053405566131705884e-01
-1.364986398551215840e+00 6.834548155637472366e-02 4.057766212966605890e-01
-1.363048826387998291e+00 6.885044467214153363e-02 4.060002801006372675e-01
-1.359038573370500158e+00 6.972941766591857216e-02 4.065869539424225021e-01
-1.354970493054410641e+00 7.040998370790670091e-02 4.073544476408460513e-01
-1.352897136411985501e+00 7.063781860497536647e-02 4.077754144055240060e-01
-1.348475813910533949e+00 7.152041942642535510e-02 4.088979519467729196e-01
-1.344239579181244482e+00 7.215750442109004903e-02 4.098478447470533803e-01
-1.340038744622727540e+00 7.258629924701194558e-02 4.105280014804800759e-01
-1.338000296513411458e+00 7.278066579989536655e-02 4.109445720426575521e-01
-1.335942930570371390e+00 7.300976287397009656e-02 4.113582467090466377e-01
-1.331730572509246535e+00 7.345556638596668908e-02 4.121143774341903265e-01
-1.329627876599234648e+00 7.363854549568961405e-02 4.124534135022067671e-01
-1.323385094373329851e+00 7.407152016593916699e-02 4.133646438516388466e-01
-1.323385094373329851e+00 7.407152016593916699e-02 4.133646438516388466e-01
-1.317013834916559878e+00 7.459180253293037910e-02 4.140436354229566351e-01
-1.312809035009122383e+00 7.494985949890860255e-02 4.144281847826003506e-01
-1.310665022136405788e+00 7.513387180915757912e-02 4.145308892582360016e-01
-1.308513940052831392e+00 7.529987576739972932e-02 4.146103189887541118e-01
-1.304207068718002072e+00 7.564139214027697233e-02 4.147668740145861177e-01
-1.299989547971487136e+00 7.600597905895188633e-02 4.149053901439174741e-01
-1.299989547971487136e+00 7.600597905895188633e-02 4.149053901439174741e-01
-1.295714404402946052e+00 7.635647623516926552e-02 4.148913479726010767e-01
-1.291413578352818670e+00 7.659609217778674817e-02 4.148822770031926899e-01
-1.284589453635180289e+00 7.702332531369739110e-02 4.152224006075212470e-01
-1.284589453635180289e+00 7.702332531369739110e-02 4.152224006075212470e-01
-1.280481766762585849e+00 7.703859952300999570e-02 4.139046111701439878e-01
-1.276993780518894672e+00 7.764278269152752321e-02 4.114461462836940253e-01
-1.272598042411820396e+00 7.788059628641204324e-02 4.112311084163945418e-01
-1.270384052641100547e+00 7.794826751207882543e-02 4.111201534459438811e-01
-1.268133193573324879e+00 7.798973562483707545e-02 4.109658549421034701e-01
-1.263460972894437262e+00 7.799157045397668575e-02 4.105294399936478822e-01
-1.259039586207117978e+00 7.799205966861050277e-02 4.103394220669112080e-01
-1.254517408865390538e+00 7.798383744658739236e-02 4.100490487902720416e-01
-1.252161789743896136e+00 7.797463127258116855e-02 4.098475746117338225e-01
-1.247425588317074618e+00 7.789214196882733587e-02 4.094670018721040528e-01
-1.242649660936892886e+00 7.747628806941909974e-02 4.093690528009000795e-01
-1.240209359413515289e+00 7.729828495214814688e-02 4.093367093003865698e-01
-1.237580622515429996e+00 7.699515360387677865e-02 4.091061998184680748e-01
-1.235195680294790543e+00 7.715219358895548940e-02 4.088879122521013043e-01
-1.232714131527972823e+00 7.703767147854129194e-02 4.086926339592065194e-01
-1.226374111414123114e+00 7.690555583034668075e-02 4.084419394218309352e-01
-1.220512213151759839e+00 7.612985458367803326e-02 4.080919686796170565e-01
-1.215707348540875810e+00 7.572938754495595060e-02 4.078843910949684348e-01
-1.211019662019330756e+00 7.567089080961743319e-02 4.078989459440344190e-01
-1.206047263817869863e+00 7.558363152586287936e-02 4.079157104728016181e-01
-1.201421989201755247e+00 7.586633369193612753e-02 4.083462696741417819e-01
-1.196501952181350026e+00 7.587585056613906087e-02 4.087849098025843064e-01
-1.193965091608473417e+00 7.582486124295767516e-02 4.089662361956962755e-01
-1.191479977996207529e+00 7.579317005090706327e-02 4.092276225198512307e-01
-1.186408727316259348e+00 7.566261744774634146e-02 4.098003381007380153e-01
-1.181412481704857242e+00 7.529843544475205153e-02 4.103668816932936059e-01
-1.176279952283925345e+00 7.457645145028592160e-02 4.108990663495960538e-01
-1.173707391866309457e+00 7.423521178806090359e-02 4.111098236907616554e-01
-1.171287198336251612e+00 7.414760110945091409e-02 4.115149407432492357e-01
-1.166627272825640604e+00 7.440597064882313594e-02 4.122656315895013579e-01
-1.161753659889944279e+00 7.437558264225006821e-02 4.127571851851552509e-01
-1.159414824232822161e+00 7.431265139745228676e-02 4.129478342244401468e-01
-1.154590282025668602e+00 7.423718726635292198e-02 4.132616177206523966e-01
-1.149376495444008661e+00 7.355299408058164901e-02 4.133630769429906815e-01
-1.146876562512690434e+00 7.352237477347972616e-02 4.134093831923939533e-01
-1.144577529923376247e+00 7.383370870803673824e-02 4.135679578717835758e-01
-1.139537424217205830e+00 7.473580782622361862e-02 4.153862372185188612e-01
-1.134250728723493751e+00 7.609902714675483015e-02 4.188361418423151017e-01
-1.134250728723493751e+00 7.609902714675483015e-02 4.188361418423151017e-01
-1.126928163590126708e+00 7.615527280079122108e-02 4.186682753063522000e-01
-1.124453207366777896e+00 7.610478160415760918e-02 4.184980896709962206e-01
-1.119805116614868146e+00 7.464124135603850130e-02 4.144870905232558300e-01
-1.117262061009685725e+00 7.460565669858591764e-02 4.142329400132040984e-01
-1.112066751737561754e+00 7.601875293580240278e-02 4.172966271469137345e-01
-1.109565443361426595e+00 7.600229554799986520e-02 4.169247385993090083e-01
-1.104457336472360884e+00 7.583276408533150270e-02 4.160201799452805105e-01
-1.099663700488558105e+00 7.488567668125845067e-02 4.130203804184141569e-01
-1.095197501012268093e+00 7.340047410574818132e-02 4.081248347713855029e-01
-1.092686315485867476e+00 7.341318525294700248e-02 4.076018177262782372e-01
-1.087501230050055723e+00 7.350269474012756377e-02 4.068912789113131590e-01
-1.084932277044115656e+00 7.365074385192757478e-02 4.065781122015037496e-01
-1.079899165410399986e+00 7.412723325492186210e-02 4.061928964623883198e-01
-1.077499162295261659e+00 7.442213691066229542e-02 4.061700389245556098e-01
-1.072532343515068431e+00 7.498250865059477577e-02 4.061851482059631868e-01
-1.067455056650734813e+00 7.532801732309807319e-02 4.063826010772731978e-01
-1.065062287729492851e+00 7.554907103854507922e-02 4.065225935396629131e-01
-1.062709862394791926e+00 7.582430459278967361e-02 4.065942548917845789e-01
-1.057844939424668063e+00 7.610233644047476043e-02 4.066225729848942372e-01
-1.055388567400537880e+00 7.622048828577503155e-02 4.066061966144048911e-01
-1.052937081957889154e+00 7.638474460189985382e-02 4.065749114662450259e-01
-1.045680979065038541e+00 7.648731547324091884e-02 4.066973768682115020e-01
-1.045680979065038541e+00 7.648731547324091884e-02 4.066973768682115020e-01
-1.045680979065038541e+00 7.648731547324091884e-02 4.066973768682115020e-01
-1.045680979065038541e+00 7.648731547324091884e-02 4.066973768682115020e-01
-1.037307497556413383e+00 7.648311857880893405e-02 4.073321140028657306e-01
-1.025555487814508560e+00 7.659256464459171521e-02 4.082271534422184933e-01
-1.023006176782539578e+00 7.667022768792397525e-02 4.084192357581962751e-01
-1.017700067493056970e+00 7.675073860017143923e-02 4.087627948764093189e-01
-1.012648308075799974e+00 7.711027739117586044e-02 4.090701628174263638e-01
-1.007573876174440164e+00 7.748941155772393063e-02 4.091988646534544527e-01
-1.004997827493271378e+00 7.770691284409973754e-02 4.092356135550563323e-01
-9.999937718165536893e-01 7.813737386742468372e-02 4.092565957279635791e-01
-9.949647769828144916e-01 7.855488085496958872e-02 4.092194370864783437e-01
-9.899637051716710934e-01 7.890469096209805355e-02 4.091008149432323604e-01
-9.874808334322288106e-01 7.907938937588758488e-02 4.089725810759521352e-01
-9.850888688802338367e-01 7.931544868447733265e-02 4.089964514655206607e-01
-9.801595858348522983e-01 7.955580661004535425e-02 4.088496991327451591e-01
-9.751625793492694205e-01 7.985988483761900791e-02 4.085369138406759193e-01
-9.702226605676579352e-01 8.012752858691131463e-02 4.082370060837298142e-01
-9.677465804190975573e-01 8.027763995934657226e-02 4.080206723666081059e-01
-9.651681801761299306e-01 8.034486935709417299e-02 4.077506047149416224e-01
-9.602148081808322688e-01 8.064646987948796697e-02 4.072454040912608653e-01
-9.550877740774952329e-01 8.084084886697108507e-02 4.066742083812528996e-01
-9.499505831493767483e-01 8.110066472751187305e-02 4.059645798517332871e-01
-9.499505831493767483e-01 8.110066472751187305e-02 4.059645798517332871e-01
-9.447437285134725471e-01 8.131826699577565654e-02 4.052255454426768599e-01
-9.395732379231879206e-01 8.161380739200448098e-02 4.044811631330276214e-01
-9.342158092300252292e-01 8.182721923645984441e-02 4.036211348964581225e-01
-9.314423100316999715e-01 8.185137502036636536e-02 4.031175756044637071e-01
-9.260590954944936115e-01 8.207217134647161461e-02 4.022978687635302419e-01
-9.234060710632706614e-01 8.215630417083878700e-02 4.019164211299491862e-01
-9.207602244056131147e-01 8.218780785482067419e-02 4.015992791537856821e-01
-9.157426640715536914e-01 8.214695037049610238e-02 4.014214111429657006e-01
-9.157426640715536914e-01 8.214695037049610238e-02 4.014214111429657006e-01
-9.157426640715536914e-01 8.214695037049610238e-02 4.014214111429657006e-01
-9.132199975378526569e-01 8.196527269634525104e-02 4.014156640550972099e-01
-9.036108645225707781e-01 8.151120245790541285e-02 4.021643056160734142e-01
-8.921635134703395087e-01 8.135900298821181764e-02 4.037002102819582383e-01
-8.921635134703395087e-01 8.135900298821181764e-02 4.037002102819582383e-01
-8.875604546426804076e-01 8.129483423177227830e-02 4.042603135098183920e-01
-8.853152838471979313e-01 8.127655310588914606e-02 4.045703144353319791e-01
-8.781908131526011685e-01 8.141950892727368994e-02 4.054395291504161447e-01
-8.757926442949730550e-01 8.152640868628023563e-02 4.057892417463776491e-01
-8.732963624992061691e-01 8.159141716388250420e-02 4.060230427584177182e-01
-8.683965024612524397e-01 8.185630784420312722e-02 4.066350221775258955e-01
-8.634478385231871833e-01 8.199225987217571843e-02 4.073074227932139690e-01
-8.610219577531367241e-01 8.205490138347983076e-02 4.076802777779370279e-01
-8.585475433870310980e-01 8.206016996065029767e-02 4.080303596861906135e-01
-8.536901664390801336e-01 8.197597552838402357e-02 4.087595043990449595e-01
-8.488572885736506146e-01 8.178044541219366137e-02 4.094148491502468401e-01
-8.464867072546004012e-01 8.170589565235904239e-02 4.097193857327515731e-01
-8.416913408301121002e-01 8.139218973177199390e-02 4.102407187525108911e-01
-8.367751233851207227e-01 8.097721331882713758e-02 4.104629312841980848e-01
-8.320866248018052858e-01 8.069313411403217229e-02 4.107901208568150997e-01
-8.296646167108027159e-01 8.048110924423247658e-02 4.108704937318911066e-01
-8.247917734242659060e-01 8.009345024278335945e-02 4.109757229021404612e-01
-8.223746327089518360e-01 7.992058191165839209e-02 4.110347942817359490e-01
-8.175865668692275934e-01 7.969923775698439794e-02 4.111254084040235623e-01
-8.151931120992271795e-01 7.962805538860666388e-02 4.111360891199963286e-01
-8.104751349043978204e-01 7.952842585011217491e-02 4.111567048277485759e-01
-8.081571019248464660e-01 7.945569026121640510e-02 4.111228617134646823e-01
-8.034177514141783716e-01 7.933402688831810157e-02 4.110204240677587384e-01
-8.034177514141783716e-01 7.933402688831810157e-02 4.110204240677587384e-01
-8.009647281365440685e-01 7.923474892855235374e-02 4.108623300416037738e-01
-7.928238723578169278e-01 7.896897196734732616e-02 4.101829412256522422e-01
-7.864280059203849760e-01 7.885595100744514918e-02 4.095886990906465464e-01
-7.839580678697887217e-01 7.875171867418057081e-02 4.092534414634450002e-01
-7.789778427045451759e-01 7.858584885196333303e-02 4.086157540518841058e-01
-7.765039391304489058e-01 7.856074159957450453e-02 4.082970345227064923e-01
-7.715204162655183717e-01 7.830021597655094368e-02 4.076064756283241941e-01
-7.666247542435092877e-01 7.806302269152966267e-02 4.068380094978656381e-01
-7.617489451527997835e-01 7.791842771654157451e-02 4.061056225457063684e-01
-7.617489451527997835e-01 7.791842771654157451e-02 4.061056225457063684e-01
-7.541081257189237164e-01 7.715712591329612624e-02 4.047982970540261460e-01
-7.516456562881689285e-01 7.695921157685703395e-02 4.043841162677832557e-01
-7.467749633162439338e-01 7.664409361805218923e-02 4.036694489075167702e-01
-7.443546894152808235e-01 7.650091257155550162e-02 4.033666225212503287e-01
-7.419745113191774655e-01 7.638821976818055415e-02 4.030946171816390811e-01
-7.396102802628873318e-01 7.632015053139222516e-02 4.029363996181768437e-01
-7.335284952693040816e-01 7.652795192270431257e-02 4.030740464888933339e-01
-7.307216890613851268e-01 7.686424095572834403e-02 4.034243379184919709e-01
-7.264144382563663127e-01 7.718515582637293371e-02 4.039846734783137938e-01
-7.241225147655411254e-01 7.713641988937125493e-02 4.041100007168633157e-01
-7.219225510389656320e-01 7.719741735529825344e-02 4.042767289874518166e-01
-7.151507618540313693e-01 7.723574341886528527e-02 4.047704536175037449e-01
-7.129164808887251681e-01 7.717389151875513054e-02 4.049600475772832109e-01
-7.106222396095636107e-01 7.705330009366186117e-02 4.050787591667289744e-01
-7.035419252555081826e-01 7.657374648752422741e-02 4.054073170240880541e-01
-7.012100487925884140e-01 7.640687751414634854e-02 4.055578086429806328e-01
-6.939592003847804280e-01 7.594486155445913378e-02 4.059904766198416670e-01
-6.939592003847804280e-01 7.594486155445913378e-02 4.059904766198416670e-01
-6.890914751224211932e-01 7.581392819909939240e-02 4.061463866046756133e-01
-6.842013576321562818e-01 7.572442601266050899e-02 4.062626055634940281e-01
-6.817279750103577562e-01 7.571434785347930241e-02 4.062930318941021524e-01
-6.791853378618118997e-01 7.561291532988843878e-02 4.062066910307521317e-01
-6.758855729119416234e-01 7.566460614995665357e-02 4.061985016321698616e-01
-6.692501646106966406e-01 7.572952114149500424e-02 4.062005574590842327e-01
-6.642250938067767452e-01 7.593203339743807845e-02 4.062395229647219885e-01
-6.592469420502267141e-01 7.631592731292986820e-02 4.064253427420126963e-01
-6.567675754367584551e-01 7.650709359380609975e-02 4.065326971309833892e-01
-6.542656878372273832e-01 7.670776482629468318e-02 4.066551319652118579e-01
-6.495065041549802354e-01 7.728202769777754721e-02 4.070832518897343766e-01
-6.444824680392873262e-01 7.745581784978532169e-02 4.071712032237059242e-01
-6.395368526727959191e-01 7.772663120058127817e-02 4.072896183702463535e-01
-6.371132956381594381e-01 7.789178410277426690e-02 4.074186543017774831e-01
-6.322575166840788130e-01 7.815797834760836171e-02 4.075683367421679693e-01
-6.298130574283175021e-01 7.830086184259507642e-02 4.075965549099218599e-01
-6.250724922057311339e-01 7.870259851923855354e-02 4.077003973103271450e-01
-6.227631411588246957e-01 7.890121050672599390e-02 4.077863224017286292e-01
-6.180006207781088001e-01 7.907438024192600667e-02 4.077182782735625510e-01
-6.156062688846811737e-01 7.915149383942164663e-02 4.076068368407853582e-01
-6.108332256358042223e-01 7.941362230085731444e-02 4.075037002503179018e-01
-6.061004570001721214e-01 7.975685770135283736e-02 4.074947263334989245e-01
-6.037247416589505145e-01 7.987118863118712608e-02 4.073905938019878326e-01
-5.989892183880584087e-01 7.997055686144129150e-02 4.071302146557443935e-01
-5.943114874453797603e-01 8.017604764554019103e-02 4.067208511419662109e-01
-5.918595284018589586e-01 8.026890467348891944e-02 4.064556489473980516e-01
-5.846280552532522323e-01 8.072184947651291076e-02 4.061083963526170848e-01
-5.797708817275234461e-01 8.098533533886560776e-02 4.055502798090057093e-01
-5.749924882851641383e-01 8.131084753678620436e-02 4.051411052395880175e-01
-5.725923538592919693e-01 8.153536112448882267e-02 4.050612284698112964e-01
-5.676298040800553668e-01 8.175988567869575674e-02 4.043758686351541787e-01
-5.651542022190140235e-01 8.188212330253236138e-02 4.040291713735163492e-01
-5.601974636663236140e-01 8.235656232485487338e-02 4.036804618008655865e-01
-5.552635358322012271e-01 8.276801001681660663e-02 4.032112725847344370e-01
-5.552635358322012271e-01 8.276801001681660663e-02 4.032112725847344370e-01
-5.552635358322012271e-01 8.276801001681660663e-02 4.032112725847344370e-01
-5.527160816062609561e-01 8.290015889174172370e-02 4.028497697517857690e-01
-5.399500693001825224e-01 8.402922489963553232e-02 4.014453392013881405e-01
-5.372903490190658049e-01 8.422708741063204829e-02 4.009714909785168091e-01
-5.320211550816523749e-01 8.463746875106377410e-02 4.002059907144986939e-01
-5.320211550816523749e-01 8.463746875106377410e-02 4.002059907144986939e-01
-5.294147421504080686e-01 8.490713541376881945e-02 4.000070002353647292e-01
-5.210285323465843055e-01 8.545305980083521546e-02 3.998374157189349409e-01
-5.169206982103897730e-01 8.560809678512783238e-02 3.997899764983832149e-01
-5.122806859085139441e-01 8.584859824708855613e-02 4.000583487565293472e-01
-5.077795403986813394e-01 8.609252176666447320e-02 4.005376249961569712e-01
-5.032846420172155666e-01 8.618651453604686541e-02 4.009065028108641515e-01
-5.011983644625738199e-01 8.636405597567749226e-02 4.012724164268325344e-01
-4.969669542262489248e-01 8.664872298573551845e-02 4.020186902292257614e-01
-4.948488927986832153e-01 8.673753113873768072e-02 4.023566692092557240e-01
-4.926992890323837471e-01 8.679868573635467210e-02 4.026834028014319999e-01
-4.859427518569300886e-01 8.700002403607919044e-02 4.037690094066036517e-01
-4.836786558198480357e-01 8.715565601234508131e-02 4.041514490352026145e-01
-4.791137745712834017e-01 8.742786820897373301e-02 4.049061356229782804e-01
-4.766934521516687506e-01 8.751749435200519012e-02 4.053060845121004840e-01
-4.718309928424965771e-01 8.768319327702918387e-02 4.060194824438824179e-01
-4.694428747924691003e-01 8.778467046156530895e-02 4.063415701114885259e-01
-4.646530757914133503e-01 8.787617730100290292e-02 4.068920436497754922e-01
-4.600209546793709858e-01 8.792831221349274584e-02 4.075304466995883779e-01
-4.600209546793709858e-01 8.792831221349274584e-02 4.075304466995883779e-01
-4.555716134348979929e-01 8.807863531894023768e-02 4.081227707998464904e-01
-4.507453100619882580e-01 8.790757846409219534e-02 4.082547314457668497e-01
-4.459990541286106835e-01 8.776849067638474444e-02 4.084470594665080556e-01
-4.437105295808467242e-01 8.779388339766962257e-02 4.086116998296120961e-01
-4.391592512281863314e-01 8.787609322516420907e-02 4.089180064175902407e-01
-4.341865392203129725e-01 8.766788319522234030e-02 4.088352715600048759e-01
-4.317445963213042970e-01 8.764829750159684740e-02 4.088700636193421944e-01
-4.270900939057921675e-01 8.770012171946994783e-02 4.088836585133476254e-01
-4.246679338269356840e-01 8.765720028132245600e-02 4.087919914588370451e-01
-4.176949545885220161e-01 8.791258948602430345e-02 4.087034095746707729e-01
-4.176949545885220161e-01 8.791258948602430345e-02 4.087034095746707729e-01
-4.130433476335888532e-01 8.801905062319015371e-02 4.085987497044477612e-01
-4.082894833243613797e-01 8.803197268318006807e-02 4.081910444292812246e-01
-4.035819004116897868e-01 8.818053850280511974e-02 4.079537436199488498e-01
-4.011899629028516934e-01 8.821045362503386611e-02 4.077253367874790202e-01
-3.965013695455945064e-01 8.836990249409115705e-02 4.072372718116946677e-01
-3.940552064593296766e-01 8.843653961755405801e-02 4.070069174146887514e-01
-3.892133556172306386e-01 8.850162687976488585e-02 4.063719414144743025e-01
-3.843624158586759765e-01 8.849329845302143782e-02 4.055705469394988993e-01
-3.819655458733656750e-01 8.853443592908834259e-02 4.052641382519260871e-01
-3.795822861563630801e-01 8.859867425601704316e-02 4.049776331977177346e-01
-3.725443232281969164e-01 8.904675441279581716e-02 4.040881849534238013e-01
-3.725443232281969164e-01 8.904675441279581716e-02 4.040881849534238013e-01
-3.649042752213962904e-01 8.892657554323914193e-02 4.028845665121855157e-01
-3.624673628579063167e-01 8.897034088848647382e-02 4.024638663484403356e-01
-3.574989399745074903e-01 8.899763568155232007e-02 4.016750335614275302e-01
-3.548685135128848978e-01 8.890130042655212950e-02 4.011793458283595681e-01
-3.495918042415737115e-01 8.871042960365245478e-02 4.002124040868516586e-01
-3.444428113724134488e-01 8.854479508323288839e-02 3.992832975262391448e-01
-3.394192451111435749e-01 8.860762490488366394e-02 3.986208064610758939e-01
-3.394192451111435749e-01 8.860762490488366394e-02 3.986208064610758939e-01
-3.346155048281455602e-01 8.876098519233739659e-02 3.981621072118287641e-01
-3.293536110475619449e-01 8.882095569127756995e-02 3.977555776862716774e-01
-3.245146613171465688e-01 8.907538261603509255e-02 3.977523365886935780e-01
-3.222915642208516451e-01 8.927200981060579021e-02 3.979258644762425634e-01
-3.175309503960177526e-01 8.942384609775748394e-02 3.981247714220557121e-01
-3.150367841541659164e-01 8.942354731654640621e-02 3.982324743187979355e-01
-3.100750443503419995e-01 8.951753229169512327e-02 3.985943466760557552e-01
-3.051994991336304808e-01 8.968678110765387901e-02 3.989427056105906422e-01
-3.002562891270535994e-01 8.962303300174884191e-02 3.991587189553894577e-01
-2.977410363445185948e-01 8.956184049917215173e-02 3.992733929864950015e-01
-2.930944483181434634e-01 8.989126623311081976e-02 3.999245321493317684e-01
-2.906950149227167657e-01 9.004071842300559458e-02 4.002208112695090358e-01
-2.855206650970767979e-01 9.007315738630755630e-02 4.005663691823923012e-01
-2.828887322326849030e-01 9.007438031051311078e-02 4.007525914239195020e-01
-2.776455752158444867e-01 9.012941649874979533e-02 4.011329328471316957e-01
-2.725993234223862971e-01 9.035535348510848053e-02 4.016483112399126254e-01
-2.701787114552555158e-01 9.054501332319821183e-02 4.020227815666075344e-01
-2.701787114552555158e-01 9.054501332319821183e-02 4.020227815666075344e-01
-2.701787114552555158e-01 9.054501332319821183e-02 4.020227815666075344e-01
-2.701787114552555158e-01 9.054501332319821183e-02 4.020227815666075344e-01
-2.701787114552555158e-01 9.054501332319821183e-02 4.020227815666075344e-01
-2.701787114552555158e-01 9.054501332319821183e-02 4.020227815666075344e-01
-2.701787114552555158e-01 9.054501332319821183e-02 4.020227815666075344e-01
-2.701787114552555158e-01 9.054501332319821183e-02 4.020227815666075344e-01
-2.701787114552555158e-01 9.054501332319821183e-02 4.020227815666075344e-01
-2.701787114552555158e-01 9.054501332319821183e-02 4.020227815666075344e-01
-2.701787114552555158e-01 9.054501332319821183e-02 4.020227815666075344e-01
-2.701787114552555158e-01 9.054501332319821183e-02 4.020227815666075344e-01
-2.701787114552555158e-01 9.054501332319821183e-02 4.020227815666075344e-01
-2.701787114552555158e-01 9.054501332319821183e-02 4.020227815666075344e-01
-2.701787114552555158e-01 9.054501332319821183e-02 4.020227815666075344e-01
-2.701787114552555158e-01 9.054501332319821183e-02 4.020227815666075344e-01
-2.701787114552555158e-01 9.054501332319821183e-02 4.020227815666075344e-01
-2.701787114552555158e-01 9.054501332319821183e-02 4.020227815666075344e-01
-2.701787114552555158e-01 9.054501332319821183e-02 4.020227815666075344e-01
-2.701787114552555158e-01 9.054501332319821183e-02 4.020227815666075344e-01
-2.701787114552555158e-01 9.054501332319821183e-02 4.020227815666075344e-01
-2.701787114552555158e-01 9.054501332319821183e-02 4.020227815666075344e-01
-2.701787114552555158e-01 9.054501332319821183e-02 4.020227815666075344e-01
-2.701787114552555158e-01 9.054501332319821183e-02 4.020227815666075344e-01
-2.701787114552555158e-01 9.054501332319821183e-02 4.020227815666075344e-01
-2.701787114552555158e-01 9.054501332319821183e-02 4.020227815666075344e-01
-2.701787114552555158e-01 9.054501332319821183e-02 4.020227815666075344e-01
-2.701787114552555158e-01 9.054501332319821183e-02 4.020227815666075344e-01
-2.701787114552555158e-01 9.054501332319821183e-02 4.020227815666075344e-01
-2.701787114552555158e-01 9.054501332319821183e-02 4.020227815666075344e-01
-2.701787114552555158e-01 9.054501332319821183e-02 4.020227815666075344e-01
-2.701787114552555158e-01 9.054501332319821183e-02 4.020227815666075344e-01
-2.701787114552555158e-01 9.054501332319821183e-02 4.020227815666075344e-01
-2.701787114552555158e-01 9.054501332319821183e-02 4.020227815666075344e-01
-2.701787114552555158e-01 9.054501332319821183e-02 4.020227815666075344e-01
-2.701787114552555158e-01 9.054501332319821183e-02 4.020227815666075344e-01
-2.701787114552555158e-01 9.054501332319821183e-02 4.020227815666075344e-01
-2.701787114552555158e-01 9.054501332319821183e-02 4.020227815666075344e-01
-2.701787114552555158e-01 9.054501332319821183e-02 4.020227815666075344e-01
-2.701787114552555158e-01 9.054501332319821183e-02 4.020227815666075344e-01
-2.701787114552555158e-01 9.054501332319821183e-02 4.020227815666075344e-01
-2.701787114552555158e-01 9.054501332319821183e-02 4.020227815666075344e-01
-2.701787114552555158e-01 9.054501332319821183e-02 4.020227815666075344e-01
-2.701787114552555158e-01 9.054501332319821183e-02 4.020227815666075344e-01
-2.701787114552555158e-01 9.054501332319821183e-02 4.020227815666075344e-01
-2.701787114552555158e-01 9.054501332319821183e-02 4.020227815666075344e-01
-2.701787114552555158e-01 9.054501332319821183e-02 4.020227815666075344e-01
-2.701787114552555158e-01 9.054501332319821183e-02 4.020227815666075344e-01
-2.701787114552555158e-01 9.054501332319821183e-02 4.020227815666075344e-01
-2.701787114552555158e-01 9.054501332319821183e-02 4.020227815666075344e-01
-2.701787114552555158e-01 9.054501332319821183e-02 4.020227815666075344e-01
-2.701787114552555158e-01 9.054501332319821183e-02 4.020227815666075344e-01
-2.701787114552555158e-01 9.054501332319821183e-02 4.020227815666075344e-01
-2.701787114552555158e-01 9.054501332319821183e-02 4.020227815666075344e-01
-2.701787114552555158e-01 9.054501332319821183e-02 4.020227815666075344e-01
-2.701787114552555158e-01 9.054501332319821183e-02 4.020227815666075344e-01
-2.701787114552555158e-01 9.054501332319821183e-02 4.020227815666075344e-01
-2.701787114552555158e-01 9.054501332319821183e-02 4.020227815666075344e-01
-2.701787114552555158e-01 9.054501332319821183e-02 4.020227815666075344e-01
-2.701787114552555158e-01 9.054501332319821183e-02 4.020227815666075344e-01
-2.701787114552555158e-01 9.054501332319821183e-02 4.020227815666075344e-01
-2.701787114552555158e-01 9.054501332319821183e-02 4.020227815666075344e-01
-2.701787114552555158e-01 9.054501332319821183e-02 4.020227815666075344e-01
-2.701787114552555158e-01 9.054501332319821183e-02 4.020227815666075344e-01
-2.701787114552555158e-01 9.054501332319821183e-02 4.020227815666075344e-01
-2.701787114552555158e-01 9.054501332319821183e-02 4.020227815666075344e-01
-2.677270351946964833e-01 9.071394072651535467e-02 4.023841700908943331e-01
-8.787922341501469559e-02 1.020449407566285105e-01 4.022294625918093613e-01
2.517484721077752150e-03 1.077166640205984849e-01 4.018796518999199208e-01
8.662539586905028399e-03 1.078551690655626533e-01 4.014133178055933060e-01
1.375729877231669264e-02 1.080147941920801130e-01 4.009722530154051778e-01
1.876207706457040311e-02 1.083086557565704905e-01 4.006095035519829928e-01
2.403649942244088025e-02 1.083998215083873534e-01 4.000176686355526590e-01
2.403649942244088025e-02 1.083998215083873534e-01 4.000176686355526590e-01
2.403649942244088025e-02 1.083998215083873534e-01 4.000176686355526590e-01
3.097790303095261655e-02 1.085846427012614052e-01 3.990989607687613905e-01
3.987220104933329040e-02 1.085641692437494948e-01 3.978522698699279436e-01
4.249837918050405200e-02 1.085953044263864159e-01 3.973997331912441089e-01
4.786283364491838999e-02 1.085920528527573037e-01 3.964783484564120553e-01
5.058475058281384357e-02 1.085595011603783799e-01 3.960463562601023169e-01
5.601301708432478849e-02 1.085738962338460567e-01 3.951682470071752329e-01
6.146194514939481296e-02 1.086145871774105154e-01 3.941491200844747800e-01
6.422364669850182117e-02 1.086223867265467130e-01 3.936733629045132687e-01
6.960325324385331636e-02 1.088007130021797914e-01 3.930073156792799338e-01
7.216892994018705987e-02 1.090020694398784323e-01 3.928086313502839877e-01
7.718773618377026968e-02 1.094955731462315535e-01 3.926626677787773412e-01
7.965606221879216464e-02 1.097859311732824472e-01 3.927540009299447243e-01
8.199804399012168565e-02 1.100598689218234422e-01 3.928882052369162547e-01
8.932202643960258925e-02 1.106645809527357222e-01 3.934937137967201570e-01
9.174602400377003530e-02 1.108209068319729873e-01 3.937356637863116404e-01
9.660774657340498450e-02 1.110362265290109063e-01 3.941973206807853902e-01
1.016811127818441490e-01 1.110694489193507078e-01 3.945979114230800944e-01
1.041520998496488354e-01 1.111158280867599740e-01 3.948278272277994105e-01
1.088893902512550055e-01 1.113222570791682769e-01 3.952782968117478646e-01
1.113513462944315940e-01 1.114018287614682162e-01 3.955292313849946284e-01
1.164491608619975666e-01 1.114823471886956519e-01 3.960042567816833836e-01
1.190249753005461902e-01 1.115349336668212121e-01 3.962575868399056400e-01
1.241471469711171588e-01 1.118587927495499762e-01 3.968802862884128757e-01
1.294111507234167735e-01 1.121181923530668728e-01 3.973565531236850079e-01
1.347550307361956301e-01 1.123981441664688163e-01 3.980114208637941520e-01
1.374180450980205526e-01 1.125906400320991624e-01 3.983149070321825302e-01
1.401552767825241519e-01 1.127243572192946769e-01 3.985578611928387582e-01
1.454745761084070554e-01 1.131413789514178481e-01 3.990363256392627234e-01
1.454745761084070554e-01 1.131413789514178481e-01 3.990363256392627234e-01
1.515474685258528798e-01 1.138095835368611725e-01 3.995488117632420844e-01
1.549574484231495131e-01 1.142333205175518479e-01 3.999053972648103361e-01
1.631720491124393768e-01 1.153884741465736469e-01 4.007694949841331677e-01
1.657212125494653965e-01 1.157456166190074937e-01 4.008202916368440727e-01
1.707669910569244165e-01 1.161586995673581230e-01 4.009579526373812097e-01
1.733103316951933870e-01 1.163419573160577453e-01 4.009911380751038923e-01
1.783221245180222903e-01 1.168457151726311621e-01 4.012212288214221934e-01
1.833767561535010471e-01 1.172587355659495539e-01 4.012563761937627538e-01
1.859132993979925319e-01 1.174627925837092302e-01 4.012050395021067306e-01
1.859132993979925319e-01 1.174627925837092302e-01 4.012050395021067306e-01
1.933838504920950274e-01 1.181847859972419146e-01 4.012483243324438398e-01
1.958648658160963285e-01 1.183865739749421081e-01 4.012062776975178213e-01
2.008541218112470661e-01 1.188128157211533198e-01 4.011217000278192168e-01
2.057569088920542244e-01 1.192024495339394780e-01 4.009034671567568431e-01
2.107353071014745893e-01 1.195732501292011002e-01 4.006401801479962943e-01
2.132147745724946308e-01 1.197941596847055257e-01 4.005054758340135246e-01
2.179672877736212599e-01 1.203327720307135612e-01 4.003739311625889030e-01
2.230102199412814790e-01 1.208786037651523732e-01 3.999466607974061505e-01
2.255912523744826592e-01 1.211659052104907125e-01 3.997103129224442997e-01
2.281106589159113407e-01 1.214154908510098330e-01 3.995007222359966415e-01
2.356934215185991499e-01 1.222312315813115502e-01 3.988938108845242470e-01
2.382344283807859009e-01 1.224512553239615192e-01 3.985725015061615251e-01
2.433469619063000078e-01 1.230656285249399073e-01 3.980605633611383753e-01
2.459949664755479992e-01 1.233309408221832243e-01 3.977978329873822494e-01
2.485416842030815643e-01 1.235758450752944548e-01 3.974737088342602531e-01
2.485416842030815643e-01 1.235758450752944548e-01 3.974737088342602531e-01
2.509947096110725639e-01 1.238780774182806077e-01 3.971572971650082495e-01
2.560156890914249694e-01 1.245828718952207148e-01 3.966390562702629685e-01
2.560156890914249694e-01 1.245828718952207148e-01 3.966390562702629685e-01
2.610814430255170016e-01 1.252607983808506908e-01 3.960314048007691490e-01
2.743498163748795959e-01 1.268270196717507792e-01 3.942926703720046611e-01
2.795801061719800362e-01 1.272981066934343042e-01 3.937996466776062521e-01
2.847180664955258345e-01 1.274681038898911600e-01 3.935552429266121477e-01
2.872568819072439106e-01 1.275549476171327079e-01 3.935949216229143177e-01
2.922644903837734454e-01 1.278314414679161404e-01 3.939378127375102734e-01
2.969997833154180422e-01 1.280976157349552891e-01 3.944901319772201598e-01
2.993240357043118194e-01 1.282291101788819720e-01 3.947838061839957779e-01
3.038742071077173978e-01 1.285595106669669974e-01 3.954528059105620885e-01
3.061005154718108301e-01 1.287408593959490088e-01 3.957797853325439874e-01
3.106276861134322775e-01 1.290730726358842173e-01 3.965441676860776976e-01
3.128713582244416203e-01 1.292427176789099352e-01 3.969671311287240600e-01
3.172112230309500625e-01 1.295773676495130811e-01 3.978886696861169137e-01
3.214764356639255305e-01 1.299539871069753938e-01 3.989594034470510531e-01
3.236820603584244505e-01 1.301741890952025360e-01 3.993771409397215422e-01
3.258357770843242074e-01 1.303515909692047892e-01 3.998163878744368516e-01
3.305450720822994959e-01 1.306055835119551423e-01 4.004661466083937471e-01
3.353760422695152843e-01 1.309074594244145906e-01 4.011242457250377980e-01
3.401972641853137636e-01 1.313066709846047730e-01 4.017076578851456192e-01
3.426276255514119629e-01 1.314577249128932035e-01 4.019474974473900009e-01
3.475009771567206251e-01 1.315976427920509118e-01 4.025072407571610444e-01
3.499300950946763744e-01 1.316604145317786800e-01 4.027985143243879573e-01
3.546376406110633428e-01 1.318002943728369403e-01 4.033470205677366360e-01
3.592758847529292088e-01 1.318674987210425864e-01 4.039795149301005361e-01
3.616995559974611196e-01 1.317463263547787033e-01 4.040596204839049799e-01
3.666358675950435742e-01 1.315306193200041496e-01 4.041030386003362507e-01
3.689829293071360539e-01 1.315417689901311749e-01 4.042467026930771645e-01
3.737347323055197901e-01 1.315113662920791293e-01 4.044232595173594680e-01
3.761002255677191042e-01 1.314793350729569210e-01 4.044890419241348178e-01
3.808519505373355596e-01 1.315040244198820429e-01 4.046252854024147139e-01
3.831557786486395334e-01 1.316135137428626478e-01 4.048202069330181230e-01
3.853970324947432746e-01 1.317059742954890533e-01 4.049477251171232917e-01
3.919531199712310010e-01 1.317511301042898209e-01 4.047930376234867289e-01
3.975962115170543765e-01 1.318356415852674768e-01 4.045343473591714867e-01
3.999229025483828082e-01 1.318520229841276536e-01 4.044016856875399801e-01
4.047219346891867686e-01 1.319920649706891325e-01 4.039031866138959037e-01
4.071415872687810800e-01 1.321233869649680037e-01 4.036757779259242396e-01
4.118990540262685296e-01 1.323645826249698343e-01 4.033172850012755051e-01
4.167362212253564735e-01 1.324673179782795696e-01 4.027707432962529532e-01
4.191624791739856914e-01 1.325642992908891982e-01 4.024611790328325167e-01
4.236966757333482936e-01 1.326454721058758779e-01 4.018970669696577680e-01
4.283216752448139597e-01 1.326229920415234187e-01 4.015338610114805862e-01
4.307310039688901360e-01 1.326362153220895512e-01 4.013705866891290608e-01
4.331129997095068962e-01 1.326352248399491895e-01 4.010746393710780122e-01
4.377917555853564902e-01 1.325981089832841964e-01 4.003477849681452705e-01
4.425653807976375198e-01 1.325586386452458909e-01 3.996180727121135812e-01
4.449557945228111433e-01 1.325076690566117377e-01 3.992397459698340256e-01
4.498783411378976527e-01 1.323450149453932745e-01 3.986104144103229663e-01
4.524290831072683705e-01 1.322475614474911687e-01 3.983477403596847877e-01
4.600162770854901439e-01 1.321498630381506001e-01 3.971346940217915789e-01
4.624784598507205580e-01 1.321065246872606125e-01 3.967599876380401014e-01
4.650211889162269574e-01 1.321317779312683183e-01 3.964295456709869825e-01
4.699705398966730896e-01 1.322657580026609103e-01 3.958025991640797825e-01
4.723957347974837018e-01 1.323657611983941884e-01 3.955569686187269118e-01
4.771964405754145488e-01 1.327361338341095376e-01 3.954017457696751281e-01
4.795535131074095681e-01 1.329608575781890123e-01 3.953786855742902340e-01
4.841737910207908335e-01 1.333306274078774611e-01 3.954416292541828026e-01
4.887455424084774513e-01 1.337248349305053818e-01 3.957423928465022556e-01
4.932615518038354629e-01 1.340383761000410179e-01 3.960397168292800751e-01
4.932615518038354629e-01 1.340383761000410179e-01 3.960397168292800751e-01
4.956028168077604157e-01 1.340233686312962968e-01 3.960263973644322366e-01
5.019800413608042078e-01 1.339636190205591715e-01 3.962400001278129080e-01
5.075548499431716820e-01 1.339746421185951664e-01 3.965752188440786474e-01
5.099327650447363913e-01 1.339556833976698058e-01 3.967036879686588469e-01
5.123445502446195565e-01 1.339370410832299296e-01 3.968512190533424189e-01
5.180108324873636816e-01 1.339161686635539084e-01 3.972661728810457094e-01
5.212277569554545353e-01 1.339417059817605560e-01 3.974669306096326737e-01
5.268231074603537678e-01 1.339814222582720316e-01 3.978283796776448389e-01
5.291210832052771762e-01 1.340950863537871962e-01 3.980725832644731454e-01
5.337907351879822571e-01 1.344170963006164621e-01 3.983748666406582428e-01
5.385180688388078174e-01 1.346814429001565172e-01 3.986434348050654775e-01
5.431500158427879921e-01 1.350593455970033052e-01 3.991397612045494148e-01
5.454955035594195589e-01 1.353233361808863777e-01 3.993675611964283556e-01
5.501683478097094682e-01 1.359622560809764791e-01 3.998760649268703338e-01
5.523582902864094812e-01 1.362695343962493644e-01 4.002510233578160381e-01
5.568048136431152928e-01 1.368330361439268616e-01 4.009006404435203619e-01
5.591597285946625639e-01 1.370393752047607272e-01 4.010704681564555285e-01
5.638918061163195050e-01 1.375067856314910741e-01 4.013622437046060476e-01
5.684090565624098090e-01 1.381822994224297385e-01 4.015685184418962272e-01
5.753763931398677700e-01 1.388632147834985009e-01 4.019146048887767275e-01
5.798715114378739655e-01 1.394428651929067176e-01 4.020307412829248195e-01
5.820591753361142873e-01 1.397180682788280726e-01 4.021159633615657425e-01
5.843141770047873829e-01 1.399482075637452361e-01 4.021069630572126075e-01
5.888456874673471120e-01 1.404060422001957020e-01 4.020755607368632356e-01
5.933626454229234959e-01 1.408523075559276749e-01 4.019500324696824167e-01
5.979491250464020746e-01 1.413003217007329226e-01 4.018333406521895634e-01
6.000534859306023705e-01 1.415510636553733159e-01 4.016752665076481765e-01
6.045093226324055324e-01 1.420097032623439393e-01 4.014909964846598012e-01
6.069185964988031978e-01 1.421441628436099225e-01 4.014603207458710132e-01
6.114232853533664303e-01 1.425154559509535235e-01 4.011801450825135396e-01
6.136697908619564990e-01 1.427519566154308583e-01 4.010765358812239390e-01
6.182445131942374550e-01 1.431670900801143009e-01 4.007917593513133925e-01
6.251262335473345422e-01 1.438377567056660644e-01 4.003023648247001631e-01
6.251262335473345422e-01 1.438377567056660644e-01 4.003023648247001631e-01
6.274404296290246874e-01 1.440846795273432734e-01 4.000957939877501923e-01
6.322225930372659120e-01 1.445471008026516513e-01 3.996381302998661678e-01
6.370167954434354796e-01 1.451137767594941341e-01 3.991150685140116838e-01
6.392617885654268139e-01 1.453641385707838130e-01 3.988667315691385440e-01
6.438107890729609650e-01 1.458434944976068903e-01 3.983187250260625811e-01
6.486197456039080045e-01 1.463105809803615098e-01 3.977756999089383516e-01
6.533630987273131296e-01 1.469278172360335699e-01 3.975087123084893870e-01
6.557297431404475185e-01 1.472763180975541486e-01 3.973414514687626520e-01
6.606325121596284822e-01 1.480058414915401688e-01 3.966402641937673001e-01
6.630793467958085996e-01 1.483688181185023880e-01 3.962669735430613960e-01
6.680051131751033600e-01 1.491143350159336856e-01 3.955703491961392038e-01
6.729581302923196562e-01 1.499542661656798337e-01 3.947502005444699646e-01
6.755248865277425629e-01 1.503033691193032817e-01 3.944352700687501212e-01
6.807379423953882069e-01 1.508638409649679657e-01 3.937584517845506005e-01
6.858259869506277973e-01 1.513070485688430000e-01 3.935199470142599631e-01
6.882980503014266560e-01 1.515085071994239641e-01 3.935096105363450336e-01
6.907497516579589325e-01 1.517010432050523439e-01 3.935299390199605840e-01
6.955443906551366240e-01 1.521300837220429247e-01 3.938282209815743284e-01
7.002181009568225756e-01 1.526932388730120327e-01 3.942757489795111203e-01
7.026105755501529382e-01 1.529018330921638746e-01 3.945249710601020920e-01
7.073668390083204249e-01 1.533071501517460078e-01 3.950855521628566791e-01
7.096181161442985941e-01 1.535880751104172770e-01 3.954343024555890818e-01
7.142513792753558688e-01 1.540706404651925043e-01 3.961126336923113112e-01
7.189488579524899725e-01 1.545706663337101106e-01 3.966734064974081209e-01
7.213322801922347205e-01 1.548167378420692020e-01 3.968828121994545377e-01
7.261505876093664602e-01 1.553646705969156383e-01 3.971850356352710776e-01
7.286432337011810034e-01 1.556357378581834650e-01 3.975398887407254334e-01
7.336181440489618621e-01 1.563097556173569103e-01 3.983126142544501924e-01
7.359909033732735528e-01 1.567096199172923476e-01 3.985761749973029122e-01
7.408736573546836901e-01 1.573267884230137303e-01 3.989466434450062993e-01
7.459419104399239719e-01 1.577170864423109442e-01 3.992742617767247593e-01
7.484634012493893707e-01 1.579224379921566612e-01 3.994999152966342004e-01
7.509397454555463147e-01 1.580935170570807458e-01 3.996939857082646430e-01
7.557958817331545953e-01 1.583865623270999667e-01 4.000136281827015861e-01
7.633768467065191743e-01 1.585397174846541468e-01 4.006664265819774862e-01
7.658428207439117452e-01 1.586391459256512870e-01 4.007679669608232853e-01
7.681945951419976160e-01 1.588159199439289626e-01 4.009088492180080676e-01
7.728450455006802278e-01 1.591566061500788720e-01 4.011548066087485820e-01
7.777886163235808725e-01 1.593273450486601128e-01 4.013288981507961983e-01
7.803006510469202572e-01 1.594628535713637774e-01 4.012106834398893040e-01
7.850360647961748262e-01 1.597702946082919240e-01 4.010088877782037597e-01
7.873625904207134374e-01 1.598842435535587081e-01 4.011047174151677330e-01
7.923856076231100554e-01 1.600741754459215349e-01 4.009241202831016482e-01
7.973540254444467790e-01 1.603776819492221117e-01 4.007123498662908956e-01
7.973540254444467790e-01 1.603776819492221117e-01 4.007123498662908956e-01
7.997154849768307594e-01 1.605750033022502465e-01 4.007015073678380501e-01
8.060548560476719082e-01 1.611909855028882954e-01 4.003785867278398802e-01
8.115280593855316305e-01 1.617430422739309648e-01 3.996468781036464080e-01
8.164494905295288651e-01 1.621619571462294129e-01 3.990801407468054229e-01
8.213199416718617307e-01 1.625876148309930991e-01 3.984776611470000063e-01
8.238780989681194766e-01 1.627918898855651719e-01 3.982202326208471588e-01
8.264102383542435426e-01 1.629736529019158164e-01 3.979372937910011787e-01
8.313507809164378815e-01 1.633564582015649969e-01 3.972171362373849712e-01
8.362300670405776737e-01 1.637889716801653739e-01 3.962856633541128604e-01
8.409772647610576080e-01 1.642655576943031215e-01 3.955045141692986599e-01
8.458814352914710843e-01 1.645283861979686679e-01 3.946241197957197633e-01
8.509290608940950351e-01 1.648007310528069591e-01 3.937564774669619627e-01
8.534898952244246439e-01 1.649464691819916007e-01 3.933436228844545690e-01
8.585385907049530863e-01 1.652184255482446185e-01 3.924006329571092522e-01
8.636374440053371515e-01 1.656334234379144288e-01 3.914285285781011758e-01
8.687681272677733046e-01 1.659741356659235612e-01 3.907174447383813254e-01
8.712576787266431699e-01 1.662410191308662799e-01 3.905419941271018880e-01
8.761131022952106662e-01 1.668732029232379011e-01 3.903395457895226794e-01
8.785051594355883786e-01 1.672308253746234430e-01 3.903388068201205652e-01
8.830458257670000810e-01 1.680654476176389467e-01 3.903775273805467627e-01
8.876281842742338446e-01 1.687860816103832207e-01 3.906235450448970470e-01
8.899108241886287685e-01 1.690603944240458567e-01 3.907196504866685682e-01
8.946215329431611574e-01 1.695101734952388084e-01 3.908313497725420804e-01
8.970879606649223570e-01 1.697457144765780745e-01 3.909723181410592607e-01
9.018586343231912439e-01 1.701730279664624979e-01 3.912786968645524110e-01
9.042647383825653806e-01 1.703564949689229391e-01 3.913838856970838220e-01
9.091524857414784444e-01 1.708168328937745561e-01 3.915371389491654197e-01
9.116294581962592902e-01 1.710629359071836053e-01 3.916517340827642135e-01
9.141198607070112336e-01 1.712717216766495854e-01 3.918051194691508643e-01
9.192377504456201720e-01 1.715698566159999106e-01 3.920987070256382045e-01
9.244417746415725112e-01 1.718408723871051869e-01 3.925916217854840129e-01
9.296130846895627187e-01 1.721914239625112197e-01 3.931721846544481425e-01
9.322133261975270591e-01 1.723436887196443390e-01 3.934874431681431028e-01
9.373951794201897947e-01 1.727682285860018263e-01 3.940916376487801909e-01
9.425149750993426778e-01 1.733752681445617227e-01 3.946478313283828809e-01
9.476384252692677812e-01 1.741054420189314944e-01 3.951211804248867532e-01
9.501918159813865783e-01 1.744950348287601649e-01 3.953065781750032537e-01
9.501918159813865783e-01 1.744950348287601649e-01 3.953065781750032537e-01
9.550401107958502722e-01 1.753275304540114765e-01 3.956333679934050940e-01
9.616630912447553525e-01 1.763220007360091213e-01 3.961000803517459312e-01
9.674422719803027482e-01 1.771873894191170751e-01 3.965614567073574293e-01
9.674422719803027482e-01 1.771873894191170751e-01 3.965614567073574293e-01
9.746348941914445563e-01 1.784089193006616336e-01 3.968251677833097846e-01
9.770285263963333078e-01 1.788371374967906713e-01 3.968234230018494735e-01
9.818510710532750707e-01 1.796030743333081603e-01 3.969158690021329372e-01
9.842687374062885075e-01 1.799214145165806966e-01 3.969484390147276498e-01
9.866089698327383806e-01 1.802512718404899461e-01 3.968840259862088660e-01
9.913021340338087350e-01 1.809056375006982131e-01 3.968436819445342323e-01
9.984362709270927505e-01 1.818896879604000871e-01 3.965989759222845468e-01
9.984362709270927505e-01 1.818896879604000871e-01 3.965989759222845468e-01
1.000824560597390667e+00 1.822387685969817095e-01 3.965236743296931543e-01
1.003967230725717252e+00 1.826851825765552217e-01 3.963410765251892398e-01
1.012588541894155370e+00 1.838249300370485839e-01 3.957532755407545677e-01
1.015031956514897304e+00 1.841153563633371737e-01 3.955932444836640638e-01
1.017447951200938672e+00 1.844189040076145425e-01 3.954035466059099280e-01
1.022294098174319599e+00 1.850219395885071005e-01 3.950084818910472029e-01
1.027315112329217905e+00 1.855859783572438582e-01 3.947056856773819566e-01
1.032164646222720528e+00 1.863554479313090095e-01 3.941264438796777680e-01
1.039279483082760747e+00 1.876658436790582252e-01 3.930063648450953240e-01
1.044130339344001346e+00 1.885519509787601800e-01 3.922672054483965498e-01
1.046624151981978335e+00 1.889852848324300449e-01 3.919469724515350917e-01
1.051646394585178834e+00 1.897328358861043451e-01 3.913463139899370224e-01
1.054122828228057029e+00 1.901223718278967356e-01 3.909805076138782587e-01
1.059254013372082026e+00 1.909881674339279078e-01 3.900681116914592739e-01
1.061994248426477938e+00 1.911099285457558417e-01 3.895434854632634503e-01
1.067334658111611434e+00 1.913045227621406885e-01 3.886726342798371148e-01
1.069876384738668085e+00 1.916187365215909766e-01 3.883783134737904819e-01
1.077072599717880719e+00 1.931048959849674673e-01 3.890809875065484036e-01
1.079342160528683037e+00 1.938974323684579393e-01 3.899966045792816471e-01
1.083941502087925723e+00 1.932872497638684628e-01 3.897015400741616897e-01
1.086290483598535417e+00 1.927269612886141903e-01 3.892314744576806929e-01
1.090863641234594228e+00 1.929126903190607478e-01 3.895132229041163852e-01
1.093047339136903551e+00 1.930621836622554710e-01 3.899153828663194377e-01
1.097519837125006337e+00 1.934149979323423751e-01 3.907991256086619236e-01
1.099675953215261792e+00 1.937502777753171979e-01 3.913389840333938441e-01
1.103984113518078347e+00 1.945028376064219799e-01 3.923622741697371241e-01
1.108558257475162234e+00 1.949517341330173625e-01 3.929777323002398015e-01
1.108558257475162234e+00 1.949517341330173625e-01 3.929777323002398015e-01
1.110896891594242764e+00 1.952129910063392371e-01 3.932389796132449433e-01
1.117490623425462459e+00 1.956979386161965540e-01 3.939548255952344258e-01
1.123160437220815489e+00 1.963158717667822517e-01 3.945892735849287902e-01
1.125501491228867001e+00 1.966003593572373254e-01 3.949011393699782824e-01
1.130438251636514790e+00 1.970413260088168528e-01 3.957035052925786944e-01
1.135349910563458797e+00 1.973936776003321347e-01 3.963237876791273484e-01
1.137783570474299122e+00 1.975434735795760233e-01 3.965856299385498440e-01
1.142575396460266735e+00 1.978778891846340315e-01 3.969262325374486311e-01
1.147396318747751609e+00 1.978806126968660484e-01 3.973803693111611635e-01
1.152505465164741727e+00 1.983602473532117827e-01 3.988833904726080126e-01
1.155117910184320529e+00 1.989132429705910143e-01 3.999889386282265979e-01
1.159821465756590841e+00 1.994028624014364259e-01 4.010604838390657845e-01
1.161918785415002597e+00 1.991429664122241761e-01 4.010772875352847100e-01
1.166058961814227191e+00 1.987221696866803278e-01 4.011321833875211018e-01
1.166058961814227191e+00 1.987221696866803278e-01 4.011321833875211018e-01
1.170651982779903788e+00 1.988289208384770024e-01 4.012158881744219974e-01
1.175937393551182319e+00 1.992234968608868895e-01 4.017064136771106853e-01
1.180547007985553565e+00 2.002740984360972532e-01 4.021813463710722791e-01
1.184921994174018778e+00 2.004703828726591974e-01 4.021781351021390671e-01
1.187300046743796633e+00 2.005455285847995428e-01 4.021155098920758952e-01
1.191953409425302146e+00 2.007354492766396936e-01 4.018767018485320808e-01
1.196550511635319003e+00 2.005313943171797286e-01 4.012379978682877324e-01
1.198882795289754055e+00 2.002757501054227840e-01 4.008939314102658580e-01
1.201330323303299030e+00 1.998325180531384804e-01 4.004968076030334112e-01
1.206205587905279986e+00 1.999970189226105421e-01 4.001103452801973992e-01
1.210967122473627366e+00 2.002102808828062075e-01 3.996906789818334138e-01
1.215533991710068040e+00 2.004537842945020021e-01 3.989335990020187461e-01
1.220473762061921041e+00 1.999920598033010644e-01 3.985996020097425374e-01
1.222900362120453721e+00 1.998703735930275893e-01 3.984073584833457415e-01
1.227727822416922132e+00 2.000308200984751428e-01 3.977490260342283479e-01
1.230186686651032701e+00 2.000307773555586588e-01 3.974778536121760242e-01
1.235174249840300886e+00 1.998738024438950489e-01 3.968819850579864417e-01
1.237719407674909400e+00 1.998084257334032665e-01 3.965720543599612347e-01
1.242565609283325490e+00 1.997031809484710319e-01 3.958941916399905114e-01
