3.127858694519584926e-03 2.776353146147718734e-02 -2.922908880399315706e-02 9.991821971935163083e-01
3.404420754160358744e-03 2.794583154927506724e-02 -2.830464154393403514e-02 9.992028260995950983e-01
3.656520457280093908e-03 2.796777425849634666e-02 -2.865022146774730272e-02 9.991914722769706936e-01
5.221600569788914688e-03 2.778341686850870421e-02 -2.867078366579743284e-02 9.991890725976687593e-01
2.185153555356128281e-03 2.796232445638978381e-02 -2.808174397203775513e-02 9.992120641637710632e-01
1.996822824902375667e-03 2.871178728920099898e-02 -2.833718995779625771e-02 9.991839918826569411e-01
3.872899980136779640e-04 2.958584256841707491e-02 -2.781306481525667312e-02 9.991751404791637814e-01
-2.746741963061624398e-03 3.062245764188724004e-02 -2.767044752619849182e-02 9.991441671902304700e-01
5.335930266382981875e-04 3.087251697523551650e-02 -2.731375151295990095e-02 9.991499196578980113e-01
6.018095450562800826e-04 2.945119396418833038e-02 -2.504174983786710759e-02 9.992523083608128021e-01
-1.060370995644760147e-03 2.973949873165639135e-02 -2.659688329149622818e-02 9.992032043722237633e-01
-3.864336489574848443e-03 2.876572951189828795e-02 -2.583185233038239742e-02 9.992448724483529165e-01
-5.104884510526670922e-03 2.677628240224995751e-02 -2.548603964359407240e-02 9.993034737446550020e-01
-7.002068733042483666e-03 2.549569284894248264e-02 -2.638099135599112494e-02 9.993022485588057835e-01
-8.270557398070258609e-03 2.412288631835153574e-02 -2.375631477707595626e-02 9.993924763295998215e-01
-8.224852453313086231e-03 2.284758115082943103e-02 -2.390681104810200158e-02 9.994192334667107991e-01
-8.659335423149049429e-03 2.159010306524821940e-02 -2.388950552573525579e-02 9.994439328373539988e-01
-7.710247295337923322e-03 1.945208596763639899e-02 -2.322615376217530489e-02 9.995112376654743391e-01
-7.093060904139327633e-03 1.763963719408215974e-02 -2.264151557417090621e-02 9.995628511800426219e-01
-7.066860014545206514e-03 1.634198657187619849e-02 -2.268164869606089165e-02 9.995841844371328166e-01
-7.182929914471467524e-03 1.401034628432706701e-02 -2.236841772203640097e-02 9.996258147944407924e-01
-4.023846020637258589e-03 1.325402042255111393e-02 -2.218744494973115197e-02 9.996578699197258278e-01
-5.385471244843963862e-03 1.156186295001021200e-02 -2.184136613644811070e-02 9.996800862025260193e-01
-5.321682136668554400e-03 1.043142406166962244e-02 -2.173214105120886697e-02 9.996952431299311881e-01
-2.890893363068964498e-03 7.705761744057755720e-03 -2.251327555794851998e-02 9.997126669174293268e-01
-3.294411872644190109e-03 6.387259535005389115e-03 -2.253254990159857946e-02 9.997202778582506832e-01
-4.177178008891876092e-03 4.479564052768640267e-03 -2.240643075335355464e-02 9.997301818744267488e-01
-4.341733687208633279e-03 3.715872799457612362e-03 -2.268251423108383694e-02 9.997263851605019402e-01
-3.797991439648407217e-03 2.925131061340915939e-03 -2.238255648590267363e-02 9.997379856914779817e-01
-1.551900930230134558e-05 2.919340546713963033e-03 -2.256190603818072904e-02 9.997411853104067880e-01
-2.657535705561781241e-04 1.759822411322335429e-03 -2.228987266791547864e-02 9.997499657297160836e-01
9.890004898623069927e-05 1.263892235732820384e-03 -2.240390368717078487e-02 9.997481972450726895e-01
-1.565658269532439707e-03 5.254465380693112714e-04 -2.269306966255704716e-02 9.997411150940072044e-01
-1.199772962328104998e-03 2.091397869270125709e-04 -2.251096421145457396e-02 9.997458543528244812e-01
-5.397364822726573481e-03 1.410510676320089795e-03 -2.270189581701866077e-02 9.997267140768599791e-01
-2.832544331751848422e-03 4.447508929050126599e-05 -2.248276822389643631e-02 9.997432169550167780e-01
-3.128528970288310413e-03 -1.038880716037705529e-03 -2.235839918229267156e-02 9.997445848912337452e-01
-3.481120816367851666e-03 -1.243330904615975833e-03 -2.229240000647322861e-02 9.997446598147323726e-01
-2.391166659808126663e-03 -1.564547169384138776e-03 -2.235157542140558257e-02 9.997460885596607394e-01
3.007292439587444413e-04 -2.894459339973389552e-03 -2.313151018856869634e-02 9.997281955128840547e-01
2.695573426652724805e-04 -3.688329488608274240e-03 -2.375812123375497034e-02 9.997108958293215997e-01
8.204735407370319228e-04 -4.011374134997145249e-03 -2.320713016807656945e-02 9.997222938446856944e-01
-1.892351029172825846e-03 -4.066536473560186660e-03 -2.061929433059394093e-02 9.997773387059740724e-01
-2.015139571195982866e-03 -3.863669503238645331e-03 -2.225356131479611088e-02 9.997428620796884324e-01
-9.712571336350912755e-04 -5.553113987526830421e-03 -1.984546506987950806e-02 9.997871659012143031e-01
-1.284156633633480376e-03 -5.101646593623297699e-03 -2.204431987823023825e-02 9.997431530672667988e-01
-1.514907383426404141e-03 -5.588904552839538478e-03 -2.190292197439322811e-02 9.997433326661911979e-01
8.393414891442014473e-04 -6.506831713870999019e-03 -2.172348542140970645e-02 9.997424902583954553e-01
4.305734554813651048e-03 -6.824022281954510855e-03 -2.307996887785222773e-02 9.997010595205130246e-01
2.773165404347050812e-03 -7.451755466728045112e-03 -2.251765491259416149e-02 9.997148273939632235e-01
3.683031685879010076e-03 -7.712710218803814702e-03 -2.248985778036300190e-02 9.997105359431301963e-01
4.384768844729115475e-03 -7.592683802814379455e-03 -2.228489797670124908e-02 9.997132130151210605e-01
3.519563905507365562e-03 -8.304629523738737279e-03 -2.249376737743069912e-02 9.997062949824606637e-01
4.244543216110518297e-03 -8.667756520996114725e-03 -2.267191623504824852e-02 9.996963729373085084e-01
4.439058892225937296e-03 -8.715877442732413577e-03 -2.250052896207069969e-02 9.996989819105457364e-01
6.461021477040925810e-03 -8.680450854807241629e-03 -2.233934409384994921e-02 9.996918818715530008e-01
1.304191405279216554e-03 -8.231079260416317503e-03 -2.118868538767026619e-02 9.997407604126828939e-01
1.902885720485132052e-03 -8.242878346466054121e-03 -2.096800069322091870e-02 9.997443557877330189e-01
2.923750023677141544e-03 -8.360932240574917365e-03 -2.098898725782967836e-02 9.997404707781706312e-01
5.351401790908509246e-03 -9.161739743714893830e-03 -2.133768931559556700e-02 9.997160236979358849e-01
3.084230029504385351e-03 -8.631635032554740503e-03 -2.042220141477476755e-02 9.997494266520807749e-01
2.517775023149248885e-03 -8.293797867754538686e-03 -1.922738778803541326e-02 9.997775659038915519e-01
3.381065193055279600e-03 -8.601056902855170119e-03 -2.035350065446393103e-02 9.997501313975521997e-01
5.542099715686843973e-03 -9.007271179432615321e-03 -2.072601449272417143e-02 9.997292566089526211e-01
8.016317359013100732e-03 -9.261408889656284893e-03 -2.098920342688943841e-02 9.997046655392195502e-01
9.395179415803190520e-03 -8.878745836165749875e-03 -2.011563243927379924e-02 9.997140890313038764e-01
7.558305298892026118e-03 -9.622497394693367220e-03 -1.943080508832686903e-02 9.997363269275141295e-01
4.303999077778009920e-03 -8.895644773676159023e-03 -1.831377116846946707e-02 9.997834509940580761e-01
3.711874960376872635e-03 -9.070485893463816479e-03 -1.851967115202926215e-02 9.997804609264754339e-01
2.716497298473223142e-03 -9.072626402174330598e-03 -1.794274284472950967e-02 9.997941618512292683e-01
-3.697236122095476753e-04 -8.615915742479447748e-03 -1.854220503496836411e-02 9.997908861020939897e-01
-1.645951774764043384e-03 -9.413618028445727010e-03 -1.769496854860167293e-02 9.997977609128927412e-01
-3.179252850375147935e-03 -7.351784767983077402e-03 -1.763004158185907388e-02 9.998124950438760372e-01
-2.730501710266448716e-03 -7.327737337208498070e-03 -1.696056593037493718e-02 9.998255787032299668e-01
-5.530452570728592795e-03 -6.310641870904605891e-03 -1.749854540867916419e-02 9.998116776684099483e-01
-5.884906036846116080e-03 -6.127226204509995250e-03 -1.692107127226967142e-02 9.998207350955345962e-01
-7.698687427118771839e-03 -3.921234552352811931e-03 -1.726834121666271510e-02 9.998135618819690151e-01
-9.302844228497244780e-03 -3.068002230009366817e-03 -1.736063614193745705e-02 9.998013066426369999e-01
-1.206544997220460221e-02 -3.740546161190599797e-04 -1.815622472329571357e-02 9.997622899989324630e-01
-1.294656463111885057e-02 2.128389281413040936e-03 -1.862700051134104709e-02 9.997404119446555715e-01
-1.311235933630750319e-02 4.151636025606244770e-03 -1.851043808315412653e-02 9.997340614548031468e-01
-1.434492956159244374e-02 5.862065788340371786e-03 -1.912526456580260562e-02 9.996969958121582067e-01
-1.676273165466630327e-02 7.653543639218684559e-03 -1.951655028760887478e-02 9.996397042745488459e-01
-1.729059983084594437e-02 1.291189672646594205e-02 -2.069915060026156911e-02 9.995528316426512960e-01
-1.953411511464092642e-02 1.429725253557398781e-02 -2.099397968383590399e-02 9.994864980246890296e-01
-1.867105745097058858e-02 1.816808987034287254e-02 -2.183392558688038512e-02 9.994221289413158793e-01
-1.896994731446128776e-02 1.991606514691626403e-02 -2.219854867113659619e-02 9.993751627316168618e-01
-1.826327115080254512e-02 2.243713775319437428e-02 -2.238483432636216922e-02 9.993307495361573034e-01
-1.735672749118591374e-02 2.320916281276315732e-02 -2.281957409396384584e-02 9.993194413251937913e-01
-1.524274431308530325e-02 2.415607479310405079e-02 -2.275535997321803325e-02 9.993329457137322125e-01
-1.467048986703807685e-02 2.468671221924793532e-02 -2.377818427310852273e-02 9.993047287587202288e-01
-1.115158828833572383e-02 2.542324008609306990e-02 -2.292430616663428469e-02 9.993516784040294976e-01
-1.003125474367721690e-02 2.530127468169402274e-02 -2.325330376834684742e-02 9.993590462349385417e-01
-1.182742519228348853e-02 2.532355590488720790e-02 -2.363425498158020291e-02 9.993299012443882523e-01
-1.258989852191345384e-02 2.490964759733717282e-02 -2.367493942573357588e-02 9.993300261450029920e-01
-1.194281562546437719e-02 2.444886594795801088e-02 -2.394502308632650775e-02 9.993429131075030059e-01
-1.193546765045028907e-02 2.434736571756589488e-02 -2.395857267806405025e-02 9.993451541833833218e-01
-1.487575561226209091e-02 2.327309404840887178e-02 -2.464150361858112592e-02 9.993147008264181563e-01
-1.572488375926109697e-02 2.298106889024092298e-02 -2.499440326878694940e-02 9.992996939400397016e-01
-2.008609234999821427e-02 2.228255324608403171e-02 -2.554298018741672435e-02 9.992234949590047544e-01
-2.087002052800959392e-02 2.185296811306026640e-02 -2.584629348344862770e-02 9.992091168223884434e-01
-2.024888804883345425e-02 2.219780293009846264e-02 -2.587486044923273040e-02 9.992135565906795636e-01
-1.962261890963276981e-02 2.271627078080020595e-02 -2.615843534390669897e-02 9.992070156525620916e-01
-2.033665491105673268e-02 2.263614435347494763e-02 -2.632834138381860700e-02 9.991900939640137036e-01
-1.930820374220180990e-02 2.360460587657820658e-02 -2.634769315910861706e-02 9.991875774422210865e-01
-1.851104739580488462e-02 2.478921186386091186e-02 -2.647691512827866564e-02 9.991705605474817675e-01
-2.006551626518923021e-02 2.516227703150365758e-02 -2.639455823763093428e-02 9.991334055905856104e-01
-1.702759582861638685e-02 2.583476767853439340e-02 -2.617419505228922236e-02 9.991784311486403558e-01
-1.375887999304320659e-02 2.756761167472017784e-02 -2.603680247284011207e-02 9.991860712224120977e-01
-1.115564712249689575e-02 2.864426941144435079e-02 -2.568006795601408473e-02 9.991974737142490515e-01
-9.226979560012093726e-03 2.943965897044960311e-02 -2.545670312964770643e-02 9.991997425908755170e-01
-7.164107829902518522e-03 3.008463623812996160e-02 -2.539311734291170922e-02 9.991990691614109910e-01
-7.701789935633284942e-03 3.124151647094624770e-02 -2.514333502011718846e-02 9.991658835170710296e-01
-6.887165237797020570e-03 3.183485116907157353e-02 -2.505250845082731409e-02 9.991553838249341846e-01
-5.114023122547794488e-03 3.236105638023605707e-02 -2.480020285257571871e-02 9.991554227125669652e-01
-2.245152818478655336e-03 3.339693579074873298e-02 -2.399546122741660209e-02 9.991515509716700771e-01
-2.223268540117449496e-03 3.409461369883050319e-02 -2.416076448748386007e-02 9.991240522843529703e-01
-2.523053039383961298e-03 3.458065878490265005e-02 -2.383554461849598030e-02 9.991144474253699226e-01
-1.380278090678730774e-03 3.530782510439589572e-02 -2.334145127921631591e-02 9.991029121021366421e-01
-1.055856466963743263e-03 3.574259630249283781e-02 -2.321947694941118093e-02 9.990906905115641834e-01
-6.739681532171856249e-04 3.613006672511605982e-02 -2.265059879502788129e-02 9.990901432901807544e-01
-2.483970155317398757e-04 3.736952593198340083e-02 -2.283321228655703014e-02 9.990405903902096485e-01
3.496759427100622122e-03 3.726223661016372923e-02 -2.176576783321539088e-02 9.990623352658970502e-01
-6.054792774367309183e-05 3.797287765153815192e-02 -2.105090608111995568e-02 9.990570135132297303e-01
-4.202947187687302829e-04 3.777584727841136469e-02 -2.081868857520654745e-02 9.990692623240673420e-01
-2.155875545556434035e-03 3.731482296763486556e-02 -2.031605723131875083e-02 9.990946972164851392e-01
-1.965258059664072403e-03 3.725013517156833959e-02 -1.993179608879809203e-02 9.991052440534647916e-01
-6.462416509425137831e-03 3.456914297030989902e-02 -1.983425159881128247e-02 9.991845745359924091e-01
-1.182513867229864971e-02 3.162026382828011378e-02 -1.949205734027238679e-02 9.992399034823691295e-01
-1.016304648148063337e-02 3.076819097100146755e-02 -1.765672657656634087e-02 9.993189035123810626e-01
-1.386488463049271973e-02 2.827655646378932075e-02 -1.942859947367057277e-02 9.993151309027723528e-01
-1.440865772190623451e-02 2.780984866292723900e-02 -1.930406950856524903e-02 9.993229487009724910e-01
-1.350018343427422662e-02 2.673403306515444861e-02 -1.887966880388801741e-02 9.993731008132887839e-01
-9.313039619112367662e-03 2.588488962336749424e-02 -1.827252611753171080e-02 9.994545285161917647e-01
-7.270830310856299730e-03 2.521126042928432953e-02 -1.806405589571462994e-02 9.994924798410211864e-01
-6.014660153941370734e-03 2.430031613341236338e-02 -1.819925518456349395e-02 9.995209380547143141e-01
-4.592196381438671225e-03 2.419246847006787521e-02 -1.766584562377368495e-02 9.995406715587495938e-01
-2.901807548285945029e-03 2.461353718308686989e-02 -1.765419814272806490e-02 9.995369340790898338e-01
-2.740451720208927303e-03 2.341818997109926942e-02 -1.763915165788259437e-02 9.995663753006285290e-01
-2.191247434994159950e-03 2.381831197075211584e-02 -1.799625957752275587e-02 9.995519101531250561e-01
-3.159183970663746299e-03 2.330510677805652103e-02 -1.764623943207713208e-02 9.995676574342573506e-01
-1.835548945654863007e-03 2.339470232702398761e-02 -1.783517804957831035e-02 9.995655181562826952e-01
-3.285388400887431521e-03 2.331171449341599977e-02 -1.800464787523950103e-02 9.995607049325825333e-01
-2.242815243379634154e-03 2.413717985651960343e-02 -1.801341123721464724e-02 9.995438376299246030e-01
-2.159247065345667235e-03 2.379973289546581661e-02 -1.813863408790206480e-02 9.995498488417876581e-01
-5.060366637563730279e-03 2.369650479703109408e-02 -1.858701884936116502e-02 9.995335867694448151e-01
-5.060366637563730279e-03 2.369650479703109408e-02 -1.858701884936116502e-02 9.995335867694448151e-01
-7.658963026441110988e-03 2.394062907504683133e-02 -1.890663130500720365e-02 9.995052405353096470e-01
-8.651532635566580240e-03 2.347031757264835330e-02 -1.900801819865171813e-02 9.995063733765056080e-01
-8.715704429168386058e-03 2.360516633664793557e-02 -1.894361615961402331e-02 9.995038629366671534e-01
-7.123170705395187423e-03 2.419100596370667502e-02 -1.934539696184527785e-02 9.994947780183518482e-01
-7.852295656000020385e-03 2.436317117716993788e-02 -1.917851815361758597e-02 9.994883499994154930e-01
-1.103540745095691472e-02 2.388496827102452869e-02 -1.937311499025634598e-02 9.994660626998086439e-01
-1.192064551604451496e-02 2.466699362857994668e-02 -1.981826464707554109e-02 9.994281735183309090e-01
-1.168540838961197419e-02 2.534602324625293349e-02 -1.968595240393677948e-02 9.994165766157365738e-01
-1.277445188594842837e-02 2.505094458614641820e-02 -1.978655119848489463e-02 9.994087031570343393e-01
-1.189632482305418362e-02 2.641504607983633998e-02 -2.036864840746867994e-02 9.993727237414263831e-01
-1.072632047007053557e-02 2.650177116901907340e-02 -1.977099826329033888e-02 9.993956722948880156e-01
-1.149665818169373632e-02 2.670734064028308305e-02 -2.000550570149835922e-02 9.993769681897839430e-01
-1.149665818169373632e-02 2.670734064028308305e-02 -2.000550570149835922e-02 9.993769681897839430e-01
-1.234911837265249487e-02 2.741288577667341797e-02 -2.038873362261006336e-02 9.993399484209962713e-01
-1.423234041864504702e-02 2.766374057776414819e-02 -2.052652341431585384e-02 9.993051684945772895e-01
-1.127820769675516761e-02 2.829497981112382224e-02 -2.043742910901860665e-02 9.993270273739477405e-01
-1.513437864932735966e-02 2.926286429751630974e-02 -2.115147401925271051e-02 9.992333313610074486e-01
-1.170921693736186493e-02 2.962488869333617866e-02 -2.117027085231368635e-02 9.992682722075493240e-01
-1.317007255730947082e-02 3.066627661329678067e-02 -2.110751177969081432e-02 9.992199966043424642e-01
-6.277055178628321470e-03 3.101949393489043111e-02 -2.087387347985188851e-02 9.992810770650342178e-01
-8.364183799200853794e-03 3.113878142079062189e-02 -2.123664685520141801e-02 9.992544328404797671e-01
-9.173550305863302501e-03 3.095345882660645309e-02 -2.161626642979549984e-02 9.992449481418915758e-01
-4.683962589381270199e-03 3.003445574712114083e-02 -2.108272173376647338e-02 9.993155211477164901e-01
-4.259528505892674378e-03 2.954874276544897441e-02 -2.109111551953764610e-02 9.993317232350980017e-01
-3.739162697275137236e-03 2.882190813777575633e-02 -2.136394121064287555e-02 9.993492373988029920e-01
-5.522237221234562073e-03 2.839665155668756602e-02 -2.159694010139770123e-02 9.993481411673797998e-01
-1.211989991331783624e-02 2.839595983672290117e-02 -2.231728113884270254e-02 9.992740947575956545e-01
-1.822858615526995116e-02 2.879214192896447158e-02 -2.269100242918012031e-02 9.991615733296999036e-01
-1.480736756376850941e-02 2.901572583465729729e-02 -2.275961869373129692e-02 9.992101026696215138e-01
-1.690371949569847987e-02 2.886024271799305166e-02 -2.305754441166105867e-02 9.991745094342497913e-01
-1.316717500229580562e-02 2.932002224004878754e-02 -2.286907825933051641e-02 9.992216806384209837e-01
-1.269851728796322216e-02 3.045190502555349468e-02 -2.317983396708204330e-02 9.991867315153162288e-01
-1.392717583308307298e-02 2.988547820104156538e-02 -2.309796836980448215e-02 9.991893593424606701e-01
-1.247622484067777322e-02 3.076750713153149006e-02 -2.254349427942876211e-02 9.991944231150959865e-01
-1.128648006845291152e-02 3.117988573203164457e-02 -2.259971026055200213e-02 9.991945171934947245e-01
-5.038871060200586158e-03 3.201043740440771834e-02 -2.228330482125314219e-02 9.992263987714998796e-01
-6.390087527422758269e-03 3.199475769902714734e-02 -2.218984480105856694e-02 9.992212533012282405e-01
-1.341679387724568732e-02 2.755254428033009073e-02 -2.249444865879298219e-02 9.992771621153326844e-01
-1.090553835212779848e-02 2.938381040601073177e-02 -2.209531051417142761e-02 9.992644585756846887e-01
-1.309647734509972530e-02 2.903134769153716682e-02 -2.261781408984837177e-02 9.992367575395529888e-01
-1.143001541871437043e-02 2.984580732587864896e-02 -2.200230435623974287e-02 9.992469570309483462e-01
-1.238950037335976445e-02 2.956070313564686941e-02 -2.192635121907150417e-02 9.992456656062325138e-01
-1.311135488940888029e-02 3.191384473459405596e-02 -2.142583441680692355e-02 9.991749258797300026e-01
-1.202720118885761483e-02 3.147680034807122385e-02 -2.163383376177874587e-02 9.991979457085459204e-01
-1.165490715677450911e-02 3.187061744560810289e-02 -2.133613933950939678e-02 9.991962750335330323e-01
-1.138951222781147722e-02 3.270670116368747798e-02 -2.123484008785602242e-02 9.991744753928840650e-01
-1.029169123396907019e-02 3.387807763955481138e-02 -2.115420126096396666e-02 9.991490663139327433e-01
-1.047676804833206667e-02 3.404753139324604577e-02 -2.052741995846103437e-02 9.991544565116728949e-01
-9.383391405576002944e-03 3.522914328300294495e-02 -2.023691925526577978e-02 9.991302850621290865e-01
-8.993090386212690759e-03 3.583663777775581566e-02 -2.078944423558766463e-02 9.991009251954813264e-01
-9.098032517182592580e-03 3.559301866572150974e-02 -2.050301447082106265e-02 9.991146026478580078e-01
-8.714832800982272309e-03 3.622751041492162233e-02 -2.026398084887283749e-02 9.991000902104574255e-01
-7.993280751501278050e-03 3.678027328481606184e-02 -1.984733323285053225e-02 9.990942910073433714e-01
-7.040665836157054824e-03 3.725607134358024930e-02 -1.960539154704351444e-02 9.990886060780158617e-01
-5.453657297864407394e-03 3.809141957894594116e-02 -1.910904915904194576e-02 9.990766465175610067e-01
-4.951168116439984106e-03 3.841225688785424031e-02 -1.872336935152793883e-02 9.990742814701970564e-01
-3.527252776242426058e-03 3.926451535803046622e-02 -1.871770829742570863e-02 9.990472980383081625e-01
-2.347931394835679926e-03 4.004887790731621877e-02 -1.799582969858876461e-02 9.990328947086725142e-01
-6.383693725425532324e-03 3.888037965061694884e-02 -1.801751690737743786e-02 9.990610259724559405e-01
-6.146910813301013563e-03 3.947998993767393855e-02 -1.795971225717249431e-02 9.990400365438885100e-01
-1.037850056219540885e-02 3.756291914770892165e-02 -1.820657339480134113e-02 9.990744889728708777e-01
-1.894968735530860177e-02 3.330236555509360347e-02 -1.842887035568021442e-02 9.990957103976497722e-01
-2.177927593390833333e-02 3.238457683748403870e-02 -1.929163979291530218e-02 9.990519180487830164e-01
-2.358693478600576432e-02 3.050254536216903331e-02 -1.919383006738694872e-02 9.990719934625200693e-01
-2.499528470201444266e-02 2.948588803909357042e-02 -1.987617159915308976e-02 9.990549313985555013e-01
-2.386042694648399937e-02 2.799165144254871576e-02 -1.969368236968446415e-02 9.991292740932838923e-01
-2.063941603050799267e-02 2.844415177326743704e-02 -1.984995086260586683e-02 9.991851300867977681e-01
-1.839251402832901838e-02 2.803992422778365384e-02 -2.032141304153443212e-02 9.992309634158728082e-01
-1.428047591868408274e-02 2.942685134188130491e-02 -2.011399346852780004e-02 9.992625058984184738e-01
-1.174357045447310850e-02 2.995876663718976401e-02 -2.005522053336456292e-02 9.992809159510239736e-01
-1.241690516256478520e-02 3.107665561302643334e-02 -2.050927405694442929e-02 9.992294189122687964e-01
-9.478357828255484785e-03 3.091165856104727966e-02 -2.012744237880826834e-02 9.992744949017625666e-01
-9.438149947257496244e-03 3.051655081146858323e-02 -2.039224470033627890e-02 9.992816508913919815e-01
-7.891063978877264212e-03 3.105727252546145248e-02 -2.044223000786401026e-02 9.992773849962112154e-01
-8.006593441178771683e-03 3.082820039316627042e-02 -2.035792872152276251e-02 9.992852802178945337e-01
-9.172413099264710087e-03 3.069880130048732378e-02 -2.089940172635647991e-02 9.992680648575386071e-01
-9.311901846847509684e-03 3.052656545532893631e-02 -2.096354061373688349e-02 9.992707076915806619e-01
-1.016680430343584567e-02 3.011159503254104766e-02 -2.103383439293479359e-02 9.992734889636483153e-01
-1.059956893676739995e-02 2.958134786167686270e-02 -2.158288323529463509e-02 9.992731218982590091e-01
-1.103642843040103863e-02 2.934654274745604474e-02 -2.137281538847620593e-02 9.992798308975532340e-01
-1.030155692304420695e-02 2.936790328608112136e-02 -2.136125118074071183e-02 9.992872965916929084e-01
-1.031991557096690638e-02 2.932010636708659232e-02 -2.138760671687260986e-02 9.992879469823277017e-01
-1.120126253953697242e-02 2.850645072410689859e-02 -2.151814029471764075e-02 9.992991962484966129e-01
-1.137416407145750742e-02 2.832677481082605114e-02 -2.144479434882747698e-02 9.993039292506703530e-01
-1.137416407145750742e-02 2.832677481082605114e-02 -2.144479434882747698e-02 9.993039292506703530e-01
-1.028533880392187676e-02 2.888586285491545960e-02 -2.142180857793964111e-02 9.993002175773133544e-01
-1.040041112867474450e-02 2.828484089426376927e-02 -2.119070243104580892e-02 9.993211462560069869e-01
-1.040041112867474450e-02 2.828484089426376927e-02 -2.119070243104580892e-02 9.993211462560069869e-01
-1.159203341184743448e-02 2.740855595367898759e-02 -2.156525695384207270e-02 9.993244395662639334e-01
-1.006922312408898429e-02 2.817692093235211678e-02 -2.134915685722070522e-02 9.993242143438409997e-01
-1.049209002472452183e-02 2.765060757829369831e-02 -2.115469932453198712e-02 9.993387006635703340e-01
-9.257091815283524996e-03 2.805956465214547169e-02 -2.109844873318476172e-02 9.993406939296071156e-01
-1.010915300094765781e-02 2.780270708304797764e-02 -2.105723168265294723e-02 9.993404862699803992e-01
-1.010795383060654126e-02 2.759870784463678423e-02 -2.130292850947559588e-02 9.993409457395333595e-01
-9.123433183181891767e-03 2.724391105966694065e-02 -1.995043841979499480e-02 9.993880689121633631e-01
-8.812454485843267474e-03 2.937091510513835380e-02 -2.104352000367465045e-02 9.993081908288736770e-01
-9.277927879103744710e-03 2.940623758981614558e-02 -2.100705453913149709e-02 9.993037060396962046e-01
-9.836139746574512968e-03 3.035628436234496727e-02 -2.105939016172578976e-02 9.992688569352167205e-01
-1.085905396950847049e-02 3.186627286527418668e-02 -2.065830616552449470e-02 9.992196234997262616e-01
-1.290488831626122185e-02 3.188304153858614182e-02 -2.102529964366849080e-02 9.991871057488119767e-01
-1.370028273830612917e-02 3.185910962793561674e-02 -2.071290708793442625e-02 9.991838043456130469e-01
-1.478886101141880551e-02 3.232366617368537948e-02 -2.140827073021260574e-02 9.991387071570289047e-01
-1.624229043852422685e-02 3.385683859530687345e-02 -2.170200659877964677e-02 9.990590199739095567e-01
-1.450986587994449427e-02 3.300258256556193315e-02 -2.149728779453932703e-02 9.991186916245877736e-01
-1.221201179185157394e-02 3.379759580982887729e-02 -2.160248887386455319e-02 9.991205741850809341e-01
-1.023257438203933542e-02 3.348874347141046065e-02 -2.194181063293866585e-02 9.991458128963811580e-01
-9.084965902722041617e-03 3.265816899134740131e-02 -2.201384281823684161e-02 9.991828151629975618e-01
-5.350261879739556629e-03 3.240173254822131810e-02 -2.173288923469738482e-02 9.992242911134637806e-01
-2.466244967242820375e-03 3.041351091452589722e-02 -2.160937353933188934e-02 9.993007410008516445e-01
1.343356292855175851e-03 2.805629460283613069e-02 -2.026741205685526556e-02 9.993999558412772766e-01
3.828488896699802201e-03 2.623477982404631703e-02 -1.989313271378022330e-02 9.994505201715508935e-01
2.255426117533850753e-03 2.623446260987684700e-02 -2.111973042578919879e-02 9.994301491406697435e-01
2.776790863450498935e-03 2.368213336802006685e-02 -1.967716825421248275e-02 9.995220132849178540e-01
8.669358580801313295e-05 2.335872500505354124e-02 -2.076944484234528182e-02 9.995113769293980654e-01
-1.553765318466877356e-03 2.276409397400986842e-02 -2.108110713087208571e-02 9.995173679136417633e-01
-4.824279910841003209e-03 2.181142395684545696e-02 -2.104400749130211010e-02 9.995289579882228326e-01
-2.744083820309860429e-03 2.161486835998032915e-02 -1.968369280200458690e-02 9.995688168942867824e-01
-6.841811491244187415e-03 2.205951726430499180e-02 -2.065207434887652779e-02 9.995199143282101906e-01
-7.552146758030600995e-03 2.213228858105601229e-02 -2.079904702866471056e-02 9.995101432823028098e-01
-8.018168638195431394e-03 2.173327386239033709e-02 -2.071352772701851377e-02 9.995170451513140097e-01
-8.018168638195431394e-03 2.173327386239033709e-02 -2.071352772701851377e-02 9.995170451513140097e-01
-5.985725098268913739e-03 2.195343067319315347e-02 -2.040649169497949639e-02 9.995327873929039653e-01
-5.414496537077100220e-03 2.193353512322232524e-02 -2.047938510109894791e-02 9.995349909083369733e-01
-3.276369223650003361e-03 2.218371426078354428e-02 -2.017989921257778291e-02 9.995448563691758936e-01
-1.808597435881680255e-03 2.220913497763583877e-02 -2.002731896793975494e-02 9.995510941386721582e-01
-7.476771118585481173e-04 2.246120602520350340e-02 -1.970973583713791361e-02 9.995531309120391228e-01
7.444282673363461977e-04 2.266481158717625205e-02 -1.950554950916796176e-02 9.995525427313053379e-01
1.644196189680090106e-03 2.276552829168743131e-02 -1.927515703398325134e-02 9.995536482159451674e-01
2.654523752577828393e-03 2.324632968905716857e-02 -1.896802920953475149e-02 9.995462848350450402e-01
2.627985605187036552e-03 2.331454243069465068e-02 -1.881860998273971256e-02 9.995475905234447733e-01
6.003562414808865690e-03 2.323733815536086975e-02 -1.694755249935351107e-02 9.995682887217194335e-01
6.461250307097004056e-03 2.339778688899812192e-02 -1.675303181245198225e-02 9.995649712441193602e-01
5.748329290494422726e-03 2.454495425574410375e-02 -1.779394282649879658e-02 9.995238253936915562e-01
7.221284471765335687e-03 2.473157660362052326e-02 -1.732622698213172677e-02 9.995178857968679553e-01
7.932925585983368125e-03 2.477667060338651153e-02 -1.727644693606242635e-02 9.995122358764418902e-01
8.617883884177416839e-03 2.462573012725113863e-02 -1.688783839858710653e-02 9.995169365284821694e-01
1.035226677333750574e-02 2.396072140219758853e-02 -1.556007805341575942e-02 9.995381925536970247e-01
9.796807003122779203e-03 2.458948239794024951e-02 -1.643958580023208507e-02 9.995144420900889948e-01
9.773222245368516983e-03 2.416492996591036377e-02 -1.626399365133218700e-02 9.995278999593731895e-01
1.044856433300297982e-02 2.419300373867025108e-02 -1.598609512204293356e-02 9.995248725450651683e-01
1.109941561707435131e-02 2.412229410776044886e-02 -1.566030872648870031e-02 9.995247233713278057e-01
1.095023356631010317e-02 2.407196128112889383e-02 -1.583240216615587267e-02 9.995248711795881036e-01
1.093577241830831319e-02 2.380387236087197142e-02 -1.538396603941428846e-02 9.995384525525471409e-01
1.109518307268271206e-02 2.371603960548653023e-02 -1.529537636593818369e-02 9.995401431857747765e-01
1.146564931547828549e-02 2.371703671894355436e-02 -1.519273032651874238e-02 9.995375040488838625e-01
1.144225474368225706e-02 2.352950745817248765e-02 -1.492903208434060922e-02 9.995461775656896419e-01
1.143743534117050778e-02 2.365879582271196088e-02 -1.486050270967440544e-02 9.995442020802539629e-01
1.342556548262135822e-02 2.302975742839417223e-02 -1.334136490843065674e-02 9.995555974765192309e-01
1.182052960652697944e-02 2.364181036997004687e-02 -1.459278645761693215e-02 9.995440913064586042e-01
1.162409220846529444e-02 2.348073359340456870e-02 -1.456101159138209825e-02 9.995506553305242292e-01
1.264748562355462805e-02 2.409412698115132381e-02 -1.447375804425909442e-02 9.995248993799475956e-01
1.281509130080134978e-02 2.416344409824423139e-02 -1.458106576538131111e-02 9.995195315377327638e-01
1.441725688149553264e-02 2.446751694889677184e-02 -1.472231232664902509e-02 9.994882374686182569e-01
1.519100406271179510e-02 2.453391172409840823e-02 -1.466934225402258089e-02 9.994759281588102562e-01
1.557689198102132390e-02 2.448007717530993957e-02 -1.486370317113359409e-02 9.994684370132670415e-01
1.538000123315674122e-02 2.480970128819258089e-02 -1.551615070800142597e-02 9.994534423129800560e-01
1.589060880409280674e-02 2.408380682260187478e-02 -1.508470697430119162e-02 9.994698146598858246e-01
1.555118822192802334e-02 2.205467123310258376e-02 -1.403253199456668161e-02 9.995373129941209633e-01
1.337902269521453087e-02 2.203739901117637845e-02 -1.551419950476070481e-02 9.995472297046646970e-01
1.039838849293220693e-02 2.033254506105198339e-02 -1.570614924013434208e-02 9.996158152030893973e-01
8.649462356495494705e-03 1.748720123442325594e-02 -1.455988235517213791e-02 9.997036532991834257e-01
7.352595860010933959e-03 1.793482180618058419e-02 -1.592920379571504882e-02 9.996852214408966653e-01
6.076548417928230410e-03 1.555656660839661171e-02 -1.492101934689942302e-02 9.997491845339673278e-01
5.123817405037462032e-03 1.612361155167114923e-02 -1.620691774607048441e-02 9.997255180612840686e-01
5.491735127261972854e-03 1.527927187272029759e-02 -1.599719464319321327e-02 9.997402034828245521e-01
6.900085790224935213e-03 1.581499290202903474e-02 -1.606084783938436372e-02 9.997221233834312493e-01
6.568498479998957119e-03 1.507190492545454688e-02 -1.586641417705724269e-02 9.997389406294017178e-01
9.656721846855292543e-03 1.444419674920982208e-02 -1.416684506564137511e-02 9.997486751200667099e-01
8.360365497103335736e-03 1.500682970561547508e-02 -1.545180916902921288e-02 9.997330348369736219e-01
8.681348856376815137e-03 1.492137502393113720e-02 -1.546817886512192285e-02 9.997313250028858622e-01
8.681348856376815137e-03 1.492137502393113720e-02 -1.546817886512192285e-02 9.997313250028858622e-01
8.681348856376815137e-03 1.492137502393113720e-02 -1.546817886512192285e-02 9.997313250028858622e-01
1.206252594182874102e-02 1.552495963850468799e-02 -1.556972043138845838e-02 9.996854779888592057e-01
1.336610096695169982e-02 1.497157909419255875e-02 -1.519245999350767561e-02 9.996831439629825233e-01
1.393480999910942653e-02 1.503579545846757924e-02 -1.534900047067381743e-02 9.996720232705180731e-01
1.517190171409849540e-02 1.428260504822278544e-02 -1.413220039755327950e-02 9.996830005073296110e-01
1.837488995355477175e-02 1.577143615502923230e-02 -1.537846133552686796e-02 9.995884793992747541e-01
1.874899827899109694e-02 1.695818302806934713e-02 -1.509109671191201894e-02 9.995664829774718596e-01
1.779384226479911388e-02 1.780939836731068593e-02 -1.526179381033582021e-02 9.995665471377784828e-01
1.523354070845098045e-02 1.924688854329046142e-02 -1.601451592675320890e-02 9.995704236313307511e-01
1.378985736976827414e-02 1.980791553842896000e-02 -1.604560237310388368e-02 9.995799242482955593e-01
1.301175873965086140e-02 2.092853173332123382e-02 -1.656475201399951191e-02 9.995590526250579533e-01
9.121977179747399120e-03 2.211719638053739889e-02 -1.676719119141677899e-02 9.995731491272399349e-01
7.861641530517889109e-03 2.246006165996232429e-02 -1.695863950436282339e-02 9.995729812118959723e-01
4.881562452704681782e-03 2.316240217877831020e-02 -1.679419062678233487e-02 9.995787255811920957e-01
2.886083265674865145e-03 2.433466472213609982e-02 -1.767961466360968431e-02 9.995433586601389919e-01
3.081157612705480268e-03 2.565488111084294337e-02 -1.810455026082804716e-02 9.995021554768190875e-01
1.256899961958767757e-03 2.530078493890140778e-02 -1.814624370587718596e-02 9.995143842503358966e-01
8.705992229808139386e-05 2.669934837777787964e-02 -1.800069657051838953e-02 9.994814216080998293e-01
1.404433507832363905e-03 2.636109403685509001e-02 -1.687346832731663471e-02 9.995090826772456971e-01
1.772641130774764483e-04 2.676045280039060850e-02 -1.772578303359755719e-02 9.994846889068377260e-01
-1.236298185576875088e-03 2.826392423759228542e-02 -1.898164169592787831e-02 9.994194912207863268e-01
-1.234360691250067704e-03 2.905725007838657822e-02 -1.931911818999558147e-02 9.993902762404319740e-01
-2.007557542599710046e-03 2.944094408189137577e-02 -1.950748027576461666e-02 9.993741335143564442e-01
-1.782892851029393554e-03 3.015007518657297075e-02 -1.964643429446415526e-02 9.993506951410195960e-01
-1.692319527168570370e-03 3.060174660190319307e-02 -1.989004960836811622e-02 9.993323046345031768e-01
-9.559830874055647585e-04 3.050282491680371411e-02 -1.900511777719168793e-02 9.993535256688228507e-01
-1.239423571226036221e-03 3.172622025158820108e-02 -1.961938326207062280e-02 9.993032525605902716e-01
-1.857738404935094841e-03 3.143960841475990087e-02 -1.958245124772028944e-02 9.993120770979785350e-01
-1.512203021974940689e-03 3.172507247462454799e-02 -1.870592691941571836e-02 9.993204297504307831e-01
-2.820846412577563377e-03 3.098126779959295418e-02 -1.829321757123576406e-02 9.993485688496972497e-01
-1.933166828973095948e-03 3.242449207930419436e-02 -1.930815831336725116e-02 9.992858000602012902e-01
-1.463687112804049929e-03 3.236702213943969814e-02 -1.870422239898023031e-02 9.992999477445750900e-01
-2.464617878347219720e-03 3.311446156124502049e-02 -1.968952271487298122e-02 9.992545625562503364e-01
-1.856472145600028848e-03 3.260888609943154992e-02 -1.864919813193453499e-02 9.992924604276581801e-01
-2.817768598902024337e-03 3.383730506695375312e-02 -1.945126579805721290e-02 9.992340792951280859e-01
-2.120061352459639073e-03 3.326827005685208810e-02 -1.884764829996834687e-02 9.992664778230314626e-01
-4.149295476509767301e-03 3.414593736397324858e-02 -2.070478949491511358e-02 9.991937499807309608e-01
-3.238159647533870710e-03 3.395426308824921885e-02 -1.983826776473944509e-02 9.992212294944126105e-01
-1.616411144356289615e-03 3.345106492244045993e-02 -1.926763377747296724e-02 9.992533071044520376e-01
-1.106048051291961664e-03 3.429154270996946641e-02 -2.038727372785520756e-02 9.992032955441170206e-01
-1.160824748258856322e-03 3.295887024705543983e-02 -2.058149458117822933e-02 9.992440980254757577e-01
4.763145035881401489e-05 3.191621175541381472e-02 -2.112681334491494506e-02 9.992672369873425442e-01
7.980637601557828351e-04 3.000357588082335283e-02 -2.060167350744366785e-02 9.993371400970201268e-01
1.385835319120411061e-03 2.944556817762130144e-02 -2.065176063724607700e-02 9.993520614667021906e-01
1.606972964648464321e-03 2.880730572426734235e-02 -2.040838781414652803e-02 9.993753321358432862e-01
-3.622995889243797035e-04 2.762236696425642707e-02 -2.051459820449727869e-02 9.994078370929496691e-01
-3.414767945283490457e-04 2.642772570187873482e-02 -2.027444630041399382e-02 9.994450487820912832e-01
-1.883116586428523580e-03 2.446057884168775787e-02 -2.019843923560552673e-02 9.994949509662852671e-01
-8.041373015279572409e-04 2.347235163830258681e-02 -1.839039788529627309e-02 9.995549986555960498e-01
-3.802576254007691836e-03 2.384789269189781583e-02 -2.006098821905414817e-02 9.995070660979157307e-01
-6.837047329477453743e-03 2.374381858272905932e-02 -1.992701396445241760e-02 9.994960730174908825e-01
-7.019848480672490065e-03 2.400554562577415438e-02 -1.969643140397439943e-02 9.994931245868906577e-01
-8.332914911808139702e-03 2.395084821072861539e-02 -1.945517428715536068e-02 9.994890772752424990e-01
-1.031549737438923822e-02 2.477608131399469671e-02 -1.962996032286082673e-02 9.994470476050065777e-01
-1.353364070429944124e-02 2.703116942214573576e-02 -1.938125527132879278e-02 9.993550537186800531e-01
-1.322937564164071433e-02 2.726771875454947827e-02 -1.886203773567163983e-02 9.993626362169607535e-01
-1.406195061650245687e-02 2.743340239651933729e-02 -1.878188349239216445e-02 9.993482430215645529e-01
-1.284200991970079614e-02 2.680853178107643273e-02 -1.886542629656048908e-02 9.993800483778002564e-01
-1.210361793144325467e-02 2.718012178714934723e-02 -1.873663147457510156e-02 9.993816498483406585e-01
-1.140574345435894921e-02 2.839268045024740533e-02 -1.724377170381912600e-02 9.993830181919893807e-01
-1.146926717754930686e-02 2.828498838160833223e-02 -1.844804097408887789e-02 9.993638402138035337e-01
-1.002388261726635914e-02 2.839505274569694218e-02 -1.786737184258148717e-02 9.993868118903127540e-01
-9.322501443238288485e-03 2.950212693304651509e-02 -1.676892907699032223e-02 9.993805673970642678e-01
-9.749140993747356862e-03 3.010650492900008787e-02 -1.798541096137941386e-02 9.993373192287949847e-01
-8.593175583461516720e-03 3.019650474070022239e-02 -1.756781369125987730e-02 9.993526406414033891e-01
-5.159875440737498112e-03 3.012614007291255711e-02 -1.710584209896871127e-02 9.993864025169787446e-01
-6.190450532945825611e-03 3.017663520492977827e-02 -1.729148575868948851e-02 9.993758319722190198e-01
-5.826251469834835273e-03 2.994744576748094647e-02 -1.664771339854620794e-02 9.993958469617602036e-01
-5.826251469834835273e-03 2.994744576748094647e-02 -1.664771339854620794e-02 9.993958469617602036e-01
-6.874320958103084453e-03 3.127005435529787991e-02 -1.731033801311730388e-02 9.993374202989966371e-01
-7.295338763824601828e-03 3.122570192411168802e-02 -1.683396903332667893e-02 9.993439603351054190e-01
-7.862545333702310874e-03 3.172271547089224736e-02 -1.616489138826690541e-02 9.993350519172405910e-01
-8.096129749349824031e-03 3.200433919727260768e-02 -1.594341391953713050e-02 9.993277653043659559e-01
-9.134455021403795061e-03 3.244584433617458963e-02 -1.595121795347543767e-02 9.993044518876994520e-01
-9.682492501283135669e-03 3.353765442273565905e-02 -1.575226000860557168e-02 9.992664016064010113e-01
-1.085750980687853057e-02 3.331285010436693672e-02 -1.584388014835082237e-02 9.992603964735929933e-01
-1.064915531731515895e-02 3.386946001122486533e-02 -1.518069662181082032e-02 9.992542227179489478e-01
-1.100392730773997602e-02 3.447577564013919182e-02 -1.512933371062379420e-02 9.992304227450690135e-01
-1.227125688196742045e-02 3.439284171003695323e-02 -1.518282243398694741e-02 9.992177093089289475e-01
-9.992842025440509118e-03 3.403423331057909423e-02 -1.459250094433750360e-02 9.992641657676938349e-01
-1.001650030318882410e-02 3.420815845833222874e-02 -1.444767542666337834e-02 9.992600944155288767e-01
-1.164952401951960086e-02 3.558807760981335527e-02 -1.456446377327203813e-02 9.991925008311229872e-01
-1.123487886102672757e-02 3.582874470854101323e-02 -1.433546937226609121e-02 9.991919599693870335e-01
-1.112769053327200899e-02 3.561537925719127778e-02 -1.355503623274647955e-02 9.992116794035641458e-01
-7.915518549787090713e-03 3.593891018259789960e-02 -1.321742443655120856e-02 9.992352270572927297e-01
-8.264164992181986802e-03 3.599217176953742325e-02 -1.308747740274335269e-02 9.992321977816401857e-01
-7.635102147192982143e-03 3.714386383845346556e-02 -1.309569683272506467e-02 9.991949466039236061e-01
-8.105348363645055107e-03 3.742673283114177768e-02 -1.231529107104464837e-02 9.991906107461808739e-01
-8.859095687151362711e-03 3.775053127169844536e-02 -1.244859336888018420e-02 9.991703790322482570e-01
-8.299991257518121029e-03 3.747046147827846202e-02 -1.211631765442702964e-02 9.991898065473981960e-01
-1.195884132567964775e-02 3.567986825706432469e-02 -1.205432273112553437e-02 9.992190082353316072e-01
-1.445898441192199936e-02 3.415279125674941518e-02 -1.223760362646783388e-02 9.992370918238725475e-01
-1.558616849624976618e-02 3.315473709757282839e-02 -1.195487608175189488e-02 9.992571819594129323e-01
-1.544663421229049843e-02 3.170454149249010700e-02 -1.192921421179058729e-02 9.993067183745698578e-01
-1.639997454941840085e-02 3.063281045279292458e-02 -1.234130068195016250e-02 9.993199507945488280e-01
-1.550944433351987041e-02 2.958548929745364112e-02 -1.198338390556510404e-02 9.993700788344964669e-01
-1.474867187698473796e-02 2.939604782155203280e-02 -1.220978333679254013e-02 9.993844456670349929e-01
-1.174122531459854436e-02 2.684910954330645833e-02 -1.163130969764804290e-02 9.995028672192796115e-01
-1.135913478386559559e-02 2.628754670286401196e-02 -1.192197274329270286e-02 9.995187849716556938e-01
-1.062794335293609435e-02 2.513223394888694159e-02 -1.190414847733510702e-02 9.995567562103988557e-01
-1.062794335293609435e-02 2.513223394888694159e-02 -1.190414847733510702e-02 9.995567562103988557e-01
-8.996813455898287210e-03 2.518468846337522035e-02 -1.183802924375473679e-02 9.995722334470213966e-01
-7.993614917539179632e-03 2.540277574904618169e-02 -1.196032168373764581e-02 9.995737850754267129e-01
-9.434419700077047860e-03 2.714708410861756821e-02 -1.264109734322060689e-02 9.995069935759738344e-01
-6.713844795765717272e-03 2.747580209068119922e-02 -1.140198862799324427e-02 9.995348914584519795e-01
-5.193204223020095323e-03 2.755612591819062498e-02 -1.171855867780899341e-02 9.995380762816360454e-01
-5.267245969615610285e-03 2.873347199028161714e-02 -1.221437628791969404e-02 9.994986006589385852e-01
-5.141958277822273292e-03 2.805556805313889554e-02 -1.112963743705988606e-02 9.995311783715425946e-01
-7.782754476755161625e-03 2.849838563808130068e-02 -1.206412650250436765e-02 9.994907341243886023e-01
-8.616073877235742515e-03 2.925895642476795955e-02 -1.260122473147434925e-02 9.994552945855770254e-01
-1.028414763944606944e-02 3.033326831600523937e-02 -1.244070275202210397e-02 9.994095046854593045e-01
-9.931305849287993745e-03 3.029129258548397818e-02 -1.222463047497815945e-02 9.994170126465622417e-01
-1.137530025459919901e-02 3.069418793276754154e-02 -1.247250148573121956e-02 9.993862647034700286e-01
-1.310228148294695187e-02 3.127305412272101542e-02 -1.328169467091274043e-02 9.993367414902984969e-01
-1.483624799653974688e-02 3.175646834546391045e-02 -1.350620887866705276e-02 9.992942483499716033e-01
-1.344715461278389416e-02 3.190223475133927705e-02 -1.289757462665928195e-02 9.993173039727872853e-01
-1.344715461278389416e-02 3.190223475133927705e-02 -1.289757462665928195e-02 9.993173039727872853e-01
-1.332520051679428504e-02 3.271492296469549060e-02 -1.314609407938001524e-02 9.992894240694522034e-01
-1.437098946110220224e-02 3.235873644969595314e-02 -1.266867197105828353e-02 9.992926956541701156e-01
-1.433255971683037970e-02 3.284238803533364587e-02 -1.311781129328200117e-02 9.992716739240505852e-01
-1.451461467759754265e-02 3.317210721366609799e-02 -1.319750924086011447e-02 9.992571055607277763e-01
-1.290136707234228360e-02 3.237892085362809730e-02 -1.277598930297205691e-02 9.993107296078380664e-01
-1.222487047641175606e-02 3.269955388775327293e-02 -1.274095373287355282e-02 9.993092413339094149e-01
-1.263963515831757409e-02 3.369473939641762922e-02 -1.274154838785989362e-02 9.992710128412372050e-01
-1.225011945289296127e-02 3.409688790810152387e-02 -1.276069164750916370e-02 9.992619784406137073e-01
-1.163382644164348383e-02 3.454705111889936481e-02 -1.262425230505344678e-02 9.992556147428205415e-01
-1.163382644164348383e-02 3.454705111889936481e-02 -1.262425230505344678e-02 9.992556147428205415e-01
-1.124615071858049015e-02 3.465584962728134738e-02 -1.318780664324324496e-02 9.992490069730201041e-01
-1.166856258455435322e-02 3.417007632121866340e-02 -1.270004082876252660e-02 9.992672112575096133e-01
-1.148314733311435985e-02 3.557857271877985783e-02 -1.298044442996403730e-02 9.992165984174908866e-01
-1.159245406649806950e-02 3.557104224357298533e-02 -1.262660436835048167e-02 9.992201383201537723e-01
-9.827899970439590849e-03 3.588018079593852799e-02 -1.274429691177853333e-02 9.992265048048146747e-01
-1.153796615264431405e-02 3.609759221747023406e-02 -1.346518824229358743e-02 9.991909366476265930e-01
-1.122216567005794238e-02 3.650284634643571197e-02 -1.272266214664859868e-02 9.991895411152903472e-01
-1.000454322709910630e-02 3.672619067214833583e-02 -1.257455938012535732e-02 9.991961651697457425e-01
-1.000454322709910630e-02 3.672619067214833583e-02 -1.257455938012535732e-02 9.991961651697457425e-01
-9.365320285367352907e-03 3.687961109001738902e-02 -1.245219999919541798e-02 9.991982424809311425e-01
-9.815542998460989252e-03 3.741605290922257743e-02 -1.278946056893848562e-02 9.991697172145957984e-01
-8.609860282916671423e-03 3.734037359041864068e-02 -1.261102064834017551e-02 9.991859331296872870e-01
-1.036440942901819921e-02 3.806400772217706507e-02 -1.274733406991293040e-02 9.991402383086289696e-01
-9.393669221737855832e-03 3.778618545164590115e-02 -1.243314319227016053e-02 9.991643408958943429e-01
-7.161048310078988247e-03 3.696781744341465226e-02 -1.201939895059631579e-02 9.992185115926534023e-01
-6.639243083231059599e-03 3.636017198515089505e-02 -1.274094888240755348e-02 9.992354710307616017e-01
-6.156216817473704993e-03 3.593960452089179497e-02 -1.271193640877644679e-02 9.992541480995299485e-01
-5.625848531941489254e-03 3.490978239243113651e-02 -1.284070917091727389e-02 9.992921360190906155e-01
-5.625848531941489254e-03 3.490978239243113651e-02 -1.284070917091727389e-02 9.992921360190906155e-01
-5.625848531941489254e-03 3.490978239243113651e-02 -1.284070917091727389e-02 9.992921360190906155e-01
-4.746107681231066626e-03 3.456484055422862078e-02 -1.274275909549186375e-02 9.993099460877857831e-01
-2.853287434703546521e-03 3.197254666267351081e-02 -1.240022229474244814e-02 9.994077493684743185e-01
-3.694966319387679981e-03 3.036327579951528938e-02 -1.219658729243832188e-02 9.994576839291592352e-01
-4.952584090879686915e-03 2.770078065631672096e-02 -1.196881112926991529e-02 9.995323337551443865e-01
-5.759471993416423290e-03 2.699939509581876160e-02 -1.192537014511923545e-02 9.995477210687436775e-01
-7.101514352973155655e-03 2.639920520862250666e-02 -1.186001653186578852e-02 9.995558966191493422e-01
-9.498722888576846893e-03 2.655927079818906286e-02 -1.176390755756049483e-02 9.995328858407469541e-01
-1.157053470049763597e-02 2.800659267034588673e-02 -1.258618538719463026e-02 9.994615257383052676e-01
-1.337286417291225042e-02 2.803388822290357740e-02 -1.171730782078999819e-02 9.994488342643417234e-01
-1.287521714550391230e-02 2.937302517495724366e-02 -1.241491026616311361e-02 9.994084871455768404e-01
-1.253200730890220368e-02 2.936377070213344251e-02 -1.161142011622567569e-02 9.994227797513156597e-01
-1.252326337293481646e-02 3.057687754236450284e-02 -1.165385430871452611e-02 9.993860165691746955e-01
-1.044599170826986632e-02 3.093977580659259402e-02 -1.093408682557285225e-02 9.994068527259353241e-01
-8.881898149147415822e-03 3.139825726177386533e-02 -1.160823768196153974e-02 9.994000751171228103e-01
-7.282731997721971634e-03 3.212364711680536916e-02 -1.089442922587902096e-02 9.993979910538176581e-01
-5.726915359087501878e-03 3.264139002963409308e-02 -1.134764633632170776e-02 9.993862981950617508e-01
-5.210508126101933563e-03 3.271604853492824511e-02 -1.063154133472685343e-02 9.993945572706387503e-01
-5.985876521075367100e-03 3.407750979987909240e-02 -1.129658091682210659e-02 9.993374204280071060e-01
-4.044981256865681947e-03 3.451438023186575305e-02 -1.151032419017857140e-02 9.993297294291203503e-01
-5.481705892928069937e-03 3.477092738372909025e-02 -1.079116779389113941e-02 9.993220122698304175e-01
-5.402760534017674206e-03 3.493854478904127175e-02 -1.079893894635956114e-02 9.993165120142212254e-01
-3.672623240081654070e-03 3.504517517220912676e-02 -1.026539716294621978e-02 9.993262576139849696e-01
-3.399784310774966404e-03 3.543414158830544836e-02 -1.040714280515458480e-02 9.993120405835073106e-01
-2.738310588131073232e-03 3.600574032003155123e-02 -1.036620768467402115e-02 9.992940658571768386e-01
-9.734982489808780655e-04 3.617368995700459555e-02 -1.034563966454728028e-02 9.992914911055658100e-01
-5.290383610567458202e-04 3.608413561431580985e-02 -9.754977430323276757e-03 9.993010035473366415e-01
-1.856120318512151986e-04 3.618331221679566695e-02 -9.534320756053064547e-03 9.992996698653093812e-01
-1.544527817545620360e-03 3.618264344253189352e-02 -9.826300595812801492e-03 9.992956892551534409e-01
-2.717233889982279167e-03 3.700965236022121102e-02 -9.718055018214018584e-03 9.992639599619440594e-01
-1.605288184885679970e-03 3.683480677955398852e-02 -8.841883786089955316e-03 9.992809620674606430e-01
-1.893694834980187659e-03 3.702673022304168310e-02 -9.305273852334434992e-03 9.992691564575558738e-01
-2.259992956783171952e-03 3.785140710665410579e-02 -8.998629754599448208e-03 9.992403054693206332e-01
-1.195208216311762894e-03 3.712199583650295509e-02 -8.417835078212270242e-03 9.992745713541550945e-01
-4.376920821740978721e-04 3.715838195880936251e-02 -7.585655808221830783e-03 9.992805016119366002e-01
-3.065439563786876223e-03 3.786154481104499897e-02 -8.713460825999354981e-03 9.992403024824587643e-01
-3.362339347773527203e-03 3.849888750649892860e-02 -9.048325201684271138e-03 9.992120186156274730e-01
-1.973260984550011081e-03 3.837964764869220002e-02 -8.424170337209702791e-03 9.992257714058313534e-01
-2.242271766875222720e-03 3.828165555805472520e-02 -8.281433617786946103e-03 9.992301561313550184e-01
-6.365202258162109021e-04 3.816049319417293834e-02 -7.760457754517755685e-03 9.992412856245582731e-01
-1.538130706835354265e-04 3.816815762052585409e-02 -6.928627378605356837e-03 9.992472978237382231e-01
-9.056630920492325133e-04 3.863120224878201225e-02 -7.605835952223151918e-03 9.992241796747340921e-01
-2.647674118929918032e-03 3.866391829109624284e-02 -8.391539272841115962e-03 9.992135273868002487e-01
-4.464468705143699589e-03 3.744128352596338277e-02 -8.373029073515279516e-03 9.992537771713666528e-01
-5.058287027687792016e-03 3.664460126948164420e-02 -7.995844542915048203e-03 9.992835700641694574e-01
-5.775761980207467193e-03 3.581245150191390836e-02 -7.462576294104903037e-03 9.993139741072500914e-01
-1.102097642101012610e-02 3.170528749058228873e-02 -8.289533544372054349e-03 9.994021194981946854e-01
-1.136819225623475482e-02 3.139357893298849733e-02 -8.633307470161511940e-03 9.994051597869251236e-01
-1.127523101900748496e-02 3.020873213873428650e-02 -8.509296769469232649e-03 9.994437920846410695e-01
-1.006415498886996558e-02 2.857485450394716200e-02 -8.065297526927492008e-03 9.995084499143768175e-01
-7.268437707071194985e-03 2.824976719937621200e-02 -8.649003426140149803e-03 9.995370504419603952e-01
-6.524443994254149060e-03 2.722631738511509247e-02 -8.326752110173255700e-03 9.995733212083577346e-01
-6.285604068267588822e-03 2.654807259799861485e-02 -8.112920982796567246e-03 9.995948536962139253e-01
-3.499669405929899460e-03 2.544649120389102029e-02 -7.467350778014251317e-03 9.996421695145807362e-01
-3.988480496836002871e-03 2.534357679581738382e-02 -8.015280123111298560e-03 9.996387099462830106e-01
-3.296623573613415709e-03 2.539151747547795449e-02 -8.272118440465556569e-03 9.996379220346801597e-01
2.781487033333257183e-03 2.628856784390813314e-02 -7.394639067891653830e-03 9.996231759236353653e-01
8.342527982264038092e-03 2.844733176549979481e-02 -7.845486454499249473e-03 9.995296893462349841e-01
9.622472198508336474e-03 2.835414613439334389e-02 -7.754590086132725525e-03 9.995215439190765494e-01
1.041820651202338480e-02 2.898234043070993873e-02 -8.069395820929602114e-03 9.994930563877452157e-01
1.032853727697088074e-02 2.878276496254958405e-02 -7.702081474535505887e-03 9.995026521724634794e-01
8.982336449141625420e-03 2.972114508727362325e-02 -8.248151103672544948e-03 9.994838363725482289e-01
4.977851038315821586e-04 2.711703481436159718e-02 -8.597393851554297611e-03 9.995951697821615634e-01
-2.045804430599429836e-03 2.795426071608304863e-02 -9.050502815034701387e-03 9.995661370769040044e-01
-2.455422789423379604e-03 2.779976112203081870e-02 -8.814829937129948015e-03 9.995716297262856598e-01
-4.230464595357499163e-03 2.831479552152000451e-02 -9.274095650945680600e-03 9.995470807689545989e-01
-5.742274562018554428e-03 2.820732588389399109e-02 -9.410541804908434740e-03 9.995413021742884929e-01
-6.925288174905942958e-03 2.796991510333627501e-02 -9.384646571387572633e-03 9.995407208521005504e-01
-8.572811664865030712e-03 2.871304753990172598e-02 -1.012957202211164053e-02 9.994996045881053837e-01
-7.639311642970320407e-03 2.857948495815547732e-02 -9.699721268484423620e-03 9.995152671992869609e-01
-8.925880473015311567e-03 2.862186911048536855e-02 -9.833607739436879200e-03 9.995020847528186536e-01
-9.266071913832081910e-03 2.870459938901034902e-02 -9.966928957803433686e-03 9.994952957429835694e-01
-9.342384063230676355e-03 2.945001803658777589e-02 -1.103550579271917256e-02 9.994616720562918832e-01
-8.914556480111336667e-03 3.022264404786784153e-02 -1.096298453335785641e-02 9.994433127694838381e-01
-8.502946885747595870e-03 2.967322972127471245e-02 -1.051603070140130422e-02 9.994681647908820743e-01
-8.526407733272895265e-03 3.009449464322620088e-02 -1.092209058000987061e-02 9.994510141576209428e-01
-7.685193686397942710e-03 3.048244713205006118e-02 -1.108716329665629559e-02 9.994442620901266006e-01
-7.576308513485583394e-03 3.033905556219572072e-02 -1.149202117856804907e-02 9.994448832757781842e-01
-6.483006260421752230e-03 3.028227073693652918e-02 -1.073784649210998698e-02 9.994626823256355097e-01
-5.712399102546995150e-03 3.091061936397183907e-02 -1.083762187237956136e-02 9.994470711644415362e-01
-6.973345374178279224e-03 3.123217422949009156e-02 -1.159509142728502341e-02 9.994205709319695652e-01
-6.347575961488932141e-03 3.110876488800832368e-02 -1.068466772892902837e-02 9.994387379434910290e-01
-5.477720606377886430e-03 3.244268055164315628e-02 -1.095776989298230010e-02 9.993985162759423391e-01
6.746298254187150026e-03 3.476690583664466400e-02 -9.066519157489285816e-03 9.993315505620636863e-01
-7.613965584854701443e-03 3.287014410916682533e-02 -1.140506133541192499e-02 9.993655516027409869e-01
-7.854363442022121652e-03 3.294480779044503538e-02 -1.143648137184119506e-02 9.993608735128681753e-01
-7.662346293456692541e-03 3.305898136830205669e-02 -1.138122970530327897e-02 9.993592246087312780e-01
-6.952751842438396890e-03 3.301695424773758158e-02 -1.151800335785689577e-02 9.993642356882043165e-01
-5.964988463984302429e-03 3.347542570139051821e-02 -1.144629741038282952e-02 9.993561912863342389e-01
-5.298786449232907592e-03 3.301257646414450242e-02 -1.026577124749398356e-02 9.993881661286863061e-01
-5.400215971762626840e-03 3.378787172720093546e-02 -1.128410637416319383e-02 9.993507323932580011e-01
-4.843980751566128243e-03 3.415552341006088816e-02 -1.139773596585891627e-02 9.993397959082365167e-01
-5.213413046648036203e-03 3.502473848332384593e-02 -1.195154616004636891e-02 9.993013802467022311e-01
-5.414614871934758655e-03 3.489207947745062710e-02 -1.170016086322980993e-02 9.993079260024422261e-01
-4.768481630388292543e-03 3.574798535390561610e-02 -1.150539761147504475e-02 9.992832275945991993e-01
-3.904172421504000998e-03 3.564537422617528734e-02 -1.191551415503996555e-02 9.992858376142434995e-01
-2.874065953113035411e-03 3.547244549701793204e-02 -1.195036746838781458e-02 9.992950685722054027e-01
-1.616249314367083955e-03 3.456218460513570817e-02 -1.199701110334449282e-02 9.993292324644870162e-01
-8.590194261220247471e-04 3.340269251387317090e-02 -1.255048707706447365e-02 9.993628007348370756e-01
9.942484528612841564e-04 3.250413058083546219e-02 -1.202722122918479034e-02 9.993987386997755795e-01
3.809582861624642887e-03 3.115963957006769036e-02 -1.119968910338309080e-02 9.994444111126298269e-01
3.809582861624642887e-03 3.115963957006769036e-02 -1.119968910338309080e-02 9.994444111126298269e-01
3.809582861624642887e-03 3.115963957006769036e-02 -1.119968910338309080e-02 9.994444111126298269e-01
-3.511091923563043897e-04 2.828800970679909779e-02 -1.200787884566486066e-02 9.995276264690191592e-01
2.202721579603811927e-03 2.734341221766304134e-02 -1.124097971962777914e-02 9.995604665055940474e-01
1.283173102945721691e-03 2.618548756438118796e-02 -1.101225170547308514e-02 9.995956202485977160e-01
2.723128920003976220e-04 2.587832934296187617e-02 -1.151007265354422535e-02 9.995987975901212685e-01
2.723128920003976220e-04 2.587832934296187617e-02 -1.151007265354422535e-02 9.995987975901212685e-01
2.627586684254843222e-03 2.897320378833450824e-02 -1.105637442903631591e-02 9.995155855888098184e-01
2.627586684254843222e-03 2.897320378833450824e-02 -1.105637442903631591e-02 9.995155855888098184e-01
-9.449914159567187819e-03 2.673775669058373744e-02 -1.123853336600663839e-02 9.995346351464331480e-01
-9.638371928067553107e-03 2.806023484000102000e-02 -1.145934740332564712e-02 9.994940762027507697e-01
-9.746589286419240702e-03 2.874256230165934262e-02 -1.125492096860414119e-02 9.994759606231695681e-01
-7.314802709293416992e-03 3.038801836746074167e-02 -1.147351304395449745e-02 9.994455565459547941e-01
-7.243784839896002213e-03 3.000863988167958712e-02 -1.059509907121561866e-02 9.994672345751591802e-01
-4.789373265495870495e-03 3.057198027168816015e-02 -1.101332773291391690e-02 9.994604156935075201e-01
-9.980786895650930763e-04 3.114375101626085107e-02 -1.022767478620329948e-02 9.994620879653386414e-01
-3.820660004554360606e-04 3.147390558563661206e-02 -1.058123996110805522e-02 9.994484902453169006e-01
1.337993221024401467e-03 3.186567093056118238e-02 -1.028007748019625980e-02 9.994383966995098456e-01
1.165439429177607834e-03 3.161945218463699248e-02 -9.780459112579081501e-03 9.994514468517355921e-01
1.526847840466829609e-03 3.195729457527769768e-02 -9.712078678334729390e-03 9.994408814866674318e-01
2.164082953641124733e-03 3.289045031359402044e-02 -1.035767261488832261e-02 9.994029485853749284e-01
1.611762547567987570e-03 3.263132612106048325e-02 -1.040329641325124857e-02 9.994120122355991676e-01
2.474286493173331620e-03 3.271843849688856748e-02 -9.661646326167182969e-03 9.994148459368327186e-01
2.474286493173331620e-03 3.271843849688856748e-02 -9.661646326167182969e-03 9.994148459368327186e-01
2.474286493173331620e-03 3.271843849688856748e-02 -9.661646326167182969e-03 9.994148459368327186e-01
4.896919626699367326e-03 3.364240658216129803e-02 -8.962789136906686160e-03 9.993817474160799907e-01
2.987714254555785126e-03 3.373368143811435876e-02 -9.219962401436184590e-03 9.993838624840212237e-01
2.587457791679883580e-03 3.445522816683659756e-02 -9.304238280323319510e-03 9.993595816642628638e-01
1.266272041282597276e-03 3.454133810318272407e-02 -9.406047913233944041e-03 9.993582034384933532e-01
1.573017196317733242e-03 3.530561546336555279e-02 -9.840464274835234587e-03 9.993268756500591765e-01
1.749954361420351726e-03 3.502511332700673774e-02 -8.829125057598748855e-03 9.993458988993153547e-01
1.666369558825221784e-03 3.464474827926839612e-02 -8.139001078312049428e-03 9.993651591338407192e-01
6.677525675031295311e-04 3.534901130550621717e-02 -8.650417419997221552e-03 9.993373663506691651e-01
-4.675988839732876396e-04 3.598437614276316782e-02 -9.385310215018434488e-03 9.993081716753184907e-01
-3.001313295383204686e-03 3.506919905189515019e-02 -9.432608574196624587e-03 9.993358641076820481e-01
1.406261610681320629e-03 3.515422155124793557e-02 -7.889598087043994679e-03 9.993497672874263049e-01
1.102958134339951379e-02 3.864344977287516997e-02 -8.821745468589426570e-03 9.991532459697701762e-01
9.678293276494720487e-03 3.827309388258137712e-02 -8.325552598916803257e-03 9.991857615567948381e-01
1.814669398073284713e-03 3.538814115860280940e-02 -7.700708578317321668e-03 9.993423264966346808e-01
1.506360551545239592e-03 3.507929416756572216e-02 -7.029095409529057328e-03 9.993586772607310209e-01
1.441525612865191030e-03 3.586385441008357183e-02 -7.521591607453104525e-03 9.993273395691977257e-01
1.357791006331853130e-03 3.569622361821106482e-02 -7.283352648024234849e-03 9.993352234346523089e-01
1.562370460765529021e-03 3.579420725422628041e-02 -7.542581545345266800e-03 9.993294968073426210e-01
-3.099308920248019551e-03 3.498608564978926416e-02 -8.568456917876443590e-03 9.993462611333315815e-01
-6.260897359518092890e-03 3.251616860915194224e-02 -7.762360083942096596e-03 9.994214554977104426e-01
-7.684721998059285651e-03 3.156623740599304173e-02 -7.766284557503758471e-03 9.994419455516228012e-01
-1.070164524957619746e-02 2.931527752851638066e-02 -8.054504911033101913e-03 9.994804721669235947e-01
-1.167497161273817370e-02 2.772118513193965253e-02 -7.805887728139654543e-03 9.995170328961373585e-01
-1.288105928413908405e-02 2.658520659035869260e-02 -8.060040865057450238e-03 9.995310604696184820e-01
-9.528567318422588583e-03 2.658749243696709522e-02 -7.098750360662784385e-03 9.995758697538119630e-01
2.896016483652779239e-04 2.789331513465202056e-02 -7.590014473458491125e-03 9.995820480490718030e-01
2.452961614768236782e-03 2.769754097129200135e-02 -7.547827724293853201e-03 9.995848435726226722e-01
-6.629143542879849249e-03 2.475748409793959368e-02 -7.617795393176924300e-03 9.996424814054152286e-01
-7.144072258613795752e-03 2.331650022670093969e-02 -7.657031664333659171e-03 9.996732830854455631e-01
-1.007330768995378864e-02 2.228000273893983654e-02 -7.605958986564064286e-03 9.996720859051887453e-01
1.749813353301494416e-04 2.314239467906041570e-02 -6.429720335751485522e-03 9.997114872034106314e-01
7.654989692459627680e-04 2.228319229405894067e-02 -5.956066243570508692e-03 9.997336638462347436e-01
1.588998635847264484e-03 2.229855542130093973e-02 -6.297563200077101533e-03 9.997302587234216942e-01
9.664593873903000931e-04 2.236136809766854638e-02 -6.426471640226667260e-03 9.997288310513559040e-01
1.919475717351409524e-03 2.346516695989699433e-02 -6.842110071524070726e-03 9.996993983604690603e-01
3.582562853425140525e-03 2.450109360804729464e-02 -6.214594731520030682e-03 9.996740671177450910e-01
2.142320264803710284e-03 2.527666424018424479e-02 -6.855872829005465671e-03 9.996546892385013150e-01
2.209179276759165415e-03 2.529556336140059355e-02 -6.624808312347993215e-03 9.996556236604570156e-01
6.323527278357370801e-04 2.606466625715207069e-02 -6.558046351167617222e-03 9.996385473414812761e-01
-3.018511860466492527e-03 2.703043082713336639e-02 -7.416531458212573431e-03 9.996025407413574593e-01
-1.457515171593599945e-03 2.719724155901750984e-02 -6.658546773247468221e-03 9.996068474435204632e-01
-5.578053694278445850e-03 2.721737009073517399e-02 -6.972760113137537255e-03 9.995896561583319517e-01
-6.589057101034661267e-03 2.851847425404456515e-02 -7.501041676139975564e-03 9.995434034230397113e-01
-7.502825181657526987e-03 2.842035477535964291e-02 -7.790327818783740997e-03 9.995375439878244617e-01
-8.191189848237554610e-03 2.823245437307004765e-02 -7.379754464430148507e-03 9.995405805433751345e-01
-1.093709419261177686e-02 2.864823080966631685e-02 -8.164437893777642258e-03 9.994963735782019798e-01
-1.093709419261177686e-02 2.864823080966631685e-02 -8.164437893777642258e-03 9.994963735782019798e-01
-8.577243912611083945e-03 2.964976118922238446e-02 -7.874122946186007041e-03 9.994925316059715126e-01
-1.032127279058385645e-02 3.100913738859938096e-02 -8.822199576821170008e-03 9.994268725229595862e-01
-1.008055029924933080e-02 3.061032734085661344e-02 -8.454494141325444301e-03 9.994448018247752419e-01
-9.872346241276280798e-03 3.135463661003478480e-02 -8.654249039919325800e-03 9.994220967720796045e-01
-8.666190899601829492e-03 3.203994950578065160e-02 -8.936094798120021790e-03 9.994090678899795188e-01
-7.265477017393181733e-03 3.248700005773511035e-02 -8.779527835714668119e-03 9.994071880679769038e-01
-8.602903327120029267e-03 3.242480323280204357e-02 -8.870789646558222344e-03 9.993977843084828061e-01
-7.737582696550297269e-03 3.308977115659090390e-02 -9.102767699751990182e-03 9.993809766445541642e-01
-7.528516417660210090e-03 3.330430626133890071e-02 -8.880423215997093611e-03 9.993774475684874536e-01
-6.364978035516155423e-03 3.406286344694139240e-02 -9.221594676492275017e-03 9.993568784873724242e-01
-5.925492363295136247e-03 3.454679789532397183e-02 -9.080329580849163737e-03 9.993442624592064893e-01
-6.190102429150166202e-03 3.468713318146458835e-02 -8.804749847279186650e-03 9.993402632755746806e-01
-6.725550045319349246e-03 3.493479628891547201e-02 -9.199912938685118544e-03 9.993246162217562789e-01
-6.602683919976035272e-03 3.498697402952802987e-02 -8.867354198496968029e-03 9.993266163986770367e-01
-6.728334347413935171e-03 3.517764387185531860e-02 -8.892813539979487619e-03 9.993188584009998765e-01
-7.124749886059568264e-03 3.531994439578302336e-02 -8.870380014989756590e-03 9.993112907524509536e-01
-6.756994421150967940e-03 3.580063488802152222e-02 -8.713173118759713273e-03 9.992981227752855133e-01
-5.969555815289157887e-03 3.630218478652323666e-02 -8.875454663439617115e-03 9.992836144396697318e-01
-5.955021077070732187e-03 3.637491949021310483e-02 -8.504778952079908999e-03 9.992842797177530212e-01
-5.121223729238368744e-03 3.694838626058683656e-02 -8.884164497561550938e-03 9.992645602849297148e-01
-8.818338379408258501e-03 3.625739361047931875e-02 -9.365645087408525429e-03 9.992596874731300982e-01
-8.818338379408258501e-03 3.625739361047931875e-02 -9.365645087408525429e-03 9.992596874731300982e-01
-6.621823366958891864e-03 3.751044506679036827e-02 -8.727326915771788790e-03 9.992361841582265702e-01
-7.108670633137629223e-03 3.775385114399903291e-02 -8.595062556943958501e-03 9.992248187596566300e-01
-4.766141829485074158e-03 3.826148469158105470e-02 -8.670945495137456424e-03 9.992187735353442735e-01
-5.384508149939686190e-03 3.790035854625637551e-02 -9.089131182993143501e-03 9.992256790076938788e-01
-4.318564065523348462e-03 3.626316774236901241e-02 -8.594947251964201590e-03 9.992959819550145673e-01
-4.101673938192697266e-03 3.523680363203678806e-02 -9.242422235899551766e-03 9.993278348829854885e-01
-4.101673938192697266e-03 3.523680363203678806e-02 -9.242422235899551766e-03 9.993278348829854885e-01
-7.604837157388443999e-03 3.268155610851700837e-02 -9.881256697135160083e-03 9.993880343031033009e-01
6.397861906936483075e-04 3.339656265782436906e-02 -8.704432514630645185e-03 9.994040689985560499e-01
6.616526447051799403e-03 3.246464598637412852e-02 -7.424888289574822602e-03 9.994234034545330658e-01
9.194161918121581539e-03 3.362100040281581353e-02 -9.624268956694213492e-03 9.993460207383558780e-01
6.097145061620801339e-03 3.249789101387550588e-02 -9.196220365412932293e-03 9.994108971953120646e-01
5.699635041065100743e-03 3.108373735136827840e-02 -8.710143027398208754e-03 9.994625800104335323e-01
-4.513521364768026053e-03 2.752853507544988920e-02 -8.557050629791311189e-03 9.995742017309213745e-01
-4.513521364768026053e-03 2.752853507544988920e-02 -8.557050629791311189e-03 9.995742017309213745e-01
-5.453499908416211718e-03 2.672905862453279352e-02 -8.322090448778789173e-03 9.995931970428558744e-01
-8.427520832426328365e-03 2.651711098828264668e-02 -8.307657437401617939e-03 9.995783123624466526e-01
-1.045369546645342519e-02 2.668273065287464843e-02 -8.066544067554016345e-03 9.995567432631361493e-01
-1.121047769125099736e-02 2.693899305769881236e-02 -7.818521150339284576e-03 9.995436391523848663e-01
-1.121047769125099736e-02 2.693899305769881236e-02 -7.818521150339284576e-03 9.995436391523848663e-01
-1.182478106788807833e-02 2.753548355618115964e-02 -7.803954834962775235e-03 9.995204199949881962e-01
-9.718613738075419436e-03 2.841792807947312108e-02 -7.751441132499286256e-03 9.995188267716869079e-01
-8.646529457493268983e-03 2.894732755817453276e-02 -7.789253649043028846e-03 9.995131901496705495e-01
-6.338917587170925932e-03 2.939662794914052121e-02 -7.367731799776344737e-03 9.995205715327571960e-01
-1.923546937898067740e-03 3.052263970013146741e-02 -7.159786029979014511e-03 9.995065812174117603e-01
-4.318860634198378595e-03 2.998259905734046091e-02 -6.670565683287069982e-03 9.995188316135189543e-01
-4.058152176141245453e-03 3.090543118111429427e-02 -6.854172100760548732e-03 9.994905732668206699e-01
-3.669449847298916767e-03 3.128640351154265281e-02 -6.636920050166303549e-03 9.994816893697346938e-01
-3.669449847298916767e-03 3.128640351154265281e-02 -6.636920050166303549e-03 9.994816893697346938e-01
-1.986214362892271389e-03 3.230808245625246822e-02 -5.780401060733656067e-03 9.994592686668535286e-01
-1.136961254166063764e-03 3.312234969027932213e-02 -5.919228671009167837e-03 9.994331293298425178e-01
-1.115486090012164340e-03 3.304213103968959425e-02 -5.521125245846311182e-03 9.994380873486654604e-01
-9.078147136196918279e-04 3.344055088073161902e-02 -5.244153508427978200e-03 9.994265377121117622e-01
-3.052989276861959450e-04 3.385273786746621771e-02 -4.992228827731500125e-03 9.994143167789687476e-01
-2.209650649180734086e-04 3.415239598588287739e-02 -4.879372437767736867e-03 9.994047011833980809e-01
-7.172914300792023953e-04 3.422153642177223898e-02 -5.225728306201366143e-03 9.994003520619789693e-01
-7.580688212453350625e-04 3.468924402619821129e-02 -4.562831806395869182e-03 9.993874435105034593e-01
3.878884264095290319e-03 3.596603630137029661e-02 -3.687707781547228114e-03 9.993386809790523184e-01
-2.141131025391621642e-03 3.555871782073700277e-02 -3.930630378331429614e-03 9.993575652836708123e-01
-1.642018069442289889e-03 3.589857820165928692e-02 -4.036325362125049894e-03 9.993459380701610328e-01
-7.969836098927737854e-04 3.658964692068703700e-02 -3.327960386595760212e-03 9.993245154778352957e-01
-2.162035368858194508e-03 3.597595432161535683e-02 -3.005403360669127617e-03 9.993457979420099502e-01
-2.189147307302131019e-03 3.643779038207395349e-02 -3.115192127292152214e-03 9.993286699800767447e-01
2.225364363584414820e-03 3.708294283595972574e-02 -2.131594546539269247e-03 9.993074398846250039e-01
-5.640952261105184641e-03 3.624087287245802980e-02 -3.069725760102757356e-03 9.993224482492065741e-01
-3.640300823348899002e-03 3.648545255178385627e-02 -2.399201398376802144e-03 9.993246738646339722e-01
-3.469928206069199626e-03 3.614464359954840111e-02 -1.762538872893641174e-03 9.993389904301882565e-01
-4.062323455664378254e-03 3.654997720001840894e-02 -2.387150992128234811e-03 9.993207183907278912e-01
-2.463086643308200728e-03 3.706564505880165228e-02 -1.864747301789197731e-03 9.993080575468522575e-01
-3.356264196966204493e-03 3.645261919340465895e-02 -1.762530504037250522e-03 9.993281921024760317e-01
4.257758114042068699e-03 3.767312565108756756e-02 -5.818933908458220634e-04 9.992808756799068659e-01
-3.897512468267123648e-04 3.656356982028537844e-02 -8.668577649117472890e-04 9.993308771440909677e-01
-1.187087179782803613e-02 3.231448983351309368e-02 -1.543531127453558454e-03 9.994060604485135446e-01
-1.419859234568384733e-02 3.017924330802904814e-02 -2.204594903120376051e-03 9.994412203877069967e-01
-1.478958216577160381e-02 2.797427107032309651e-02 -1.489664534021140378e-03 9.994981187160995040e-01
-1.556097719716114693e-02 2.688964114512272865e-02 -1.533703285500315205e-03 9.995161083954515746e-01
-1.556097719716114693e-02 2.688964114512272865e-02 -1.533703285500315205e-03 9.995161083954515746e-01
-1.556097719716114693e-02 2.688964114512272865e-02 -1.533703285500315205e-03 9.995161083954515746e-01
-4.024774370942749667e-03 2.682772144574623735e-02 -4.616977347575339035e-04 9.996318629317966220e-01
-4.024774370942749667e-03 2.682772144574623735e-02 -4.616977347575339035e-04 9.996318629317966220e-01
-4.024774370942749667e-03 2.682772144574623735e-02 -4.616977347575339035e-04 9.996318629317966220e-01
-1.433227131422407704e-03 2.432162589233052494e-02 3.427155968292189140e-04 9.997030993849939096e-01
-1.433227131422407704e-03 2.432162589233052494e-02 3.427155968292189140e-04 9.997030993849939096e-01
9.739591248219542710e-03 2.559890946751235477e-02 -2.882056717959322338e-04 9.996248061817406549e-01
1.014837306100689791e-02 2.583116663669517143e-02 -2.392139910907153033e-04 9.996147778674885354e-01
6.492697937743980956e-03 2.408002744723818089e-02 9.520458872364623553e-04 9.996884968630268542e-01
6.049674353445010783e-03 2.446927814760635131e-02 4.458053278597321118e-04 9.996821780569872251e-01
8.070901373425342848e-03 2.638644784397820714e-02 7.760334226312272984e-04 9.996189342411059275e-01
7.553069133418579065e-03 2.759974417906301339e-02 6.079520701127662154e-04 9.995903339179489366e-01
6.960407583281171678e-03 2.827359058534827108e-02 6.928784287341542602e-04 9.995757483658602727e-01
5.296798355187764748e-03 2.818638467732830291e-02 1.040390161079709445e-03 9.995881097903870360e-01
3.910683346208717812e-03 2.892120945249071137e-02 3.185914644128817535e-04 9.995739936088021693e-01
2.235311588473914372e-03 2.960876316089589011e-02 3.063543774379280812e-04 9.995590181040736599e-01
2.312428952447520645e-03 3.033887932508735549e-02 -2.982678723102366396e-05 9.995369949051412517e-01
1.700242172920459448e-03 3.046219344118753641e-02 4.952857781126113570e-05 9.995344723891342875e-01
-2.492510776277522162e-03 3.073682625340854943e-02 -1.773488744036590950e-03 9.995228309746470030e-01
4.731005501204362668e-03 3.290382427568651347e-02 -1.336810763457743330e-03 9.994464312167836706e-01
2.388115656462881133e-03 3.267470403777063964e-02 -1.520167891804581357e-03 9.994620301488377212e-01
9.853924507805195479e-04 3.309147392813421851e-02 -2.426384041124118179e-03 9.994488961500065383e-01
8.363288460983068747e-04 3.353740007482595986e-02 -2.276515058618113190e-03 9.994345205312202829e-01
-8.157265366088383915e-03 3.075556699273737649e-02 -1.918478191321331761e-03 9.994918076513343852e-01
2.623834274813153806e-03 3.377398490213678189e-02 -2.160312723415986139e-03 9.994237171922956131e-01
-1.314396201269391051e-02 3.077887427925297611e-02 -4.111838144697470623e-03 9.994313332829738439e-01
-1.223190425709383758e-02 3.067988692813423263e-02 -3.477651777153998713e-03 9.994483633457204030e-01
-1.269625049393850041e-02 3.049296968729966681e-02 -3.639608700179785151e-03 9.994477161270388654e-01
3.851136782023458372e-03 3.427588757543134634e-02 -2.187314191159288150e-03 9.994025955204597356e-01
3.851136782023458372e-03 3.427588757543134634e-02 -2.187314191159288150e-03 9.994025955204597356e-01
-4.790051130601327527e-03 3.174793774438431498e-02 -2.125320495690959186e-03 9.994821693616827707e-01
3.597415766557341549e-03 3.378459459553642685e-02 -2.214341412161942475e-03 9.994202101518301351e-01
4.640147237982104357e-03 3.406777823489168938e-02 -1.817474207856552846e-03 9.994071003886514371e-01
4.036516024361263416e-03 3.407245124223816368e-02 -2.069829915172433955e-03 9.994090706056517615e-01
-4.075263145826994553e-03 3.229744414277350290e-02 -2.254711881753960600e-03 9.994674499984814720e-01
8.040982435291159792e-04 3.290885555203630630e-02 -1.124187254022889545e-03 9.994574012209264113e-01
3.003162344959042860e-03 3.437314478343036356e-02 -1.478507580848600336e-03 9.994034630463117796e-01
7.229341357875617401e-03 3.658411580342725566e-02 -3.506076866969540760e-03 9.992982770521601221e-01
9.200641726930953654e-03 3.628706992924777414e-02 -3.043069640813507101e-03 9.992944193154106314e-01
8.871466443034069227e-03 3.679733666400554493e-02 -3.313257845987281538e-03 9.992778769791874627e-01
9.438511463231666690e-03 3.681671766343069807e-02 -2.884249354829960307e-03 9.992732984061512003e-01
9.489645242084881333e-03 3.706608882035716118e-02 -3.227004649201703577e-03 9.992625471485133692e-01
1.066844312563926603e-02 3.790576055514649489e-02 -3.222709480709814653e-03 9.992191710438775853e-01
9.103867909428567037e-03 3.768772548532400846e-02 -3.150829617201360722e-03 9.992431271765415124e-01
9.909201798604411193e-03 3.796622359844621653e-02 -3.258993818964891088e-03 9.992245756308615334e-01
8.281169490475586911e-03 3.847814477936998406e-02 -3.683538115261326181e-03 9.992183375785100852e-01
8.834887076858947627e-03 3.862293394781002309e-02 -2.914759631369788755e-03 9.992105473421973860e-01
8.483346161340438521e-03 3.825070985856866834e-02 -2.595700387053429935e-03 9.992287918053217588e-01
1.086489480978539666e-02 3.846165423050142140e-02 -2.964021522927436873e-03 9.991966121795236022e-01
1.098488532191567446e-02 3.760623219690095026e-02 -2.316454877547979505e-03 9.992295720359848366e-01
1.305075710020277974e-02 3.738301519871507078e-02 -2.607255254331076327e-03 9.992123848981271372e-01
1.424846663868632561e-02 3.570886610226950419e-02 -2.531279233188304598e-03 9.992574496622880220e-01
1.513497089248861185e-02 3.513027437943319620e-02 -2.790367400549653536e-03 9.992642344884956618e-01
1.547925934327985809e-02 3.315858946228284615e-02 -2.681660990194324745e-03 9.993266278696815164e-01
1.590715944233112022e-02 3.274039919071908972e-02 -2.264305896441511610e-03 9.993347294365967359e-01
1.490494013570154395e-02 3.163110654324627347e-02 -2.920006667281659345e-03 9.993842051080575883e-01
1.341248857815995066e-02 3.151460137017905727e-02 -2.405286514384019723e-03 9.994104010102172753e-01
9.719611614692284449e-03 3.189315853263009759e-02 -2.905729315911258649e-03 9.994397992505675843e-01
8.885361844295201067e-03 3.209810320812751111e-02 -2.210168297986025380e-03 9.994427833905406011e-01
7.183623190976543699e-03 3.295933972849649646e-02 -2.977119853625030330e-03 9.994264426359195097e-01
9.311135275260652711e-03 3.356670605447643202e-02 -2.688563664576500752e-03 9.993894889531106385e-01
8.531998590691557138e-03 3.378309332494491141e-02 -2.506340830691763336e-03 9.993896266527320105e-01
9.757283727204352566e-03 3.413177890258505681e-02 -2.919408324655787135e-03 9.993654457395682034e-01
1.030429862460103749e-02 3.496789198439680113e-02 -2.749742631785158375e-03 9.993315300116781819e-01
1.328606823825643872e-02 3.548063931929636844e-02 -2.858903853170812522e-03 9.992779549719991161e-01
1.318207909934602032e-02 3.567459993308150223e-02 -3.027227806947719972e-03 9.992719307586088728e-01
1.371670372337855520e-02 3.652872266696619019e-02 -2.343640694612129666e-03 9.992357138371203984e-01
1.554981847677132378e-02 3.740994225206337176e-02 -2.419691485204183111e-03 9.991760828098085190e-01
1.573118267701683129e-02 3.792109275119161238e-02 -2.291726778883074363e-03 9.991542766782859353e-01
1.657086317352525137e-02 3.811950249272417351e-02 -1.498809005314063244e-03 9.991346573885609983e-01
1.578867637756739203e-02 3.884700668726048106e-02 -2.655953840955561224e-03 9.991168969039003755e-01
1.708576049735305302e-02 3.943261251576229282e-02 -1.516321967816600677e-03 9.990749954963835666e-01
1.705732602619635524e-02 3.971344885884816461e-02 -1.539711581914469767e-03 9.990643217014689714e-01
1.602369265603290766e-02 3.970879422382476293e-02 -1.723035636371662111e-03 9.990813200551548201e-01
1.934233402685172493e-02 4.032722594012762979e-02 -1.179590308835083484e-03 9.989985973609126768e-01
1.650116015000771541e-02 4.057430945524464344e-02 -1.538433328398269807e-03 9.990390734845299159e-01
1.882768836111198968e-02 4.095078979047269557e-02 -9.170153388672863106e-04 9.989833382241075643e-01
1.646334585844826462e-02 4.110841485559688785e-02 -7.718464821545326310e-04 9.990187489352806427e-01
1.850495894511183445e-02 4.109109669715724916e-02 3.557125458619938966e-04 9.989839647037630499e-01
1.957729939535661490e-02 4.187429311231103540e-02 5.775392884848663810e-04 9.989308981972172541e-01
1.767190738686521406e-02 4.199546688431197994e-02 5.128718322329158582e-04 9.989613713317259114e-01
1.712107685868198906e-02 4.241417360621333593e-02 9.156471464545455500e-04 9.989529859782212418e-01
1.940631166818597084e-02 4.271851899301642996e-02 4.558627925961718751e-04 9.988985511009588203e-01
1.940631166818597084e-02 4.271851899301642996e-02 4.558627925961718751e-04 9.988985511009588203e-01
1.940631166818597084e-02 4.271851899301642996e-02 4.558627925961718751e-04 9.988985511009588203e-01
