1.752580389961482763e+09
1.752580389965660810e+09
1.752580389968826056e+09
1.752580389975301981e+09
1.752580389981161118e+09
1.752580389985717773e+09
1.752580389991328478e+09
1.752580389995453358e+09
1.752580390001052618e+09
1.752580390005112648e+09
1.752580390010925531e+09
1.752580390015552282e+09
1.752580390021290302e+09
1.752580390024892330e+09
1.752580390029134989e+09
1.752580390035924673e+09
1.752580390041416883e+09
1.752580390045015812e+09
1.752580390050813913e+09
1.752580390057411909e+09
1.752580390060874224e+09
1.752580390065549612e+09
1.752580390068797588e+09
1.752580390074509621e+09
1.752580390079497576e+09
1.752580390085512638e+09
1.752580390091110706e+09
1.752580390094929457e+09
1.752580390101540565e+09
1.752580390105232477e+09
1.752580390110630751e+09
1.752580390115111113e+09
1.752580390125037670e+09
1.752580390128995180e+09
1.752580390135225058e+09
1.752580390140956879e+09
1.752580390145198107e+09
1.752580390150732279e+09
1.752580390156989813e+09
1.752580390161513805e+09
1.752580390165451050e+09
1.752580390170907021e+09
1.752580390175419807e+09
1.752580390180969477e+09
1.752580390185383797e+09
1.752580390189898729e+09
1.752580390195298910e+09
1.752580390201042414e+09
1.752580390205381155e+09
1.752580390210929394e+09
1.752580390215443850e+09
1.752580390219608307e+09
1.752580390224653482e+09
1.752580390228787899e+09
1.752580390235210896e+09
1.752580390241382122e+09
1.752580390245555401e+09
1.752580390248935461e+09
1.752580390257177114e+09
1.752580390260941744e+09
1.752580390265599966e+09
1.752580390270446062e+09
1.752580390274466276e+09
1.752580390281334162e+09
1.752580390285791397e+09
1.752580390290114880e+09
1.752580390295522928e+09
1.752580390299422026e+09
1.752580390303858519e+09
1.752580390310507298e+09
1.752580390314516306e+09
1.752580390322619915e+09
1.752580390325247526e+09
1.752580390330619574e+09
1.752580390334483862e+09
1.752580390340783119e+09
1.752580390345671654e+09
1.752580390348905325e+09
1.752580390357071161e+09
1.752580390359832525e+09
1.752580390365333080e+09
1.752580390370687723e+09
1.752580390374486446e+09
1.752580390381169319e+09
1.752580390385639906e+09
1.752580390388982058e+09
1.752580390394991636e+09
1.752580390401309252e+09
1.752580390405725718e+09
1.752580390409452915e+09
1.752580390414695501e+09
1.752580390420843363e+09
1.752580390424637794e+09
1.752580390429027796e+09
1.752580390434585571e+09
1.752580390440855026e+09
1.752580390445580006e+09
1.752580390449136496e+09
1.752580390455222130e+09
1.752580390460996151e+09
1.752580390465201616e+09
1.752580390471122742e+09
1.752580390474677563e+09
1.752580390481172085e+09
1.752580390485231400e+09
1.752580390491408587e+09
1.752580390495490313e+09
1.752580390503499746e+09
1.752580390504939795e+09
1.752580390509013653e+09
1.752580390515412569e+09
1.752580390520991564e+09
1.752580390525962591e+09
1.752580390529451847e+09
1.752580390534653664e+09
1.752580390540804148e+09
1.752580390545414448e+09
1.752580390548827410e+09
1.752580390557107925e+09
1.752580390564783812e+09
1.752580390569312334e+09
1.752580390575516462e+09
1.752580390581391573e+09
1.752580390586869240e+09
1.752580390589604378e+09
1.752580390595821142e+09
1.752580390600769520e+09
1.752580390604515076e+09
1.752580390608944416e+09
1.752580390615837812e+09
1.752580390621183157e+09
1.752580390624751091e+09
1.752580390629278421e+09
1.752580390635924339e+09
1.752580390641583204e+09
1.752580390644531965e+09
1.752580390649224997e+09
1.752580390655817270e+09
1.752580390659379721e+09
1.752580390665433407e+09
1.752580390668807507e+09
1.752580390675329685e+09
1.752580390681101084e+09
1.752580390685525656e+09
1.752580390689169168e+09
1.752580390694742203e+09
1.752580390701178789e+09
1.752580390705429792e+09
1.752580390709216118e+09
1.752580390715195894e+09
1.752580390722554207e+09
1.752580390724072218e+09
1.752580390731284142e+09
1.752580390735253096e+09
1.752580390741136551e+09
1.752580390745235920e+09
1.752580390748792887e+09
1.752580390754718542e+09
1.752580390761357069e+09
1.752580390765552282e+09
1.752580390769072294e+09
1.752580390775459766e+09
1.752580390783262253e+09
1.752580390785220861e+09
1.752580390789699554e+09
1.752580390795531511e+09
1.752580390800913811e+09
1.752580390804604530e+09
1.752580390811003208e+09
1.752580390815717697e+09
1.752580390824615717e+09
1.752580390829179049e+09
1.752580390835209131e+09
1.752580390841081619e+09
1.752580390845235348e+09
1.752580390849731684e+09
1.752580390855401754e+09
1.752580390861113071e+09
1.752580390865506411e+09
1.752580390868858337e+09
1.752580390874465942e+09
1.752580390881021500e+09
1.752580390884611845e+09
1.752580390890223980e+09
1.752580390895794153e+09
1.752580390901608944e+09
1.752580390905579567e+09
1.752580390909057379e+09
1.752580390916159630e+09
1.752580390922423840e+09
1.752580390924391985e+09
1.752580390930409431e+09
1.752580390935539246e+09
1.752580390941423416e+09
1.752580390944951296e+09
1.752580390950625181e+09
1.752580390954993248e+09
1.752580390959244967e+09
1.752580390965090990e+09
1.752580390970669746e+09
1.752580390975358248e+09
1.752580390981068373e+09
1.752580390985676765e+09
1.752580390992236853e+09
1.752580390994514465e+09
1.752580391000803471e+09
1.752580391005841970e+09
1.752580391009275675e+09
1.752580391015131712e+09
1.752580391020911455e+09
1.752580391025407553e+09
1.752580391029207706e+09
1.752580391035727978e+09
1.752580391041048765e+09
1.752580391045247078e+09
1.752580391050806999e+09
1.752580391056383133e+09
1.752580391060553551e+09
1.752580391064828873e+09
1.752580391068874359e+09
1.752580391075375557e+09
1.752580391081022739e+09
1.752580391085050344e+09
1.752580391091015100e+09
1.752580391095497131e+09
1.752580391101184845e+09
1.752580391105135679e+09
1.752580391109014511e+09
1.752580391115380287e+09
1.752580391121957779e+09
1.752580391126522303e+09
1.752580391131376982e+09
1.752580391134515047e+09
1.752580391140708447e+09
1.752580391145456314e+09
1.752580391150976419e+09
1.752580391155559778e+09
1.752580391161345243e+09
1.752580391165515661e+09
1.752580391170941114e+09
1.752580391175299406e+09
1.752580391181049109e+09
1.752580391185283661e+09
1.752580391188840389e+09
1.752580391194654703e+09
1.752580391202328920e+09
1.752580391205656290e+09
1.752580391209217787e+09
1.752580391215226650e+09
1.752580391223140240e+09
1.752580391225697041e+09
1.752580391229574680e+09
1.752580391234584808e+09
1.752580391241610050e+09
1.752580391245797157e+09
1.752580391249025583e+09
1.752580391254733324e+09
1.752580391261121035e+09
1.752580391265354156e+09
1.752580391269829750e+09
1.752580391275400400e+09
1.752580391281095505e+09
1.752580391284608603e+09
1.752580391288841248e+09
1.752580391295871496e+09
1.752580391301312685e+09
1.752580391304539442e+09
1.752580391310619831e+09
1.752580391315585375e+09
1.752580391322010279e+09
1.752580391325232029e+09
1.752580391330593109e+09
1.752580391335639477e+09
1.752580391341252327e+09
1.752580391348256826e+09
1.752580391349270821e+09
1.752580391355713129e+09
1.752580391361020088e+09
1.752580391365500212e+09
1.752580391370912790e+09
1.752580391375274181e+09
1.752580391381245852e+09
1.752580391386616230e+09
1.752580391391522408e+09
1.752580391394442320e+09
1.752580391400741339e+09
1.752580391405969381e+09
1.752580391410752773e+09
1.752580391414820433e+09
1.752580391420923710e+09
1.752580391424696922e+09
1.752580391430971146e+09
1.752580391435417414e+09
1.752580391441378832e+09
1.752580391445380211e+09
1.752580391449054956e+09
1.752580391455469847e+09
1.752580391461305141e+09
1.752580391465387821e+09
1.752580391471394539e+09
1.752580391475164175e+09
1.752580391482882977e+09
1.752580391484469175e+09
1.752580391490626812e+09
1.752580391495406628e+09
1.752580391501828671e+09
1.752580391506793261e+09
1.752580391510299206e+09
1.752580391514507294e+09
1.752580391521258593e+09
1.752580391525530338e+09
1.752580391529245615e+09
1.752580391534571409e+09
1.752580391540998220e+09
1.752580391545264959e+09
1.752580391551001072e+09
1.752580391555697441e+09
1.752580391561127901e+09
1.752580391565522432e+09
1.752580391570822239e+09
1.752580391575179100e+09
1.752580391580810785e+09
1.752580391584467649e+09
1.752580391590550423e+09
1.752580391595673323e+09
1.752580391601230145e+09
1.752580391605236769e+09
1.752580391610908747e+09
1.752580391615545750e+09
1.752580391624518394e+09
1.752580391630787134e+09
1.752580391635280848e+09
1.752580391641083241e+09
1.752580391645382166e+09
1.752580391650767326e+09
1.752580391655312300e+09
1.752580391660870314e+09
1.752580391665530205e+09
1.752580391670996189e+09
1.752580391674506664e+09
1.752580391680834532e+09
1.752580391684661865e+09
1.752580391690565348e+09
1.752580391695432901e+09
1.752580391700940847e+09
1.752580391705513477e+09
1.752580391709199429e+09
1.752580391714604855e+09
1.752580391720774412e+09
1.752580391725404501e+09
1.752580391731087685e+09
1.752580391735353231e+09
1.752580391741006136e+09
1.752580391745140076e+09
1.752580391750830650e+09
1.752580391755465031e+09
1.752580391762202978e+09
1.752580391764766693e+09
1.752580391771136284e+09
1.752580391775226593e+09
1.752580391781100035e+09
1.752580391785240412e+09
1.752580391789209127e+09
1.752580391795742035e+09
1.752580391801410913e+09
1.752580391805153370e+09
1.752580391808851480e+09
1.752580391815567255e+09
1.752580391820947647e+09
1.752580391825427294e+09
1.752580391831222057e+09
1.752580391834645271e+09
1.752580391841393709e+09
1.752580391845499277e+09
1.752580391850599051e+09
1.752580391854607821e+09
1.752580391861094713e+09
1.752580391865944862e+09
1.752580391870584726e+09
1.752580391874481440e+09
1.752580391881221533e+09
1.752580391885725260e+09
1.752580391890483141e+09
1.752580391894711256e+09
1.752580391903562307e+09
1.752580391904076815e+09
1.752580391910756588e+09
1.752580391915544748e+09
1.752580391921209812e+09
1.752580391925209999e+09
1.752580391931156874e+09
1.752580391935254574e+09
1.752580391941083431e+09
1.752580391945110559e+09
1.752580391951430321e+09
1.752580391955271721e+09
1.752580391961081505e+09
1.752580391965449572e+09
1.752580391969953537e+09
1.752580391975063801e+09
1.752580391981236935e+09
1.752580391985637665e+09
1.752580391991194010e+09
1.752580391995423317e+09
1.752580392000986814e+09
1.752580392005124092e+09
1.752580392010782719e+09
1.752580392015079021e+09
1.752580392021139622e+09
1.752580392025415659e+09
1.752580392031204700e+09
1.752580392035332918e+09
1.752580392042942286e+09
1.752580392044310808e+09
1.752580392050604343e+09
1.752580392055486679e+09
1.752580392061167955e+09
1.752580392065415621e+09
1.752580392068825245e+09
1.752580392075153828e+09
1.752580392080977201e+09
1.752580392085276604e+09
1.752580392091221809e+09
1.752580392095523834e+09
1.752580392100973606e+09
1.752580392105243921e+09
1.752580392111400366e+09
1.752580392115480423e+09
1.752580392119483232e+09
1.752580392125900745e+09
1.752580392130762577e+09
1.752580392135122061e+09
1.752580392141563654e+09
1.752580392145807981e+09
1.752580392150718212e+09
1.752580392155472994e+09
1.752580392160614252e+09
1.752580392165818453e+09
1.752580392169101000e+09
1.752580392175045729e+09
1.752580392181413889e+09
1.752580392184683561e+09
1.752580392188988686e+09
1.752580392195103645e+09
1.752580392201058865e+09
1.752580392205193758e+09
1.752580392208769083e+09
1.752580392215514421e+09
1.752580392220742702e+09
1.752580392224510670e+09
1.752580392230513811e+09
1.752580392235665560e+09
1.752580392241142273e+09
1.752580392245419264e+09
1.752580392250597715e+09
1.752580392255277634e+09
1.752580392261085749e+09
1.752580392265636683e+09
1.752580392268833876e+09
1.752580392274451017e+09
1.752580392280495644e+09
1.752580392285464764e+09
1.752580392289147615e+09
1.752580392295238256e+09
1.752580392301021814e+09
1.752580392305374861e+09
1.752580392308779001e+09
1.752580392315651655e+09
1.752580392321144819e+09
1.752580392324959040e+09
1.752580392330462217e+09
1.752580392335368872e+09
1.752580392341488361e+09
1.752580392345340967e+09
1.752580392351054192e+09
1.752580392355100155e+09
1.752580392360967398e+09
1.752580392365416527e+09
1.752580392368768454e+09
1.752580392375616312e+09
1.752580392381089449e+09
1.752580392385512114e+09
1.752580392391478777e+09
1.752580392395519018e+09
1.752580392401114941e+09
1.752580392405651093e+09
1.752580392410897493e+09
1.752580392415589809e+09
1.752580392421189785e+09
1.752580392424930811e+09
1.752580392430512905e+09
1.752580392434969664e+09
1.752580392441074133e+09
1.752580392445864916e+09
1.752580392449012280e+09
1.752580392454661369e+09
1.752580392461250782e+09
1.752580392464448214e+09
1.752580392470584393e+09
1.752580392475039005e+09
1.752580392480656385e+09
1.752580392485787630e+09
1.752580392489145041e+09
1.752580392494699955e+09
1.752580392500973225e+09
1.752580392505462885e+09
1.752580392509173870e+09
1.752580392515282154e+09
1.752580392521040678e+09
1.752580392527265072e+09
1.752580392530959368e+09
1.752580392534568787e+09
1.752580392541229248e+09
1.752580392545428514e+09
1.752580392551023006e+09
1.752580392555127144e+09
1.752580392560847521e+09
1.752580392565502167e+09
1.752580392570498228e+09
1.752580392574500084e+09
1.752580392580877781e+09
1.752580392584969282e+09
1.752580392592555046e+09
1.752580392594097853e+09
1.752580392600118637e+09
1.752580392604387760e+09
1.752580392609178543e+09
1.752580392615607977e+09
1.752580392620704651e+09
1.752580392624879360e+09
1.752580392629270315e+09
1.752580392635520458e+09
1.752580392640810251e+09
1.752580392644516706e+09
1.752580392651317358e+09
1.752580392655585051e+09
1.752580392660811186e+09
1.752580392665194273e+09
1.752580392671086073e+09
1.752580392674481153e+09
1.752580392681151390e+09
1.752580392685845613e+09
1.752580392690702915e+09
1.752580392694515467e+09
1.752580392700919390e+09
1.752580392705154419e+09
1.752580392710799694e+09
1.752580392715251446e+09
1.752580392721022606e+09
1.752580392725442410e+09
1.752580392729085207e+09
1.752580392735397577e+09
1.752580392739794016e+09
1.752580392745539665e+09
1.752580392748897552e+09
1.752580392755532026e+09
1.752580392761116982e+09
1.752580392766042948e+09
1.752580392769188166e+09
1.752580392774603844e+09
1.752580392780977011e+09
1.752580392785128355e+09
1.752580392788948298e+09
1.752580392795447826e+09
1.752580392800977707e+09
1.752580392805462360e+09
1.752580392810897350e+09
1.752580392815604687e+09
1.752580392820940495e+09
1.752580392825364113e+09
1.752580392831097841e+09
1.752580392834492922e+09
1.752580392840585947e+09
1.752580392845189571e+09
1.752580392848848581e+09
1.752580392855392218e+09
1.752580392861127377e+09
1.752580392865485430e+09
1.752580392871072531e+09
1.752580392875265360e+09
1.752580392880980730e+09
1.752580392886967897e+09
1.752580392890564919e+09
1.752580392895060301e+09
1.752580392901001692e+09
1.752580392905227661e+09
1.752580392908790827e+09
1.752580392915542603e+09
1.752580392921213150e+09
1.752580392924743891e+09
1.752580392930961847e+09
1.752580392934534073e+09
1.752580392941216230e+09
1.752580392945396185e+09
1.752580392950100183e+09
1.752580392955376625e+09
1.752580392960842848e+09
1.752580392965507269e+09
1.752580392970887184e+09
1.752580392975496292e+09
1.752580392981118202e+09
1.752580392985846758e+09
1.752580392989207506e+09
1.752580392995391369e+09
1.752580393000728369e+09
1.752580393005842686e+09
1.752580393008810759e+09
1.752580393015213490e+09
1.752580393022260189e+09
1.752580393024483919e+09
1.752580393030884027e+09
1.752580393035279989e+09
1.752580393041114092e+09
1.752580393045055628e+09
1.752580393050704956e+09
1.752580393055310011e+09
1.752580393060966492e+09
1.752580393065517902e+09
1.752580393071157932e+09
1.752580393075253487e+09
1.752580393080872297e+09
1.752580393085216999e+09
1.752580393094902754e+09
1.752580393101453781e+09
1.752580393105584383e+09
1.752580393109004498e+09
1.752580393115055799e+09
1.752580393121405602e+09
1.752580393125855923e+09
1.752580393128965139e+09
1.752580393134747744e+09
1.752580393141096354e+09
1.752580393145977020e+09
1.752580393149211407e+09
1.752580393155234814e+09
1.752580393163114548e+09
1.752580393165731907e+09
1.752580393168910503e+09
1.752580393175051451e+09
1.752580393181040525e+09
1.752580393185403824e+09
1.752580393189065933e+09
1.752580393195289850e+09
1.752580393201120138e+09
1.752580393205389977e+09
1.752580393210720301e+09
1.752580393215290308e+09
1.752580393220897675e+09
1.752580393225231171e+09
1.752580393229126453e+09
1.752580393235996485e+09
1.752580393241172791e+09
1.752580393245121002e+09
1.752580393248896837e+09
1.752580393255227089e+09
1.752580393261207342e+09
1.752580393265449524e+09
1.752580393271275282e+09
1.752580393275111914e+09
1.752580393280683279e+09
1.752580393285505772e+09
1.752580393289231539e+09
1.752580393295026779e+09
1.752580393300796986e+09
1.752580393305294514e+09
1.752580393309006453e+09
1.752580393315088272e+09
1.752580393320769787e+09
1.752580393325210810e+09
1.752580393328767538e+09
1.752580393334509611e+09
1.752580393341714144e+09
1.752580393345940590e+09
1.752580393349028826e+09
1.752580393355470419e+09
1.752580393361251593e+09
1.752580393364923477e+09
1.752580393371138811e+09
1.752580393374476910e+09
1.752580393380956650e+09
1.752580393385565042e+09
1.752580393389230490e+09
1.752580393394766569e+09
1.752580393400822878e+09
1.752580393404507160e+09
1.752580393410640240e+09
1.752580393416157484e+09
1.752580393421048403e+09
1.752580393425995588e+09
1.752580393430514097e+09
1.752580393435979843e+09
1.752580393444200754e+09
1.752580393448998451e+09
1.752580393455354929e+09
1.752580393459664583e+09
1.752580393464576960e+09
1.752580393470526218e+09
1.752580393475614071e+09
1.752580393481084108e+09
1.752580393485586882e+09
1.752580393490880966e+09
1.752580393495267391e+09
1.752580393500601768e+09
1.752580393504494667e+09
1.752580393511283159e+09
1.752580393515750647e+09
1.752580393520814896e+09
1.752580393524544477e+09
1.752580393529245615e+09
1.752580393535505056e+09
1.752580393540732384e+09
1.752580393544522285e+09
1.752580393549237251e+09
1.752580393555872440e+09
1.752580393560731649e+09
1.752580393565076113e+09
1.752580393571054935e+09
1.752580393575600624e+09
1.752580393583487272e+09
1.752580393584197521e+09
1.752580393590939999e+09
1.752580393595140934e+09
1.752580393600911617e+09
1.752580393604760170e+09
1.752580393610827446e+09
1.752580393615321636e+09
1.752580393621088982e+09
1.752580393625360012e+09
1.752580393629166842e+09
1.752580393634659052e+09
1.752580393641075850e+09
1.752580393645597219e+09
1.752580393650818348e+09
1.752580393654683352e+09
1.752580393661031961e+09
1.752580393665643692e+09
1.752580393669039726e+09
1.752580393675426960e+09
1.752580393681535006e+09
1.752580393685385466e+09
1.752580393694593430e+09
1.752580393700985670e+09
1.752580393705162764e+09
1.752580393711034775e+09
1.752580393715841293e+09
1.752580393721809149e+09
1.752580393725367785e+09
1.752580393731118917e+09
1.752580393734512329e+09
1.752580393740995407e+09
1.752580393744935751e+09
1.752580393750566721e+09
1.752580393755554199e+09
1.752580393761030674e+09
1.752580393765362978e+09
1.752580393770669937e+09
1.752580393775290251e+09
1.752580393781013489e+09
1.752580393785488367e+09
1.752580393790216446e+09
1.752580393795405626e+09
1.752580393801032305e+09
1.752580393805248260e+09
1.752580393809009552e+09
1.752580393815443516e+09
1.752580393820600271e+09
1.752580393824549675e+09
1.752580393829300165e+09
1.752580393835564852e+09
1.752580393841122866e+09
1.752580393845706940e+09
1.752580393850773811e+09
1.752580393855562210e+09
1.752580393863140345e+09
1.752580393864264488e+09
1.752580393869049311e+09
1.752580393874727488e+09
1.752580393880721331e+09
1.752580393885617971e+09
1.752580393889190674e+09
1.752580393895126820e+09
1.752580393900890827e+09
1.752580393905876637e+09
1.752580393911136150e+09
1.752580393915009499e+09
1.752580393920890093e+09
1.752580393925592899e+09
1.752580393932275772e+09
1.752580393936453819e+09
1.752580393941682100e+09
1.752580393945566654e+09
1.752580393950552940e+09
1.752580393955224991e+09
1.752580393961218357e+09
