-1.126287044026534796e-02 1.584998783197202540e-02 -9.439838677385086699e-04 9.998104993095590087e-01
-1.126287044026534796e-02 1.584998783197202540e-02 -9.439838677385086699e-04 9.998104993095590087e-01
-1.113794563449440299e-02 1.584996026103036026e-02 -9.541209295163638688e-04 9.998118895972475384e-01
-1.155892438908108152e-02 1.576450063253712064e-02 -1.091470133003508364e-03 9.998083218696086627e-01
-1.198239839114832901e-02 1.583157153865017222e-02 -1.077375185559486821e-03 9.998022918227993383e-01
-1.231713360673914945e-02 1.647755906448917715e-02 -7.735225602230427723e-04 9.997880675072287060e-01
-1.466612506244885546e-02 1.797223788337772368e-02 -1.453018359353326757e-03 9.997298596014642103e-01
-1.447684946124893138e-02 1.846566521448019665e-02 -1.095255584721672179e-03 9.997240821612067840e-01
-1.377007500901653719e-02 1.906440897870473328e-02 -2.615891645975182921e-04 9.997233942024402742e-01
-1.329601730459160566e-02 1.914137850459664628e-02 2.943282389660415127e-04 9.997283315599631015e-01
-1.519296607290688064e-02 1.775725847158588985e-02 9.957661084077002768e-04 9.997263935714302274e-01
-1.619710579775859860e-02 1.688131854436423704e-02 1.451707490477809189e-03 9.997252459517775858e-01
-1.695301512460752752e-02 1.589663083096836543e-02 1.936968259322558285e-03 9.997280332972419137e-01
-1.895774218677295439e-02 1.393789980842167521e-02 2.191109296494346114e-03 9.997207300042153522e-01
-1.912286191319416059e-02 1.291194563900947834e-02 2.430718460748125097e-03 9.997308084778765425e-01
-1.985385034400632964e-02 1.036749454387268440e-02 2.469793326983233100e-03 9.997460876664246987e-01
-1.921672544698333623e-02 8.639005679060757226e-03 3.056578976404158380e-03 9.997733454983351864e-01
-1.771690061049166140e-02 7.457284850809913629e-03 4.219103838111334763e-03 9.998063309952658351e-01
-1.829020584081870321e-02 5.809291460974370935e-03 3.855362071415685196e-03 9.998084099897941446e-01
-1.687722134046350936e-02 5.914919630736713979e-03 4.093732586632991416e-03 9.998316930759376664e-01
-1.687722134046350936e-02 5.914919630736713979e-03 4.093732586632991416e-03 9.998316930759376664e-01
-1.781658635999283299e-02 4.069742279467478997e-03 4.287359433375970662e-03 9.998237969749194098e-01
-1.567581040647851934e-02 1.682705335582854091e-03 5.643205613530355956e-03 9.998597860206486221e-01
-1.567581040647851934e-02 1.682705335582854091e-03 5.643205613530355956e-03 9.998597860206486221e-01
-1.712934884450391729e-02 -1.649630851687526297e-03 5.982018815294209285e-03 9.998340260148731451e-01
-1.605904593788368140e-02 -1.821525377230013990e-03 6.327525165963021614e-03 9.998493644115293844e-01
-1.728158382466842696e-02 -3.925608764332829369e-03 6.736431750812791469e-03 9.998202623189865745e-01
-1.678698853491893475e-02 -4.099976805829149903e-03 6.836345088689740196e-03 9.998273108852091529e-01
-1.703606216706642779e-02 -5.060918289874208158e-03 6.837627222121318502e-03 9.998186868357054058e-01
-1.600068893983452520e-02 -5.280531166340322359e-03 7.110797407491736832e-03 9.998327512660712957e-01
-1.692992034000937243e-02 -5.959569778708570346e-03 6.664305546595510749e-03 9.998167073803654326e-01
-1.561028613535760459e-02 -5.825866014742405070e-03 6.993551277959574389e-03 9.998367209162070113e-01
-1.536850613770759932e-02 -6.078283526626549089e-03 7.036058046418752938e-03 9.998386656734338240e-01
-1.560157647122838859e-02 -6.156592058835051208e-03 6.765825787713262290e-03 9.998364420180152479e-01
-1.459684526019554805e-02 -6.433617714364034054e-03 6.664041442110520824e-03 9.998505544446195659e-01
-1.544069544116982544e-02 -6.709070435185391333e-03 6.249054370974910927e-03 9.998387483077746385e-01
-1.402780444567331385e-02 -5.923569952936059979e-03 6.000688811001233733e-03 9.998660529067081582e-01
-1.398672948483598195e-02 -6.659696465684447272e-03 6.109970796676893016e-03 9.998613344350140153e-01
-1.334283681661313156e-02 -6.628111219178038464e-03 6.048330776692546415e-03 9.998707189142840290e-01
-1.184668256473022166e-02 -6.381447573438597982e-03 6.300323948990435748e-03 9.998896134860166818e-01
-1.354916248484185071e-02 -7.026971916641853479e-03 5.556263526810105609e-03 9.998680761966864949e-01
-1.213223383938011324e-02 -5.244508965174613999e-03 4.762094778499169345e-03 9.999013083705318161e-01
-1.253937330074366210e-02 -6.832036421503624203e-03 5.411315628012564570e-03 9.998833957310891973e-01
-1.250695653215098610e-02 -6.811931118930815952e-03 5.556727870271546688e-03 9.998831413760858045e-01
-1.072604394474281977e-02 -5.922746497430138313e-03 5.668571207664240691e-03 9.999088660251425065e-01
-1.252461922887041466e-02 -6.991223307672936142e-03 5.343838968604793654e-03 9.998828431845961928e-01
-1.297411997957571839e-02 -7.158518040199690798e-03 5.110108051646395852e-03 9.998771497668722530e-01
-1.301233187003692296e-02 -7.049194629006183890e-03 5.159735743076200760e-03 9.998771750577407635e-01
-1.245268971786070086e-02 -7.054457229277472097e-03 5.358592917655170297e-03 9.998832184980073201e-01
-1.196655259123083868e-02 -6.318574082601826833e-03 5.509649590783234976e-03 9.998932548037470225e-01
-1.059063362689211668e-02 -6.001125144297955044e-03 5.789254978646731983e-03 9.999091506247833605e-01
-1.131207138420558742e-02 -5.991437493142857777e-03 5.790590395904668397e-03 9.999012995194231923e-01
-1.126914632053649737e-02 -5.879607433714035408e-03 5.747986710416883374e-03 9.999026938689627997e-01
-1.145585170293757921e-02 -5.662179853249766671e-03 5.770393173764666248e-03 9.999016980402073429e-01
-1.064716741510298055e-02 -4.803444605443503088e-03 5.600793932932817548e-03 9.999160944065647039e-01
-9.791599664453570079e-03 -4.302121876213836627e-03 6.163236095378825385e-03 9.999238125198368632e-01
-1.043105232015641322e-02 -5.226365817499062545e-03 6.350539044684835356e-03 9.999117705586217930e-01
-9.946011357939653005e-03 -4.714437289079114086e-03 6.384490069006765189e-03 9.999190413356843221e-01
-7.183245926324327568e-03 -3.314517827911873070e-03 6.855854977256666850e-03 9.999452045997626604e-01
-7.689413307038508311e-03 -3.928647142541523245e-03 6.791056688734252965e-03 9.999396582812751788e-01
-8.177411704877264945e-03 -3.751612455504827522e-03 7.091240459129069355e-03 9.999343826724549356e-01
-7.994591431888631305e-03 -3.593544300270270185e-03 7.145136991379234630e-03 9.999360579379932279e-01
-7.158484288380625483e-03 -2.974993250840747474e-03 7.285407698569253479e-03 9.999434125751897051e-01
-6.444737175762716742e-03 -1.859080958215288083e-03 7.129405638546298420e-03 9.999520892302626862e-01
-6.727230239248091666e-03 -2.381323506703427774e-03 7.576132828925620163e-03 9.999458364746678374e-01
-6.495723050917928849e-03 -2.330870135713996108e-03 7.595622020489618473e-03 9.999473381896558655e-01
-5.927002464481401917e-03 -2.066755357501254275e-03 7.583872098394434276e-03 9.999515408498921287e-01
-5.430607617491424802e-03 -1.753330526979497359e-03 7.848016853823370706e-03 9.999529203739695449e-01
-4.902021925900587433e-03 -1.254074600545433465e-03 7.892210295545104212e-03 9.999560542816795516e-01
-5.056861075711791172e-03 -9.495793844876600090e-04 8.118087666928650720e-03 9.999538104871072974e-01
-5.238793731003795959e-03 -6.892269269188810912e-04 7.702499864561194141e-03 9.999563747995827701e-01
-4.296423693185788886e-03 -4.495537650080518033e-04 8.208922306315452611e-03 9.999569751941480567e-01
-5.080475291354938534e-03 -3.099973688953275948e-04 8.108515282605820856e-03 9.999541712760425805e-01
-3.842483766442053323e-03 1.547719281159622032e-04 8.449570271885359710e-03 9.999569071346902094e-01
-3.149931258891803740e-03 3.426066636045487185e-04 8.943186075628675735e-03 9.999549889752813447e-01
-3.149931258891803740e-03 3.426066636045487185e-04 8.943186075628675735e-03 9.999549889752813447e-01
-3.693592330070294763e-03 6.884013696439079824e-04 8.778672958314973768e-03 9.999544081508638937e-01
-2.866560005317610269e-03 9.352675849208344667e-04 8.803313764263114710e-03 9.999567039502502697e-01
-7.653930459781304371e-04 1.859466767986917490e-03 9.487806466541121378e-03 9.999529679366312429e-01
-6.567901238573396186e-04 1.952450162390895107e-03 9.664033235781136627e-03 9.999511803216767358e-01
-4.591662812819671883e-05 2.158326107957495715e-03 9.651820184750978596e-03 9.999510897474916948e-01
-4.591662812819671883e-05 2.158326107957495715e-03 9.651820184750978596e-03 9.999510897474916948e-01
9.766899289320408670e-04 2.814426370345963612e-03 9.840166345585847282e-03 9.999471467069046549e-01
1.160145710249708886e-03 3.533500281964289339e-03 1.018049925415971148e-02 9.999412612111895360e-01
-4.724213900168303506e-04 2.588130663572066770e-03 1.021092851604467160e-02 9.999444061229297853e-01
-8.388864222121610167e-04 2.626855164822191908e-03 1.020225454867723994e-02 9.999441533923970615e-01
-7.701221630497202472e-04 2.917761618678313927e-03 1.028238223950310448e-02 9.999425814487906683e-01
-4.679220137208909701e-04 2.615981133632500760e-03 1.096976264175593928e-02 9.999362989707299976e-01
-6.447686984188389205e-04 2.595325645073372645e-03 1.104480227478025177e-02 9.999354283656682885e-01
-7.796301268945619303e-04 2.653776092931361442e-03 1.121710464582568491e-02 9.999332608792841359e-01
-1.067765853855268858e-03 2.519536284407938777e-03 1.142547776266874052e-02 9.999309827537536943e-01
-3.364579184473563299e-04 2.863289296493052964e-03 1.191677016838576728e-02 9.999248366548496580e-01
-3.536549088112665978e-04 2.921149371037766104e-03 1.202475019474653038e-02 9.999233706626281526e-01
-1.989316740881832859e-04 3.414426547269747668e-03 1.190341960727691988e-02 9.999233024183382668e-01
-1.138939897427295514e-05 2.977843044183237781e-03 1.261594536905687701e-02 9.999159815922189498e-01
6.294017157855944520e-04 2.892659553868087360e-03 1.269997615279152940e-02 9.999149698748910353e-01
8.193570078026680666e-04 2.833449113507234898e-03 1.311314257028201903e-02 9.999096687762082381e-01
2.451391992157123524e-04 2.516114498993938468e-03 1.316843981938095771e-02 9.999100965923508610e-01
2.645089986799718860e-04 2.494479761844550954e-03 1.359387505198416876e-02 9.999044525187286148e-01
1.169121723652058378e-03 2.919880337650929050e-03 1.405812249216747099e-02 9.998962329388006998e-01
-2.334664291066902209e-04 2.419860835444901000e-03 1.441307621932181454e-02 9.998931707941902669e-01
-1.242275293613596043e-03 2.114811125884954231e-03 1.453766489779446947e-02 9.998913144063790170e-01
-2.187383128028310385e-03 1.880961045886227331e-03 1.459893271223968586e-02 9.998892681213548128e-01
-3.734682666956039461e-03 1.888298498248687377e-03 1.446308540892333495e-02 9.998866463927863490e-01
-5.377366462276746140e-03 1.793794261215446873e-03 1.456394096216170886e-02 9.998778714701758163e-01
-5.876244347218972409e-03 2.186643497522247626e-03 1.448374332713849369e-02 9.998754470041857356e-01
-5.945099373526044860e-03 3.196669354355867205e-03 1.475037141439063636e-02 9.998684231645759146e-01
-7.971259961683180642e-03 3.222585422093542009e-03 1.430926783513944422e-02 9.998606496966678803e-01
-1.000954439768704518e-02 4.189781928465289088e-03 1.375618269020032099e-02 9.998464993118375554e-01
-9.425483079992389573e-03 5.041034985160581378e-03 1.428303893838104091e-02 9.998408588538837405e-01
-1.007271980527040499e-02 6.861333688420743863e-03 1.387040567960859047e-02 9.998295225997398950e-01
-1.028034997831692339e-02 8.818538670285555256e-03 1.356647137831181078e-02 9.998162324319331828e-01
-1.330412888899666635e-02 1.059339277447268746e-02 1.325277151088957023e-02 9.997675450980146872e-01
-1.242600584289483591e-02 1.102882838758845706e-02 1.341799735811496398e-02 9.997719323276119674e-01
-1.225435282997435621e-02 1.329138332907807418e-02 1.313935989550266831e-02 9.997502324018007203e-01
-1.379241664475763622e-02 1.411442765023431661e-02 1.284091444447503852e-02 9.997227931238906740e-01
-1.397157783183949030e-02 1.529732880325625037e-02 1.263707699851659462e-02 9.997055021501619620e-01
-1.587862048405335944e-02 1.743480789497142344e-02 1.154357064496304430e-02 9.996552620088355878e-01
-1.619416787303345345e-02 1.886463040414558187e-02 1.125395732498942099e-02 9.996275421831585239e-01
-1.537741746106683141e-02 1.948964713910273511e-02 1.124456787183057520e-02 9.996285552043805422e-01
-1.472998984905132293e-02 2.012507483417013548e-02 1.142372819310542853e-02 9.996236827907469813e-01
-1.437086321212202242e-02 2.082256652611196718e-02 1.111038204046737622e-02 9.996181563100577927e-01
-1.484986436027682134e-02 2.109608326179959401e-02 1.058189208364369860e-02 9.996111545793308073e-01
-1.494865009230941094e-02 2.157134651878481538e-02 1.035813972685839003e-02 9.996018826568821014e-01
-1.603456406665255268e-02 2.158771793289026089e-02 9.621760942024416841e-03 9.995920592451787989e-01
-1.554468273717925751e-02 2.203326206044574700e-02 9.597154275138025312e-03 9.995903124937713935e-01
-1.455490459064402720e-02 2.350844223483824005e-02 8.642028214895765628e-03 9.995803235580328350e-01
-1.579984602484874739e-02 2.236125294162146643e-02 8.806382952413189732e-03 9.995863078552884584e-01
-1.945302365327541277e-02 2.037104761482907977e-02 8.153052682411189231e-03 9.995699715486542347e-01
-2.055153764129368996e-02 1.968156110149690136e-02 7.487262819401855132e-03 9.995670119349976401e-01
-2.055153764129368996e-02 1.968156110149690136e-02 7.487262819401855132e-03 9.995670119349976401e-01
-2.199076821185652272e-02 1.936007253133138414e-02 6.891500326077044762e-03 9.995469478360131665e-01
-2.199076821185652272e-02 1.936007253133138414e-02 6.891500326077044762e-03 9.995469478360131665e-01
-2.258473407664423824e-02 1.936935108571809921e-02 5.923405649039606424e-03 9.995397297209963616e-01
-2.277492827170834316e-02 1.940517834895447505e-02 5.949451809437768246e-03 9.995345645442338389e-01
-2.193471337652230096e-02 1.988467514313403683e-02 5.658543254715662010e-03 9.995456212358575510e-01
-2.315833049389808343e-02 2.100787770342578062e-02 4.467850681768747133e-03 9.995010750936783595e-01
-2.184697240419725475e-02 2.036526552407604690e-02 5.215308521914175169e-03 9.995402774845670857e-01
-2.029069650367374550e-02 2.102642204567933132e-02 5.432199778401663841e-03 9.995582366310230560e-01
-1.895815627351295912e-02 2.169988894774233651e-02 5.565317630269020314e-03 9.995692724218961933e-01
-1.788521248777445727e-02 2.246765105083802297e-02 5.646275371634117655e-03 9.995716299520273074e-01
-1.559764694264649705e-02 2.345838260049665572e-02 5.727984185317069182e-03 9.995867185456167592e-01
-1.451750801012294256e-02 2.385616301352032342e-02 5.846679892138429563e-03 9.995928880207618494e-01
-1.363402788255344347e-02 2.416310367433072148e-02 6.321977155932884118e-03 9.995950631677615883e-01
-1.237624063674854814e-02 2.554132959737843295e-02 5.884899197899039029e-03 9.995798302844700611e-01
-1.060836591705116225e-02 2.567360143301826089e-02 6.698077040821889469e-03 9.995916488876763761e-01
-9.718247128018409411e-03 2.588221084889284762e-02 7.237652259443792639e-03 9.995915581996996924e-01
-9.487153284357266805e-03 2.599464052909063877e-02 7.453445284378934846e-03 9.995892750223539513e-01
-9.217612044403983990e-03 2.655886488398965725e-02 7.683850594976601722e-03 9.995752201631986633e-01
-9.757200977309612305e-03 2.658799346190988608e-02 8.042795014835157560e-03 9.995665005796798841e-01
-1.006746069248406171e-02 2.687656305068303331e-02 8.471240504785032890e-03 9.995521670618788823e-01
-9.637237807248413834e-03 2.727477661016255647e-02 8.939433997406711144e-03 9.995415432727737803e-01
-1.025105949759245148e-02 2.724645460050379928e-02 9.213212691687316935e-03 9.995337228942189345e-01
-1.151986907000304358e-02 2.731913729658964202e-02 9.594723956427093220e-03 9.995143313760839199e-01
-1.130415630905250331e-02 2.787034585391648736e-02 1.018141574869346581e-02 9.994957721999007116e-01
-1.264734953559557701e-02 2.779445246325998667e-02 1.030067484679262485e-02 9.994805696258896033e-01
-1.170090194869039500e-02 2.891154532550872097e-02 1.045385275856849927e-02 9.994588177623829894e-01
-1.276960247105235480e-02 2.828027221840740540e-02 1.103208957258596142e-02 9.994575811187018655e-01
-1.703287826647127690e-02 2.650348242097286949e-02 1.123586510737749691e-02 9.994404443551450079e-01
-1.841365796985051234e-02 2.580962521231478304e-02 1.108503685571679033e-02 9.994358020425707645e-01
-2.259744486245173975e-02 2.300710135477085014e-02 1.138623529069300935e-02 9.994150201086857699e-01
-2.759311722646978077e-02 1.976080401512212564e-02 1.110612758621955937e-02 9.993621888166677181e-01
-2.961518742701780768e-02 1.686785646508381226e-02 1.154273463098841497e-02 9.993523809793893875e-01
-2.961518742701780768e-02 1.686785646508381226e-02 1.154273463098841497e-02 9.993523809793893875e-01
-2.776527408761508484e-02 1.492608699363518615e-02 1.192582569248642338e-02 9.994318766996831416e-01
-2.550776890495472238e-02 1.465938824063241566e-02 1.219360732965746492e-02 9.994927573535448140e-01
-2.207870302974293888e-02 1.448380044155036205e-02 1.254675011122386753e-02 9.995725733827135473e-01
-1.953823657339241737e-02 1.513739766689735540e-02 1.267791774541173443e-02 9.996141190004855792e-01
-1.694757304926340635e-02 1.563510985705846013e-02 1.333789554119078034e-02 9.996451488653510520e-01
-1.531524734094512688e-02 1.577159435480975785e-02 1.354056586009084670e-02 9.996666209725028063e-01
-1.362828936597343388e-02 1.632398038048504113e-02 1.383718347507217894e-02 9.996781130678875638e-01
-1.315629732690930601e-02 1.671141989508117057e-02 1.427478472203826988e-02 9.996718815725866847e-01
-1.336727063100306978e-02 1.682588082502680521e-02 1.446708435123521611e-02 9.996643983261150890e-01
-1.336632077244725818e-02 1.744358619817282935e-02 1.454091907319606837e-02 9.996527519304200249e-01
-1.456037729936778685e-02 1.788221365178287864e-02 1.467181311040251929e-02 9.996264100892220394e-01
-1.535557774437884895e-02 1.797090882424992250e-02 1.478365600093077027e-02 9.996112725371862906e-01
-1.666825068439703461e-02 1.822206943902972276e-02 1.473758024722649461e-02 9.995863791253549735e-01
-1.749979904190546859e-02 1.838533450909179273e-02 1.472411694537926162e-02 9.995693757256974843e-01
-1.694900039463033067e-02 1.867784998161130250e-02 1.484754578357092535e-02 9.995716180894154146e-01
-1.893503777892630024e-02 1.865457283532116761e-02 1.437473956976555167e-02 9.995433147787762262e-01
-2.022010681359704895e-02 1.815545819562265281e-02 1.466932947853266146e-02 9.995230549571150203e-01
-2.100200818507294565e-02 1.817024264928716187e-02 1.450454614769235671e-02 9.995090675303099914e-01
-2.162482184495310295e-02 1.857298765905424087e-02 1.403889541291856655e-02 9.994950328166597453e-01
-2.179722520465916108e-02 1.857306523233148363e-02 1.418049357677961253e-02 9.994892874979560693e-01
-2.220749334283542153e-02 1.867731342709706005e-02 1.423423631629191360e-02 9.994775493822090073e-01
-2.423572162869725224e-02 1.849482541097395571e-02 1.383848878214387172e-02 9.994393765798805784e-01
-2.468722132516845344e-02 1.896677204162666025e-02 1.370442990843133424e-02 9.994213282006984000e-01
-2.472535930538996563e-02 1.912486956266423038e-02 1.364353190848942819e-02 9.994182057619785953e-01
-2.483963440815807958e-02 1.993283643989955667e-02 1.362167343056523879e-02 9.993998822327728737e-01
-2.420737556305960908e-02 2.087194155406739068e-02 1.343980803976373671e-02 9.993986875036242612e-01
-2.600987424406680029e-02 2.006107792418460045e-02 1.350499035666365664e-02 9.993691284154189169e-01
-2.647430623365151781e-02 2.005068978277693356e-02 1.337349921282339482e-02 9.993589097353794415e-01
-2.595979332259181274e-02 2.038517696696050610e-02 1.335321522912680074e-02 9.993659116328306169e-01
-2.640042645449197992e-02 2.055453818440642483e-02 1.342628270350466890e-02 9.993499203861540003e-01
-2.670195038908916921e-02 2.099302242759867876e-02 1.346943888093992715e-02 9.993322135661422134e-01
-2.670195038908916921e-02 2.099302242759867876e-02 1.346943888093992715e-02 9.993322135661422134e-01
-2.675914814460700689e-02 2.148885472649671863e-02 1.334025591628667032e-02 9.993218774174847940e-01
-2.796126672080119502e-02 2.240117089717049911e-02 1.251025108276555484e-02 9.992796649205117898e-01
-2.782786615006273279e-02 2.170831273268029188e-02 1.299649820371462372e-02 9.992924747331359825e-01
-2.762563455376359361e-02 2.205410559035235474e-02 1.288858972522907362e-02 9.992919118040565207e-01
-2.781923342350965320e-02 2.248529684011365062e-02 1.308283130019029412e-02 9.992744073591153242e-01
-2.805222167790888052e-02 2.305998860635503217e-02 1.295390200275141693e-02 9.992564766901995688e-01
-2.906480667071215454e-02 2.304076816754057830e-02 1.283300933475928565e-02 9.992295401392303766e-01
-2.848648087432713652e-02 2.412070699252161915e-02 1.255225138030860270e-02 9.992242755692353207e-01
-2.936765578891372894e-02 2.398059774929416424e-02 1.258606637406139463e-02 9.992017126978307573e-01
-3.008715544694245264e-02 2.454815371586574480e-02 1.232799346630598231e-02 9.991697412368674147e-01
-3.097811575407432433e-02 2.506101025881502312e-02 1.221232792742668431e-02 9.991312031739013610e-01
-3.057849033937779307e-02 2.549334400617688651e-02 1.221005717874568131e-02 9.991326037336781818e-01
-2.953567374831628581e-02 2.654194259540052295e-02 1.238446903551498716e-02 9.991345225675088981e-01
-3.108272822237697491e-02 2.743160990206229555e-02 1.170712838863313503e-02 9.990717261184639542e-01
-3.346134359922291190e-02 2.695652751375807524e-02 1.198145247609050217e-02 9.990045690113223964e-01
-3.388774007241626002e-02 2.728285355220147479e-02 1.176709570564372052e-02 9.989838849718687408e-01
-3.563648423460872433e-02 2.795283450054672492e-02 1.141790211521683841e-02 9.989085601525641289e-01
-3.542924096869134315e-02 2.866240995832581434e-02 1.169395879189330176e-02 9.988926300997204022e-01
-3.629132951646637378e-02 2.970195148997183468e-02 1.162561856226442675e-02 9.988321072495914832e-01
-3.809351771870805176e-02 3.086892714071723734e-02 1.069501950473710807e-02 9.987400111153997839e-01
-3.817029329959951978e-02 3.135613128912677350e-02 1.073516216294987009e-02 9.987214716993606523e-01
-3.622853960867274126e-02 3.054743944644889436e-02 1.176742733319308294e-02 9.988072259024993738e-01
-3.523064775606137011e-02 3.071336496963513601e-02 1.191213894794667348e-02 9.988361184982325058e-01
-3.483509971665101068e-02 3.062954926371346323e-02 1.191047073960662533e-02 9.988525853329878190e-01
-3.502675041943996426e-02 3.089773802489696047e-02 1.099633232154722737e-02 9.988481051768948182e-01
-3.502675041943996426e-02 3.089773802489696047e-02 1.099633232154722737e-02 9.988481051768948182e-01
-3.502675041943996426e-02 3.089773802489696047e-02 1.099633232154722737e-02 9.988481051768948182e-01
-3.502675041943996426e-02 3.089773802489696047e-02 1.099633232154722737e-02 9.988481051768948182e-01
-3.502675041943996426e-02 3.089773802489696047e-02 1.099633232154722737e-02 9.988481051768948182e-01
-3.502675041943996426e-02 3.089773802489696047e-02 1.099633232154722737e-02 9.988481051768948182e-01
-3.502675041943996426e-02 3.089773802489696047e-02 1.099633232154722737e-02 9.988481051768948182e-01
-3.502675041943996426e-02 3.089773802489696047e-02 1.099633232154722737e-02 9.988481051768948182e-01
-3.502675041943996426e-02 3.089773802489696047e-02 1.099633232154722737e-02 9.988481051768948182e-01
-3.502675041943996426e-02 3.089773802489696047e-02 1.099633232154722737e-02 9.988481051768948182e-01
-3.502675041943996426e-02 3.089773802489696047e-02 1.099633232154722737e-02 9.988481051768948182e-01
-3.502675041943996426e-02 3.089773802489696047e-02 1.099633232154722737e-02 9.988481051768948182e-01
-3.502675041943996426e-02 3.089773802489696047e-02 1.099633232154722737e-02 9.988481051768948182e-01
-3.502675041943996426e-02 3.089773802489696047e-02 1.099633232154722737e-02 9.988481051768948182e-01
-3.502675041943996426e-02 3.089773802489696047e-02 1.099633232154722737e-02 9.988481051768948182e-01
-3.502675041943996426e-02 3.089773802489696047e-02 1.099633232154722737e-02 9.988481051768948182e-01
-3.502675041943996426e-02 3.089773802489696047e-02 1.099633232154722737e-02 9.988481051768948182e-01
-3.502675041943996426e-02 3.089773802489696047e-02 1.099633232154722737e-02 9.988481051768948182e-01
-3.502675041943996426e-02 3.089773802489696047e-02 1.099633232154722737e-02 9.988481051768948182e-01
-3.502675041943996426e-02 3.089773802489696047e-02 1.099633232154722737e-02 9.988481051768948182e-01
-3.502675041943996426e-02 3.089773802489696047e-02 1.099633232154722737e-02 9.988481051768948182e-01
-3.502675041943996426e-02 3.089773802489696047e-02 1.099633232154722737e-02 9.988481051768948182e-01
-3.502675041943996426e-02 3.089773802489696047e-02 1.099633232154722737e-02 9.988481051768948182e-01
-3.502675041943996426e-02 3.089773802489696047e-02 1.099633232154722737e-02 9.988481051768948182e-01
-3.502675041943996426e-02 3.089773802489696047e-02 1.099633232154722737e-02 9.988481051768948182e-01
-3.502675041943996426e-02 3.089773802489696047e-02 1.099633232154722737e-02 9.988481051768948182e-01
-3.502675041943996426e-02 3.089773802489696047e-02 1.099633232154722737e-02 9.988481051768948182e-01
-3.502675041943996426e-02 3.089773802489696047e-02 1.099633232154722737e-02 9.988481051768948182e-01
-3.502675041943996426e-02 3.089773802489696047e-02 1.099633232154722737e-02 9.988481051768948182e-01
-3.502675041943996426e-02 3.089773802489696047e-02 1.099633232154722737e-02 9.988481051768948182e-01
-3.502675041943996426e-02 3.089773802489696047e-02 1.099633232154722737e-02 9.988481051768948182e-01
-3.502675041943996426e-02 3.089773802489696047e-02 1.099633232154722737e-02 9.988481051768948182e-01
-3.502675041943996426e-02 3.089773802489696047e-02 1.099633232154722737e-02 9.988481051768948182e-01
-3.502675041943996426e-02 3.089773802489696047e-02 1.099633232154722737e-02 9.988481051768948182e-01
-3.502675041943996426e-02 3.089773802489696047e-02 1.099633232154722737e-02 9.988481051768948182e-01
-3.502675041943996426e-02 3.089773802489696047e-02 1.099633232154722737e-02 9.988481051768948182e-01
-3.502675041943996426e-02 3.089773802489696047e-02 1.099633232154722737e-02 9.988481051768948182e-01
-3.502675041943996426e-02 3.089773802489696047e-02 1.099633232154722737e-02 9.988481051768948182e-01
-3.502675041943996426e-02 3.089773802489696047e-02 1.099633232154722737e-02 9.988481051768948182e-01
-3.502675041943996426e-02 3.089773802489696047e-02 1.099633232154722737e-02 9.988481051768948182e-01
-3.502675041943996426e-02 3.089773802489696047e-02 1.099633232154722737e-02 9.988481051768948182e-01
-3.502675041943996426e-02 3.089773802489696047e-02 1.099633232154722737e-02 9.988481051768948182e-01
-3.502675041943996426e-02 3.089773802489696047e-02 1.099633232154722737e-02 9.988481051768948182e-01
-3.502675041943996426e-02 3.089773802489696047e-02 1.099633232154722737e-02 9.988481051768948182e-01
-3.502675041943996426e-02 3.089773802489696047e-02 1.099633232154722737e-02 9.988481051768948182e-01
-3.502675041943996426e-02 3.089773802489696047e-02 1.099633232154722737e-02 9.988481051768948182e-01
-3.502675041943996426e-02 3.089773802489696047e-02 1.099633232154722737e-02 9.988481051768948182e-01
-3.502675041943996426e-02 3.089773802489696047e-02 1.099633232154722737e-02 9.988481051768948182e-01
-3.502675041943996426e-02 3.089773802489696047e-02 1.099633232154722737e-02 9.988481051768948182e-01
-3.502675041943996426e-02 3.089773802489696047e-02 1.099633232154722737e-02 9.988481051768948182e-01
-3.502675041943996426e-02 3.089773802489696047e-02 1.099633232154722737e-02 9.988481051768948182e-01
-3.502675041943996426e-02 3.089773802489696047e-02 1.099633232154722737e-02 9.988481051768948182e-01
-3.502675041943996426e-02 3.089773802489696047e-02 1.099633232154722737e-02 9.988481051768948182e-01
-3.502675041943996426e-02 3.089773802489696047e-02 1.099633232154722737e-02 9.988481051768948182e-01
-3.502675041943996426e-02 3.089773802489696047e-02 1.099633232154722737e-02 9.988481051768948182e-01
-3.502675041943996426e-02 3.089773802489696047e-02 1.099633232154722737e-02 9.988481051768948182e-01
-3.502675041943996426e-02 3.089773802489696047e-02 1.099633232154722737e-02 9.988481051768948182e-01
-3.502675041943996426e-02 3.089773802489696047e-02 1.099633232154722737e-02 9.988481051768948182e-01
-3.502675041943996426e-02 3.089773802489696047e-02 1.099633232154722737e-02 9.988481051768948182e-01
-3.502675041943996426e-02 3.089773802489696047e-02 1.099633232154722737e-02 9.988481051768948182e-01
-3.502675041943996426e-02 3.089773802489696047e-02 1.099633232154722737e-02 9.988481051768948182e-01
-3.502675041943996426e-02 3.089773802489696047e-02 1.099633232154722737e-02 9.988481051768948182e-01
-3.502675041943996426e-02 3.089773802489696047e-02 1.099633232154722737e-02 9.988481051768948182e-01
-3.502675041943996426e-02 3.089773802489696047e-02 1.099633232154722737e-02 9.988481051768948182e-01
-3.502675041943996426e-02 3.089773802489696047e-02 1.099633232154722737e-02 9.988481051768948182e-01
-3.502675041943996426e-02 3.089773802489696047e-02 1.099633232154722737e-02 9.988481051768948182e-01
-3.502675041943996426e-02 3.089773802489696047e-02 1.099633232154722737e-02 9.988481051768948182e-01
-4.291097000205679191e-02 3.759938454479132969e-02 2.051749832947625043e-02 9.981602913348314177e-01
-4.073516629988938043e-02 3.710968325482177227e-02 2.077255278386130541e-02 9.982645033687659319e-01
-4.347178748727462128e-02 3.591395630059487920e-02 2.036685302727922475e-02 9.982011734782050283e-01
-4.315069621841885472e-02 3.472304732687114814e-02 2.048323250764160289e-02 9.982548595354993060e-01
-4.229387339673439106e-02 3.429705694669948207e-02 2.009891283317413388e-02 9.983140657432511000e-01
-4.234394480919463633e-02 3.352676795607345550e-02 1.992949687917233356e-02 9.983415053590423138e-01
-4.175569182923245803e-02 3.349053864453327423e-02 1.979113296473880915e-02 9.983702504968451352e-01
-4.059318449235806148e-02 3.326524613769187011e-02 1.961951708480278583e-02 9.984291118159202005e-01
-3.993511158543295442e-02 3.315566329201503903e-02 1.949026138193218904e-02 9.984618262936192368e-01
-3.960851286990367537e-02 3.427492743160947403e-02 1.824251020679992091e-02 9.984606180912432016e-01
-3.709209307772043385e-02 3.329005644874129949e-02 1.923628772852971000e-02 9.985719373220832695e-01
-3.639800792601657897e-02 3.429606478330627511e-02 1.800002996887480056e-02 9.985864829249976315e-01
-3.431577985234632311e-02 3.302765020466612300e-02 1.911242760282642547e-02 9.986822901634985206e-01
-3.254609998256844522e-02 3.333032059519634022e-02 1.913412246933664934e-02 9.987310581243954433e-01
-3.219325507426502170e-02 3.350571701796880436e-02 1.929826453025906136e-02 9.987334670676433213e-01
-3.297691762428754669e-02 3.481969763423748560e-02 1.842707658154016034e-02 9.986794052193723736e-01
-3.069117425271094407e-02 3.393090849268280002e-02 1.947295289968680246e-02 9.987630096160037274e-01
-3.100671930049430508e-02 3.397410703077000105e-02 1.944879263482101467e-02 9.987522655166946040e-01
-3.093516549621311632e-02 3.404500008119035886e-02 1.964676872121499593e-02 9.987481954847321486e-01
-2.990082141265774235e-02 3.433943812012664465e-02 1.981251435873105510e-02 9.987663431169612194e-01
-2.930889362136015336e-02 3.451604200082431656e-02 2.001649182218225714e-02 9.987737339630141653e-01
-3.014431743354336821e-02 3.593569235719031030e-02 1.927309426340861193e-02 9.987134193445029728e-01
-2.893251028055966040e-02 3.517520909286415282e-02 2.044896222287952148e-02 9.987529496617999492e-01
-2.906188770219068560e-02 3.508609751119412534e-02 2.059310129245752949e-02 9.987493662695254848e-01
-3.009272437916079082e-02 3.606409073817951061e-02 1.978944950729618138e-02 9.987002488168642556e-01
-2.490423967039600076e-02 3.715459001044363330e-02 2.086412157049609417e-02 9.987812591947683449e-01
-2.549786776832324922e-02 3.518211486568104812e-02 2.101518599036213478e-02 9.988345405975094238e-01
-2.317472555436509221e-02 3.436319980868925150e-02 2.100483299990708180e-02 9.989198664482722423e-01
-2.317472555436509221e-02 3.436319980868925150e-02 2.100483299990708180e-02 9.989198664482722423e-01
-1.955108131294075804e-02 3.273772385088295073e-02 2.112846789762007696e-02 9.990493403735660749e-01
-1.816243708939733331e-02 3.230210725934232197e-02 2.114688049580103549e-02 9.990893399445697209e-01
-1.713145550225796121e-02 3.117917215990352597e-02 2.095015926897567798e-02 9.991473681506657378e-01
-1.625476209581223908e-02 3.061009670198770044e-02 2.110456481516947980e-02 9.991763618266126246e-01
-1.618935346581531001e-02 2.958585583293175947e-02 2.090923097931043223e-02 9.992123828440306887e-01
-1.595340831593770187e-02 2.916996447097541800e-02 2.088910324474444954e-02 9.992288262963081591e-01
-1.607174481062383434e-02 2.830636164402141816e-02 2.098196891082520360e-02 9.992498215610775558e-01
-1.605278350533582976e-02 2.784071800324063040e-02 2.077775618447638001e-02 9.992674754092286671e-01
-1.584144916940033454e-02 2.739008899350328999e-02 2.088281528661443606e-02 9.992811113689913372e-01
-1.645653009660537000e-02 2.700768214116315569e-02 2.075103757556458553e-02 9.992843249856764309e-01
-1.456268856109837681e-02 2.691965445101934806e-02 2.144067615373315347e-02 9.993015349293630223e-01
-1.647275718991758620e-02 2.671409970719705249e-02 2.093859448801871012e-02 9.992880367583023560e-01
-1.755648849218711602e-02 2.675165722902396459e-02 2.105342208011023314e-02 9.992661667273846637e-01
-1.734603472695067650e-02 2.705442468088614660e-02 2.131110722803208554e-02 9.992562283484416330e-01
-1.759007601191964199e-02 2.735527478501898965e-02 2.122674694633960857e-02 9.992455671062079325e-01
-1.795544991238781987e-02 2.736647592605644802e-02 2.108254492567084720e-02 9.992418146341202068e-01
-1.583163197193032667e-02 2.913089572738882665e-02 2.136751190572248882e-02 9.992217870814188441e-01
-1.433163745121474215e-02 3.025193551725338659e-02 2.173653778953288374e-02 9.992031562652067267e-01
-1.375666258874787447e-02 3.083764810070800319e-02 2.141143376330023954e-02 9.992003523809607213e-01
-1.288963081520483334e-02 3.126671801439435266e-02 2.174958157028435146e-02 9.991912757143016632e-01
-1.268029204219806375e-02 3.382802366875096306e-02 2.052010981934996800e-02 9.991365272581084200e-01
-8.978385533795145423e-03 3.274277692949043722e-02 2.230041380170718138e-02 9.991746547508222331e-01
-7.635313775288588012e-03 3.320026778897498809e-02 2.234917790301337373e-02 9.991696344712207578e-01
-5.964740442968306626e-03 3.380921960250040520e-02 2.262435477943564380e-02 9.991543910287999930e-01
-3.432150498536778831e-03 3.507990133143146921e-02 2.270745547804512224e-02 9.991206095017983735e-01
-2.970085591718819688e-03 3.492014477627213703e-02 2.286633557729160840e-02 9.991240627557964604e-01
-3.731632721302120381e-03 3.551026437307942818e-02 2.234494048912059536e-02 9.991125060151759829e-01
-1.474474451873614405e-03 3.527479049706591652e-02 2.312187927026802467e-02 9.991090499937882452e-01
-5.549204988210125781e-04 3.560939270563621278e-02 2.369442664097785520e-02 9.990846997930311613e-01
6.266802899077930406e-05 3.595911590258354940e-02 2.356616961141481947e-02 9.990753593728897153e-01
6.025799114562107499e-04 3.636124306418709456e-02 2.408821908415111068e-02 9.990481743147481275e-01
2.116588173981644118e-04 3.654329361065738330e-02 2.379876105785160012e-02 9.990486283783895916e-01
1.164505779307368127e-03 3.691264235708486413e-02 2.401123929330808981e-02 9.990293094539857144e-01
1.524778320408297621e-03 3.722612329262019182e-02 2.409410361919110330e-02 9.990151975653143168e-01
1.488635807029076250e-03 3.762596202596169004e-02 2.438263112212490230e-02 9.989932723720502672e-01
1.934585014756228741e-03 3.784784212607561482e-02 2.439794018222038452e-02 9.989837529920519987e-01
3.142444265365847231e-03 3.901472940981502019e-02 2.411019632810509558e-02 9.989427783242332826e-01
2.330744335300675291e-03 3.863617812689934539e-02 2.446913592197394807e-02 9.989509871649470130e-01
2.812182594479533618e-03 3.901765665089448193e-02 2.452260809235490627e-02 9.989336093008769346e-01
3.015987632731192882e-03 3.954631912274647609e-02 2.450244288259510739e-02 9.989127202890282220e-01
5.220158160451126260e-03 4.063090971518884542e-02 2.444799679309617862e-02 9.988614391282210070e-01
5.454576618580998099e-03 4.096725669573085538e-02 2.450074422034356422e-02 9.988451556699804446e-01
6.284770269543158046e-03 4.130746837346230271e-02 2.428509629164352437e-02 9.988315317496440082e-01
6.656458840193601838e-03 4.201826811204285861e-02 2.414475672696033554e-02 9.988028771600376832e-01
7.511858845458786911e-03 4.247478244058883884e-02 2.370456340184766419e-02 9.987880448359593988e-01
7.367541935953030377e-03 4.211321698898574245e-02 2.392498035855511115e-02 9.987991748071798348e-01
7.745837597531422120e-03 4.257189778424667892e-02 2.350372253208762863e-02 9.987868694301578198e-01
4.552913388264940610e-03 4.161910631649016340e-02 2.274976526349009598e-02 9.988641394852214583e-01
3.846826198029878324e-03 3.952549624461632743e-02 2.355259505597580641e-02 9.989335374993415506e-01
5.125652308882510354e-03 3.905016517171230883e-02 2.402834517094132316e-02 9.989351585147139279e-01
4.008324815722938590e-03 3.818877504753296487e-02 2.394404212816401978e-02 9.989755921137940531e-01
2.876961257892232237e-03 3.670457283973908164e-02 2.392367642975065656e-02 9.990356125447468205e-01
-5.607981912543086615e-04 3.503941598791308898e-02 2.345889658134935052e-02 9.991104068138817462e-01
-3.551202307898389558e-04 3.463238992839200170e-02 2.351167763935590321e-02 9.991234520678876629e-01
-4.690208245406500640e-04 3.382554176938001866e-02 2.369361152314104421e-02 9.991467487393753677e-01
-1.097623078581650129e-03 3.326189432338100271e-02 2.388492196613183072e-02 9.991606237799153245e-01
-5.364734662171503736e-04 3.326424210585481045e-02 2.419047332917646093e-02 9.991536535455662893e-01
7.086877419199358059e-04 3.267230368823604431e-02 2.467389082754876603e-02 9.991612569774802610e-01
2.108787446847282688e-03 3.286883109490529309e-02 2.507996732667135825e-02 9.991427266396186724e-01
1.622544861870428828e-03 3.366090997939462370e-02 2.438242598658163160e-02 9.991345293755687917e-01
2.366009571150609961e-03 3.375581186095491515e-02 2.443743920733128933e-02 9.991284996081860603e-01
1.904926893386773559e-03 3.331661037679931048e-02 2.457727533152979926e-02 9.991407970170218533e-01
3.085785093535338940e-03 3.339921008954948450e-02 2.489528773598136471e-02 9.991272167968868745e-01
4.409668550384718104e-03 3.221201555204120798e-02 2.619454684274127171e-02 9.991280131159642197e-01
4.491380352315159363e-03 3.219042209113926606e-02 2.640690262759852122e-02 9.991227550815473535e-01
5.210959613386917898e-03 3.248737425963354325e-02 2.653544272832324136e-02 9.991062439464754030e-01
4.289102968453919855e-03 3.207585216497475106e-02 2.681750573050310782e-02 9.991163919634243884e-01
4.289102968453919855e-03 3.207585216497475106e-02 2.681750573050310782e-02 9.991163919634243884e-01
3.239766036874024927e-03 3.275489910902746465e-02 2.623192481788881938e-02 9.991138606889269358e-01
3.134757146978749218e-03 3.225270396760282487e-02 2.712962374782063035e-02 9.991065608330822467e-01
3.621160702335920328e-03 3.263978262794176716e-02 2.707380990932832521e-02 9.990938597560101719e-01
3.058551120491634964e-03 3.281426232246156816e-02 2.730899362512149292e-02 9.990836242880067886e-01
6.023646542403881046e-03 3.371156203906443272e-02 2.777509570257587906e-02 9.990274222091860556e-01
5.976803824242626559e-03 3.390289584743429868e-02 2.776773119451685437e-02 9.990214334905501703e-01
6.030938510683072663e-03 3.406528418310807854e-02 2.783428911316088508e-02 9.990137319095115931e-01
5.508477251130960116e-03 3.430504930705365746e-02 2.822485918346412381e-02 9.989975863807120104e-01
5.163221679603769050e-03 3.444008605574778309e-02 2.811182246862227799e-02 9.989979714953642898e-01
3.202154820289723758e-03 3.526247289469877644e-02 2.708387045821489605e-02 9.990058899580422924e-01
5.165334427676712345e-03 3.457760941464713134e-02 2.822485077936299699e-02 9.989900229961764522e-01
5.114200319192035819e-03 3.456719829336028782e-02 2.821697422288162518e-02 9.989908688886740551e-01
3.751933606550482848e-03 3.440702242075293488e-02 2.828046077519807619e-02 9.990006483184544761e-01
3.251144342556328004e-03 3.413645821096306099e-02 2.830463749048464650e-02 9.990110008292237831e-01
2.898080077774221452e-03 3.419716959234293113e-02 2.739386385026637907e-02 9.990354002472027206e-01
2.898080077774221452e-03 3.419716959234293113e-02 2.739386385026637907e-02 9.990354002472027206e-01
3.777531822308386952e-03 3.446378770416821946e-02 2.823935068101353710e-02 9.989997580898246632e-01
3.777531822308386952e-03 3.446378770416821946e-02 2.823935068101353710e-02 9.989997580898246632e-01
3.777531822308386952e-03 3.446378770416821946e-02 2.823935068101353710e-02 9.989997580898246632e-01
3.777531822308386952e-03 3.446378770416821946e-02 2.823935068101353710e-02 9.989997580898246632e-01
3.448694775258319325e-03 3.611427274771244339e-02 2.794639990898727111e-02 9.989508819458432498e-01
2.575753240682714714e-03 3.662429970232884691e-02 2.789681592240920993e-02 9.989363312183355825e-01
1.723584025752256674e-03 3.682292545134797923e-02 2.754637837151056520e-02 9.989405880521244896e-01
-3.179576273234207135e-05 3.673121320500773168e-02 2.730492208462379986e-02 9.989520800296030067e-01
-1.349623650638016002e-03 3.684520207409397452e-02 2.723640482880532870e-02 9.989488414589219323e-01
-1.990709574408031785e-03 3.700028563301863832e-02 2.700696487146634489e-02 9.989482668221096873e-01
-3.305300315849103981e-03 3.677384525891937150e-02 2.659487670194790598e-02 9.989641994725854124e-01
-4.209381327926660539e-03 3.660581683897047578e-02 2.641994454976776333e-02 9.989716121153668915e-01
-4.408580738801179573e-03 3.734377458186870918e-02 2.587158301073436140e-02 9.989577909543360112e-01
-4.790993010472009012e-03 3.699954153653573635e-02 2.630100050029899467e-02 9.989576255701455576e-01
-5.513162863897962118e-03 3.709007159874068427e-02 2.575411416418153798e-02 9.989647927868402499e-01
-6.206385384400105523e-03 3.704389197445533133e-02 2.566462924813996474e-02 9.989647429481186558e-01
-6.648317606443433607e-03 3.710763203643911712e-02 2.560151326298932412e-02 9.989611534170370621e-01
-7.134843109849135084e-03 3.732705864329194378e-02 2.536636184405747022e-02 9.989556208328949083e-01
-8.848957706302940790e-03 3.729411727047698966e-02 2.487676662414706891e-02 9.989554500811613780e-01
-9.321564234057550316e-03 3.746751344483412877e-02 2.490136030606527814e-02 9.989440505510801538e-01
-1.000382872913304147e-02 3.762290319669594346e-02 2.467226238949238315e-02 9.989372953466070237e-01
-9.931565264339236102e-03 3.794463719139033742e-02 2.438245262228086463e-02 9.989329629779648556e-01
-1.005489961983292886e-02 3.874562896800695655e-02 2.379343971784771139e-02 9.989151853165021411e-01
-1.007848184407243892e-02 3.853486772098554253e-02 2.392174364363305189e-02 9.989200360161433201e-01
-9.560103697095319319e-03 3.886491912525617820e-02 2.384578590479503532e-02 9.989141609634286656e-01
-9.560103697095319319e-03 3.886491912525617820e-02 2.384578590479503532e-02 9.989141609634286656e-01
-9.159728755014532459e-03 3.884100212231532401e-02 2.348008926055240170e-02 9.989275055436132034e-01
-7.598967495145289228e-03 3.833809978194507861e-02 2.333074314223179679e-02 9.989635239699938829e-01
-5.338813601671568015e-03 3.711875136688268934e-02 2.326653877798128683e-02 9.990257071465092897e-01
-3.724952765885569065e-03 3.665775285045531906e-02 2.289475167442060755e-02 9.990586390340726597e-01
-3.252710777812656100e-03 3.499747363810543771e-02 2.318278440000415622e-02 9.991131843885401320e-01
-2.282649343418795881e-03 3.416873502139283758e-02 2.283522278378312398e-02 9.991525607530753472e-01
-8.169737147691752974e-04 3.275081578600584631e-02 2.313362314665077385e-02 9.991954524012853778e-01
-9.113377097610267721e-04 3.237976506382305580e-02 2.283120644162985741e-02 9.992144195769044890e-01
-1.774361480181523140e-03 3.166217046043721950e-02 2.259811436805709770e-02 9.992415542950964236e-01
-2.660053635532677162e-03 3.124138095369017112e-02 2.250742944693766984e-02 9.992548803235606902e-01
-3.845107809032232652e-03 3.058609148053920840e-02 2.226833994472975434e-02 9.992766519788136570e-01
-4.482940429774271221e-03 3.010260844429666141e-02 2.200214744099446632e-02 9.992945720446685387e-01
-6.264358427421127390e-03 2.941226306530338522e-02 2.170240324609178095e-02 9.993121045440279682e-01
-7.040115635118916228e-03 2.937006650897679497e-02 2.164200918372466420e-02 9.993094913006650426e-01
-8.809514400878603810e-03 2.888839535136846978e-02 2.117058087878984432e-02 9.993195983144222971e-01
-9.229081456154400800e-03 2.901392296096717491e-02 2.104339793319891933e-02 9.993148611590422226e-01
-1.178525653606660173e-02 2.827482720127519333e-02 2.091636903849687992e-02 9.993118369064596385e-01
-1.273176914266409970e-02 2.848614057237174382e-02 2.070869808935878534e-02 9.992985498204391970e-01
-1.601166813013750814e-02 3.009639860053813648e-02 1.890618625389365454e-02 9.992399058265742928e-01
-1.239797625458557984e-02 2.885359308849971827e-02 2.068438202699121597e-02 9.992927082145829365e-01
-1.238410610333424630e-02 2.871483685638033176e-02 2.083514919700709886e-02 9.992937449110103065e-01
-1.221602841530765489e-02 2.881520258450277067e-02 2.092301686713615369e-02 9.992910887799150155e-01
-1.101868852033079972e-02 2.931183005623454185e-02 2.129479760569705921e-02 9.992827111068113277e-01
-1.142176224418930269e-02 2.920299051906461926e-02 2.132245321298855897e-02 9.992807822033608067e-01
-1.091939031885533901e-02 2.968903825955642242e-02 2.179771752329890885e-02 9.992618212626066532e-01
-1.091939031885533901e-02 2.968903825955642242e-02 2.179771752329890885e-02 9.992618212626066532e-01
-1.092957796179757669e-02 2.950910257456089425e-02 2.162908364565106420e-02 9.992707040294288579e-01
-1.092957796179757669e-02 2.950910257456089425e-02 2.162908364565106420e-02 9.992707040294288579e-01
-1.060777911197541452e-02 3.137099901287209586e-02 2.285746959213925608e-02 9.991901078008580406e-01
-1.102276786880513129e-02 3.177339873557128574e-02 2.301969575130920209e-02 9.991691765305903417e-01
-1.045466377324010682e-02 3.224195281936511476e-02 2.343565735243922227e-02 9.991506024860523638e-01
-1.104828649829409093e-02 3.219199298595348813e-02 2.342734940840788746e-02 9.991460204858648719e-01
-1.042045609734278816e-02 3.260013268329141345e-02 2.384378840370489361e-02 9.991296808714644762e-01
-1.018768786469549312e-02 3.267980982518355754e-02 2.386383220799799532e-02 9.991289999585188930e-01
-8.990153215047076360e-03 3.319794589299215892e-02 2.429034611688677889e-02 9.991131330430892410e-01
-8.523682599522325321e-03 3.332779328347685449e-02 2.447411046690931707e-02 9.991084140105367384e-01
-7.903793278986787768e-03 3.340706603375457467e-02 2.466063855223346590e-02 9.991062760772827511e-01
-7.039107738544648357e-03 3.378085776198570117e-02 2.499617008685007385e-02 9.990918356648196275e-01
-5.926170233298609299e-03 3.425784240161233729e-02 2.541485883983146676e-02 9.990722524875284005e-01
-5.666852420988350084e-03 3.444295246429344287e-02 2.547217204716506825e-02 9.990659328895069580e-01
-5.580870887260029264e-03 3.455884642703774268e-02 2.590770121360054870e-02 9.990512154197096484e-01
-5.764100383326126349e-03 3.475118285961587006e-02 2.582236036335476548e-02 9.990457127388584491e-01
-4.526597698508096242e-03 3.556728612566849301e-02 2.610208607063316255e-02 9.990160955528654130e-01
-4.702595012829684749e-03 3.550063421666554281e-02 2.627485878115118356e-02 9.990131242212939577e-01
-4.184708622840988511e-03 3.619863613046808704e-02 2.631261043481131559e-02 9.989893860738170428e-01
-4.184708622840988511e-03 3.619863613046808704e-02 2.631261043481131559e-02 9.989893860738170428e-01
-4.291612231918569623e-03 3.600798614841940748e-02 2.666369554003970854e-02 9.989865135917171957e-01
-4.291612231918569623e-03 3.600798614841940748e-02 2.666369554003970854e-02 9.989865135917171957e-01
-4.316028753732705121e-03 3.724436727814128822e-02 2.727056570512707140e-02 9.989246944830076913e-01
-3.838675145128310137e-03 3.783226812684518936e-02 2.731188767569421583e-02 9.989034211839996624e-01
-2.939092168558088847e-03 3.869046892613251659e-02 2.762095058449553359e-02 9.988651022236734178e-01
-3.681384333165618142e-03 3.846955604004412971e-02 2.781479979730259317e-02 9.988657955800215316e-01
-2.800712066424269203e-03 3.982935377633154556e-02 2.769773213405564774e-02 9.988186092701272223e-01
-2.846120843521434286e-03 4.039279251752119632e-02 2.814331782728590400e-02 9.987833977246783901e-01
-3.337475626070213804e-03 4.065915391232015341e-02 2.846906674793207512e-02 9.987618368250168466e-01
-4.967369455579725111e-03 4.089914983512976665e-02 2.860040157173514980e-02 9.987415090069056145e-01
-6.761085855472580806e-03 4.047049573243430287e-02 2.843256573109401511e-02 9.987532307327836589e-01
-1.035545378980582028e-02 3.895164301113394206e-02 2.850514087205631777e-02 9.987807522311413777e-01
-1.221744266114432355e-02 3.810207482804548601e-02 2.869752508105211791e-02 9.987869733045391385e-01
-1.469839615580825591e-02 3.650394020914249360e-02 2.867283092682165746e-02 9.988139407648934931e-01
-1.582828102089356426e-02 3.576664248525755069e-02 2.875244671359340407e-02 9.988210598566878984e-01
-1.686883412419274211e-02 3.427964400010343610e-02 2.877683620076573398e-02 9.988554660914615857e-01
-1.677072816519147025e-02 3.379901680828713284e-02 2.895529193745047941e-02 9.988683397767793570e-01
-1.559576235438509331e-02 3.301400593686255186e-02 2.881729761835057080e-02 9.989176197097344723e-01
-1.491705745996456736e-02 3.262483775989283991e-02 2.930595952086900366e-02 9.989265549050330151e-01
-1.183425733191433710e-02 3.175738535227551340e-02 2.966662546701721512e-02 9.989851401108972295e-01
-1.038937114058373183e-02 3.177625465988881404e-02 2.981184644587917681e-02 9.989962884908935026e-01
-1.112325847557435292e-02 3.296166716789869500e-02 2.861929425860357951e-02 9.989848535461074430e-01
-8.370348109307737886e-03 3.111200078980855960e-02 3.014379751615639189e-02 9.990261919242603428e-01
-5.580944425499622524e-03 3.070025943798633181e-02 3.060619893351929771e-02 9.990443472221850474e-01
-4.344386846949108497e-03 3.064781285850579073e-02 3.056554550643677051e-02 9.990533445706530902e-01
-5.114888725805613254e-03 3.021654500951305097e-02 3.077520134273274699e-02 9.990563974587846063e-01
-4.285363183600892668e-03 3.027562417109351187e-02 3.082442717557291184e-02 9.990569938360539526e-01
-4.941460428703358353e-03 3.015623448630497597e-02 3.083667710145953506e-02 9.990571969791214313e-01
-5.220771836172389060e-03 3.024421000865215592e-02 3.073115905187301031e-02 9.990563683625242053e-01
-5.332051108464585382e-03 3.058029360566652879e-02 3.076754185178629322e-02 9.990444300642322695e-01
-6.200741247317731464e-03 3.085862405657381277e-02 3.063216328463528107e-02 9.990350177555451516e-01
-6.717252663428634023e-03 3.111321148082512797e-02 3.053882334569279003e-02 9.990266397132089304e-01
-6.457732809585491410e-03 3.156490964271241317e-02 3.046818749165828080e-02 9.990163380631873480e-01
-7.595487870209229921e-03 3.198431438624766560e-02 3.045778975770014815e-02 9.989953129221033068e-01
-7.958742483820044344e-03 3.201457538878749870e-02 3.046592485457682437e-02 9.989912676312576734e-01
-8.356975686595309247e-03 3.212154667159165117e-02 3.028839662534728999e-02 9.989899800431754073e-01
-1.082396429434779456e-02 3.401272023791395566e-02 2.874556254098628583e-02 9.989492826431051187e-01
-8.859383568465195244e-03 3.264749938087195547e-02 3.022353179965955525e-02 9.989705652483048537e-01
-8.060938127771109796e-03 3.329414143957322436e-02 2.995806359708577671e-02 9.989639812564889976e-01
-8.472605637255504682e-03 3.325790690774824143e-02 3.007289805164185120e-02 9.989583311553124068e-01
-8.362136040144844962e-03 3.362329416196400272e-02 3.000092122627685820e-02 9.989491946521198429e-01
-8.402653838716751811e-03 3.401798554996977170e-02 2.968660260064405476e-02 9.989448822100347458e-01
-1.051567908549675377e-02 3.460251822670680488e-02 2.848942085427970047e-02 9.989396573993492012e-01
-1.002743115075735957e-02 3.417908911151196910e-02 2.962300785757142688e-02 9.989262825141275171e-01
-1.002743115075735957e-02 3.417908911151196910e-02 2.962300785757142688e-02 9.989262825141275171e-01
-1.119297824647455530e-02 3.430054711387389710e-02 2.915214883706191557e-02 9.989235916344376687e-01
-1.119297824647455530e-02 3.430054711387389710e-02 2.915214883706191557e-02 9.989235916344376687e-01
-1.177960877002800708e-02 3.416255303878452249e-02 2.861738121762928688e-02 9.989370381957725087e-01
-1.301997850098736420e-02 3.402656637526724898e-02 2.869751811754680387e-02 9.989239837917780473e-01
-1.344765096672085117e-02 3.377133443801682428e-02 2.839055398204835823e-02 9.989357507359246657e-01
-1.413387447176769722e-02 3.362328578826889736e-02 2.819329835761076597e-02 9.989368579509595447e-01
-1.409045121466868770e-02 3.395436139954652321e-02 2.797357867802571091e-02 9.989324498796003926e-01
-1.451117211766788338e-02 3.402848721785781128e-02 2.772292337688850306e-02 9.989308922347305275e-01
-1.471376025947555670e-02 3.388043556053010191e-02 2.770310559104020853e-02 9.989335109434797078e-01
-1.480888960985640365e-02 3.389905540650347410e-02 2.744349093190747227e-02 9.989386395752944958e-01
-1.525902841789228935e-02 3.381001888674289163e-02 2.725675920083867401e-02 9.989399950710190490e-01
-1.524971564668127846e-02 3.390398846951958589e-02 2.718154872217462548e-02 9.989390017151288381e-01
-1.466942554540851852e-02 3.376488413774578201e-02 2.687041088723811019e-02 9.989608208393777611e-01
-1.466942554540851852e-02 3.376488413774578201e-02 2.687041088723811019e-02 9.989608208393777611e-01
-1.518894258025327640e-02 3.358293211721138927e-02 2.669386127204068093e-02 9.989639235047947929e-01
-1.394707383548911966e-02 3.330026786020121726e-02 2.642164968096118866e-02 9.989987325917900618e-01
-1.280371625780886251e-02 3.356358814668135987e-02 2.636754641062438731e-02 9.990066580844159105e-01
-1.277939905859021112e-02 3.326169876275855697e-02 2.631515330302742692e-02 9.990184478085252229e-01
-1.228391603424809631e-02 3.319004148429293560e-02 2.632795950362858475e-02 9.990267089029751801e-01
-1.200984681148302771e-02 3.327887584265203091e-02 2.631690206590322351e-02 9.990273773365111465e-01
-1.101214509832005098e-02 3.349796757127231073e-02 2.644858606874847529e-02 9.990280732411335185e-01
-1.100248406111026603e-02 3.333964813072422262e-02 2.648904609910048696e-02 9.990324037005827718e-01
-1.091104322935185916e-02 3.346393549940938905e-02 2.650008128393782289e-02 9.990289584634087783e-01
-1.110048413914645378e-02 3.350956884105327910e-02 2.652644948771296779e-02 9.990246421012541900e-01
-1.089411451298265797e-02 3.375888304294013403e-02 2.655573679232811624e-02 9.990177420487024174e-01
-1.121348416983113973e-02 3.392251898802447346e-02 2.659502116086250034e-02 9.990076202550877138e-01
-1.119010388570907365e-02 3.404438285221939725e-02 2.666535740500894716e-02 9.990018620031204666e-01
-1.091629229140237897e-02 3.400003739833343253e-02 2.650927355914080991e-02 9.990105557174494555e-01
-1.079703803920197686e-02 3.402328725169246476e-02 2.662004067237703706e-02 9.990081147462066546e-01
-1.124130075757274159e-02 3.345151026661309646e-02 2.641497912887582136e-02 9.990279668236428101e-01
-1.010658400095431307e-02 3.319182515893218804e-02 2.643640741557385168e-02 9.990481850568612154e-01
-1.022658302905179832e-02 3.284571696997393153e-02 2.649489032656999338e-02 9.990568535688353347e-01
-1.022658302905179832e-02 3.284571696997393153e-02 2.649489032656999338e-02 9.990568535688353347e-01
-9.644460861636174401e-03 3.277880113075439666e-02 2.640028704206079380e-02 9.990673447847325805e-01
-9.839588286628087391e-03 3.234051945482390583e-02 2.628249699646974594e-02 9.990828312284084634e-01
-8.749440184974836485e-03 3.181349710736730563e-02 2.620043444402514465e-02 9.991120487378748471e-01
-8.844789125996111584e-03 3.168536668644242327e-02 2.615333759285569382e-02 9.991165148149722119e-01
-8.780681606866316130e-03 3.121064993066089213e-02 2.602007405874232071e-02 9.991355016750241846e-01
-8.657653638683326242e-03 3.115016143136174059e-02 2.617554821020961348e-02 9.991344019460883796e-01
-9.036608849130805393e-03 3.096535058569914109e-02 2.604021593955393316e-02 9.991403274402620438e-01
-9.097009760087830868e-03 3.071904103421225010e-02 2.608571734997825603e-02 9.991461956499160246e-01
-8.848237448652040982e-03 3.046956089688119748e-02 2.606033818295065349e-02 9.991567311120882477e-01
-8.714926798936442620e-03 3.043796483698411534e-02 2.606569879361250036e-02 9.991587259759444617e-01
-8.883699855244512472e-03 3.063668162705000461e-02 2.583674070547549786e-02 9.991571129934885276e-01
-9.576779905314844465e-03 3.012761437924436903e-02 2.608231937275890325e-02 9.991598094171914024e-01
-9.887963906146718038e-03 3.004590263936436287e-02 2.617172852244437770e-02 9.991569008571797861e-01
-1.067619201812370147e-02 2.972715356557656743e-02 2.592815758474554741e-02 9.991646740698659768e-01
-1.125117530062777482e-02 2.993682753499551930e-02 2.622313501335036406e-02 9.991444062804766268e-01
-1.098123540835138981e-02 3.016444144084024989e-02 2.631721251886899246e-02 9.991380901890914989e-01
-1.178195554225843801e-02 3.012291616743387537e-02 2.628061032028813221e-02 9.991311850634846392e-01
-1.160260236470908243e-02 3.077455577170364748e-02 2.602783665002682614e-02 9.991200418642097736e-01
-1.160260236470908243e-02 3.077455577170364748e-02 2.602783665002682614e-02 9.991200418642097736e-01
-1.075062348301327256e-02 3.070949656580439571e-02 2.664630611275526847e-02 9.991152712705110295e-01
-1.081459799286442307e-02 3.047747036366187795e-02 2.676226681997757179e-02 9.991185862274514218e-01
-1.066412959989648801e-02 3.047681136960739973e-02 2.659921020586576701e-02 9.991245779806651184e-01
-1.065053348581769012e-02 3.013073875509225674e-02 2.676639436948553830e-02 9.991307546317433896e-01
-1.027913780772206527e-02 3.015963015526178931e-02 2.686901564483624993e-02 9.991310184520872939e-01
-9.926149198318003075e-03 3.003914682004917361e-02 2.696798002641668038e-02 9.991355510008194107e-01
-9.790365753042136118e-03 2.999212800856815297e-02 2.699946136188336940e-02 9.991374530474310678e-01
-9.322247777238775596e-03 2.998608287895550631e-02 2.709803167112542072e-02 9.991394433258588004e-01
-9.560153831068552571e-03 2.989248719077754191e-02 2.734034363724012484e-02 9.991333986400781075e-01
-9.083018245144073438e-03 3.029737871712686464e-02 2.736231581053780865e-02 9.991250528817270382e-01
-9.048669661502830447e-03 3.049537380422845390e-02 2.749666476058783629e-02 9.991156525552691292e-01
-9.336278078198610719e-03 3.058672205194830004e-02 2.745071575512525799e-02 9.991114775390655955e-01
-9.240381964914919435e-03 3.070952707092999140e-02 2.753781213528291166e-02 9.991062051609048700e-01
-8.909655848684860935e-03 3.104028369560230330e-02 2.720322099503477004e-02 9.991081540995698784e-01
-9.399163111619474389e-03 3.107982837371986440e-02 2.767689207986191724e-02 9.990894302542996375e-01
-9.477336357523694077e-03 3.112242156092143511e-02 2.751764996879871653e-02 9.990917645101201616e-01
-9.458285036791356723e-03 3.145240054788992629e-02 2.781000547675271939e-02 9.990735162836220651e-01
-9.654307673961222760e-03 3.184882010340533282e-02 2.797067893664612059e-02 9.990545971673322478e-01
-9.423785212854645862e-03 3.219981305714523373e-02 2.798418346766233869e-02 9.990451690424188014e-01
-9.376236620505537175e-03 3.252935517865025716e-02 2.822535433856181164e-02 9.990281560651632642e-01
-8.730178367442390647e-03 3.333340216382068427e-02 2.850603940171397149e-02 9.989995365381736381e-01
-9.722144139650834571e-03 3.348962399301501358e-02 2.858701270472446473e-02 9.989828365406255850e-01
-9.722144139650834571e-03 3.348962399301501358e-02 2.858701270472446473e-02 9.989828365406255850e-01
-9.722144139650834571e-03 3.348962399301501358e-02 2.858701270472446473e-02 9.989828365406255850e-01
-9.722144139650834571e-03 3.348962399301501358e-02 2.858701270472446473e-02 9.989828365406255850e-01
-9.348782285292555130e-03 3.355625139600396101e-02 2.864166450318213902e-02 9.989825991059692045e-01
-7.247479724312632689e-03 3.617492617676595218e-02 3.008617969714448559e-02 9.988661925127821917e-01
-6.373827787688030565e-03 3.694676167744973677e-02 3.044651666591191574e-02 9.988329794033610209e-01
-6.413662287009389874e-03 3.752775851461476880e-02 3.072476310066959634e-02 9.988025436538218171e-01
-6.400564324782611475e-03 3.817906144523586925e-02 3.091369230696833226e-02 9.987721139836831519e-01
-6.788880418310778986e-03 3.850224539077058694e-02 3.119667624426880267e-02 9.987483444761473539e-01
-8.053008207665792936e-03 3.908018359460149749e-02 3.136605909732453901e-02 9.987111988186188061e-01
-1.201509212846030468e-02 3.784795116987424435e-02 3.109204776706939524e-02 9.987274176265702463e-01
-1.681586699781787916e-02 3.514659500618466659e-02 3.145265824613971417e-02 9.987455500605920689e-01
-1.773631806307625694e-02 3.442513721288330969e-02 3.129343111307122949e-02 9.987597579591456221e-01
-1.945861700746351688e-02 3.335710973535679219e-02 3.131689514739464247e-02 9.987631939216559118e-01
-1.980196084678798041e-02 3.243961540629125562e-02 3.142951623464567551e-02 9.987831292168337649e-01
-2.080337098070450183e-02 3.116281338760959127e-02 3.148105266662810237e-02 9.988018032325578499e-01
-2.069103887883252252e-02 3.049871991840559515e-02 3.179268909581996899e-02 9.988147645652371009e-01
-2.044633034187458634e-02 3.040129174932917552e-02 3.193488066995519431e-02 9.988182379352706919e-01
-1.914811913795963494e-02 2.996229034892075246e-02 3.225313984380054344e-02 9.988470081352507357e-01
-1.884159034805176630e-02 2.952820629491856308e-02 3.243618606647326319e-02 9.988598366836169973e-01
-1.813662328041790173e-02 2.971179970384171462e-02 3.264577260193207708e-02 9.988606135920897744e-01
-1.827436055546993038e-02 2.980237999767693796e-02 3.275427238235718852e-02 9.988518526455588686e-01
-1.698972853162937849e-02 3.026678749820088665e-02 3.315670904044776962e-02 9.988472872989981877e-01
-1.534941935406721782e-02 3.082861024090269644e-02 3.334777218844841434e-02 9.988502981959683780e-01
-1.537129874614681646e-02 3.112189073577502352e-02 3.339430390832674039e-02 9.988393121810762443e-01
-1.393758311211789995e-02 3.200604078766130373e-02 3.394766531903298246e-02 9.988137529837474160e-01
-1.366584606109612354e-02 3.230174641196959656e-02 3.396495481922454790e-02 9.988074006905932611e-01
-1.352251592503875451e-02 3.257788667973145896e-02 3.400074169037594490e-02 9.987991652114273089e-01
-1.353260927439657937e-02 3.250090020611011432e-02 3.443382047095053244e-02 9.987866999413805846e-01
-1.414112269174850819e-02 3.230302183269567751e-02 3.413702505344696353e-02 9.987948773146534398e-01
-1.453059234259795711e-02 3.215710158673248248e-02 3.396360794604379174e-02 9.987999079089872057e-01
-1.612522410563312775e-02 3.159283264400338659e-02 3.428921470360662277e-02 9.987823185399715697e-01
-1.627756112733450694e-02 3.159918299437428080e-02 3.431852683401606652e-02 9.987786398165395818e-01
-1.619655125022936154e-02 3.162931280104031712e-02 3.407896623507670336e-02 9.987872057448879959e-01
-1.615668472686466323e-02 3.152284569999753289e-02 3.416687117342614294e-02 9.987882141133972436e-01
-1.624804739689231572e-02 3.146220322163072181e-02 3.403376389422355097e-02 9.987931886228607059e-01
-1.572428090239167200e-02 3.154032910690287433e-02 3.403773316817862438e-02 9.987989724417536408e-01
-1.608716014791667856e-02 3.143853549343936238e-02 3.385094741621810788e-02 9.988027508589608638e-01
-1.608716014791667856e-02 3.143853549343936238e-02 3.385094741621810788e-02 9.988027508589608638e-01
-1.625231491047020305e-02 3.118005012543266161e-02 3.352263638519693834e-02 9.988192527099246654e-01
-1.604637764757094187e-02 3.086838672517011606e-02 3.347353274804781148e-02 9.988339096520213456e-01
-1.616271891724119225e-02 3.087228469658547664e-02 3.324537836341649732e-02 9.988395333447153135e-01
-1.637734631792482978e-02 3.062010119711085915e-02 3.325662124503500627e-02 9.988434257047626996e-01
-1.573297122990676908e-02 3.052320524172039487e-02 3.289641069355276476e-02 9.988686769148044098e-01
-1.512130624152629652e-02 3.042352208140991499e-02 3.266330729307737740e-02 9.988888145126013640e-01
-1.523114161890317883e-02 3.027934581613930809e-02 3.231351157144170955e-02 9.989029034455020328e-01
-1.569330746769143775e-02 3.019153982745037892e-02 3.212570526854619662e-02 9.989044649437555101e-01
-1.502032138940490730e-02 3.031103518697382537e-02 3.194565614018206323e-02 9.989169665918316010e-01
-1.501732991286738178e-02 2.999386362785460766e-02 3.220244124611931075e-02 9.989183403685969465e-01
-1.517010752391756596e-02 2.997997336463887122e-02 3.154681868496270886e-02 9.989373690405352058e-01
-1.458809985299138953e-02 2.999571262660146592e-02 3.124544919619987038e-02 9.989550372620528140e-01
-1.551235060060380394e-02 2.958570589746068250e-02 3.138419558958607108e-02 9.989489903156154593e-01
-1.500462192047762044e-02 2.966516044495942292e-02 3.116686574102001117e-02 9.989611934688352735e-01
-1.511179857566256196e-02 2.965537530027163166e-02 3.104742662458794683e-02 9.989635877045767165e-01
-1.474308637141872810e-02 2.955916485494950244e-02 3.103669927088643574e-02 9.989722821358415494e-01
-1.464263451285356156e-02 2.953199522824591014e-02 3.124799151459663540e-02 9.989679762328047552e-01
-1.409132418586015248e-02 2.977413943162630569e-02 3.105202546082129131e-02 9.989748279704427913e-01
-1.332489587426815766e-02 3.004409260974748655e-02 3.090069488030936298e-02 9.989819551448919643e-01
-1.321381228100708925e-02 3.012885882015470945e-02 3.087292474079085872e-02 9.989817363441371167e-01
-1.258622564503106799e-02 3.040808862581378946e-02 3.098922390746453037e-02 9.989777790680581804e-01
-1.282886703159807906e-02 3.028047909324761353e-02 3.095008925633715990e-02 9.989797819433553494e-01
-1.233116040356868441e-02 3.056652600691871224e-02 3.092129229956872699e-02 9.989782298195964971e-01
-1.233116040356868441e-02 3.056652600691871224e-02 3.092129229956872699e-02 9.989782298195964971e-01
-1.091713830114830579e-02 3.134987135706239492e-02 3.071814568010971039e-02 9.989766749945589996e-01
-1.091713830114830579e-02 3.134987135706239492e-02 3.071814568010971039e-02 9.989766749945589996e-01
-1.127128825204197493e-02 3.131096635207730738e-02 3.066512647377212311e-02 9.989755910259199290e-01
-1.108965901876765407e-02 3.139072385474592913e-02 3.060021955757208020e-02 9.989771110900144135e-01
-1.159259374427628990e-02 3.113743679842778320e-02 3.073017429496198438e-02 9.989753391289023510e-01
-1.127529540103624529e-02 3.165121430293819926e-02 3.020119750510822515e-02 9.989789567433471351e-01
-1.200430876631960499e-02 3.172788186619263096e-02 3.017117197781845478e-02 9.989689376876604854e-01
-1.245724950925279802e-02 3.179970680553264456e-02 3.002100887031687246e-02 9.989656323458554477e-01
-1.250163053143455924e-02 3.203552121487460158e-02 3.012869913894810486e-02 9.989543013084941636e-01
-1.250163053143455924e-02 3.203552121487460158e-02 3.012869913894810486e-02 9.989543013084941636e-01
-1.352096801018661670e-02 3.270533781571884069e-02 2.966717450873398304e-02 9.989331324263378553e-01
-1.328080296496796618e-02 3.293551337553558833e-02 2.976111899964499485e-02 9.989259972726631798e-01
-1.339197969481555062e-02 3.349975296890254917e-02 2.951749964976812732e-02 9.989129785147964347e-01
-1.444424539373282898e-02 3.360334982976598966e-02 2.941838839351982801e-02 9.988977610744514957e-01
-1.488508254351194812e-02 3.411912197147488196e-02 2.944456555997244929e-02 9.988730336697216883e-01
-1.535451499825324535e-02 3.461418108676624777e-02 2.933256574132436789e-02 9.988521902283099552e-01
-1.551474967257642119e-02 3.496171121981139079e-02 2.971134991464174924e-02 9.988264148376481133e-01
-1.551474967257642119e-02 3.496171121981139079e-02 2.971134991464174924e-02 9.988264148376481133e-01
-1.457471631024178857e-02 3.542466262711543856e-02 2.927803317973732763e-02 9.988370576302009196e-01
-1.331835547229310787e-02 3.550761130925729481e-02 2.899322535770603587e-02 9.988599620717518723e-01
-1.302219824261704323e-02 3.513597206071340101e-02 2.910018406563127588e-02 9.988738985015201965e-01
-1.050403082683306309e-02 3.504875270780642010e-02 2.898261183551061049e-02 9.989100352290030127e-01
-1.011985547842330496e-02 3.472773320055023982e-02 2.896244689531196626e-02 9.989257979157828427e-01
-9.106895812813620497e-03 3.426007176097581319e-02 2.879113776185936863e-02 9.989566468661015275e-01
-8.640760609483861751e-03 3.413728528039663285e-02 2.858238854776272431e-02 9.989709856020239087e-01
-9.024481701312798629e-03 3.361738305891394385e-02 2.871584681520713070e-02 9.989813964373803756e-01
-8.458367432225806851e-03 3.365000349607748936e-02 2.857220069234716817e-02 9.989893706304846521e-01
-9.686904545332676239e-03 3.284240322533234918e-02 2.880788794745533371e-02 9.989983213312829680e-01
-1.049838525322578479e-02 3.250306573827967116e-02 2.840248887763671681e-02 9.990128293721977082e-01
-1.042295824694234284e-02 3.268252579729043206e-02 2.861553992890056297e-02 9.990016843446609673e-01
-1.111964385964656944e-02 3.262578130247412167e-02 2.853782836453721758e-02 9.989982503823888749e-01
-1.300126621842659196e-02 3.338661401324569122e-02 2.832529500982852722e-02 9.989564448683707631e-01
-1.348040562101300924e-02 3.361731147459225827e-02 2.829083573120150935e-02 9.989433335515800483e-01
-1.387425692205732607e-02 3.348759276008042574e-02 2.853763345503626883e-02 9.989352779849062225e-01
-1.500202838335864056e-02 3.448910961556671262e-02 2.830929604999623747e-02 9.988913976101025938e-01
-1.504776401578470854e-02 3.449880616697334479e-02 2.830205963776393982e-02 9.988905798892285803e-01
-1.407169527227473960e-02 3.479898881467338723e-02 2.833828764720923779e-02 9.988933672934586783e-01
-1.392960463456832491e-02 3.490511939582747331e-02 2.813451709508115253e-02 9.988974160055247298e-01
-9.772377241173579865e-03 3.408410303674597186e-02 2.869782199972700093e-02 9.989590630129489002e-01
-9.772377241173579865e-03 3.408410303674597186e-02 2.869782199972700093e-02 9.989590630129489002e-01
-9.482330878016670406e-03 3.405203136729025720e-02 2.870402207070986075e-02 9.989627739199520295e-01
-8.782411486836966957e-03 3.474116584282790215e-02 2.873172339425543106e-02 9.989446474730985237e-01
-9.051109441294981350e-03 3.517047418214611781e-02 2.894249269613448014e-02 9.989211416724640413e-01
-9.235020235256305790e-03 3.529910798277276218e-02 2.931173447401965934e-02 9.989041543606671514e-01
-9.714537030828527750e-03 3.637562964227017415e-02 2.915730447763436109e-02 9.988655029251954920e-01
-9.484409595793961978e-03 3.685171540742025742e-02 2.916577444521547408e-02 9.988500160920860127e-01
-9.977737447689847411e-03 3.710163628188330870e-02 2.927276507773116793e-02 9.988328281375897788e-01
-1.110779223326767255e-02 3.793242842968559680e-02 2.950894297778269490e-02 9.987827441988890165e-01
-1.091628578247094174e-02 3.881427477648885516e-02 2.959259485835251044e-02 9.987484994270781069e-01
-1.107866676181552996e-02 3.931467014874754501e-02 2.966536496882511004e-02 9.987249801497619650e-01
-1.107866676181552996e-02 3.931467014874754501e-02 2.966536496882511004e-02 9.987249801497619650e-01
-1.148484802602925403e-02 4.034947795737859472e-02 3.005024820490491064e-02 9.986676126105270557e-01
-1.221882883065769122e-02 4.112088046191229168e-02 3.007750371864123182e-02 9.986266154985552479e-01
-1.204081707990941816e-02 4.196343301618547794e-02 3.021652198707013709e-02 9.985895306944436722e-01
-1.217646023192719973e-02 4.246561661304974755e-02 3.027656608513653105e-02 9.985648375383474606e-01
-1.195782626547872013e-02 4.311655411736115689e-02 3.031753677786576395e-02 9.985383418355913143e-01
-1.156123090332766314e-02 4.397293840716513108e-02 3.048929481566870284e-02 9.985004364192751058e-01
-1.131367385303556385e-02 4.486228410301396768e-02 3.078904867317293001e-02 9.984545110974303306e-01
-1.054500100607514736e-02 4.568792979780025160e-02 3.117360072262440052e-02 9.984135529141016097e-01
-1.023931353186742152e-02 4.632660266857274028e-02 3.127001568338302895e-02 9.983842889703069545e-01
-9.460542003109742235e-03 4.699716732855240692e-02 3.188252716405504117e-02 9.983412587235552804e-01
-8.755256471414009714e-03 4.772151254053179359e-02 3.176410938835218939e-02 9.983171059737123709e-01
-9.249705641339950324e-03 4.857745754211164474e-02 3.200745371085043228e-02 9.982635906769518064e-01
-1.017927168189821339e-02 4.830302956483553678e-02 3.205815002817561515e-02 9.982662344182817726e-01
-1.361544663926717025e-02 4.697530177181762773e-02 3.206254224248795276e-02 9.982885023985844652e-01
-1.462745546151249590e-02 4.597263235204768206e-02 3.237715097059055969e-02 9.983107105086935773e-01
-1.632146889471823917e-02 4.496784620398023430e-02 3.218527192646712665e-02 9.983364216194424712e-01
-2.076075857290360718e-02 4.424095459356120613e-02 3.172341384270719461e-02 9.983012340242259919e-01
-2.229562192220293712e-02 4.286261381167017631e-02 3.184164923980986606e-02 9.983245018299524709e-01
-2.375783832384783384e-02 4.141197839657896618e-02 3.197142758450158273e-02 9.983478557004408227e-01
-2.357010906631582664e-02 4.109611169098380951e-02 3.186740779433768628e-02 9.983686833444614939e-01
-2.410002184080998339e-02 4.050337751034599476e-02 3.196133131143405470e-02 9.983772526747229925e-01
-2.475529544475060448e-02 3.964622783834141628e-02 3.245142800837595709e-02 9.983798158946577406e-01
-2.379765817346551210e-02 3.957842226424845844e-02 3.236937896780857360e-02 9.984084551233378679e-01
-2.379765817346551210e-02 3.957842226424845844e-02 3.236937896780857360e-02 9.984084551233378679e-01
-2.354048800261111102e-02 3.974919581317914313e-02 3.244463598862454973e-02 9.984053247315791690e-01
-2.119733559188072963e-02 4.023605496755192079e-02 3.294183452128516404e-02 9.984220392112874709e-01
-2.026279700465423786e-02 4.043876200364635021e-02 3.297258959882248819e-02 9.984322380213432879e-01
-1.942347592944784068e-02 4.050005206420823761e-02 3.326612342535369832e-02 9.984366977419568689e-01
-1.843043334581982717e-02 4.064161202028281072e-02 3.345504100678761000e-02 9.984434579535850229e-01
-1.890553613070071123e-02 3.989846629483603108e-02 3.376477218805056663e-02 9.984541217552360681e-01
-1.881523230108288550e-02 3.990522808239202468e-02 3.374906334846772271e-02 9.984560884326609820e-01
-1.867656332320631260e-02 3.990708678470174242e-02 3.365824825784559382e-02 9.984616831561469175e-01
-1.827678697682869752e-02 3.982282713286525166e-02 3.372213589146542956e-02 9.984702895168524606e-01
-1.931058390447416839e-02 3.887487259468307838e-02 3.362817223313199766e-02 9.984913578305394388e-01
-1.937733140729146555e-02 3.909793735795605296e-02 3.361006116839988789e-02 9.984819648396969782e-01
-1.910853123936020331e-02 3.871101189368607309e-02 3.372722511940029477e-02 9.984982703429118311e-01
-1.958140229527016024e-02 3.817727892200536988e-02 3.376965008134585888e-02 9.985082246990485411e-01
-2.013205152924052790e-02 3.743223099041560753e-02 3.365124273426016444e-02 9.985294800088498901e-01
-2.008337813080530304e-02 3.764691180006377730e-02 3.321470701492851979e-02 9.985370054197720835e-01
-1.990865480527873391e-02 3.725237830613033208e-02 3.310937925940329873e-02 9.985587988593552788e-01
-1.970699648327842168e-02 3.676159484164035623e-02 3.340064180329699317e-02 9.985712876712583563e-01
-2.025156938744366794e-02 3.596569650193961326e-02 3.338036162901215909e-02 9.985900530598090796e-01
-2.098506438154987969e-02 3.559976372896947461e-02 3.303888146289817723e-02 9.985993772314423200e-01
-1.976479510643574730e-02 3.603205041330650310e-02 3.267992824989185419e-02 9.986205818562902126e-01
-1.968393931292616514e-02 3.483788075427673298e-02 3.286794974154993998e-02 9.986583812683208494e-01
-1.787959547165382176e-02 3.596254823795726197e-02 3.260138921603014661e-02 9.986611860942566921e-01
-1.916637351952480903e-02 3.478379217600444800e-02 3.260711022624323413e-02 9.986788844722112035e-01
-1.819577877554170997e-02 3.471051588975850727e-02 3.239582850840967698e-02 9.987064653924455637e-01
-1.766057940376841370e-02 3.477331896203074424e-02 3.232742608112151861e-02 9.987161046796320107e-01
-1.647078194421549083e-02 3.443677643099556790e-02 3.247087903000398651e-02 9.987434424246331988e-01
-1.656848051967851204e-02 3.419590809792166786e-02 3.226874431432753126e-02 9.987566537765864005e-01
-1.563346286337958732e-02 3.435966639420659496e-02 3.194679160007779517e-02 9.987764568063463022e-01
-1.626809548949368842e-02 3.367022621505043334e-02 3.179106052343829564e-02 9.987947704141062477e-01
-1.626387277718895075e-02 3.359773204138907093e-02 3.189607150328742369e-02 9.987939324338227509e-01
-1.616950685808339963e-02 3.343446901836195917e-02 3.213097217434522646e-02 9.987934140534558969e-01
-1.616950685808339963e-02 3.343446901836195917e-02 3.213097217434522646e-02 9.987934140534558969e-01
-1.503434187735517430e-02 3.426741012244272078e-02 3.202556930632412951e-02 9.987863015071948292e-01
-1.577534557927092948e-02 3.350848991027891022e-02 3.169563993306840494e-02 9.988111463059573536e-01
-1.501919018725384261e-02 3.402343611150222130e-02 3.136750629640462640e-02 9.988157534150283734e-01
-1.533808252764604085e-02 3.384317415362294440e-02 3.144985001399915742e-02 9.988144420870573859e-01
-1.593481528983190648e-02 3.343824229872296300e-02 3.172214871179294959e-02 9.988101275491543252e-01
-1.534519347595101994e-02 3.380624658737210741e-02 3.160572351453755369e-02 9.988106632240076888e-01
-1.475930973764402049e-02 3.447815866213665287e-02 3.123922147326127843e-02 9.988080548298964301e-01
-1.453731571769960144e-02 3.456981291140762136e-02 3.150821713228504212e-02 9.987996930016243002e-01
-1.453731571769960144e-02 3.456981291140762136e-02 3.150821713228504212e-02 9.987996930016243002e-01
-1.453731571769960144e-02 3.456981291140762136e-02 3.150821713228504212e-02 9.987996930016243002e-01
-1.453731571769960144e-02 3.456981291140762136e-02 3.150821713228504212e-02 9.987996930016243002e-01
-1.453731571769960144e-02 3.456981291140762136e-02 3.150821713228504212e-02 9.987996930016243002e-01
-1.453731571769960144e-02 3.456981291140762136e-02 3.150821713228504212e-02 9.987996930016243002e-01
-1.453731571769960144e-02 3.456981291140762136e-02 3.150821713228504212e-02 9.987996930016243002e-01
-1.453731571769960144e-02 3.456981291140762136e-02 3.150821713228504212e-02 9.987996930016243002e-01
-1.453731571769960144e-02 3.456981291140762136e-02 3.150821713228504212e-02 9.987996930016243002e-01
-1.453731571769960144e-02 3.456981291140762136e-02 3.150821713228504212e-02 9.987996930016243002e-01
-1.453731571769960144e-02 3.456981291140762136e-02 3.150821713228504212e-02 9.987996930016243002e-01
-1.453731571769960144e-02 3.456981291140762136e-02 3.150821713228504212e-02 9.987996930016243002e-01
-1.453731571769960144e-02 3.456981291140762136e-02 3.150821713228504212e-02 9.987996930016243002e-01
-1.453731571769960144e-02 3.456981291140762136e-02 3.150821713228504212e-02 9.987996930016243002e-01
-1.453731571769960144e-02 3.456981291140762136e-02 3.150821713228504212e-02 9.987996930016243002e-01
-1.453731571769960144e-02 3.456981291140762136e-02 3.150821713228504212e-02 9.987996930016243002e-01
-1.453731571769960144e-02 3.456981291140762136e-02 3.150821713228504212e-02 9.987996930016243002e-01
-1.453731571769960144e-02 3.456981291140762136e-02 3.150821713228504212e-02 9.987996930016243002e-01
-1.453731571769960144e-02 3.456981291140762136e-02 3.150821713228504212e-02 9.987996930016243002e-01
-1.453731571769960144e-02 3.456981291140762136e-02 3.150821713228504212e-02 9.987996930016243002e-01
-1.453731571769960144e-02 3.456981291140762136e-02 3.150821713228504212e-02 9.987996930016243002e-01
-1.453731571769960144e-02 3.456981291140762136e-02 3.150821713228504212e-02 9.987996930016243002e-01
-1.453731571769960144e-02 3.456981291140762136e-02 3.150821713228504212e-02 9.987996930016243002e-01
-1.453731571769960144e-02 3.456981291140762136e-02 3.150821713228504212e-02 9.987996930016243002e-01
-1.453731571769960144e-02 3.456981291140762136e-02 3.150821713228504212e-02 9.987996930016243002e-01
-1.453731571769960144e-02 3.456981291140762136e-02 3.150821713228504212e-02 9.987996930016243002e-01
-1.453731571769960144e-02 3.456981291140762136e-02 3.150821713228504212e-02 9.987996930016243002e-01
-1.453731571769960144e-02 3.456981291140762136e-02 3.150821713228504212e-02 9.987996930016243002e-01
-1.453731571769960144e-02 3.456981291140762136e-02 3.150821713228504212e-02 9.987996930016243002e-01
-1.453731571769960144e-02 3.456981291140762136e-02 3.150821713228504212e-02 9.987996930016243002e-01
-1.453731571769960144e-02 3.456981291140762136e-02 3.150821713228504212e-02 9.987996930016243002e-01
