6.844012923483471129e-03 1.847924280143780143e-02 -1.952526464608985227e-02 9.996151465004363690e-01
6.147507832598024351e-03 1.857798358433767477e-02 -1.951673978050975922e-02 9.996180088122302854e-01
5.504040439102717702e-03 1.849872708057672191e-02 -1.964035451758114337e-02 9.996208076614185867e-01
5.736712114918278600e-03 1.851015293515154841e-02 -1.955717240062441672e-02 9.996209188387966682e-01
5.353777881273846101e-03 1.846249399140773712e-02 -1.942457794362566562e-02 9.996265098274090821e-01
4.048174197073553526e-03 1.905717232123662480e-02 -1.943869291051558007e-02 9.996212151043611938e-01
4.342841626189416354e-03 2.131676566028848155e-02 -1.865060279126224893e-02 9.995893608096860783e-01
2.935938988094808147e-03 2.185442557729147181e-02 -1.774251386072299083e-02 9.995994035346594808e-01
5.566468853596704368e-03 2.293271256933081606e-02 -1.769175167212760219e-02 9.995649588903595673e-01
3.785562890307533120e-03 2.235042711386971484e-02 -1.781135977632539516e-02 9.995843553119213576e-01
6.145113825704279047e-03 2.109788464178005002e-02 -1.649043290738266485e-02 9.996225199855385268e-01
2.748514849078670733e-03 2.068251260566421681e-02 -1.718291883385201363e-02 9.996346465778336299e-01
-1.639995135274297834e-03 1.712115844203122850e-02 -1.764973628623414323e-02 9.996962854580313529e-01
-3.581139222812698957e-03 1.501980109193517057e-02 -1.717292058190273904e-02 9.997333003435032728e-01
-4.119610459079682367e-03 1.416898351326460227e-02 -1.709930624981138153e-02 9.997449086850311861e-01
-1.804677162145898678e-03 1.225139667726775697e-02 -1.561724307372213544e-02 9.998013543392372249e-01
-6.290520936437614266e-04 1.103225369128111796e-02 -1.546060285359951957e-02 9.998194154102819642e-01
3.913524492068669487e-03 1.003647957871001486e-02 -1.412011301529538139e-02 9.998422754675616586e-01
4.559883442724417166e-04 7.005659788717015328e-03 -1.359545485767488411e-02 9.998829313538498686e-01
-2.635856735570654198e-04 4.709230046164612944e-03 -1.346436703866569877e-02 9.998982270687417628e-01
-2.635856735570654198e-04 4.709230046164612944e-03 -1.346436703866569877e-02 9.998982270687417628e-01
-8.210892494623834746e-04 2.593729360175766295e-03 -1.318391522038925290e-02 9.999093872746230849e-01
-6.393058165482981667e-05 1.905007040208441839e-03 -1.306672481665675095e-02 9.999128099807619297e-01
2.139166351582207429e-03 1.733743371678176780e-03 -1.242042995485326089e-02 9.999190722358375361e-01
9.998529561815140340e-04 -2.947477344230907582e-05 -1.203262694248591162e-02 9.999271050002429551e-01
-5.093867143580955471e-03 -2.005741364528718096e-03 -1.411122362955018368e-02 9.998854448819519680e-01
-1.854211108556240526e-03 -1.755483147975569255e-03 -1.275386168640855154e-02 9.999154060180120984e-01
-1.565827326265126348e-03 -2.094127518893654488e-03 -1.252047517898579806e-02 9.999181969121331282e-01
-1.387326721348080584e-03 -2.865519812461363343e-03 -1.269463975495763695e-02 9.999143514532955468e-01
-1.387326721348080584e-03 -2.865519812461363343e-03 -1.269463975495763695e-02 9.999143514532955468e-01
-1.718611487073249452e-03 -4.230197745429947580e-03 -1.225373962038136047e-02 9.999144951779161961e-01
-2.231212236448749519e-04 -3.784390740944392536e-03 -1.260090639008659176e-02 9.999134191327705423e-01
9.461767397360235912e-04 -3.743147017332739464e-03 -1.267766672737208854e-02 9.999121813271071302e-01
1.334983793732533565e-03 -4.837864459339133449e-03 -1.312011898384972917e-02 9.999013328141898027e-01
1.683803848748430037e-03 -5.271630217436220310e-03 -1.307952165428083978e-02 9.998991453305402510e-01
-3.078490279048713089e-03 -3.149458008660554857e-03 -1.958138106535887990e-02 9.997985663759609842e-01
-1.082332149525044342e-03 -3.091358033447458558e-03 -1.881400107188025209e-02 9.998176360848484157e-01
-8.449203837074915424e-04 -3.338898117631165091e-03 -1.910158158092370786e-02 9.998116159807369785e-01
3.971971698130473166e-04 -3.613522285501391280e-03 -1.928356458968622650e-02 9.998074458753625215e-01
1.111657000498675373e-03 -3.847602033467734974e-03 -1.903040354560620040e-02 9.998108840766821714e-01
1.460475675901600455e-03 -4.096481427506277681e-03 -1.899169636307940570e-02 9.998101826446692542e-01
2.226882834231698385e-03 -4.393197034233818632e-03 -1.845091693040876515e-02 9.998176356101587947e-01
-8.228998311141550196e-04 -4.385378351524556531e-03 -1.774830440731866785e-02 9.998325304686016546e-01
2.678446828514392201e-03 -5.054032274024285003e-03 -1.851503143177636243e-02 9.998122205151527275e-01
1.905485829369386050e-03 -6.335955828607317195e-03 -1.863498081119343772e-02 9.998044620212787059e-01
1.905485829369386050e-03 -6.335955828607317195e-03 -1.863498081119343772e-02 9.998044620212787059e-01
4.093943887613992784e-03 -6.628313382053163672e-03 -1.749668165540957387e-02 9.998165687845964600e-01
4.318211757218303436e-03 -7.070228749935627069e-03 -1.733680212148419955e-02 9.998153830607148240e-01
5.202574880644697530e-03 -7.289101986058116323e-03 -1.771826735346554785e-02 9.998029131828128913e-01
5.251915084140544587e-03 -7.701749372821111578e-03 -1.721779378143482864e-02 9.998083056375594024e-01
5.388030989722038082e-03 -7.944728138262730985e-03 -1.736097012374073975e-02 9.998032042023197175e-01
3.994064416895848867e-03 -7.661897996218369061e-03 -1.606486206865832475e-02 9.998336176460782543e-01
5.208209441395756853e-03 -8.856660872033262147e-03 -1.679209873445521028e-02 9.998062109892620342e-01
6.142319498619154897e-03 -7.900691404698397674e-03 -1.730637801332514727e-02 9.998001501633037025e-01
5.222426967826252799e-03 -9.314863561854506979e-03 -1.656858179678166731e-02 9.998057019594522865e-01
6.739168283535088011e-03 -8.856872111086740509e-03 -1.639626598741313751e-02 9.998036316642003873e-01
7.118462817943870501e-03 -9.074768070281249988e-03 -1.651307335289546596e-02 9.997971266612152297e-01
-7.878090424250499017e-04 -1.101177856115660540e-02 -1.331442985977023159e-02 9.998504118353614967e-01
1.344777102572833870e-04 -1.125648543404339334e-02 -1.344049881765730856e-02 9.998463014098473156e-01
1.030127541065676677e-03 -1.106522059159925978e-02 -1.332299920969233845e-02 9.998494873842597164e-01
1.702115208553203057e-03 -1.113479434891806973e-02 -1.302157406494612590e-02 9.998517678973695144e-01
1.600715095845225153e-03 -1.087384067080373121e-02 -1.295761464733342222e-02 9.998556383413053084e-01
3.671398626199137878e-03 -1.073609967685316274e-02 -1.318372157048128615e-02 9.998487117966439186e-01
3.381094333450078600e-03 -1.077093503745471352e-02 -1.250469748404327806e-02 9.998580837800731258e-01
2.871525892661199938e-03 -1.096334996269972446e-02 -1.252823705676991799e-02 9.998572911035317201e-01
3.472633980186935233e-03 -1.088295762232105793e-02 -1.208353031956275157e-02 9.998617356123028488e-01
4.471670999739902480e-03 -1.088033353905215779e-02 -1.159353177657452931e-02 9.998635969578524296e-01
5.857714661330877190e-03 -1.119039046189382151e-02 -1.164977643608872994e-02 9.998523616260782676e-01
2.991255156511389741e-03 -1.111981693854185646e-02 -1.150600504255078378e-02 9.998674981775349524e-01
4.501727199706036936e-03 -1.088649138690984952e-02 -1.284553845003254952e-02 9.998480939119857025e-01
2.471577143522755721e-03 -1.160662312901597146e-02 -1.154008475118441929e-02 9.998629926394416723e-01
-3.826076634492306221e-03 -1.160631013840583182e-02 -1.162551799995287065e-02 9.998577408980694470e-01
-4.659280570399382260e-03 -1.177817249830732764e-02 -1.171096408757737843e-02 9.998511984677049824e-01
-6.092789731493429561e-03 -1.129106127695816454e-02 -1.184603365006681695e-02 9.998475190424234160e-01
-8.206609265311573184e-03 -1.043139542032307798e-02 -1.159288370396177430e-02 9.998447092430793326e-01
-9.833081612854835049e-03 -1.080527902822934865e-02 -1.141151491998329374e-02 9.998281521233276514e-01
-1.001699571596073937e-02 -8.413764635226757271e-03 -1.238310488802790189e-02 9.998377503749403816e-01
-1.334770702828396230e-02 -7.712324737483710821e-03 -1.220458442958295697e-02 9.998066847561741799e-01
-1.528776885549861832e-02 -3.616869146293005908e-03 -1.299128122254658048e-02 9.997921929047036693e-01
-1.917612240167028068e-02 -2.526334862759540764e-03 -1.271125503431821610e-02 9.997321230996081276e-01
-2.062051574661533104e-02 -5.729172726341948867e-04 -1.344170295510372683e-02 9.996968474081575629e-01
-2.128678001253693844e-02 2.873605509005672243e-03 -1.400647707679146710e-02 9.996711629270765842e-01
-2.128678001253693844e-02 2.873605509005672243e-03 -1.400647707679146710e-02 9.996711629270765842e-01
-2.359598067991035275e-02 1.126491651054328628e-02 -1.498867852638246720e-02 9.995457322543059853e-01
-2.345261258225410372e-02 1.310533220703110138e-02 -1.526512063018558261e-02 9.995224866519791806e-01
-2.447145727100267024e-02 1.602305422716507680e-02 -1.567786077957487520e-02 9.994491553819249141e-01
-2.052573959595742001e-02 1.857941003162295532e-02 -1.619506051612842543e-02 9.994854774091491700e-01
-1.891159925202298003e-02 2.073244585321279768e-02 -1.605195664032620789e-02 9.994772892820984467e-01
-1.269028919755243665e-02 2.476265964758463112e-02 -1.728027143072508737e-02 9.994634357826908122e-01
-8.663971519025056786e-03 2.503750719088395499e-02 -1.786066318682889495e-02 9.994893974133546299e-01
-2.296292905048381849e-03 2.757248067372772629e-02 -1.774769081462394468e-02 9.994596063969467536e-01
-3.125691419457282162e-03 2.701046972083975470e-02 -1.781999004854317725e-02 9.994714165664168037e-01
-2.164264049214588512e-03 2.687358750196565046e-02 -1.778559923532483517e-02 9.994782632532535072e-01
2.068561592395468194e-03 2.518200187015403810e-02 -1.383335787365127904e-02 9.995850269210166950e-01
2.117624960329888770e-03 2.427210648918980834e-02 -1.443098156662772982e-02 9.995989832338408876e-01
1.229367977929433486e-03 2.373423882161175905e-02 -1.436759610724878261e-02 9.996142989893814779e-01
4.259080982144808347e-03 2.289035908768347755e-02 -1.398080185499774725e-02 9.996311464082718867e-01
-8.849830088865593422e-04 2.266979821340530526e-02 -1.571972682663966281e-02 9.996190210487860828e-01
-3.645143091816036105e-03 2.178539006909958192e-02 -1.561407039684327425e-02 9.996340883128285171e-01
-6.723533158662749025e-03 2.217608958385080750e-02 -1.617544191560296718e-02 9.996006053576940165e-01
-9.376562148005239752e-03 2.145598118252792577e-02 -1.732651157373462161e-02 9.995756664457497997e-01
-1.266705247366034862e-02 2.181358169553792442e-02 -1.785592564290835668e-02 9.995223255909178040e-01
-1.266705247366034862e-02 2.181358169553792442e-02 -1.785592564290835668e-02 9.995223255909178040e-01
-1.159899188143861948e-02 2.357205211798038200e-02 -1.728214926514304306e-02 9.995054522427874177e-01
-1.015941836982610369e-02 2.437118006814939855e-02 -1.732702058939529499e-02 9.995011786676228915e-01
-2.217547767871122857e-02 2.853362941536175326e-02 -2.082009270701816808e-02 9.991299234442830857e-01
-2.747129683982601697e-02 2.067828720735120571e-02 -1.923260776600658334e-02 9.992236201604861590e-01
-2.747129683982601697e-02 2.067828720735120571e-02 -1.923260776600658334e-02 9.992236201604861590e-01
-2.747129683982601697e-02 2.067828720735120571e-02 -1.923260776600658334e-02 9.992236201604861590e-01
-2.438300128798759348e-02 2.165105665131599952e-02 -1.882969655382614460e-02 9.992908202929527972e-01
-1.858939639764417562e-02 2.425764121998408643e-02 -1.832365023556145264e-02 9.993649208502660697e-01
-1.106802166711782533e-02 2.687531203316889314e-02 -1.798506763640883924e-02 9.994157062211949105e-01
-8.521773216168183895e-03 2.783128873581813476e-02 -1.767204805485937322e-02 9.994200805797842646e-01
-9.336534186436111840e-03 2.787176319620372419e-02 -1.781753473109786920e-02 9.994090901136662985e-01
1.115731224341251666e-02 3.288678298158911883e-02 -1.575887256197607347e-02 9.992725513213100985e-01
1.211847079076160821e-02 3.401172683491317239e-02 -1.551243415647819354e-02 9.992275564104212693e-01
1.831418042366998386e-02 3.619739112108050216e-02 -1.427647268411346565e-02 9.990748330326095772e-01
1.453686153108331089e-02 3.702562066361431148e-02 -1.497925410695087438e-02 9.990962941667332897e-01
1.774434280096857247e-02 4.019641416190405936e-02 -1.424857946302583375e-02 9.989326126272843887e-01
1.940039004119329183e-02 4.160999986940227408e-02 -1.428180265170765108e-02 9.988434626557535223e-01
2.196115239877047612e-02 4.204578347752424561e-02 -1.332540898570488269e-02 9.987854090606465007e-01
2.357355831620205552e-02 4.110748161445361426e-02 -1.186498826536622718e-02 9.988061295151791086e-01
2.269985398842681856e-02 3.940414273622630525e-02 -1.158613723939365923e-02 9.988982889103360518e-01
2.047571166325168682e-02 3.817538921188499274e-02 -1.112676144649838578e-02 9.989992893241302907e-01
1.700923354360919446e-02 3.655516847406005410e-02 -1.107128876689340152e-02 9.991255337529574287e-01
1.502655394664843998e-02 3.511604304053763531e-02 -1.077203911913100602e-02 9.992122043744660065e-01
9.319513280601680535e-03 3.169195654980570820e-02 -1.012217318874255277e-02 9.994029758671899577e-01
6.888315825549517525e-03 2.945273213441721577e-02 -9.799002026795022163e-03 9.994944058043470081e-01
7.133829160354420232e-03 2.891479589550931609e-02 -9.333073316778951051e-03 9.995128497434615511e-01
6.331078956096098526e-03 2.796507155767491426e-02 -9.019041043017215001e-03 9.995481624767713624e-01
1.049741518184688430e-02 2.715138799769201833e-02 -7.724069676261855616e-03 9.995463696857365132e-01
1.135199180553231324e-02 2.749978437197777778e-02 -7.707059941088045645e-03 9.995276361204858961e-01
1.399364383077545326e-03 2.802519322887891962e-02 -1.085298487942354742e-02 9.995473190614911907e-01
3.086300574108161339e-03 2.792534733107095851e-02 -1.068950528044213151e-02 9.995480899897036808e-01
5.640619949720320978e-03 2.711683134632204492e-02 -1.022137632182059351e-02 9.995640971595597390e-01
4.411440464511150877e-03 2.590108595656797491e-02 -1.009416225197304860e-02 9.996038119313719328e-01
5.194946506164907496e-03 2.548628015615531789e-02 -9.923403365134192758e-03 9.996124189505914970e-01
6.569368774041880847e-03 2.554717390693645243e-02 -9.820572434218854951e-03 9.996037923379160750e-01
6.304625575815493710e-03 2.467935617674272067e-02 -9.755523707444202497e-03 9.996279362003863689e-01
6.332460577698707273e-03 2.447520597697393913e-02 -9.828325459950914764e-03 9.996320664394825473e-01
6.332460577698707273e-03 2.447520597697393913e-02 -9.828325459950914764e-03 9.996320664394825473e-01
6.045611644306258733e-03 2.404010547541355833e-02 -9.631024618547709762e-03 9.996463210923022258e-01
5.828102972934058774e-03 2.406160041402714833e-02 -9.663378663655616818e-03 9.996467834760712767e-01
6.248755119358915915e-03 2.429564995301561336e-02 -9.763597171263347849e-03 9.996376076474394745e-01
6.151827976245089445e-03 2.441654265280594760e-02 -9.936174988535379296e-03 9.996335628039064725e-01
5.511644367845631998e-03 2.375916067915971250e-02 -9.835546380665288052e-03 9.996541332318783502e-01
4.784074673401547337e-03 2.403711463335752099e-02 -1.009412952453864372e-02 9.996486574285807780e-01
4.784074673401547337e-03 2.403711463335752099e-02 -1.009412952453864372e-02 9.996486574285807780e-01
4.132169616570331022e-03 2.364584333347449774e-02 -1.001757795870891928e-02 9.996616664647844930e-01
4.322649652833882895e-03 2.421736502921831638e-02 -1.031116388066959794e-02 9.996441936161318820e-01
2.745869061473292343e-03 2.011974589914772640e-02 -7.463701103512643438e-03 9.997659472065891784e-01
2.745869061473292343e-03 2.011974589914772640e-02 -7.463701103512643438e-03 9.997659472065891784e-01
-9.723023241604485459e-03 1.638492827696367421e-02 -9.544026100594224515e-03 9.997729284743577249e-01
-9.269638134256014475e-03 1.680791691199358742e-02 -1.038526924076712057e-02 9.997618285975596875e-01
-8.922783170998338856e-03 1.732041826793449812e-02 -1.048496144220773321e-02 9.997551963531186026e-01
-9.579789362302540412e-03 1.676419135833263213e-02 -1.029055461414303194e-02 9.997606183530177715e-01
-9.198241217493982255e-03 1.747790854981954092e-02 -1.057915738065252909e-02 9.997489667413237413e-01
-8.361542511576785727e-03 1.911709064732873206e-02 -1.060063823078530483e-02 9.997260864462369501e-01
-6.672463883198882957e-03 1.850799112913377453e-02 -1.019930774860651652e-02 9.997544231517760949e-01
-8.679689414899530511e-03 1.961024155138946581e-02 -1.081477412457444200e-02 9.997115294316614165e-01
-9.154867964609085876e-03 1.887496757079604875e-02 -1.045657038575617190e-02 9.997252543211658793e-01
-8.382092005484984704e-03 2.041141961824050055e-02 -1.127099458970664582e-02 9.996929924550529423e-01
-8.187535977421261241e-03 2.033010749828045513e-02 -9.522930390612064158e-03 9.997144416184565729e-01
-1.109763558897743953e-02 1.879213556994419401e-02 -1.019578163716762693e-02 9.997098299816113975e-01
-8.494253062896911857e-03 2.164557870603677284e-02 -1.074161357984049214e-02 9.996719133421152481e-01
-9.975346275616973207e-03 2.112130493652219360e-02 -1.108328742178571295e-02 9.996657159692864392e-01
-9.322728725396587160e-03 2.212006590101751186e-02 -1.095306084790991820e-02 9.996518493314106024e-01
-8.241961754135522164e-03 2.199738184832163157e-02 -1.075908003720122547e-02 9.996661580022681015e-01
-8.778912111294685100e-03 2.220049025910232968e-02 -1.057999054717355739e-02 9.996590082295160329e-01
-9.821848152761566628e-03 2.061715282765663043e-02 -1.047240651320556146e-02 9.996843466864765437e-01
-8.830124060262010618e-03 2.090392887108045647e-02 -1.052540800066635585e-02 9.996870862691249471e-01
-9.172076571260106420e-03 1.985909927957676957e-02 -1.156594703260778109e-02 9.996938121527080279e-01
-9.238765631054600413e-03 1.959145700708868343e-02 -1.125577979941968718e-02 9.997020193252892373e-01
-1.195103422479443928e-02 2.033767830602007526e-02 -1.217086616379319322e-02 9.996476487437468972e-01
-1.303431368391624705e-02 2.050107311552731154e-02 -1.243054191016577069e-02 9.996275777987123634e-01
-1.287139153505507602e-02 2.074311160008864355e-02 -1.261831089665006386e-02 9.996223431032407181e-01
-1.256066945707503060e-02 2.067580156461710714e-02 -1.210144956219136314e-02 9.996340809170846109e-01
-1.111912347683093570e-02 2.191704568962955790e-02 -1.256132676639273513e-02 9.996190380696106104e-01
-1.146247244882586669e-02 2.156669559492131391e-02 -1.173521996993947582e-02 9.996328195786355897e-01
-1.226912420295542781e-02 2.148344283612918168e-02 -1.203224515029185059e-02 9.996215060470851066e-01
-5.699926887119202874e-03 2.332204528022997422e-02 -1.130920145820412358e-02 9.996477854723664347e-01
-7.083338542000697582e-03 2.354101943535035976e-02 -1.255940060619656698e-02 9.996188814620584617e-01
-7.401054412416213819e-03 2.089243771489718293e-02 -1.172979175239906476e-02 9.996855217643991764e-01
-5.589087069752468086e-03 2.215028884987784580e-02 -1.203392129448383439e-02 9.996666001962214443e-01
-5.313635449763982714e-03 2.379309520132924169e-02 -1.219422702665462835e-02 9.996284083229477480e-01
-4.388410919489895388e-03 2.432777551611603126e-02 -1.020769579008060438e-02 9.996422880884423545e-01
-5.360668542463998057e-03 2.461278326339174163e-02 -1.185176727146603978e-02 9.996124297673324444e-01
-6.240294052296198150e-03 2.475777853605296702e-02 -1.208657510159894324e-02 9.996009332900875899e-01
-3.172708786859170654e-02 4.344798594315626289e-02 -1.913618792318877437e-02 9.983684043100674588e-01
-3.211737126718818697e-02 4.429404020423101385e-02 -1.897620346928487536e-02 9.983217999058038306e-01
-3.211737126718818697e-02 4.429404020423101385e-02 -1.897620346928487536e-02 9.983217999058038306e-01
-3.182907180254299778e-02 4.562396854947090713e-02 -1.870313991828796013e-02 9.982762925358802386e-01
-3.105697057467914773e-02 4.464675327230757662e-02 -1.816538504465524395e-02 9.983547219235979764e-01
-4.783912216612199939e-03 3.021755937977265577e-02 -1.070328195372646438e-02 9.994745884936008240e-01
-3.048823698446632632e-02 4.656778455808281703e-02 -1.776378755414095498e-02 9.982917192377498417e-01
-3.110695394632120511e-02 4.794962397648602076e-02 -1.760308778274516719e-02 9.982100591945605172e-01
-3.027947903949110980e-02 4.812789818516303303e-02 -1.729986852336207886e-02 9.982322240413049608e-01
-2.978494677376701191e-02 4.937058205925003856e-02 -1.725578864389391495e-02 9.981871770019348222e-01
-4.993921336951467286e-04 3.212634881211075960e-02 -9.573756993666323808e-03 9.994378377350567888e-01
3.589410531771030331e-03 3.428049819711202068e-02 -9.226070404489887175e-03 9.993632188550285456e-01
2.919462668261509335e-03 3.384180080598202245e-02 -8.887298403033818198e-03 9.993834225076141387e-01
3.993247868827776333e-03 3.614168708640531913e-02 -9.039496777768947500e-03 9.992978134290153580e-01
5.424598390896924948e-04 3.479969886694795483e-02 -8.694984672765207478e-03 9.993563348163823079e-01
-2.095392914914089976e-03 3.449981207127682248e-02 -8.954386845039359610e-03 9.993623923541490317e-01
-5.612031140863883022e-03 3.385971049628173912e-02 -9.329485572585104539e-03 9.993672927460318656e-01
-6.844752562932491374e-03 3.283353971401339194e-02 -8.706885272141648771e-03 9.993994687716510894e-01
-1.154861224763487591e-02 3.102771053544459146e-02 -9.404533827799967105e-03 9.994075572445728639e-01
-1.277380002981115710e-02 3.034792004033719931e-02 -9.752791383385975982e-03 9.994101844799541112e-01
-1.286924041198422852e-02 2.946953136219425742e-02 -9.764727041158112464e-03 9.994351302002161264e-01
-1.406457619229706420e-02 2.765828618174608414e-02 -9.872295439953087531e-03 9.994697317501746170e-01
-1.363853900876676843e-02 2.702042997241138611e-02 -9.797791524454700293e-03 9.994938168388315392e-01
-1.355003664016360583e-02 2.628663958157668318e-02 -9.754527596434185710e-03 9.995150115320574624e-01
-9.981272149070527858e-03 2.540874876106084118e-02 -9.833590781888321142e-03 9.995789464494626575e-01
-9.981272149070527858e-03 2.540874876106084118e-02 -9.833590781888321142e-03 9.995789464494626575e-01
-9.981272149070527858e-03 2.540874876106084118e-02 -9.833590781888321142e-03 9.995789464494626575e-01
-9.981272149070527858e-03 2.540874876106084118e-02 -9.833590781888321142e-03 9.995789464494626575e-01
-3.352905905239520271e-03 2.890698792103661013e-02 -1.029243188405708047e-02 9.995234914284084615e-01
-2.081933734391114548e-03 2.957605139159089069e-02 -9.993353428684799422e-03 9.995104079614464121e-01
-3.301492826252899054e-03 3.032615779366337749e-02 -1.029946684651927673e-02 9.994815382393361647e-01
-5.058031272350827813e-03 3.103666575758528764e-02 -1.067618397396547306e-02 9.994484282813466125e-01
-7.824557896912765625e-03 3.068243012134035455e-02 -1.082179688271809118e-02 9.994399699270567483e-01
-9.551153494488037049e-03 3.239174475976808881e-02 -1.137402150794111430e-02 9.993648893037415659e-01
-1.052328758557138227e-02 3.268738683397458961e-02 -1.145228972335995965e-02 9.993446053391441541e-01
-1.158590441678808425e-02 3.344339262952791825e-02 -1.099183740044252892e-02 9.993130069296779494e-01
-1.255035150919995950e-02 3.390178763716939631e-02 -1.167450611176355443e-02 9.992781711710939652e-01
-1.467179219722504306e-02 3.459818057080266129e-02 -1.231220647524387986e-02 9.992177510365909399e-01
-1.404391033298284068e-02 3.486568555477756459e-02 -1.231347353456739742e-02 9.992174592764420105e-01
-1.432505896680687577e-02 3.463108209310813285e-02 -1.217347436726066816e-02 9.992233420814826683e-01
-1.510568565877999994e-02 3.446168692067490269e-02 -1.205833060359750783e-02 9.992190986257287744e-01
-1.489867581307289905e-02 3.455445654580269893e-02 -1.221647332707564114e-02 9.992170819052734743e-01
-1.482178772368664826e-02 3.554878325353020424e-02 -1.243838950770052160e-02 9.991806068395854279e-01
-1.608196151684095077e-02 3.540218511173814225e-02 -1.251557857539539916e-02 9.991653597358187699e-01
-1.567627598177575091e-02 3.499726992461603403e-02 -1.216822727830002560e-02 9.991903621002709013e-01
-1.432594871373192059e-02 3.628957588963581393e-02 -1.222754460845410472e-02 9.991638109079262753e-01
-1.616700088357527973e-02 3.607335940046693668e-02 -1.243035127653187299e-02 9.991410446934593237e-01
-1.485337190167493673e-02 3.697110778592446745e-02 -1.233829386758247999e-02 9.991297618611254538e-01
-1.485337190167493673e-02 3.697110778592446745e-02 -1.233829386758247999e-02 9.991297618611254538e-01
-1.451569946684089750e-02 3.784843217575725033e-02 -1.254513379381016168e-02 9.990992995037685231e-01
-1.589259290723459006e-02 3.841639362790579687e-02 -1.301426487175020436e-02 9.990506669339441759e-01
-1.383216093118066169e-02 3.930050259663149526e-02 -1.234579872248981088e-02 9.990554154167474721e-01
-1.409817041050547178e-02 3.966063554961871823e-02 -1.269592778405201003e-02 9.990330770282728201e-01
-1.224079372884526520e-02 4.038642556335016176e-02 -1.225074968166117370e-02 9.990340428290425123e-01
-1.227909833968587709e-02 4.032973677677444829e-02 -1.283501677380312518e-02 9.990285273303743940e-01
-1.123823630901051376e-02 4.003622957700179313e-02 -1.253547638298366067e-02 9.990563868960411487e-01
-7.195638790352868949e-03 3.982692843507383562e-02 -1.260462310512371585e-02 9.991011770737757702e-01
-7.195638790352868949e-03 3.982692843507383562e-02 -1.260462310512371585e-02 9.991011770737757702e-01
-7.195638790352868949e-03 3.982692843507383562e-02 -1.260462310512371585e-02 9.991011770737757702e-01
-5.401986487379752122e-03 3.858184122288573631e-02 -1.195721961445711176e-02 9.991692974511046099e-01
-8.931336579744619721e-04 3.307445963848723580e-02 -1.219638685545369229e-02 9.993780718924961670e-01
1.682317246799002310e-04 3.019821818928216176e-02 -1.181760004520159869e-02 9.994740535128718850e-01
1.682317246799002310e-04 3.019821818928216176e-02 -1.181760004520159869e-02 9.994740535128718850e-01
-1.901536198100371939e-03 2.786164263414793452e-02 -1.205683685551808479e-02 9.995372657959551432e-01
-1.976148267072702549e-03 2.634410077890392624e-02 -1.160185691756947420e-02 9.995836533818677205e-01
-4.032950161744284188e-03 2.635982974892741443e-02 -1.150344262257190983e-02 9.995781937879746337e-01
-6.444592728364261988e-03 2.589278112782263108e-02 -1.146375687433778302e-02 9.995782177440434291e-01
-7.321015550932921841e-03 2.564045386686069489e-02 -1.098765954887307578e-02 9.995840340833993531e-01
-1.042439818004580430e-02 2.640489232369957334e-02 -1.126305052912656042e-02 9.995335198364966312e-01
-1.169284588183245807e-02 2.625666313860871778e-02 -1.051066245977941294e-02 9.995315857793919401e-01
-1.254414463985860199e-02 2.725823774911872999e-02 -1.113345593753303428e-02 9.994877083130906392e-01
-1.274668876281978905e-02 2.688038120427979974e-02 -1.067305932713816588e-02 9.995004016189767970e-01
-1.166369506020868002e-02 2.779969347075907440e-02 -1.058990386061951089e-02 9.994893642239006670e-01
-9.778948964085610804e-03 2.828294603259921478e-02 -1.009777171170629997e-02 9.995011166213538800e-01
-1.065552857805197699e-02 2.835630228390754667e-02 -1.054482461176183342e-02 9.994854608774522697e-01
-6.069083579875450898e-03 2.877784533081174934e-02 -9.499703804877671423e-03 9.995222646195711658e-01
-5.383942896654198874e-03 2.965928394695289613e-02 -1.009363836772362612e-02 9.994946015357668578e-01
-2.021085793471568554e-03 2.995241892072651041e-02 -9.035903542091001939e-03 9.995084393141414614e-01
-1.773386233235599296e-03 3.044536197279628514e-02 -9.265108917322765689e-03 9.994919173221779030e-01
-9.272361357841173591e-04 3.026231130478766740e-02 -8.638898443498072358e-03 9.995042281958208541e-01
5.825236408025782561e-04 3.083142600197174774e-02 -8.563915095688308041e-03 9.994877403926106796e-01
9.778672413350958902e-04 3.116465479421457949e-02 -8.713931683768555078e-03 9.994758003382705480e-01
8.752274818501178718e-04 3.106082648098975468e-02 -8.593539665354359147e-03 9.994801699439528342e-01
5.388752244904106831e-05 3.106239699627827422e-02 -8.809477679951627574e-03 9.994786229289683854e-01
1.428963782415802394e-03 3.114882911751663472e-02 -8.451014745140204495e-03 9.994780081907224112e-01
-8.872802940227752318e-05 3.228964379300913734e-02 -9.176062845767614384e-03 9.994364266433898303e-01
-8.872802940227752318e-05 3.228964379300913734e-02 -9.176062845767614384e-03 9.994364266433898303e-01
1.272404796038803434e-03 3.093516313729340744e-02 -7.519347612737627140e-03 9.994922991595197592e-01
3.292392187128121263e-04 3.175239943010994825e-02 -7.928917636806320085e-03 9.994642609903949815e-01
-4.652369160382758584e-06 3.163340720924206345e-02 -7.313526147182843919e-03 9.994727809510293159e-01
1.274005648622361174e-05 3.219437977597794376e-02 -7.280166735704285928e-03 9.994551120089543161e-01
-1.295852406320891382e-04 3.276230828891728286e-02 -7.606268016214459693e-03 9.994342194712531047e-01
-1.025933194259571460e-03 3.260242973046931225e-02 -7.722164854825856045e-03 9.994380407042278147e-01
-2.516360825751007974e-04 3.310782733916611126e-02 -6.977619588849453582e-03 9.994273966992476277e-01
1.171507950468077280e-04 3.394014125401303289e-02 -6.922647868097157181e-03 9.993998849478837876e-01
-3.023409030561449002e-04 3.551135056346616664e-02 -7.297845311070041974e-03 9.993425809125480175e-01
-3.023409030561449002e-04 3.551135056346616664e-02 -7.297845311070041974e-03 9.993425809125480175e-01
1.506726243216885116e-03 3.602779269474923329e-02 -7.215264891710708624e-03 9.993236051860852065e-01
2.622381527035789594e-03 3.671436838908795353e-02 -7.535330004858020042e-03 9.992939492815089420e-01
3.116759724477975637e-03 3.647926986914482028e-02 -7.283264249614289539e-03 9.993030084716568728e-01
1.957878900969915997e-03 3.583589650264711740e-02 -7.376938818060407160e-03 9.993285425753312134e-01
7.700691963500948907e-04 3.485031698177955967e-02 -7.331247522197196879e-03 9.993653562183705263e-01
1.173068814690433588e-03 3.426293220125193467e-02 -6.872589246184023816e-03 9.993885345067661241e-01
-4.117049800953619630e-03 3.095124279750986404e-02 -7.027854151713834249e-03 9.994877086469089456e-01
-8.267361443842281485e-03 3.077197937780634662e-02 -8.671720360418671419e-03 9.994546199232456907e-01
-6.171301442073598778e-03 2.791970157412320200e-02 -7.082862540590964019e-03 9.995660250132324398e-01
-6.944689422505773840e-03 2.697575277052775833e-02 -7.154114008679293875e-03 9.995863638045685562e-01
-9.321723372542799202e-03 2.579281066794207947e-02 -7.506502791496403107e-03 9.995956626591848693e-01
-9.755307471737535707e-03 2.536064129341216236e-02 -8.312961043958346299e-03 9.995962017374817599e-01
-7.131761584591722603e-03 2.397830249664199137e-02 -7.109021549617369935e-03 9.996617631972762874e-01
-7.720699597561365979e-03 2.431617332719750862e-02 -7.948389981293423404e-03 9.996429050461725918e-01
-1.776275868517531451e-03 2.309214082399273227e-02 -6.592218253019247430e-03 9.997100282255392267e-01
-9.182755308642741700e-04 2.326498322991074966e-02 -6.765763624930852885e-03 9.997060176711616286e-01
1.482169387954610038e-03 2.321591792743396901e-02 -6.734860911229179417e-03 9.997066899732133249e-01
1.482169387954610038e-03 2.321591792743396901e-02 -6.734860911229179417e-03 9.997066899732133249e-01
2.357354711635628337e-03 2.281585763729769220e-02 -6.569465649057960183e-03 9.997153202987958398e-01
3.179131669183320272e-03 2.312652383996326513e-02 -6.166051134315137655e-03 9.997084759220152828e-01
2.993127412676870047e-03 2.328458850447217426e-02 -6.566453432608157503e-03 9.997028312532612038e-01
3.544299124722498709e-03 2.358033254044962848e-02 -6.682242957336107653e-03 9.996933297216979986e-01
3.454952172751914186e-03 2.372559317104725937e-02 -6.935112546774739421e-03 9.996884833527540648e-01
4.045166082973743540e-03 2.414671786449220162e-02 -6.618622854652940653e-03 9.996783315043102913e-01
2.392367637504714661e-03 2.475598954473233471e-02 -7.304418148962507282e-03 9.996639750607467789e-01
7.187226711075381204e-04 2.516336574814131977e-02 -7.355591405911084124e-03 9.996560327117606226e-01
-4.211907989184460990e-04 2.542263770412067289e-02 -7.463627856309999926e-03 9.996488415187098076e-01
-1.608154426806545712e-03 2.725894041469095752e-02 -8.248681378446824988e-03 9.995930788387465959e-01
-4.006043546592705923e-03 2.711115258995637142e-02 -8.669735961510825414e-03 9.995868009826384126e-01
-2.739566020242080718e-03 2.631920460488565428e-02 -7.038477823314061473e-03 9.996250567472374504e-01
-5.624259870790339517e-03 2.737709497997163621e-02 -8.343799006919895914e-03 9.995745311828906354e-01
-5.665629847698276308e-03 2.726826844711637693e-02 -7.825070078243156688e-03 9.995814676416302502e-01
-4.207620702188481429e-03 2.833209143613279329e-02 -7.824746672996270302e-03 9.995590837276127072e-01
-6.296894728738135737e-03 2.877124763383366937e-02 -8.547358853695709302e-03 9.995296429236073532e-01
-9.596623899940660493e-03 2.947127746365046236e-02 -9.725190552557598511e-03 9.994722453790800820e-01
-8.706409710545629302e-03 3.000966748211778001e-02 -9.680777405258803731e-03 9.994648072025321683e-01
-8.637348458925405911e-03 2.865852755354478254e-02 -9.191428795271266994e-03 9.995096811170781637e-01
-8.217086763491247836e-03 2.956799803330330267e-02 -9.251451248728162144e-03 9.994861798080133530e-01
-9.668851017639770729e-03 3.121938680478714492e-02 -1.056409179863483476e-02 9.994099575109314237e-01
-8.863063910458598288e-03 3.176363347739614290e-02 -1.045867509190269613e-02 9.994013877325540474e-01
-1.010958952980059271e-02 3.189869996383078860e-02 -1.110862123989903721e-02 9.993782405447424466e-01
-6.068455626339576067e-03 3.100912105311138395e-02 -9.653648198403584277e-03 9.994540586411594374e-01
-6.830912450127524412e-03 3.183326261532004597e-02 -9.962374372493157382e-03 9.994201984767093760e-01
-6.855086281149087336e-03 3.171122698581518157e-02 -1.007992498507700140e-02 9.994227338756245249e-01
-8.485147689754399605e-03 3.295563317318026680e-02 -1.111464806683890548e-02 9.993589911083945454e-01
-5.642251287026075687e-03 3.306753154255901578e-02 -1.017498402091628409e-02 9.993853976611175582e-01
-8.711989721056830407e-03 3.399324986460682679e-02 -1.166521006972237248e-02 9.993160076135936265e-01
-7.245755993270482781e-03 3.367052664107673954e-02 -1.088949600475957145e-02 9.993473938188666139e-01
-6.763366686171003520e-03 3.285870630005441329e-02 -1.006979121938517303e-02 9.993863925410197968e-01
-6.754332150396799225e-03 3.303776314288369570e-02 -1.010677449669221059e-02 9.993801770662603667e-01
-7.985553958526037457e-03 3.403291880057195129e-02 -1.090541522610179517e-02 9.993293067275849095e-01
-6.511565531977056565e-03 3.330636097507021220e-02 -1.002814481596529632e-02 9.993736649244221448e-01
-6.511565531977056565e-03 3.330636097507021220e-02 -1.002814481596529632e-02 9.993736649244221448e-01
-6.511565531977056565e-03 3.330636097507021220e-02 -1.002814481596529632e-02 9.993736649244221448e-01
-6.394259934278961714e-03 3.353122990824349003e-02 -9.898750961763264078e-03 9.993681928048993024e-01
-7.222901488291385945e-03 3.445654683514246669e-02 -1.009268934520302086e-02 9.993291318159744918e-01
-7.782681963102941643e-03 3.474311100375411521e-02 -1.021796429635287232e-02 9.993137341720469413e-01
-8.168426868713080102e-03 3.522404389203503960e-02 -1.026912300057515950e-02 9.992932946073347367e-01
-8.168426868713080102e-03 3.522404389203503960e-02 -1.026912300057515950e-02 9.992932946073347367e-01
-8.602738550434748527e-03 3.609239742822517583e-02 -1.072726706709919813e-02 9.992538503696580809e-01
-5.518110121169987788e-03 3.553981094719341205e-02 -1.000651544010423485e-02 9.993029280189643648e-01
-5.194467939622686437e-03 3.525492958343268840e-02 -9.980007306587979771e-03 9.993150188489373642e-01
-6.930833478064199298e-03 3.493136944351495077e-02 -1.051431665369469831e-02 9.993103682647378472e-01
-5.051800686829002913e-03 3.273974995620110989e-02 -9.630552317764220008e-03 9.994047431069560394e-01
-6.147720028762718517e-03 3.159085779995785687e-02 -1.047220126597085688e-02 9.994271140221061556e-01
-6.498898702841236948e-03 3.058389074924608084e-02 -1.044493543145739653e-02 9.994564989363574625e-01
-5.897027196868643781e-03 2.778273516995966377e-02 -9.621945077701027707e-03 9.995502803109191925e-01
-6.997081499009767148e-03 2.738633651349044185e-02 -1.036111234262676942e-02 9.995467356626650535e-01
-6.848227306316073335e-03 2.638670536061098887e-02 -1.041209388647917032e-02 9.995741252472837290e-01
-8.998881533465336383e-03 2.448900531249921866e-02 -1.027044994401236921e-02 9.996068360149897858e-01
-9.331439163496416458e-03 2.362688938741829697e-02 -9.602899124534712214e-03 9.996311713174098612e-01
-1.136421660496774767e-02 2.405815043576199283e-02 -9.646976484497502696e-03 9.995994176785385488e-01
-1.104939555995145851e-02 2.448363589072135790e-02 -9.572524825276344448e-03 9.995933319104323145e-01
-1.293829703869109685e-02 2.488826281239865310e-02 -9.515871467169855283e-03 9.995612152510420234e-01
-1.313813969917336510e-02 2.507357349440643771e-02 -9.668643864684191638e-03 9.995525111385011874e-01
-1.358898118624229587e-02 2.523324884395952358e-02 -9.649778371262093465e-03 9.995426476746673838e-01
-1.522273056331250284e-02 2.588643826952191293e-02 -1.063431112532906529e-02 9.994924072822187755e-01
-1.522273056331250284e-02 2.588643826952191293e-02 -1.063431112532906529e-02 9.994924072822187755e-01
-1.296449337985171660e-02 2.628058488055600578e-02 -1.013183818460177549e-02 9.995191837202229701e-01
-1.080490466955770848e-02 2.668936434931175675e-02 -9.656298606416530497e-03 9.995387374999206154e-01
-9.542344857683689174e-03 2.698410183452837688e-02 -9.438401552887828311e-03 9.995457560706900724e-01
-1.037386629658863628e-02 2.638160406640228939e-02 -9.411073395784709528e-03 9.995538132399292008e-01
-7.707287732838664918e-03 2.611814797186137391e-02 -8.373747691931339443e-03 9.995940778195492316e-01
-7.054592054459395481e-03 2.862593820001020986e-02 -8.823234095122985121e-03 9.995263572979039557e-01
-6.191370762213297546e-03 2.900809747115152409e-02 -8.770559935377038666e-03 9.995215227735764207e-01
-4.489833674351842094e-03 2.861970415259221592e-02 -7.737033751034171417e-03 9.995503450234660692e-01
-5.012162910961279194e-03 2.865003035295264275e-02 -7.414050449398719780e-03 9.995494414183135889e-01
-6.768508480635080683e-03 3.018567236208099386e-02 -7.928048668314939887e-03 9.994899491847376582e-01
-6.768508480635080683e-03 3.018567236208099386e-02 -7.928048668314939887e-03 9.994899491847376582e-01
-6.100899469440623432e-03 3.128493438848054670e-02 -7.879242831157968682e-03 9.994608293667041066e-01
-6.004218850329756663e-03 3.090609009455467723e-02 -7.377693532743573486e-03 9.994770295455527309e-01
-6.846747509280545069e-03 3.126224044439837590e-02 -6.817452323349754845e-03 9.994645149852793287e-01
-6.683451126858467282e-03 3.031912155777381074e-02 -5.898285930480634889e-03 9.995005215466784554e-01
-7.440068172664691774e-03 3.166305488127826862e-02 -6.449565407349494399e-03 9.994500985277992022e-01
-8.557268517927355336e-03 3.164284883597404119e-02 -6.335853730322541823e-03 9.994425247259413059e-01
-7.576288702850193443e-03 3.109658499538676610e-02 -5.289654923338256085e-03 9.994736723905777165e-01
-8.163655994267321817e-03 3.184497597002919345e-02 -5.161646179778552924e-03 9.994461514433833349e-01
-8.946320664456532123e-03 3.080219578608692568e-02 -4.583818790522541445e-03 9.994749505048238225e-01
-9.363048831428100530e-03 3.122775219549520087e-02 -4.612430407250881284e-03 9.994577961550629164e-01
-1.087601410484716202e-02 3.262094525871879480e-02 -4.864229838541234141e-03 9.993967808211595694e-01
-1.087601410484716202e-02 3.262094525871879480e-02 -4.864229838541234141e-03 9.993967808211595694e-01
-1.033066514789142583e-02 3.316707497295898199e-02 -4.111820157443270632e-03 9.993879704250662188e-01
-1.149139099697926367e-02 3.310472114675489658e-02 -4.208380489280336145e-03 9.993769633648794670e-01
-9.381510857745819706e-03 3.266425717110459093e-02 -2.893963359605586459e-03 9.994181599978856356e-01
-9.153455314660774444e-03 3.304612585821897763e-02 -2.888612880618031658e-03 9.994077364805573627e-01
-8.510711957478786158e-03 3.314979936417717515e-02 -2.536607737707426580e-03 9.994109386059754074e-01
-7.418355725419159379e-03 3.375623317119672701e-02 -2.020747888455638307e-03 9.994005209616384500e-01
-1.013656503642104863e-02 3.315765084189549461e-02 -2.837961105274274063e-03 9.993946999142402365e-01
-1.013656503642104863e-02 3.315765084189549461e-02 -2.837961105274274063e-03 9.993946999142402365e-01
-1.011498137909816984e-02 3.212146021208694968e-02 -1.762980164421047236e-03 9.994312336756759896e-01
-1.052988512180261758e-02 3.190261090807079009e-02 -1.770822280388205947e-03 9.994339443530129152e-01
-1.377347394538702870e-02 3.063431344815513782e-02 -2.499987568282123138e-03 9.994326292037870596e-01
-1.381153106272771033e-02 2.809424551840706760e-02 -1.675132724217823482e-03 9.995084536454962310e-01
-1.302942955710964003e-02 2.687348224322736595e-02 -1.377041660129975278e-03 9.995529769220866667e-01
-1.256673035778710715e-02 2.673095176320760061e-02 -1.479298027751876736e-03 9.995625769221719858e-01
-1.266520347888263134e-02 2.785768206441271988e-02 -2.632232548785765937e-03 9.995281954615616860e-01
-1.218014651986810276e-02 2.595847987990918676e-02 -1.954303041273984781e-03 9.995869057029017624e-01
-9.310367799181925447e-03 2.503028168299191794e-02 -9.663737251157372829e-04 9.996428703152628881e-01
-9.525618136893954091e-03 2.378969908375317896e-02 -1.140641633955936972e-03 9.996709517402601053e-01
-1.012397683978114894e-02 2.358631829799996693e-02 -1.952041465399172821e-03 9.996686352067920556e-01
-9.846728726089678738e-03 2.340895055088490495e-02 -2.133962118864147790e-03 9.996752018396656281e-01
-7.177632032881890549e-03 2.433394662071242109e-02 -2.087996707466709297e-03 9.996759379468981299e-01
-7.228739992344146610e-03 2.430160968827191001e-02 -2.012660531626092424e-03 9.996765108185079463e-01
-5.326957663598389132e-03 2.378221995483759815e-02 -1.566633797786874975e-03 9.997017431187231740e-01
-6.318681786925159187e-03 2.496037906201421450e-02 -2.241047609900865840e-03 9.996659599301991328e-01
-5.886053525207690304e-03 2.508895835450861839e-02 -2.013850494106541027e-03 9.996658656515043928e-01
-5.886053525207690304e-03 2.508895835450861839e-02 -2.013850494106541027e-03 9.996658656515043928e-01
-5.886053525207690304e-03 2.508895835450861839e-02 -2.013850494106541027e-03 9.996658656515043928e-01
-5.886053525207690304e-03 2.508895835450861839e-02 -2.013850494106541027e-03 9.996658656515043928e-01
-5.886053525207690304e-03 2.508895835450861839e-02 -2.013850494106541027e-03 9.996658656515043928e-01
-5.886053525207690304e-03 2.508895835450861839e-02 -2.013850494106541027e-03 9.996658656515043928e-01
-5.886053525207690304e-03 2.508895835450861839e-02 -2.013850494106541027e-03 9.996658656515043928e-01
-5.886053525207690304e-03 2.508895835450861839e-02 -2.013850494106541027e-03 9.996658656515043928e-01
-5.886053525207690304e-03 2.508895835450861839e-02 -2.013850494106541027e-03 9.996658656515043928e-01
-5.886053525207690304e-03 2.508895835450861839e-02 -2.013850494106541027e-03 9.996658656515043928e-01
-5.886053525207690304e-03 2.508895835450861839e-02 -2.013850494106541027e-03 9.996658656515043928e-01
-5.886053525207690304e-03 2.508895835450861839e-02 -2.013850494106541027e-03 9.996658656515043928e-01
-5.886053525207690304e-03 2.508895835450861839e-02 -2.013850494106541027e-03 9.996658656515043928e-01
-5.886053525207690304e-03 2.508895835450861839e-02 -2.013850494106541027e-03 9.996658656515043928e-01
-5.886053525207690304e-03 2.508895835450861839e-02 -2.013850494106541027e-03 9.996658656515043928e-01
-5.886053525207690304e-03 2.508895835450861839e-02 -2.013850494106541027e-03 9.996658656515043928e-01
-5.886053525207690304e-03 2.508895835450861839e-02 -2.013850494106541027e-03 9.996658656515043928e-01
-5.886053525207690304e-03 2.508895835450861839e-02 -2.013850494106541027e-03 9.996658656515043928e-01
-5.886053525207690304e-03 2.508895835450861839e-02 -2.013850494106541027e-03 9.996658656515043928e-01
-5.886053525207690304e-03 2.508895835450861839e-02 -2.013850494106541027e-03 9.996658656515043928e-01
-5.886053525207690304e-03 2.508895835450861839e-02 -2.013850494106541027e-03 9.996658656515043928e-01
-5.886053525207690304e-03 2.508895835450861839e-02 -2.013850494106541027e-03 9.996658656515043928e-01
-5.886053525207690304e-03 2.508895835450861839e-02 -2.013850494106541027e-03 9.996658656515043928e-01
-5.886053525207690304e-03 2.508895835450861839e-02 -2.013850494106541027e-03 9.996658656515043928e-01
-5.886053525207690304e-03 2.508895835450861839e-02 -2.013850494106541027e-03 9.996658656515043928e-01
-5.886053525207690304e-03 2.508895835450861839e-02 -2.013850494106541027e-03 9.996658656515043928e-01
-5.886053525207690304e-03 2.508895835450861839e-02 -2.013850494106541027e-03 9.996658656515043928e-01
-5.886053525207690304e-03 2.508895835450861839e-02 -2.013850494106541027e-03 9.996658656515043928e-01
-5.886053525207690304e-03 2.508895835450861839e-02 -2.013850494106541027e-03 9.996658656515043928e-01
-5.886053525207690304e-03 2.508895835450861839e-02 -2.013850494106541027e-03 9.996658656515043928e-01
-5.886053525207690304e-03 2.508895835450861839e-02 -2.013850494106541027e-03 9.996658656515043928e-01
-5.886053525207690304e-03 2.508895835450861839e-02 -2.013850494106541027e-03 9.996658656515043928e-01
-5.886053525207690304e-03 2.508895835450861839e-02 -2.013850494106541027e-03 9.996658656515043928e-01
-5.886053525207690304e-03 2.508895835450861839e-02 -2.013850494106541027e-03 9.996658656515043928e-01
-5.886053525207690304e-03 2.508895835450861839e-02 -2.013850494106541027e-03 9.996658656515043928e-01
-5.886053525207690304e-03 2.508895835450861839e-02 -2.013850494106541027e-03 9.996658656515043928e-01
-5.886053525207690304e-03 2.508895835450861839e-02 -2.013850494106541027e-03 9.996658656515043928e-01
-5.886053525207690304e-03 2.508895835450861839e-02 -2.013850494106541027e-03 9.996658656515043928e-01
-5.886053525207690304e-03 2.508895835450861839e-02 -2.013850494106541027e-03 9.996658656515043928e-01
-5.886053525207690304e-03 2.508895835450861839e-02 -2.013850494106541027e-03 9.996658656515043928e-01
-5.886053525207690304e-03 2.508895835450861839e-02 -2.013850494106541027e-03 9.996658656515043928e-01
-5.886053525207690304e-03 2.508895835450861839e-02 -2.013850494106541027e-03 9.996658656515043928e-01
-5.886053525207690304e-03 2.508895835450861839e-02 -2.013850494106541027e-03 9.996658656515043928e-01
-5.886053525207690304e-03 2.508895835450861839e-02 -2.013850494106541027e-03 9.996658656515043928e-01
-5.886053525207690304e-03 2.508895835450861839e-02 -2.013850494106541027e-03 9.996658656515043928e-01
-5.886053525207690304e-03 2.508895835450861839e-02 -2.013850494106541027e-03 9.996658656515043928e-01
-5.886053525207690304e-03 2.508895835450861839e-02 -2.013850494106541027e-03 9.996658656515043928e-01
-5.886053525207690304e-03 2.508895835450861839e-02 -2.013850494106541027e-03 9.996658656515043928e-01
-5.886053525207690304e-03 2.508895835450861839e-02 -2.013850494106541027e-03 9.996658656515043928e-01
-5.886053525207690304e-03 2.508895835450861839e-02 -2.013850494106541027e-03 9.996658656515043928e-01
-5.886053525207690304e-03 2.508895835450861839e-02 -2.013850494106541027e-03 9.996658656515043928e-01
-5.886053525207690304e-03 2.508895835450861839e-02 -2.013850494106541027e-03 9.996658656515043928e-01
-5.886053525207690304e-03 2.508895835450861839e-02 -2.013850494106541027e-03 9.996658656515043928e-01
-5.886053525207690304e-03 2.508895835450861839e-02 -2.013850494106541027e-03 9.996658656515043928e-01
-5.886053525207690304e-03 2.508895835450861839e-02 -2.013850494106541027e-03 9.996658656515043928e-01
-5.886053525207690304e-03 2.508895835450861839e-02 -2.013850494106541027e-03 9.996658656515043928e-01
-5.886053525207690304e-03 2.508895835450861839e-02 -2.013850494106541027e-03 9.996658656515043928e-01
-5.886053525207690304e-03 2.508895835450861839e-02 -2.013850494106541027e-03 9.996658656515043928e-01
-5.886053525207690304e-03 2.508895835450861839e-02 -2.013850494106541027e-03 9.996658656515043928e-01
-5.886053525207690304e-03 2.508895835450861839e-02 -2.013850494106541027e-03 9.996658656515043928e-01
-5.886053525207690304e-03 2.508895835450861839e-02 -2.013850494106541027e-03 9.996658656515043928e-01
-5.886053525207690304e-03 2.508895835450861839e-02 -2.013850494106541027e-03 9.996658656515043928e-01
-5.886053525207690304e-03 2.508895835450861839e-02 -2.013850494106541027e-03 9.996658656515043928e-01
-5.886053525207690304e-03 2.508895835450861839e-02 -2.013850494106541027e-03 9.996658656515043928e-01
-5.886053525207690304e-03 2.508895835450861839e-02 -2.013850494106541027e-03 9.996658656515043928e-01
-5.886053525207690304e-03 2.508895835450861839e-02 -2.013850494106541027e-03 9.996658656515043928e-01
-6.607256689567691729e-03 2.630261723818197103e-02 -2.773229239151972416e-03 9.996283437783499703e-01
-5.746935071768354171e-03 3.358556934059361149e-02 -1.047962257668491083e-03 9.994187731098789218e-01
-5.896663408429043962e-03 3.362362680594151165e-02 -1.045687009033216455e-03 9.994166236458855712e-01
-4.264442483525657246e-03 3.303267236687901925e-02 2.108103202628128204e-04 9.994451523948755245e-01
-5.670756576303618429e-03 3.387892136396454534e-02 -1.667246861690794668e-04 9.994098425620721038e-01
-6.611141045715244156e-03 3.381419808984856973e-02 1.459313930117074295e-04 9.994062594989300274e-01
-6.633447883684608776e-03 3.435491113059622320e-02 3.935298261821286301e-05 9.993876804832677596e-01
-6.633447883684608776e-03 3.435491113059622320e-02 3.935298261821286301e-05 9.993876804832677596e-01
-6.633447883684608776e-03 3.435491113059622320e-02 3.935298261821286301e-05 9.993876804832677596e-01
-5.540919437709393089e-03 3.391849827288541397e-02 1.692378455294294261e-03 9.994078094260926415e-01
-5.072562616591293726e-03 3.437055229927223066e-02 1.936885432808002714e-03 9.993944079881396103e-01
-4.666735661777409762e-03 3.458401984095937909e-02 2.417784672730137301e-03 9.993879734453380292e-01
-4.473349509789524558e-03 3.483061841917066415e-02 2.550493355898823897e-03 9.993799638517589790e-01
-3.798148179327666320e-03 3.513005782320172132e-02 2.789097071076743813e-03 9.993716396042437999e-01
-3.190348735914502916e-03 3.503523450241571163e-02 3.697287282620534670e-03 9.993741461960349293e-01
-2.391923419914369128e-03 3.544970677886466470e-02 4.080483475564391886e-03 9.993602686950544545e-01
-2.397394133700714736e-03 3.556770080886121482e-02 4.226754573707042044e-03 9.993554551341142789e-01
-4.499195594215803402e-03 3.669290829919986258e-02 3.048412498019446339e-03 9.993118106481047036e-01
-5.965611368801213531e-03 3.602170455096070922e-02 3.172085603774315102e-03 9.993281673980585200e-01
-9.989079131306369957e-03 3.350337439632437159e-02 2.999956661430772369e-03 9.993841816149572344e-01
-1.106256691761606063e-02 3.090579967718138504e-02 4.494689364063573188e-03 9.994509737486014789e-01
-1.172529740173420404e-02 3.025694239962400250e-02 3.634136277041511744e-03 9.994667717793256356e-01
-1.357326933394999331e-02 2.671408614800090120e-02 3.866697492808268688e-03 9.995434821013863269e-01
-1.361334505122341852e-02 2.583995336448837235e-02 3.957666311748732173e-03 9.995655608933324832e-01
-1.297545967966518693e-02 2.408835621990574466e-02 4.052064992627421418e-03 9.996174114680175249e-01
-1.069795364816090305e-02 2.293531634556925450e-02 4.364914286460902862e-03 9.996701818975808340e-01
-1.064336932842220931e-02 2.193894958522619315e-02 4.557969274117299428e-03 9.996922656980656852e-01
-8.844394272751045921e-03 2.097587504211306103e-02 4.732012632658592899e-03 9.997296621650326731e-01
-8.134030023344583638e-03 2.115875673950658176e-02 4.052443847576760703e-03 9.997348259752082411e-01
-5.741404818393739361e-03 1.930873870797531963e-02 4.553969532207918954e-03 9.997867123750536766e-01
-5.425365861802829322e-03 2.000028426392650577e-02 4.330008200933219489e-03 9.997758774163375550e-01
-3.930016548313602573e-03 2.044422678706609223e-02 4.016268911737135364e-03 9.997752038058543844e-01
-3.063796652382432505e-03 2.102801689494315091e-02 4.181528497738173922e-03 9.997654477300971232e-01
-3.865490410334670827e-03 2.275562173032762495e-02 3.593567634475886095e-03 9.997271257374236164e-01
-3.137286921656576993e-03 2.256226980081328659e-02 4.230114645437825678e-03 9.997315677432082603e-01
-2.060550619319879637e-03 2.250103348215302251e-02 5.031822659411255665e-03 9.997320332889731986e-01
-4.543926606931307510e-03 2.425601729139473944e-02 3.995059230801263107e-03 9.996874700914745171e-01
-4.543926606931307510e-03 2.425601729139473944e-02 3.995059230801263107e-03 9.996874700914745171e-01
-6.078693229790805772e-03 2.441187783665398070e-02 4.763516857649696679e-03 9.996721555671406190e-01
-6.047841224988964939e-03 2.612925407495920657e-02 4.027490860155798907e-03 9.996321648563410989e-01
-1.325705691532354583e-02 2.698934647224822403e-02 3.401873131468714090e-03 9.995420215669486019e-01
-1.418405800825345460e-02 2.628416414436362050e-02 3.719471217074247701e-03 9.995469577501179259e-01
-1.372409181448773149e-02 2.701146853704247328e-02 3.956513841902778439e-03 9.995330789271352767e-01
-1.478789879761871137e-02 2.702659747338319318e-02 3.747164111319414501e-03 9.995183039040785866e-01
-1.472440597213225781e-02 2.863012035009374415e-02 2.825864553170656397e-03 9.994776248456160861e-01
-1.353683379384089044e-02 2.736078009446117620e-02 3.648880725474912962e-03 9.995273020347726911e-01
-1.369818629709100219e-02 2.747591157061128608e-02 3.549722568350461259e-03 9.995223026252200160e-01
-1.369818629709100219e-02 2.747591157061128608e-02 3.549722568350461259e-03 9.995223026252200160e-01
-1.388268729717725275e-02 2.737152392649860183e-02 4.105212485027936661e-03 9.995204939878935546e-01
-1.355205212112231376e-02 2.773601448330385855e-02 4.180047752918000618e-03 9.995146735214405220e-01
-1.295675472932699725e-02 2.837693831206147474e-02 4.094375995069974260e-03 9.995049314356225789e-01
-1.303041338468569586e-02 2.870966772983115159e-02 4.107606583157961781e-03 9.994944176302461569e-01
-1.230449954121709717e-02 2.972955793230407442e-02 3.530302399831163757e-03 9.994760075365269891e-01
-1.209282286915974204e-02 3.013356474257448611e-02 3.980204549874734495e-03 9.994648017227527603e-01
-1.372691795482048303e-02 3.112231122251938112e-02 3.920918992267515349e-03 9.994136280148907536e-01
-1.282259391741974626e-02 3.023634590166388372e-02 4.351297921712184505e-03 9.994510546685817509e-01
-1.268668089455109171e-02 3.093869937883415508e-02 4.125977342119797192e-03 9.994322494894780640e-01
-1.283844856252781656e-02 3.120424925035761646e-02 4.208412763887748979e-03 9.994217119560879770e-01
-1.255470315519062463e-02 3.187409209349334471e-02 3.891113033195912028e-03 9.994054637239400130e-01
-1.231381059116006330e-02 3.227195275523567913e-02 4.303853103678445882e-03 9.993940003735017896e-01
-1.351594101747364066e-02 3.178236907601738465e-02 4.694034473148430732e-03 9.993923986076204136e-01
-1.286824500273602533e-02 3.309453704313421868e-02 4.082492018844279501e-03 9.993610424403016612e-01
-1.258009401581587465e-02 3.328338978837534073e-02 4.293633600148318887e-03 9.993575545865733822e-01
-1.258009401581587465e-02 3.328338978837534073e-02 4.293633600148318887e-03 9.993575545865733822e-01
-1.272632358492764397e-02 3.409908268456193076e-02 3.488582784531519231e-03 9.993313379646605599e-01
-1.585668069784488751e-02 3.439199473699021403e-02 4.393896052656773472e-03 9.992729607333202813e-01
-1.585668069784488751e-02 3.439199473699021403e-02 4.393896052656773472e-03 9.992729607333202813e-01
-1.517316812662936922e-02 3.579384558706149438e-02 3.660269490846113603e-03 9.992372981501166374e-01
-1.537408158161979524e-02 3.679182405538601597e-02 3.688707593773052698e-03 9.991978746647167675e-01
-1.283990332341494733e-02 3.627020687946249516e-02 4.424923207137387848e-03 9.992497330648516529e-01
-1.010956435126740549e-02 3.540504056902887137e-02 4.516665980033151423e-03 9.993117028932253509e-01
-7.783815560629172778e-03 3.402272461818231508e-02 4.160020991093633762e-03 9.993820894183701453e-01
-7.155219995615964661e-03 3.128487690211136790e-02 4.990564138917083850e-03 9.994724376257754228e-01
-5.769637428761782358e-03 3.067725038894989625e-02 5.066135240033112566e-03 9.994998508585402064e-01
-5.632192406974076242e-03 3.003883088657518727e-02 4.990234868907777836e-03 9.995204072972255771e-01
-6.173766672548411730e-03 2.851615228344581837e-02 4.860796070482587342e-03 9.995624474366678891e-01
-6.263746120466756953e-03 2.772861272253959730e-02 4.898601526224987020e-03 9.995838600258154516e-01
-7.649084200480649881e-03 2.580030713615875243e-02 4.784339547643125592e-03 9.996264030915082976e-01
-8.114883229110034582e-03 2.487913665700142857e-02 4.645806146611361660e-03 9.996467344590429516e-01
-7.525261595684040392e-03 2.488269307853546372e-02 4.395917093739547428e-03 9.996523885511308105e-01
-1.037021028770633395e-02 2.308026847791070854e-02 3.964275723944972289e-03 9.996719684294248509e-01
-1.036062036952889627e-02 2.308533505444690381e-02 3.736898649932185543e-03 9.996728266985467348e-01
-1.132391150140915799e-02 2.251002601537978320e-02 3.670938038602627931e-03 9.996757434143392906e-01
-1.205070989960962784e-02 2.192496567068156349e-02 4.332671206108392251e-03 9.996776001449040328e-01
-1.377321659898936637e-02 2.218509374887499969e-02 4.322085205274255743e-03 9.996496584800844687e-01
-1.872592026139571070e-02 2.259662415281123160e-02 3.232937150391570688e-03 9.995640452740595094e-01
-1.878379480114977448e-02 2.235146643660698706e-02 3.936685317504143300e-03 9.995659475540933370e-01
-1.826029642883196871e-02 2.310402766012652209e-02 3.974897052015255623e-03 9.995583853250580297e-01
-1.765762457941221289e-02 2.337695613392600652e-02 4.148969278038398475e-03 9.995621602832187591e-01
-1.765844282996522491e-02 2.462267105703632233e-02 3.428496880811922592e-03 9.995349663098216375e-01
-1.332890699726311384e-02 2.505817944647498879e-02 4.351563877753666758e-03 9.995876608746750991e-01
-1.312724576806387732e-02 2.555741279038002342e-02 4.128676901637331163e-03 9.995786352744084891e-01
-1.222997812682375188e-02 2.551373472482343016e-02 4.750817282968210556e-03 9.995883686350860442e-01
-1.159780304019794074e-02 2.588323472185393923e-02 4.650289044412903201e-03 9.995868766329306654e-01
-9.812337726135926530e-03 2.643077987259482425e-02 5.311614898736779534e-03 9.995883746076893450e-01
-9.040056074389351756e-03 2.711557038146950385e-02 5.089497164876713095e-03 9.995784712806035088e-01
-9.023350380176051524e-03 2.833640104403095661e-02 4.472448801014266596e-03 9.995477100796693604e-01
-5.877307441635950050e-03 2.908022118334879086e-02 4.919961793995244158e-03 9.995476936940576040e-01
-5.344677188995897860e-03 2.954425602365324394e-02 5.081807002654044336e-03 9.995362657749553570e-01
-4.140643850767285021e-03 2.862709487926118693e-02 6.194093897172233548e-03 9.995623931041363042e-01
-3.142213528945256556e-03 2.946375199029097752e-02 6.595494945939369726e-03 9.995391504384464332e-01
-3.450386985408837159e-03 2.958659335612901300e-02 6.896647608328249426e-03 9.995324729967488553e-01
-7.027240945607953621e-03 2.860625483365532989e-02 6.950731325714775387e-03 9.995418887686109422e-01
-7.274226411508021191e-03 2.866488269175233861e-02 7.186099544864826480e-03 9.995367777644369456e-01
-7.543053727887840364e-03 2.917476849276492978e-02 7.409405163237898877e-03 9.995184020011731452e-01
-7.742026149508090746e-03 3.065894086350799339e-02 7.322531568600833263e-03 9.994730966402523009e-01
-8.215031382260026827e-03 3.087921352884601470e-02 7.029793210960295566e-03 9.994646414149124247e-01
-9.274520397146658948e-03 3.214612128917332390e-02 7.290003849365958404e-03 9.994135610453467322e-01
-6.386875228777165805e-03 3.292253140916900911e-02 8.352482394743659250e-03 9.994025969489321870e-01
-6.392968424429408894e-03 3.266447080170414158e-02 8.811093948225171002e-03 9.994070876901987033e-01
-5.605913698837378285e-03 3.347492932867492804e-02 8.558928002331362903e-03 9.993871860242617977e-01
-4.435444836827283008e-03 3.382205133368762495e-02 9.011430849159510897e-03 9.993774010786574680e-01
-3.977415453893855431e-03 3.381986944069945850e-02 9.247198204192279281e-03 9.993772490519752250e-01
-2.423227943214287510e-03 3.422516227637580066e-02 9.583001702110613418e-03 9.993652647114908971e-01
-3.682065369942365361e-03 3.335949759728378677e-02 9.423894694068259831e-03 9.993922035534715809e-01
-3.318637628067054243e-03 3.346499009929356644e-02 9.387607078007183248e-03 9.993902910851679700e-01
-3.331103094212764081e-03 3.382433404045544906e-02 9.991203931229446569e-03 9.993723000078098551e-01
-3.238284390550401608e-03 3.421917012515465067e-02 9.859584725642134284e-03 9.993604707507645069e-01
-3.879057265240873961e-03 3.362762236586202408e-02 1.038219443528285053e-02 9.993729764044353425e-01
-5.293351627481337682e-03 3.399742941477153918e-02 1.017599998213355832e-02 9.993560948161066548e-01
-6.385367062123748286e-03 3.346692094939408141e-02 9.943611431487876448e-03 9.993699599654517485e-01
-9.141813060169050667e-03 3.213289301537647358e-02 1.030589688428656253e-02 9.993886595963783481e-01
-1.092561397038752970e-02 3.138833598039549033e-02 1.013738666293724326e-02 9.993961360318530662e-01
-1.268536061780143297e-02 2.956300380281359080e-02 1.015800036602381752e-02 9.994308007364567370e-01
-8.878615205719734074e-03 2.829987384738342701e-02 1.139869210557782273e-02 9.994950510885650674e-01
-1.340829077319462444e-02 2.739406877958077205e-02 1.045499267151655566e-02 9.994801027846825781e-01
-1.340829077319462444e-02 2.739406877958077205e-02 1.045499267151655566e-02 9.994801027846825781e-01
-1.255686027914839492e-02 2.728884344865965469e-02 1.059886191649523669e-02 9.994925254394050329e-01
-1.045728482327464709e-02 2.653039911506269166e-02 1.103200380738492657e-02 9.995324296934613439e-01
-9.262392786812149656e-03 2.609813173010024426e-02 1.120677188637358469e-02 9.995536523188477407e-01
-7.144393743162952802e-03 2.634696254239994942e-02 1.130822197890370834e-02 9.995633643339014718e-01
-6.406038509413119510e-03 2.612857006076464358e-02 1.155847312451422151e-02 9.995712391801925278e-01
-4.751055723984503980e-03 2.584937116512158947e-02 1.183256747367248014e-02 9.995845276047725658e-01
-3.760453423123818074e-03 2.578074175299907914e-02 1.178828631249773454e-02 9.995910407014122478e-01
-2.238492449174487014e-03 2.602165740325765309e-02 1.194888241795527030e-02 9.995874582579077350e-01
1.388373704639287061e-03 2.676384895809746228e-02 1.250364989176837478e-02 9.995626181219406936e-01
-4.061841006069538381e-04 2.662188072737033465e-02 1.204644390266564925e-02 9.995729056303567228e-01
-1.665314288655626732e-03 2.638815983010008373e-02 1.158122359148509514e-02 9.995832966837857603e-01
-2.043576168338098742e-03 2.599619164676354385e-02 1.137745963756637245e-02 9.995952056850335721e-01
-2.055465973535893637e-03 2.559853887794233049e-02 1.131252269395611673e-02 9.996061808018420480e-01
2.600694024883057928e-04 2.654430525412041636e-02 1.175127977605704664e-02 9.995785310049966066e-01
-1.678608868216057261e-03 2.679433522743638468e-02 1.160309736503614512e-02 9.995722155019740596e-01
-3.071831337284718511e-03 2.715905407551928719e-02 1.147075777700911313e-02 9.995605891340352267e-01
-5.236237151044485436e-03 2.697693918035464974e-02 1.090907176893434263e-02 9.995628137971609428e-01
-8.757008364280222459e-03 2.621414664285303883e-02 1.074433090213524657e-02 9.995602496466935438e-01
-8.184445861862538196e-03 2.710203849683213290e-02 1.099694221888098712e-02 9.995386743978870170e-01
-9.724891624710692295e-03 2.720446225849550495e-02 9.594974570573538974e-03 9.995365326885775614e-01
-1.202491898161087841e-02 2.716322314487455009e-02 9.617869217420124683e-03 9.995124097396610452e-01
-1.211959140050142096e-02 2.742740429000718738e-02 9.553473243703213685e-03 9.995046693973866914e-01
-1.208453629408223068e-02 2.815530291885751102e-02 8.975573597033737264e-03 9.994902110469660039e-01
-1.260276600148009692e-02 2.858731947940410315e-02 8.544282420071526440e-03 9.994753277055019591e-01
-1.253238795861214699e-02 2.853280830169169918e-02 8.460923049592450340e-03 9.994784794499692593e-01
-1.279311941786012534e-02 2.947011184668663075e-02 8.123852875656032910e-03 9.994507749848208222e-01
-1.155608929469218761e-02 3.028463784434535025e-02 8.383858108548240817e-03 9.994393470511683253e-01
-1.250123480467446591e-02 3.007139918894680825e-02 7.980496862036062442e-03 9.994377127910535341e-01
-1.229833508672433483e-02 3.056785105178306053e-02 7.621675224604713798e-03 9.994279701423917084e-01
-1.169466816169315027e-02 3.067316502081756865e-02 7.808989216286884791e-03 9.994305435454799991e-01
-1.152509743183644832e-02 3.084454938942807548e-02 7.679013559012952406e-03 9.994282458750655129e-01
-1.058863373445753653e-02 3.122560444066224336e-02 7.700135818103640700e-03 9.994266107980793734e-01
-1.100052598303924434e-02 3.101362708984239241e-02 8.247265110194279200e-03 9.994243973312992857e-01
-1.100052598303924434e-02 3.101362708984239241e-02 8.247265110194279200e-03 9.994243973312992857e-01
-1.014551137945155120e-02 3.196771382603323663e-02 7.631193711347836195e-03 9.994082743074155228e-01
-9.140087954828400238e-03 3.197674162388593894e-02 7.546936109383083069e-03 9.994183260990655571e-01
-9.495267137821264761e-03 3.171471753332289617e-02 7.795459958470877561e-03 9.994214563425176667e-01
-9.708940231654366801e-03 3.224295039603253255e-02 7.963040107915788507e-03 9.994011800181030747e-01
-8.607781006955295827e-03 3.338357845511787103e-02 7.422911466292599937e-03 9.993779781349151348e-01
-8.747551175706276896e-03 3.341646272258700506e-02 7.487879031553124932e-03 9.993751808180685314e-01
-4.916326715008371463e-03 3.449190693987440326e-02 8.039370920529453554e-03 9.993605488523571445e-01
-5.189969560155449808e-03 3.463637680463961532e-02 7.979596156946997323e-03 9.993546475916263994e-01
-6.796710425905959016e-03 3.483806414378781691e-02 7.809094093846904137e-03 9.993393478011026732e-01
-6.782002447623796185e-03 3.528799324555087491e-02 7.815326701350525443e-03 9.993236125720504903e-01
-6.982561129649625213e-03 3.611238483822984402e-02 7.876215888480482541e-03 9.992923019440530519e-01
-8.106184035060226209e-03 3.679058118304266017e-02 7.616426375898001887e-03 9.992610934915180376e-01
-7.858324570461882458e-03 3.720790465090081239e-02 7.648396202803202197e-03 9.992473770803502742e-01
-1.066812084925322299e-02 3.659988611181498597e-02 6.971249906622520656e-03 9.992487384074534296e-01
-1.087048987723584353e-02 3.601589789249994705e-02 6.931633043477879695e-03 9.992680521322477860e-01
-1.036500034016850022e-02 3.578942226740146337e-02 6.848289284030240759e-03 9.992821348125844327e-01
-9.606967114556786910e-03 3.529491089924238073e-02 7.095674325085102666e-03 9.993055723117663103e-01
-8.803300253038978673e-03 3.361778274684988632e-02 7.430050719193986158e-03 9.993683709894718437e-01
-3.603938335936863070e-03 3.430106826074569293e-02 7.916401761108903326e-03 9.993736933338795980e-01
-6.877178047636569452e-03 3.290078953718521965e-02 7.022198610069464893e-03 9.994102917203783187e-01
-5.116659596889408523e-03 3.192694672221323832e-02 7.868425114144003349e-03 9.994461354939493392e-01
-5.026179559759594989e-03 3.169905670025472549e-02 7.953602719946073832e-03 9.994531742543621977e-01
-6.100251268471443104e-03 3.038047295680785034e-02 7.933667715436756862e-03 9.994883044408090500e-01
-4.965849908099147572e-03 2.903402511914910181e-02 8.645340355412844610e-03 9.995287008436576359e-01
-8.948447514299139732e-03 2.850056273364349677e-02 7.774315752017175486e-03 9.995234880809642508e-01
-1.118022872186097243e-02 2.796876720640216821e-02 7.774121408450772493e-03 9.995160396827095228e-01
-1.325898401384887834e-02 2.696481063963705391e-02 7.613588053408498237e-03 9.995194503395329333e-01
-1.168243479749276476e-02 2.864779805824197237e-02 8.191104353131917204e-03 9.994877338882617313e-01
-1.323840157620456877e-02 2.882839114054423085e-02 8.259895104181874670e-03 9.994625769486433775e-01
-1.747535789396745948e-02 2.887266490304231381e-02 8.089002846002585345e-03 9.993975931133873836e-01
-1.727855524356688641e-02 2.944852624730196974e-02 7.620346172885811634e-03 9.993878957415696096e-01
-1.744325252489474509e-02 2.973124273185300329e-02 7.586124055554725396e-03 9.993769243227432764e-01
-1.642774350807362296e-02 3.003303566490653567e-02 7.620529383864435916e-03 9.993848475656877950e-01
-1.536986831251003702e-02 3.039876043280838325e-02 7.814529645861840318e-03 9.993891212328753770e-01
-1.340310249287735705e-02 3.055571830851122953e-02 7.834640874737407862e-03 9.994124890777482673e-01
-1.301641258553161776e-02 3.082289305272946020e-02 7.909416051928434485e-03 9.994088069478779257e-01
-9.968555256235030193e-03 3.149117740787744230e-02 8.721018999872423225e-03 9.994162683682774606e-01
-8.133173964225946101e-03 3.217353806524932136e-02 8.692929862352188203e-03 9.994114007254669696e-01
-5.831019478693777111e-03 3.271211420449026547e-02 9.212879048523525682e-03 9.994053430194121956e-01
-7.453978989212239892e-03 3.233838086225036129e-02 8.994511616245931193e-03 9.994087082276308376e-01
-4.184275054788393761e-03 3.324056077569255419e-02 9.884465938522974879e-03 9.993897409392862308e-01
-5.033107643347131850e-03 3.335216678472482932e-02 9.612525364343385559e-03 9.993847608175413511e-01
-7.633811441423629315e-03 3.287226386935887534e-02 9.450593009896493535e-03 9.993857240739140169e-01
-6.220960087307828706e-03 3.359381389928358524e-02 9.707936413381931459e-03 9.993690566021574684e-01
-6.220960087307828706e-03 3.359381389928358524e-02 9.707936413381931459e-03 9.993690566021574684e-01
-3.201124105401671402e-03 3.422422997618552315e-02 1.051285582955394961e-02 9.993537585606540041e-01
-3.577524044471950757e-03 3.454979274997466848e-02 1.074830304995201373e-02 9.993387749528142017e-01
-4.242606837658118545e-03 3.525572710398594545e-02 1.103117038700091035e-02 9.993084345053249162e-01
-4.214336493791973406e-03 3.565095323686914841e-02 1.125601903404308511e-02 9.992920248539587380e-01
-4.383867389462752472e-03 3.593270062235327800e-02 1.109790886874345225e-02 9.992829725115088824e-01
-5.851212134941039845e-03 3.570812902440224923e-02 1.100232128909891215e-02 9.992845649585407886e-01
-5.846961016580433552e-03 3.608440574177020077e-02 1.110813297061251197e-02 9.992699025243586552e-01
-9.876266899517935696e-03 3.565660275486376429e-02 1.111577911887405047e-02 9.992534740928809001e-01
-7.640212923472603467e-03 3.638971956169812644e-02 1.219729917443090027e-02 9.992340273177021670e-01
-6.150620934061936176e-03 3.755069937743014258e-02 1.206310505933442731e-02 9.992029805473554571e-01
-5.166887387981374674e-03 3.767636330829302049e-02 1.244050669179277285e-02 9.991991937125614953e-01
-5.767781350123704805e-03 3.742646398790366175e-02 1.254614123009322943e-02 9.992039765893118153e-01
-5.103321119586511773e-03 3.731831839187659677e-02 1.313442245263894519e-02 9.992040763391573099e-01
-5.513338753695888259e-03 3.743810603476843690e-02 1.307279719018044316e-02 9.991982252215727556e-01
-5.719876484053276235e-03 3.747257900217607768e-02 1.325227426232749271e-02 9.991934077358641808e-01
-7.593313785406501093e-03 3.635911581084241839e-02 1.321406666574198585e-02 9.992225701641068714e-01
-8.761939562513846105e-03 3.549321933041034438e-02 1.330169690806123212e-02 9.992429757851852834e-01
-1.143882953150921269e-02 3.381163798061815468e-02 1.306108661303002384e-02 9.992774060952762660e-01
-1.280078554783828197e-02 3.257007008883748556e-02 1.309714263184577274e-02 9.993016537956131984e-01
-1.435622698418268298e-02 3.080219978354053340e-02 1.359637329889767064e-02 9.993299064214933303e-01
-1.534386436140655272e-02 2.821601149885354445e-02 1.351270515301557402e-02 9.993927302722404038e-01
-1.541765776090296171e-02 2.795497001195863113e-02 1.319738425027356700e-02 9.994031441464193977e-01
-1.490824015196389081e-02 2.619949587452200315e-02 1.325552724664625856e-02 9.994576638301924110e-01
-1.419253696005859204e-02 2.592058557809810010e-02 1.310104693533761452e-02 9.994773922941548872e-01
-1.202040247643385712e-02 2.487427026374809322e-02 1.346330303145313635e-02 9.995276484793373939e-01
-1.182766894163212769e-02 2.434198590131290280e-02 1.354695538042581179e-02 9.995419220671578620e-01
-1.125959656669978971e-02 2.297499861557864703e-02 1.346296681340825377e-02 9.995819723506174093e-01
-1.079701714601136349e-02 2.244071238838279622e-02 1.350718085293087060e-02 9.995986169026330748e-01
-1.005625070219813740e-02 2.182594466239123204e-02 1.375607800808767781e-02 9.996165616271291965e-01
-9.875015668284178871e-03 2.168208557979026119e-02 1.294731977235933154e-02 9.996323014694824538e-01
-4.712213244864510431e-03 2.244714470286597943e-02 1.361180963358834574e-02 9.996442564130114672e-01
-4.812244735944316149e-03 2.271042500857571589e-02 1.354859022422702682e-02 9.996386920280083688e-01
-3.166144988364175301e-03 2.354948175666909255e-02 1.359671460164645768e-02 9.996251931533870483e-01
-2.797194575868612153e-03 2.451594343491653866e-02 1.363481228817515697e-02 9.996025390693378254e-01
-3.139012347083369910e-03 2.523036853066680518e-02 1.368281958858492096e-02 9.995830908700876760e-01
-4.765161676458644704e-03 2.550064692448457751e-02 1.363824138873018753e-02 9.995704120333158693e-01
-4.798419082674336943e-03 2.577067091384284067e-02 1.351382933464203608e-02 9.995650174509268515e-01
-4.798419082674336943e-03 2.577067091384284067e-02 1.351382933464203608e-02 9.995650174509268515e-01
-6.917929875056154018e-03 2.648450492316646587e-02 1.354676059997826990e-02 9.995334904456506520e-01
-9.241210708556327896e-03 2.665573046109048425e-02 1.324139986945334531e-02 9.995142507176788538e-01
-1.179410551582684569e-02 2.629942349503779087e-02 1.338987700102426889e-02 9.994948477069842685e-01
-1.179410551582684569e-02 2.629942349503779087e-02 1.338987700102426889e-02 9.994948477069842685e-01
-1.305495396459495534e-02 2.700475932245675198e-02 1.295985265000372706e-02 9.994660341253267521e-01
-1.346281256800196946e-02 2.713639890946994288e-02 1.297204902825545986e-02 9.994568997590609349e-01
-1.391376964342837426e-02 2.736202791367026502e-02 1.277524081968806242e-02 9.994471069870382030e-01
-1.356361828400919761e-02 2.775375646234299470e-02 1.280558980994586649e-02 9.994407306743577912e-01
-1.420909738602716202e-02 2.805664012523774453e-02 1.324540364075773094e-02 9.994175732789326583e-01
-1.420128801656297089e-02 2.837088024719751703e-02 1.290304568746361569e-02 9.994132918791189812e-01
-1.421869752910806008e-02 2.889232512647387993e-02 1.302527783889556590e-02 9.993965200692773720e-01
-1.421869752910806008e-02 2.889232512647387993e-02 1.302527783889556590e-02 9.993965200692773720e-01
-1.426444297545384314e-02 2.883843611114867214e-02 1.315594660275939097e-02 9.993957130877881845e-01
-1.419889658893463968e-02 2.891634245902810832e-02 1.303027512580249084e-02 9.993960418195555473e-01
-1.364013816886272719e-02 2.952517830187399717e-02 1.333247443710883218e-02 9.993820368619603656e-01
-1.206696516001465498e-02 3.005699818521342589e-02 1.328188344933622055e-02 9.993870905629906876e-01
-1.284575660625734105e-02 3.003785492618086389e-02 1.327004666538790685e-02 9.993781164655072269e-01
-1.297667005615414995e-02 3.005452889615197257e-02 1.314709649524756739e-02 9.993775488677083541e-01
-1.177032499032489368e-02 3.091027084482501214e-02 1.341371583399786176e-02 9.993628404305647805e-01
-1.132526681278702395e-02 3.204559014730416072e-02 1.382884602541145647e-02 9.993265639926398602e-01
-1.170493954094207339e-02 3.308529903079936163e-02 1.404870367267248288e-02 9.992852402109734244e-01
-1.217648630205852948e-02 3.367474625528561749e-02 1.423139618642305440e-02 9.992573302250842282e-01
-1.247078864477363207e-02 3.397742593268208988e-02 1.436497863397153373e-02 9.992415430447295632e-01
-1.234555161714448630e-02 3.425789291815121984e-02 1.374817948762990447e-02 9.992421987130312155e-01
-1.210418780096063004e-02 3.463795350664756328e-02 1.382777763905033291e-02 9.992309509718538818e-01
-1.299599822240074358e-02 3.508394882082927629e-02 1.377517736319725829e-02 9.992049164480493184e-01
-1.956463741265393463e-02 3.361774637352901718e-02 1.192257032312475130e-02 9.991721195112315268e-01
-1.865937796603948928e-02 3.402437604762639789e-02 1.222420541909415709e-02 9.991720263550025738e-01
-1.844749175384885476e-02 3.390030285639079183e-02 1.208615320881067587e-02 9.991818575288734516e-01
-4.653113019071163439e-03 4.254079635736002230e-02 8.022693881217152212e-03 9.990516831312590273e-01
-5.211801262436185911e-03 4.202027465112766896e-02 8.301316454568516065e-03 9.990686772144174999e-01
-7.885328284101360968e-03 3.077263405241669261e-02 1.291438169598847774e-02 9.994118697197559298e-01
-7.528137860504289201e-03 2.978708228600163849e-02 1.285704583120821781e-02 9.994452227319586823e-01
-5.993393529118275741e-03 2.833939503397941290e-02 1.322762281353893551e-02 9.994928653661395712e-01
-5.265028708383997884e-03 2.714750878308798757e-02 1.303379912647407816e-02 9.995325969271351418e-01
-5.674461258250441432e-03 2.583593095551057692e-02 1.308984593446649303e-02 9.995643856673279704e-01
-5.420900156255995103e-04 2.614855180574907415e-02 1.432829812351080548e-02 9.995552307150220583e-01
-2.306384735453595892e-03 2.468572865890439685e-02 1.421376335259017486e-02 9.995915487444797520e-01
-4.757692182927652190e-03 2.349719343357603921e-02 1.400859802862707698e-02 9.996144283908221517e-01
-4.757692182927652190e-03 2.349719343357603921e-02 1.400859802862707698e-02 9.996144283908221517e-01
-5.569180453722385148e-03 2.286080038037073894e-02 1.379013304942864823e-02 9.996280309522747043e-01
-1.228767151415878327e-02 2.091266275219737236e-02 1.258254636614444984e-02 9.996266068849491981e-01
-1.335751822053985773e-02 2.142387395337944089e-02 1.352121564848086412e-02 9.995898013981560082e-01
-1.454257195541062801e-02 2.107987364498069977e-02 1.279761380219526963e-02 9.995901027966429542e-01
-1.501651480249465397e-02 2.174877140007253074e-02 1.237729097956810284e-02 9.995740582336963831e-01
-1.553085441139011660e-02 2.252908043130980378e-02 1.259863114667774883e-02 9.995461508051550759e-01
-1.575545639880043813e-02 2.294884533286552925e-02 1.254392986232003883e-02 9.995337742743678477e-01
-1.375314069680014586e-02 2.492594417289150516e-02 1.262724219827606603e-02 9.995149329462417187e-01
-1.327627391608635597e-02 2.493896726005374875e-02 1.277690475267085138e-02 9.995191539774754830e-01
-2.015224909620158631e-03 3.624502382123294397e-02 7.946622986450919621e-03 9.993093056205737401e-01
6.864506600145834758e-04 3.558344679134500810e-02 7.648752062866547886e-03 9.993372021954449735e-01
4.172148767443193719e-03 3.589658697944415888e-02 8.544488139648420688e-03 9.993102721078779282e-01
9.944346509007785315e-03 3.253907237524726603e-02 1.266877778829524591e-02 9.993406930625902129e-01
1.179971178746421975e-02 3.316571110813752027e-02 1.354642764169980591e-02 9.992883951625639583e-01
1.179971178746421975e-02 3.316571110813752027e-02 1.354642764169980591e-02 9.992883951625639583e-01
1.027141899131920819e-02 3.285956133740727120e-02 1.352758947142731517e-02 9.993156415786308422e-01
3.828703553627440474e-03 3.807840030045003127e-02 8.877413836446523820e-03 9.992279859888001381e-01
2.455019131424663378e-03 3.726978965119077253e-02 8.884760904497789394e-03 9.992627265559794747e-01
3.560456932723585037e-03 3.694643843090529567e-02 8.918932450096899930e-03 9.992711025931112490e-01
8.821770609776962476e-04 3.797693822141900294e-02 8.594886579486359438e-03 9.992412630849696331e-01
3.414314389844150342e-03 3.752396970551432481e-02 8.809993666909488041e-03 9.992510586265975769e-01
9.844063094665012059e-03 3.434986594052311104e-02 1.413605847209658921e-02 9.992614037290391549e-01
9.759255015773824621e-03 3.429251753485583476e-02 1.411220607773353702e-02 9.992645424622442762e-01
1.007957257120249001e-02 3.506573384533887006e-02 1.351525085859086629e-02 9.992427805698168575e-01
9.330159815179754623e-03 3.497549542782953103e-02 1.465013411340036764e-02 9.992372272928289334e-01
1.031825140294011928e-02 3.539640912869702200e-02 1.458060865705591846e-02 9.992137077522352806e-01
1.141058933607649525e-02 3.623621729210407816e-02 1.509829799759533284e-02 9.991640387868944151e-01
9.913012295963388038e-03 3.570478669427389062e-02 1.659602150311178040e-02 9.991753962466273231e-01
1.148966244795241939e-02 3.636656364949381048e-02 1.709960599256479807e-02 9.991261502833655994e-01
1.083436682816778240e-02 3.617413541622398199e-02 1.739932592214329249e-02 9.991352820713401695e-01
1.111282979632654058e-02 3.618931464732672715e-02 1.749979049114177079e-02 9.991299194059003463e-01
1.121904481455690376e-02 3.627811007471368893e-02 1.729680788788509269e-02 9.991290468201520225e-01
1.160270200201846472e-02 3.616615941548625979e-02 1.757956189903098557e-02 9.991237887383245253e-01
1.533192296341611034e-02 3.695737891229270572e-02 1.812148916482984526e-02 9.990348822301582388e-01
