-2.150870859622955322e-03 -4.506914410740137100e-05 7.738764882087707520e-01
1.138862222433090210e-03 -1.165007997769862413e-04 7.580435872077941895e-01
5.063088610768318176e-03 -2.275492879562079906e-04 7.381588816642761230e-01
8.200952783226966858e-03 -2.571258228272199631e-04 7.142006158828735352e-01
1.015363074839115143e-02 -2.124891325365751982e-04 6.858635544776916504e-01
1.095759309828281403e-02 -4.377912555355578661e-04 6.533483266830444336e-01
1.086870022118091583e-02 -5.540200509130954742e-04 6.169754266738891602e-01
1.024803705513477325e-02 -5.242794286459684372e-04 5.769559144973754883e-01
9.459076449275016785e-03 -4.414589493535459042e-04 5.332931876182556152e-01
8.794950321316719055e-03 -3.840753342956304550e-04 4.858049154281616211e-01
8.361687883734703064e-03 -3.704867849592119455e-04 4.344815015792846680e-01
9.283788502216339111e-03 -7.352717220783233643e-04 3.899817168712615967e-01
1.315639726817607880e-02 -1.085671829059720039e-03 3.598991632461547852e-01
2.013510093092918396e-02 -1.509080757386982441e-03 3.399440646171569824e-01
3.019127063453197479e-02 -1.861068070866167545e-03 3.272927999496459961e-01
4.292787611484527588e-02 -1.922337803989648819e-03 3.201123476028442383e-01
5.771712213754653931e-02 -1.643316354602575302e-03 3.170646131038665771e-01
7.371501624584197998e-02 -9.928486542776226997e-04 3.168233036994934082e-01
9.005443751811981201e-02 1.067755511030554771e-04 3.185465633869171143e-01
1.061191111803054810e-01 1.889079110696911812e-03 3.209710717201232910e-01
1.224192902445793152e-01 4.489387851208448410e-03 3.231557905673980713e-01
1.395013630390167236e-01 7.477039471268653870e-03 3.256292343139648438e-01
1.562697887420654297e-01 1.053156796842813492e-02 3.288103938102722168e-01
1.727006286382675171e-01 1.340245176106691360e-02 3.323827981948852539e-01
1.891011297702789307e-01 1.601084508001804352e-02 3.359761536121368408e-01
2.056307047605514526e-01 1.842389814555644989e-02 3.395060002803802490e-01
2.224704921245574951e-01 2.056640014052391052e-02 3.426044285297393799e-01
2.398542016744613647e-01 2.230533212423324585e-02 3.454374969005584717e-01
2.576266825199127197e-01 2.366743795573711395e-02 3.483732938766479492e-01
2.754751145839691162e-01 2.485426701605319977e-02 3.517556488513946533e-01
2.932899892330169678e-01 2.599027939140796661e-02 3.558737337589263916e-01
3.111644983291625977e-01 2.725449018180370331e-02 3.604166507720947266e-01
3.287413120269775391e-01 2.878283336758613586e-02 3.645469248294830322e-01
3.455893695354461670e-01 3.020198643207550049e-02 3.686597347259521484e-01
3.620438873767852783e-01 3.138548135757446289e-02 3.725365400314331055e-01
3.784086406230926514e-01 3.239748254418373108e-02 3.759299218654632568e-01
3.947441279888153076e-01 3.327736258506774902e-02 3.787257671356201172e-01
4.110438525676727295e-01 3.406013920903205872e-02 3.809634447097778320e-01
4.273647069931030273e-01 3.474991396069526672e-02 3.826829195022583008e-01
4.438439607620239258e-01 3.534588590264320374e-02 3.839048445224761963e-01
4.606199860572814941e-01 3.584801405668258667e-02 3.846439719200134277e-01
4.777147769927978516e-01 3.622460365295410156e-02 3.850397467613220215e-01
4.947766065597534180e-01 3.636953607201576233e-02 3.858651220798492432e-01
5.118014216423034668e-01 3.625663369894027710e-02 3.870541453361511230e-01
5.284393429756164551e-01 3.619208559393882751e-02 3.882643282413482666e-01
5.446622371673583984e-01 3.626564145088195801e-02 3.890340030193328857e-01
5.606713891029357910e-01 3.641270101070404053e-02 3.896001875400543213e-01
5.766162276268005371e-01 3.660815209150314331e-02 3.898759484291076660e-01
5.925711989402770996e-01 3.681447729468345642e-02 3.897249102592468262e-01
6.086115241050720215e-01 3.700320422649383545e-02 3.891765177249908447e-01
6.248666048049926758e-01 3.715972602367401123e-02 3.883138597011566162e-01
6.414515376091003418e-01 3.728607296943664551e-02 3.872230350971221924e-01
6.581770181655883789e-01 3.744160383939743042e-02 3.865097761154174805e-01
6.748410463333129883e-01 3.776194900274276733e-02 3.864899277687072754e-01
6.915188431739807129e-01 3.830471634864807129e-02 3.869959115982055664e-01
7.080842256546020508e-01 3.912490233778953552e-02 3.873549997806549072e-01
7.242286205291748047e-01 4.004257544875144958e-02 3.877742290496826172e-01
7.399451732635498047e-01 4.086074978113174438e-02 3.880328536033630371e-01
7.554460763931274414e-01 4.160160571336746216e-02 3.881316781044006348e-01
7.709027528762817383e-01 4.231997951865196228e-02 3.880517780780792236e-01
7.864314913749694824e-01 4.304748401045799255e-02 3.878168165683746338e-01
8.021636009216308594e-01 4.379507154226303101e-02 3.874049782752990723e-01
8.182338476181030273e-01 4.456978291273117065e-02 3.868033885955810547e-01
8.346797227859497070e-01 4.533781856298446655e-02 3.860450983047485352e-01
8.511977791786193848e-01 4.595835506916046143e-02 3.857111036777496338e-01
8.676970005035400391e-01 4.629490152001380920e-02 3.860628604888916016e-01
8.842779994010925293e-01 4.634813964366912842e-02 3.868274092674255371e-01
9.008087515830993652e-01 4.615132883191108704e-02 3.873801827430725098e-01
9.168713688850402832e-01 4.593619331717491150e-02 3.876950442790985107e-01
9.326299428939819336e-01 4.577944800257682800e-02 3.879488408565521240e-01
9.482805132865905762e-01 4.562496021389961243e-02 3.881449699401855469e-01
9.639328122138977051e-01 4.542854800820350647e-02 3.880842924118041992e-01
9.796745777130126953e-01 4.516195505857467651e-02 3.876928985118865967e-01
9.956402778625488281e-01 4.480462521314620972e-02 3.869967758655548096e-01
1.011963605880737305e+00 4.435407742857933044e-02 3.860162198543548584e-01
1.028534054756164551e+00 4.384703189134597778e-02 3.851672112941741943e-01
1.045028924942016602e+00 4.341983050107955933e-02 3.849583566188812256e-01
1.061518311500549316e+00 4.314071685075759888e-02 3.853532373905181885e-01
1.078041911125183105e+00 4.307050257921218872e-02 3.860737681388854980e-01
1.094423532485961914e+00 4.331953451037406921e-02 3.863873779773712158e-01
1.110483765602111816e+00 4.365951195359230042e-02 3.867571353912353516e-01
1.126168012619018555e+00 4.394580796360969543e-02 3.870051801204681396e-01
1.141680717468261719e+00 4.419842734932899475e-02 3.871372044086456299e-01
1.157189607620239258e+00 4.445748403668403625e-02 3.871045410633087158e-01
1.172811865806579590e+00 4.475183784961700439e-02 3.868847489356994629e-01
1.188681960105895996e+00 4.508991166949272156e-02 3.864488899707794189e-01
1.204917669296264648e+00 4.546716436743736267e-02 3.857719600200653076e-01
1.221429824829101562e+00 4.580454900860786438e-02 3.850905895233154297e-01
1.237911581993103027e+00 4.594083875417709351e-02 3.849870562553405762e-01
1.254410743713378906e+00 4.579645022749900818e-02 3.855538666248321533e-01
1.271009087562561035e+00 4.537238925695419312e-02 3.864363133907318115e-01
1.287473201751708984e+00 4.470419511198997498e-02 3.869918286800384521e-01
1.303505301475524902e+00 4.403848946094512939e-02 3.873010277748107910e-01
1.319273591041564941e+00 4.342630133032798767e-02 3.875837326049804688e-01
1.334951519966125488e+00 4.281425848603248596e-02 3.877834677696228027e-01
1.350638985633850098e+00 4.215422272682189941e-02 3.877030313014984131e-01
1.366431593894958496e+00 4.141445830464363098e-02 3.872786462306976318e-01
1.382471799850463867e+00 4.057442396879196167e-02 3.865341246128082275e-01
1.398881912231445312e+00 3.962817788124084473e-02 3.855062425136566162e-01
1.415488362312316895e+00 3.862636536359786987e-02 3.847211003303527832e-01
1.431997299194335938e+00 3.771368041634559631e-02 3.845869302749633789e-01
1.448508739471435547e+00 3.694268316030502319e-02 3.850333094596862793e-01
1.465053439140319824e+00 3.638235852122306824e-02 3.857583105564117432e-01
1.481417417526245117e+00 3.613726049661636353e-02 3.860486745834350586e-01
1.497417926788330078e+00 3.597905859351158142e-02 3.862815797328948975e-01
1.513052582740783691e+00 3.577510640025138855e-02 3.864258825778961182e-01
1.528545618057250977e+00 3.555044531822204590e-02 3.865104615688323975e-01
1.544054031372070312e+00 3.533825278282165527e-02 3.864688873291015625e-01
1.559694647789001465e+00 3.516075760126113892e-02 3.862475156784057617e-01
1.575602173805236816e+00 3.502424806356430054e-02 3.858037590980529785e-01
1.591870188713073730e+00 3.491091728210449219e-02 3.851062357425689697e-01
1.608338356018066406e+00 3.471970930695533752e-02 3.845158517360687256e-01
1.624753594398498535e+00 3.430420160293579102e-02 3.845551013946533203e-01
1.641206145286560059e+00 3.360360860824584961e-02 3.852613568305969238e-01
1.657769083976745605e+00 3.262415155768394470e-02 3.862372040748596191e-01
1.674178957939147949e+00 3.142402693629264832e-02 3.868941962718963623e-01
1.690178155899047852e+00 3.025631979107856750e-02 3.872724771499633789e-01
1.705922961235046387e+00 2.915793284773826599e-02 3.875968158245086670e-01
1.721571087837219238e+00 2.807083353400230408e-02 3.878244161605834961e-01
1.737223982810974121e+00 2.694500610232353210e-02 3.877679407596588135e-01
1.752988457679748535e+00 2.574836462736129761e-02 3.873620629310607910e-01
1.769009113311767578e+00 2.445628866553306580e-02 3.866246640682220459e-01
1.785405278205871582e+00 2.305594086647033691e-02 3.855974376201629639e-01
1.802010536193847656e+00 2.159130387008190155e-02 3.848009705543518066e-01
1.818515300750732422e+00 2.021160721778869629e-02 3.846534490585327148e-01
1.835015416145324707e+00 1.896738819777965546e-02 3.850674331188201904e-01
1.851542949676513672e+00 1.792677491903305054e-02 3.857441544532775879e-01
1.867885589599609375e+00 1.719982177019119263e-02 3.859713971614837646e-01
1.883871197700500488e+00 1.657601445913314819e-02 3.861645162105560303e-01
1.899493694305419922e+00 1.591857336461544037e-02 3.862842619419097900e-01
1.914975285530090332e+00 1.524911075830459595e-02 3.863501250743865967e-01
1.930472970008850098e+00 1.459249854087829590e-02 3.862937986850738525e-01
1.946102142333984375e+00 1.396626885980367661e-02 3.860602378845214844e-01
1.961995124816894531e+00 1.337659172713756561e-02 3.855981528759002686e-01
1.978239774703979492e+00 1.279948744922876358e-02 3.848780691623687744e-01
1.994666934013366699e+00 1.212501060217618942e-02 3.842787742614746094e-01
2.011037349700927734e+00 1.121812779456377029e-02 3.843030631542205811e-01
2.027445316314697266e+00 1.001882087439298630e-02 3.850160837173461914e-01
2.043968200683593750e+00 8.533568121492862701e-03 3.860323131084442139e-01
2.060352087020874023e+00 6.825267337262630463e-03 3.867124617099761963e-01
2.076304674148559570e+00 5.166748538613319397e-03 3.871242702007293701e-01
2.091992616653442383e+00 3.599806688725948334e-03 3.874737918376922607e-01
2.107569456100463867e+00 2.059861551970243454e-03 3.877332210540771484e-01
2.123143196105957031e+00 4.921101499348878860e-04 3.877167999744415283e-01
2.138823747634887695e+00 -1.135696074925363064e-03 3.873479962348937988e-01
2.154752254486083984e+00 -2.854113932698965073e-03 3.866380453109741211e-01
2.171053171157836914e+00 -4.683978855609893799e-03 3.856249153614044189e-01
2.187615394592285156e+00 -6.602851673960685730e-03 3.847346901893615723e-01
2.204086303710937500e+00 -8.455657400190830231e-03 3.845049738883972168e-01
2.220530509948730469e+00 -1.018265634775161743e-02 3.848383724689483643e-01
2.237006664276123047e+00 -1.172996591776609421e-02 3.854926824569702148e-01
2.253336668014526367e+00 -1.297033485025167465e-02 3.857344090938568115e-01
2.269317150115966797e+00 -1.405764091759920120e-02 3.860418796539306641e-01
2.284921646118164062e+00 -1.516238413751125336e-02 3.862979710102081299e-01
2.300354957580566406e+00 -1.627066172659397125e-02 3.864586353302001953e-01
2.315787315368652344e+00 -1.735901087522506714e-02 3.864393830299377441e-01
2.331329345703125000e+00 -1.841203309595584869e-02 3.862220644950866699e-01
2.347112655639648438e+00 -1.942620240151882172e-02 3.857651054859161377e-01
2.363241195678710938e+00 -2.041734941303730011e-02 3.850465416908264160e-01
2.379616737365722656e+00 -2.148986980319023132e-02 3.843206465244293213e-01
2.395976781845092773e+00 -2.277840673923492432e-02 3.841150701045989990e-01
2.412343740463256836e+00 -2.435818314552307129e-02 3.846637904644012451e-01
2.428811550140380859e+00 -2.623783051967620850e-02 3.856780529022216797e-01
2.445239305496215820e+00 -2.838796377182006836e-02 3.864546418190002441e-01
2.461154222488403320e+00 -3.049694187939167023e-02 3.870515227317810059e-01
2.476742744445800781e+00 -3.248107805848121643e-02 3.874923586845397949e-01
2.492185831069946289e+00 -3.441392257809638977e-02 3.878338336944580078e-01
2.507593631744384766e+00 -3.635415807366371155e-02 3.879282474517822266e-01
2.523074150085449219e+00 -3.833411261439323425e-02 3.876748085021972656e-01
2.538763046264648438e+00 -4.039150103926658630e-02 3.870695829391479492e-01
2.554786205291748047e+00 -4.256075620651245117e-02 3.861508369445800781e-01
2.571169376373291016e+00 -4.486109316349029541e-02 3.850873112678527832e-01
2.587578058242797852e+00 -4.717836156487464905e-02 3.846080005168914795e-01
2.603904008865356445e+00 -4.939159378409385681e-02 3.847336173057556152e-01
2.620254993438720703e+00 -5.147719755768775940e-02 3.853248655796051025e-01
2.636593103408813477e+00 -5.332792550325393677e-02 3.858721852302551270e-01
2.652651548385620117e+00 -5.490893870592117310e-02 3.861701190471649170e-01
2.668278694152832031e+00 -5.647246539592742920e-02 3.863802552223205566e-01
2.683636903762817383e+00 -5.805425345897674561e-02 3.865506649017333984e-01
2.698941707611083984e+00 -5.961975082755088806e-02 3.866126239299774170e-01
2.714314699172973633e+00 -6.115821003913879395e-02 3.865065574645996094e-01
2.729880094528198242e+00 -6.266357004642486572e-02 3.861699700355529785e-01
2.745757341384887695e+00 -6.414080411195755005e-02 3.855726718902587891e-01
2.761958599090576172e+00 -6.566265970468521118e-02 3.847659826278686523e-01
2.778235673904418945e+00 -6.736671179533004761e-02 3.842408359050750732e-01
2.794454813003540039e+00 -6.934108585119247437e-02 3.844361901283264160e-01
2.810751199722290039e+00 -7.162941992282867432e-02 3.852877616882324219e-01
2.827136039733886719e+00 -7.421712577342987061e-02 3.862384855747222900e-01
2.843220233917236328e+00 -7.689947634935379028e-02 3.869090080261230469e-01
2.858938217163085938e+00 -7.947346568107604980e-02 3.872472643852233887e-01
2.874452352523803711e+00 -8.195886015892028809e-02 3.875136077404022217e-01
2.889884710311889648e+00 -8.441774547100067139e-02 3.876267671585083008e-01
2.905345916748046875e+00 -8.689478039741516113e-02 3.874496221542358398e-01
2.920962810516357422e+00 -8.942935615777969360e-02 3.869369924068450928e-01
2.936864137649536133e+00 -9.206736832857131958e-02 3.861020505428314209e-01
2.953127384185791016e+00 -9.484653174877166748e-02 3.850226998329162598e-01
2.969546794891357422e+00 -9.771045297384262085e-02 3.842835128307342529e-01
2.985846042633056641e+00 -1.004964485764503479e-01 3.842040002346038818e-01
3.002121210098266602e+00 -1.031748205423355103e-01 3.846500515937805176e-01
3.018422842025756836e+00 -1.056873053312301636e-01 3.853544294834136963e-01
3.034551143646240234e+00 -1.079102233052253723e-01 3.855981230735778809e-01
3.050281763076782227e+00 -1.099807247519493103e-01 3.858276307582855225e-01
3.065655231475830078e+00 -1.120484024286270142e-01 3.860391378402709961e-01
3.080895185470581055e+00 -1.140920594334602356e-01 3.861868679523468018e-01
3.096159934997558594e+00 -1.160963028669357300e-01 3.861449360847473145e-01
3.111560583114624023e+00 -1.180553659796714783e-01 3.858838379383087158e-01
3.127223014831542969e+00 -1.199722066521644592e-01 3.853662312030792236e-01
3.143231153488159180e+00 -1.218793317675590515e-01 3.845831155776977539e-01
3.159431934356689453e+00 -1.239082440733909607e-01 3.838921189308166504e-01
3.175608634948730469e+00 -1.261788606643676758e-01 3.837608397006988525e-01
3.191811561584472656e+00 -1.287533193826675415e-01 3.844015300273895264e-01
3.208121299743652344e+00 -1.316426247358322144e-01 3.854777216911315918e-01
3.224349498748779297e+00 -1.347900182008743286e-01 3.862416446208953857e-01
3.240070819854736328e+00 -1.378555595874786377e-01 3.867614865303039551e-01
3.255480289459228516e+00 -1.407758891582489014e-01 3.871818482875823975e-01
3.270748615264892578e+00 -1.436279416084289551e-01 3.875099420547485352e-01
3.285983085632324219e+00 -1.464775353670120239e-01 3.875753283500671387e-01
3.301300048828125000e+00 -1.493613719940185547e-01 3.872900307178497314e-01
3.316828966140747070e+00 -1.523243933916091919e-01 3.866425156593322754e-01
3.332683801651000977e+00 -1.554149091243743896e-01 3.856790661811828613e-01
