1.762771321416613773e+03 2.256984683000344205e+02 4.245051707232765352e+02
1.762772339724278254e+03 2.256529515009016222e+02 4.244911856031466186e+02
1.762772339724278254e+03 2.256529515009016222e+02 4.244911856031466186e+02
1.762713510093839659e+03 2.256735708600798205e+02 4.244822598502348683e+02
1.762644612569509036e+03 2.259156022951049749e+02 4.246041643493907713e+02
1.762494134701652229e+03 2.261156814267605455e+02 4.248158274301165420e+02
1.762378995144108558e+03 2.261951589156854823e+02 4.249469687575611943e+02
1.761978513564950617e+03 2.264444933287410322e+02 4.254093009396647176e+02
1.760970158110150805e+03 2.268508686849245919e+02 4.266321816373222759e+02
1.760589243502015051e+03 2.269261656856773186e+02 4.270311660686294317e+02
1.760125906291694719e+03 2.269066005636645684e+02 4.273946747691205132e+02
1.760125906291694719e+03 2.269066005636645684e+02 4.273946747691205132e+02
1.758584885997259562e+03 2.269393312894671340e+02 4.282924105034555851e+02
1.758116199758440416e+03 2.270244012126120765e+02 4.286330628406503820e+02
1.757112018979392133e+03 2.268922047563223430e+02 4.291466716282889138e+02
1.755716877107295659e+03 2.265598364765518795e+02 4.294742798151210081e+02
1.754399126837291988e+03 2.261274653008017879e+02 4.298856042603412675e+02
1.753627600816951372e+03 2.258669286439146902e+02 4.300256891933574934e+02
1.751811573672877103e+03 2.254232808268771748e+02 4.305132360328145182e+02
1.750160953829043365e+03 2.246925680405758783e+02 4.306915531187077022e+02
1.750160953829043365e+03 2.246925680405758783e+02 4.306915531187077022e+02
1.748923393206988294e+03 2.245994533742777719e+02 4.310426271519539227e+02
1.745704970456137062e+03 2.239729681571758420e+02 4.314944135968754040e+02
1.743232129210734001e+03 2.235740023077846104e+02 4.315734893889795103e+02
1.742066580292111894e+03 2.235378167537249112e+02 4.317112776272289807e+02
1.739440286888063838e+03 2.234236929105061336e+02 4.319749343868755318e+02
1.736627614352976707e+03 2.232925238447472225e+02 4.321294822891296121e+02
1.735332986595605462e+03 2.233723279778283484e+02 4.322144651822913488e+02
1.732333130525065599e+03 2.235072541717893557e+02 4.322637854717687560e+02
1.730780006327735919e+03 2.236574785549939861e+02 4.322976466100930679e+02
1.729169653599015874e+03 2.237308929852153483e+02 4.323265811014588849e+02
1.727590663377184683e+03 2.239410074828408028e+02 4.324666590831542976e+02
1.722704074704886352e+03 2.244028308372211882e+02 4.326347851686400645e+02
1.719401231655321226e+03 2.248457680437165607e+02 4.327576392289153659e+02
1.716136386685644766e+03 2.254420587373865317e+02 4.329333314056927406e+02
1.714462664819787278e+03 2.256235873114106596e+02 4.331043261915386893e+02
1.711236026261483630e+03 2.262390666210552013e+02 4.331950418993149015e+02
1.709636517497436216e+03 2.267406855353328865e+02 4.333636070473680206e+02
1.706319833747903886e+03 2.271782988376637604e+02 4.334339279539407244e+02
1.704572052947540669e+03 2.273969166163094258e+02 4.334157761733418965e+02
1.701294321018652681e+03 2.280244488931353146e+02 4.336840477586954421e+02
1.697117096363426754e+03 2.298413267948480438e+02 4.369351074337328100e+02
1.695373656876382029e+03 2.303856843844339721e+02 4.368509843244966646e+02
1.690171477854518116e+03 2.311067072906095063e+02 4.376946176931527361e+02
1.688353915960745098e+03 2.313695669704497107e+02 4.377924337367660428e+02
1.686490672849180555e+03 2.316060839317133855e+02 4.380903495891832904e+02
1.682652689221837818e+03 2.320074132249271202e+02 4.384624811206007280e+02
1.678911635360030232e+03 2.328421041383767545e+02 4.393839225724532866e+02
1.677045718052310349e+03 2.331031472716832411e+02 4.392682864602510904e+02
1.674965854523766893e+03 2.335643072637113278e+02 4.399269419097774403e+02
1.671097666957787396e+03 2.343987016523499847e+02 4.398580450497526613e+02
1.667231929717584762e+03 2.355750851308657161e+02 4.409257668129980630e+02
1.665291006082111608e+03 2.360740272028598099e+02 4.410288383040613667e+02
1.661350064436583352e+03 2.372142964064919965e+02 4.414948481956099613e+02
1.659361703756297402e+03 2.376724244537087998e+02 4.415537921959266896e+02
1.655181974267139140e+03 2.389320201482233585e+02 4.420288492733882890e+02
1.654081124196729434e+03 2.388698560319602677e+02 4.398961459735771200e+02
1.650111226601103226e+03 2.397392542335326766e+02 4.402182502213659632e+02
1.646020933593341852e+03 2.414300805791693563e+02 4.420928853841917885e+02
1.641995864221092006e+03 2.427043771925924602e+02 4.421175199255209805e+02
1.639980178745240664e+03 2.433460055293651294e+02 4.419694726194750842e+02
1.636029400770398297e+03 2.444424496891141700e+02 4.422275917553396312e+02
1.633872171184626268e+03 2.451326023969634491e+02 4.423084043944470523e+02
1.629973231238846211e+03 2.463424144231614150e+02 4.422322307299838258e+02
1.627796338127828221e+03 2.469689521832757748e+02 4.423156278077061643e+02
1.623913344609704382e+03 2.479168062253359324e+02 4.420495771806653806e+02
1.619920226387550429e+03 2.493548105664188199e+02 4.420710944648528766e+02
1.615902954334676906e+03 2.503344731282281543e+02 4.417843339909161955e+02
1.615902954334676906e+03 2.503344731282281543e+02 4.417843339909161955e+02
1.613949313358014251e+03 2.507492324798546974e+02 4.415690755484342844e+02
1.608195294611716236e+03 2.521226870994666456e+02 4.392645202925780836e+02
1.604144451522503005e+03 2.529190887348238732e+02 4.385226869741683231e+02
1.602155448159817070e+03 2.534310549028552657e+02 4.382670000596481827e+02
1.598442584987206374e+03 2.543392170032323065e+02 4.374841684654114147e+02
1.596345910108418138e+03 2.542618697961148655e+02 4.371440001412502738e+02
1.592513227053990022e+03 2.544336696901104062e+02 4.368769501271987679e+02
1.590755019702644631e+03 2.546773410675765206e+02 4.367078722128876507e+02
1.586681204540715953e+03 2.554209559341714169e+02 4.361405874200415269e+02
1.582722420424973279e+03 2.557064506259071095e+02 4.353069262405214772e+02
1.578657804689923751e+03 2.564132324589336349e+02 4.344242520446175035e+02
1.576428908289395167e+03 2.568344252896847024e+02 4.341892376885862177e+02
1.574674258259837643e+03 2.570817083999342003e+02 4.338556384929777892e+02
1.572334158272032710e+03 2.573405999152609525e+02 4.333639794506597127e+02
1.567995939612878374e+03 2.580090505489711745e+02 4.325308946699320813e+02
1.563585787287473750e+03 2.588633917706439433e+02 4.320883589111748506e+02
1.556832405090870452e+03 2.595595455741453748e+02 4.308226100796631499e+02
1.554473322740392859e+03 2.599961656545140727e+02 4.302158433381057421e+02
1.549895186706247387e+03 2.604706223117512423e+02 4.294842345313945202e+02
1.547668997633344134e+03 2.609094045003675433e+02 4.294342506874886567e+02
1.543105903159089394e+03 2.614451446611787446e+02 4.285703214066274995e+02
1.540586527247457980e+03 2.611520255216704527e+02 4.276530947249747783e+02
1.540586527247457980e+03 2.611520255216704527e+02 4.276530947249747783e+02
1.538343420705456538e+03 2.618582085006697753e+02 4.272739125486672833e+02
1.533624680574665490e+03 2.624792997713701652e+02 4.273563650709805870e+02
1.524386817752157867e+03 2.633421129799834262e+02 4.255445215703833242e+02
1.522162999150793667e+03 2.631861440363276756e+02 4.254385217395763448e+02
1.517201049858210354e+03 2.636086692649482757e+02 4.246441540709663514e+02
1.514767242818585373e+03 2.637670109351065548e+02 4.239662081123836970e+02
1.510548330123312326e+03 2.641571952400070131e+02 4.235833744292618235e+02
1.508052959119060688e+03 2.641731553380561195e+02 4.229845301825725983e+02
1.505758291909123045e+03 2.645588242975861704e+02 4.227550032979024763e+02
1.503307620161338718e+03 2.643208543103645525e+02 4.221043378338642356e+02
1.499005296835201307e+03 2.650744309047938145e+02 4.216418090411611388e+02
1.492270626262404676e+03 2.658428422288114348e+02 4.206667819785160418e+02
1.487813160270469552e+03 2.659145021332994361e+02 4.194675237287623304e+02
1.485788952941190701e+03 2.663940568130115025e+02 4.197326048136860663e+02
1.483497447417280455e+03 2.665971169959827876e+02 4.192730701007868674e+02
1.479080411584182457e+03 2.671119078664468134e+02 4.188191175829934423e+02
1.477094768183841097e+03 2.668737598793114216e+02 4.182955321312119281e+02
1.472385707861370520e+03 2.677728700130014090e+02 4.181336733953397697e+02
1.472385707861370520e+03 2.677728700130014090e+02 4.181336733953397697e+02
1.464126771133157263e+03 2.685907873216151529e+02 4.175205171874161465e+02
1.461961062702012214e+03 2.688600879888069812e+02 4.171749315478788276e+02
1.459589908855310568e+03 2.692865687139023976e+02 4.170567531327080246e+02
1.455508817812735060e+03 2.699678876576676885e+02 4.168833555548687286e+02
1.451108893119343065e+03 2.703277162172438466e+02 4.165689016986409570e+02
1.446555589671247162e+03 2.707867116882794676e+02 4.160907182335664061e+02
1.444606965116233368e+03 2.710299059281659311e+02 4.164278996573469271e+02
1.440205523675242375e+03 2.718880111709324296e+02 4.162100200316970131e+02
1.438133503811105356e+03 2.721266589026161000e+02 4.161871106689632711e+02
1.433850663629450082e+03 2.731562157900054899e+02 4.163142580124252845e+02
1.429102252037034759e+03 2.744426804232962809e+02 4.157943986143159236e+02
1.427063432471114083e+03 2.749996969386166938e+02 4.156706823672424207e+02
1.425286940708284874e+03 2.751061907447199246e+02 4.156769004465459147e+02
1.420998937172095566e+03 2.763838064945030055e+02 4.156152260365635129e+02
1.416402177125465414e+03 2.775118390408586038e+02 4.157157174884742972e+02
1.414121986964134976e+03 2.780613324020461050e+02 4.152815578201001472e+02
1.407509791446513418e+03 2.799638805309261897e+02 4.151220501144356945e+02
1.405091203669454217e+03 2.803714812135405055e+02 4.144328797204181569e+02
1.403054319512563097e+03 2.808183837900756998e+02 4.144795888821734025e+02
1.398094154223952046e+03 2.823223914874571960e+02 4.133977373868538621e+02
1.393595328882741569e+03 2.834788519480949844e+02 4.127786788290211462e+02
1.391212657631973116e+03 2.838963158238020696e+02 4.124193419225418324e+02
1.386697717058731541e+03 2.850240121219109710e+02 4.118433883346264111e+02
1.382698141030447005e+03 2.863747750412604205e+02 4.115573597454955461e+02
1.380115283658280305e+03 2.872447441820842755e+02 4.110446441119349856e+02
1.375608000727987246e+03 2.882755606939993527e+02 4.102670956071573301e+02
1.373270144645645587e+03 2.889696856596714269e+02 4.097124442602333829e+02
1.371052374202982037e+03 2.898610798556476311e+02 4.094260109827910128e+02
1.371052374202982037e+03 2.898610798556476311e+02 4.094260109827910128e+02
1.361714072862994726e+03 2.929085026596089278e+02 4.076934307562077606e+02
1.357400995265251822e+03 2.950786944642229059e+02 4.075190136933860572e+02
1.355286848503825695e+03 2.958764662862774912e+02 4.071921707627686828e+02
1.349760437791963341e+03 2.971108166460572306e+02 4.048663144510000507e+02
1.347882152341946039e+03 2.983302027604050295e+02 4.052870075487306849e+02
1.343008427466419334e+03 2.999247575324815216e+02 4.042888812209804996e+02
1.340781324125709716e+03 3.006729226511561706e+02 4.042111927330564640e+02
1.336351205107656142e+03 3.020759983688545844e+02 4.035753632899933336e+02
1.333944459243303299e+03 3.025368793207015869e+02 4.030976109813506127e+02
1.331532032910977932e+03 3.032779814199341786e+02 4.023712420672650865e+02
1.325098386824932732e+03 3.051088778704740321e+02 4.015961026823094926e+02
1.319992273120252548e+03 3.061362283950736582e+02 3.999852397946913243e+02
1.317876954534711558e+03 3.068366095766765511e+02 3.999493799592794971e+02
1.312815556215648257e+03 3.089145287381454068e+02 3.990241924287493021e+02
1.312815556215648257e+03 3.089145287381454068e+02 3.990241924287493021e+02
1.305086739973833346e+03 3.119952503135498887e+02 3.979033872634718705e+02
1.303072383140873853e+03 3.123272758065878634e+02 3.978040712500899190e+02
1.297994060174701644e+03 3.139954709177541758e+02 3.971562234000546709e+02
1.292797009104133849e+03 3.155700693227714169e+02 3.962728333068245092e+02
1.287556595379703140e+03 3.172243339234043447e+02 3.953966484757617081e+02
1.284681585231762938e+03 3.182586838156734643e+02 3.945941472237979042e+02
1.282345245507274058e+03 3.190188205137314981e+02 3.944903598730578551e+02
1.279611183095186561e+03 3.198181466670596365e+02 3.939836999557269337e+02
1.271277747856564929e+03 3.219493401463589635e+02 3.922670226969310647e+02
1.268400654813408892e+03 3.227209569650244703e+02 3.916299340913751621e+02
1.263047098577979341e+03 3.242944828196436902e+02 3.909276655743288416e+02
1.260123040202953462e+03 3.250656318205577122e+02 3.903115290320779991e+02
1.254198107645949676e+03 3.265239629230788978e+02 3.889091832967928326e+02
1.251532896814073638e+03 3.271669383856424815e+02 3.887467818718678245e+02
1.246182101373417709e+03 3.283579502478195877e+02 3.883283404264822707e+02
1.241245948114654084e+03 3.298918152612186532e+02 3.877781325643453556e+02
1.241245948114654084e+03 3.298918152612186532e+02 3.877781325643453556e+02
1.235137910223318158e+03 3.321847639028084131e+02 3.875993643082042581e+02
1.231538947263328737e+03 3.335414782017055018e+02 3.877309258449599270e+02
1.229969163380596228e+03 3.342927654855344599e+02 3.880971850462113366e+02
1.226574411292995364e+03 3.353977847481837671e+02 3.883434004681145097e+02
1.223379987283971786e+03 3.364925167169649285e+02 3.888019077136517581e+02
1.221540313906592473e+03 3.371212001143092039e+02 3.887198632666255662e+02
1.218821932369614160e+03 3.382127122066746097e+02 3.898249872890791039e+02
1.215825801316550951e+03 3.393774745428882511e+02 3.907061611623361159e+02
1.214265733314397494e+03 3.401355295442517104e+02 3.911203111738561802e+02
1.211407064129020227e+03 3.413256213491114863e+02 3.921937008187699689e+02
1.209995238425662365e+03 3.421082457210451366e+02 3.927057893690900983e+02
1.207040009130732415e+03 3.433972407066722781e+02 3.937279411498442414e+02
1.205636715483639136e+03 3.441226856027669214e+02 3.943157775985900457e+02
1.201956233052187599e+03 3.460737627979750073e+02 3.947294267917101820e+02
1.200831239785469961e+03 3.462523543328827031e+02 3.955450290389487122e+02
1.197926448379356998e+03 3.475820003195265144e+02 3.967971333850963447e+02
1.194749998029303697e+03 3.491037516407606063e+02 3.979214307755835875e+02
1.191659036421330711e+03 3.504453338018050772e+02 3.990978344785355603e+02
1.190178396663679450e+03 3.511112387626672557e+02 3.997372813312183553e+02
1.186884492954868165e+03 3.525369481688103406e+02 4.008302649943393021e+02
1.185150927597310329e+03 3.531103535492861170e+02 4.011882477481317437e+02
1.181680210329574265e+03 3.541927589891525372e+02 4.022940973691662521e+02
1.180196192349720377e+03 3.549122590093343774e+02 4.030592364534762169e+02
1.178421534237260857e+03 3.555101065346711948e+02 4.034700969751737034e+02
1.173138270630470060e+03 3.571222988420236106e+02 4.049325114642989547e+02
1.173138270630470060e+03 3.571222988420236106e+02 4.049325114642989547e+02
1.173138270630470060e+03 3.571222988420236106e+02 4.049325114642989547e+02
1.173138270630470060e+03 3.571222988420236106e+02 4.049325114642989547e+02
1.173138270630470060e+03 3.571222988420236106e+02 4.049325114642989547e+02
1.173138270630470060e+03 3.571222988420236106e+02 4.049325114642989547e+02
1.173138270630470060e+03 3.571222988420236106e+02 4.049325114642989547e+02
1.173138270630470060e+03 3.571222988420236106e+02 4.049325114642989547e+02
1.173138270630470060e+03 3.571222988420236106e+02 4.049325114642989547e+02
1.173138270630470060e+03 3.571222988420236106e+02 4.049325114642989547e+02
1.173138270630470060e+03 3.571222988420236106e+02 4.049325114642989547e+02
1.173138270630470060e+03 3.571222988420236106e+02 4.049325114642989547e+02
1.173138270630470060e+03 3.571222988420236106e+02 4.049325114642989547e+02
1.173138270630470060e+03 3.571222988420236106e+02 4.049325114642989547e+02
1.173138270630470060e+03 3.571222988420236106e+02 4.049325114642989547e+02
1.173138270630470060e+03 3.571222988420236106e+02 4.049325114642989547e+02
1.173138270630470060e+03 3.571222988420236106e+02 4.049325114642989547e+02
1.173138270630470060e+03 3.571222988420236106e+02 4.049325114642989547e+02
1.173138270630470060e+03 3.571222988420236106e+02 4.049325114642989547e+02
1.173138270630470060e+03 3.571222988420236106e+02 4.049325114642989547e+02
1.173138270630470060e+03 3.571222988420236106e+02 4.049325114642989547e+02
1.173138270630470060e+03 3.571222988420236106e+02 4.049325114642989547e+02
1.173138270630470060e+03 3.571222988420236106e+02 4.049325114642989547e+02
1.173138270630470060e+03 3.571222988420236106e+02 4.049325114642989547e+02
1.173138270630470060e+03 3.571222988420236106e+02 4.049325114642989547e+02
1.173138270630470060e+03 3.571222988420236106e+02 4.049325114642989547e+02
1.173138270630470060e+03 3.571222988420236106e+02 4.049325114642989547e+02
1.173138270630470060e+03 3.571222988420236106e+02 4.049325114642989547e+02
1.173138270630470060e+03 3.571222988420236106e+02 4.049325114642989547e+02
1.173138270630470060e+03 3.571222988420236106e+02 4.049325114642989547e+02
1.173138270630470060e+03 3.571222988420236106e+02 4.049325114642989547e+02
1.173138270630470060e+03 3.571222988420236106e+02 4.049325114642989547e+02
1.173138270630470060e+03 3.571222988420236106e+02 4.049325114642989547e+02
1.173138270630470060e+03 3.571222988420236106e+02 4.049325114642989547e+02
1.173138270630470060e+03 3.571222988420236106e+02 4.049325114642989547e+02
1.173138270630470060e+03 3.571222988420236106e+02 4.049325114642989547e+02
1.173138270630470060e+03 3.571222988420236106e+02 4.049325114642989547e+02
1.173138270630470060e+03 3.571222988420236106e+02 4.049325114642989547e+02
1.173138270630470060e+03 3.571222988420236106e+02 4.049325114642989547e+02
1.173138270630470060e+03 3.571222988420236106e+02 4.049325114642989547e+02
1.173138270630470060e+03 3.571222988420236106e+02 4.049325114642989547e+02
1.173138270630470060e+03 3.571222988420236106e+02 4.049325114642989547e+02
1.173138270630470060e+03 3.571222988420236106e+02 4.049325114642989547e+02
1.173138270630470060e+03 3.571222988420236106e+02 4.049325114642989547e+02
1.173138270630470060e+03 3.571222988420236106e+02 4.049325114642989547e+02
1.173138270630470060e+03 3.571222988420236106e+02 4.049325114642989547e+02
1.173138270630470060e+03 3.571222988420236106e+02 4.049325114642989547e+02
1.173138270630470060e+03 3.571222988420236106e+02 4.049325114642989547e+02
1.173138270630470060e+03 3.571222988420236106e+02 4.049325114642989547e+02
1.173138270630470060e+03 3.571222988420236106e+02 4.049325114642989547e+02
1.173138270630470060e+03 3.571222988420236106e+02 4.049325114642989547e+02
1.173138270630470060e+03 3.571222988420236106e+02 4.049325114642989547e+02
1.173138270630470060e+03 3.571222988420236106e+02 4.049325114642989547e+02
1.173138270630470060e+03 3.571222988420236106e+02 4.049325114642989547e+02
1.173138270630470060e+03 3.571222988420236106e+02 4.049325114642989547e+02
1.173138270630470060e+03 3.571222988420236106e+02 4.049325114642989547e+02
1.173138270630470060e+03 3.571222988420236106e+02 4.049325114642989547e+02
1.173138270630470060e+03 3.571222988420236106e+02 4.049325114642989547e+02
1.173138270630470060e+03 3.571222988420236106e+02 4.049325114642989547e+02
1.173138270630470060e+03 3.571222988420236106e+02 4.049325114642989547e+02
1.173138270630470060e+03 3.571222988420236106e+02 4.049325114642989547e+02
1.173138270630470060e+03 3.571222988420236106e+02 4.049325114642989547e+02
1.173138270630470060e+03 3.571222988420236106e+02 4.049325114642989547e+02
1.173138270630470060e+03 3.571222988420236106e+02 4.049325114642989547e+02
1.173138270630470060e+03 3.571222988420236106e+02 4.049325114642989547e+02
1.173138270630470060e+03 3.571222988420236106e+02 4.049325114642989547e+02
1.173138270630470060e+03 3.571222988420236106e+02 4.049325114642989547e+02
1.173138270630470060e+03 3.571222988420236106e+02 4.049325114642989547e+02
1.173138270630470060e+03 3.571222988420236106e+02 4.049325114642989547e+02
1.173138270630470060e+03 3.571222988420236106e+02 4.049325114642989547e+02
1.173138270630470060e+03 3.571222988420236106e+02 4.049325114642989547e+02
1.173138270630470060e+03 3.571222988420236106e+02 4.049325114642989547e+02
1.173138270630470060e+03 3.571222988420236106e+02 4.049325114642989547e+02
1.173138270630470060e+03 3.571222988420236106e+02 4.049325114642989547e+02
1.173138270630470060e+03 3.571222988420236106e+02 4.049325114642989547e+02
1.173138270630470060e+03 3.571222988420236106e+02 4.049325114642989547e+02
1.173138270630470060e+03 3.571222988420236106e+02 4.049325114642989547e+02
1.173138270630470060e+03 3.571222988420236106e+02 4.049325114642989547e+02
1.173138270630470060e+03 3.571222988420236106e+02 4.049325114642989547e+02
1.173138270630470060e+03 3.571222988420236106e+02 4.049325114642989547e+02
1.173138270630470060e+03 3.571222988420236106e+02 4.049325114642989547e+02
1.173138270630470060e+03 3.571222988420236106e+02 4.049325114642989547e+02
8.950276548869729822e+02 3.980844153036778152e+02 4.356115535743603004e+02
8.902620158089036977e+02 3.983876024869259140e+02 4.350840465977707936e+02
8.902620158089036977e+02 3.983876024869259140e+02 4.350840465977707936e+02
8.832754532587402991e+02 3.985516072901518783e+02 4.349345026001387282e+02
8.782327791836701181e+02 3.985542973264623470e+02 4.346854546487232369e+02
8.733119382397520667e+02 3.985629482891955604e+02 4.350146814299845914e+02
8.707909644926938881e+02 3.984963242824135818e+02 4.350597589883854539e+02
8.658429905222798197e+02 3.985479712545642883e+02 4.351581224747329770e+02
8.610966634585865904e+02 3.984526107150387020e+02 4.356009490558196262e+02
8.586442063677051237e+02 3.983754304081814439e+02 4.353402815474169074e+02
8.536762669922105715e+02 3.985736054596470694e+02 4.360134066042219274e+02
8.513039518689930674e+02 3.986224697433888764e+02 4.361299358689521455e+02
8.490886261270450177e+02 3.983971987635263190e+02 4.363054770254593677e+02
8.443724304413275377e+02 3.984214425661009500e+02 4.365943399612608573e+02
8.397309694263356050e+02 3.984093208942474007e+02 4.367520108375310315e+02
8.351777963301365162e+02 3.984978323438334087e+02 4.370657195306357607e+02
8.328100787422137046e+02 3.987004667028288623e+02 4.373422697090791189e+02
8.282874702400688420e+02 3.989928150582449007e+02 4.375684777423132346e+02
8.240176937051405730e+02 3.991150685639549920e+02 4.380286913719033350e+02
8.216246341778856959e+02 3.992987202292981692e+02 4.378216508844160444e+02
8.195216114698175716e+02 3.994787005146590104e+02 4.379788861725778020e+02
8.172381191047454649e+02 3.996716388993315263e+02 4.378968389062671349e+02
8.108140455397493724e+02 4.001807897046130620e+02 4.379978790842415037e+02
8.067282009928584330e+02 4.005109191526085510e+02 4.380307977887638913e+02
8.067282009928584330e+02 4.005109191526085510e+02 4.380307977887638913e+02
8.002035367604673866e+02 4.010506187540799488e+02 4.374321922206634099e+02
7.979888150557206927e+02 4.012647589160391135e+02 4.371899811243930571e+02
7.961442514178974079e+02 4.013853285695100794e+02 4.372409042633800027e+02
7.918638252319143476e+02 4.016868781331502873e+02 4.368053460449488057e+02
7.895472791391867986e+02 4.018936333717712159e+02 4.362130494133656953e+02
7.853955345636123866e+02 4.021735153120229711e+02 4.357280443469400097e+02
7.853955345636123866e+02 4.021735153120229711e+02 4.357280443469400097e+02
7.770499085934130790e+02 4.026005092399974501e+02 4.345397126556383114e+02
7.726678643528592829e+02 4.028348155140659514e+02 4.340612168326558162e+02
7.705765202302499119e+02 4.030007732777069691e+02 4.336649751230989978e+02
7.662378510978828672e+02 4.036845528862410220e+02 4.338954679165590278e+02
7.640612129966744988e+02 4.039710172956094425e+02 4.336239568229950692e+02
7.596798448893472369e+02 4.050660640026415535e+02 4.338250030119193639e+02
7.552134744137257485e+02 4.060135699642103759e+02 4.344026263278574334e+02
7.510599543136022476e+02 4.068362835764986016e+02 4.350911780847635555e+02
7.489540927409352662e+02 4.072045933159552078e+02 4.354202360867703305e+02
7.469267799231330400e+02 4.075995551907125787e+02 4.358655322485365673e+02
7.424436049423978830e+02 4.082665299927243154e+02 4.361260087282793734e+02
7.381829324936259127e+02 4.088053778430483476e+02 4.364845186061587015e+02
7.360402391431584874e+02 4.090174359781753992e+02 4.367607705451772517e+02
7.317312251528107936e+02 4.095092131166625791e+02 4.371099049545074422e+02
7.297313762660157863e+02 4.096448027924411122e+02 4.373768687199014948e+02
7.252903648807939589e+02 4.100411060571682356e+02 4.373870643357200834e+02
7.208880306015711312e+02 4.105492660906508604e+02 4.371508822070292126e+02
7.186278514323024638e+02 4.109542996789176073e+02 4.372664410402621797e+02
7.143214457705977338e+02 4.114758448357044358e+02 4.373151767918203632e+02
7.121577844820725431e+02 4.119104307161205725e+02 4.373617036253951369e+02
7.075945017059081010e+02 4.126985125504040752e+02 4.374006366776048367e+02
7.030471396144860137e+02 4.137992999689413978e+02 4.374290571030319370e+02
7.007286372582573222e+02 4.140432379162041912e+02 4.373001697043772538e+02
6.960524756998323710e+02 4.149548791156340144e+02 4.372197486238318902e+02
6.913472712842941519e+02 4.157876768159425183e+02 4.370192022558542817e+02
6.866284656823989963e+02 4.167173650845672910e+02 4.368130591147001383e+02
6.841136767625289394e+02 4.171480746277615594e+02 4.366984009270165643e+02
6.816509368661178314e+02 4.175839239735074671e+02 4.365053860559473833e+02
6.766507868797298215e+02 4.185708530364836406e+02 4.364286029176052466e+02
6.743021385054425991e+02 4.188602810359029149e+02 4.362874189033126981e+02
6.715903131439417848e+02 4.192950999843798172e+02 4.359514189578195555e+02
6.715903131439417848e+02 4.192950999843798172e+02 4.359514189578195555e+02
6.614627397164263130e+02 4.210239240980324098e+02 4.355182598339309834e+02
6.559963992648922613e+02 4.219892976541754592e+02 4.349842222082589842e+02
6.533988304852398414e+02 4.225396735839950111e+02 4.349089278539536849e+02
6.480650094842268345e+02 4.233153388073259862e+02 4.344015919369549010e+02
6.453031746424999255e+02 4.239720531477328791e+02 4.342847579205442798e+02
6.376435214108402079e+02 4.254721500071246396e+02 4.338736399460693178e+02
6.351050118135208322e+02 4.259341488515362926e+02 4.337312227487065570e+02
6.325651265830742886e+02 4.266835568110820986e+02 4.336522931865058581e+02
6.283131769295476943e+02 4.277869134023275137e+02 4.340501488071570293e+02
6.239254144791154886e+02 4.289032862984922758e+02 4.341541197229716431e+02
6.215571741537168009e+02 4.295786765918489891e+02 4.340432793970632588e+02
6.173224734988813225e+02 4.308483039222887783e+02 4.339633618773600006e+02
6.156940153497286019e+02 4.312521477438282886e+02 4.344427930150658312e+02
6.120935723523371053e+02 4.320637996994235550e+02 4.345744356378315842e+02
6.101129343139929233e+02 4.325094163175318727e+02 4.346530663822445035e+02
6.048648618834674835e+02 4.339960560045529405e+02 4.349744772790544971e+02
6.032125162743571991e+02 4.343089274210728945e+02 4.351002815890587385e+02
6.016130599924579201e+02 4.347728656589796401e+02 4.352642591135415842e+02
5.981366247681766026e+02 4.356543376865721484e+02 4.354812483088441013e+02
5.947375408039237072e+02 4.365175736625206468e+02 4.358084354334437762e+02
5.930115646148352653e+02 4.369252243279507297e+02 4.359708556105649109e+02
5.894126686053710955e+02 4.379602776983535932e+02 4.362051029149268402e+02
5.860657468170952598e+02 4.388815551057177800e+02 4.367269930075331672e+02
5.843955442253203501e+02 4.394025539477563598e+02 4.368089331396942043e+02
5.807318959863497412e+02 4.405597437479072482e+02 4.370121388648839797e+02
5.774352199503175598e+02 4.418396141074078969e+02 4.375721316697126895e+02
5.754525314954047417e+02 4.424531711224288415e+02 4.374701445455421549e+02
5.754525314954047417e+02 4.424531711224288415e+02 4.374701445455421549e+02
5.737212894019536407e+02 4.431149891033409745e+02 4.376076732859904723e+02
5.663393784737975238e+02 4.456606532382469936e+02 4.381453186920289795e+02
5.643142461796139742e+02 4.463440467751840970e+02 4.382919382798723404e+02
5.607364947942664912e+02 4.475794421738469850e+02 4.385496676178671009e+02
5.589346794463480137e+02 4.481558077741776174e+02 4.387040943282393073e+02
5.549869511642413045e+02 4.495488472888389424e+02 4.387766154852322984e+02
5.513222266018977962e+02 4.505776572905760418e+02 4.391673044273958340e+02
5.495462107898686099e+02 4.512041299062157123e+02 4.394959604507991457e+02
5.455482603798477612e+02 4.523440553642976170e+02 4.396728975507882069e+02
5.435280789240136983e+02 4.529805307873053835e+02 4.396187460679400942e+02
5.400123364204079053e+02 4.540239344425801846e+02 4.400381121364210912e+02
5.365403155407760778e+02 4.550994284763473274e+02 4.403280764070823352e+02
5.345357536230735604e+02 4.556130713132505434e+02 4.401723177923022376e+02
5.305783228697754339e+02 4.568762398437513070e+02 4.400313730583290521e+02
5.272763611941725230e+02 4.577418777860339105e+02 4.404698395864863301e+02
5.256713386583361398e+02 4.583302484445396772e+02 4.406837711621667495e+02
5.233198539194365821e+02 4.590314170732894468e+02 4.402006991816144250e+02
5.214080077766373051e+02 4.595419310685219330e+02 4.401463839909617377e+02
5.197575185925146570e+02 4.599212534037258706e+02 4.402739942052498350e+02
5.197575185925146570e+02 4.599212534037258706e+02 4.402739942052498350e+02
5.122646923165830231e+02 4.624279876033192522e+02 4.398892928600694745e+02
5.068636681872737881e+02 4.643892332849747504e+02 4.393720899786069936e+02
5.049606973645404082e+02 4.651085508677560370e+02 4.391510616095424098e+02
5.011496618752076984e+02 4.668071122086251421e+02 4.387686844702628832e+02
4.977243470623946564e+02 4.681265605639129603e+02 4.387183221138094495e+02
4.957399103066077828e+02 4.691419633970284622e+02 4.386292608559975292e+02
4.943106658224174907e+02 4.697393983457014883e+02 4.388314441850538401e+02
4.905380972803617965e+02 4.714475548064334021e+02 4.387557767861719640e+02
4.905380972803617965e+02 4.714475548064334021e+02 4.387557767861719640e+02
4.850879866276915209e+02 4.738689906775705936e+02 4.393406233470791449e+02
4.832668038644163175e+02 4.746059053916554262e+02 4.397083990700974709e+02
4.778481493324996450e+02 4.769450018549302399e+02 4.404280348332044355e+02
4.759515933434383896e+02 4.776302675815168755e+02 4.407083521291330612e+02
4.724682707175747964e+02 4.791630966427618432e+02 4.414566357911602950e+02
4.709150533985945799e+02 4.797978049152502535e+02 4.421644470873849855e+02
4.670927974734431132e+02 4.812303598508461278e+02 4.426434977767290775e+02
4.636144920024964335e+02 4.824216641882911745e+02 4.431590172034010493e+02
4.617509563214994728e+02 4.831288851809526932e+02 4.434998703684334487e+02
4.581699887777851927e+02 4.844884025530165559e+02 4.440758107089969258e+02
4.561915536791544810e+02 4.850729058195162224e+02 4.442259046646764773e+02
4.524308448161315823e+02 4.865642770597484059e+02 4.444932324897021090e+02
4.489283453707188869e+02 4.879645291004653131e+02 4.451719568354982925e+02
4.468553628955002068e+02 4.885054958227372595e+02 4.450868719914894882e+02
4.431559725740902422e+02 4.899434924898824306e+02 4.453702015642847982e+02
4.411698612455678585e+02 4.907496024751600316e+02 4.455031903769587416e+02
4.371865212616360168e+02 4.923362817640343678e+02 4.455560331370071481e+02
4.351723122093633833e+02 4.930512194295170048e+02 4.456382032296310172e+02
4.313232216994763348e+02 4.943787932484542580e+02 4.457393469638379315e+02
4.271726537714105802e+02 4.960384452799602855e+02 4.457530107016373222e+02
4.235160606640401966e+02 4.973523618207491950e+02 4.460196682642812220e+02
4.235160606640401966e+02 4.973523618207491950e+02 4.460196682642812220e+02
4.194644982437646945e+02 4.987815208658578285e+02 4.459331644905280996e+02
4.149293945615071380e+02 5.005484946203684444e+02 4.453095968798305648e+02
4.107514949255092347e+02 5.020846570194825631e+02 4.452836084756347645e+02
4.087076186856468212e+02 5.027683212374858499e+02 4.451702017967789402e+02
4.045880125568560288e+02 5.041622633201914141e+02 4.450928181943336313e+02
4.006620238372220228e+02 5.055955220909929722e+02 4.451624995172164745e+02
4.006620238372220228e+02 5.055955220909929722e+02 4.451624995172164745e+02
3.982816499722293884e+02 5.063350524465727744e+02 4.448599011812202662e+02
3.912770114793274274e+02 5.089920286526428868e+02 4.438274119844654138e+02
3.889596484199132078e+02 5.095922089860496271e+02 4.434703734401906559e+02
3.845511701623834142e+02 5.111765314867054144e+02 4.429608941219158282e+02
3.797987754017202064e+02 5.126976996509138189e+02 4.422773976224449370e+02
3.752233554744748290e+02 5.142209988391064144e+02 4.418216622742467621e+02
3.705604787867109167e+02 5.157550868558232651e+02 4.411573552619903467e+02
3.682343970682522922e+02 5.165790009994335605e+02 4.408556530152941377e+02
3.634555488891986101e+02 5.185015056023501074e+02 4.401677855114327826e+02
3.594552994848010030e+02 5.198161936739596740e+02 4.398320840520907495e+02
3.574424530293418343e+02 5.206917415804422262e+02 4.399908827840692993e+02
3.554598216251051781e+02 5.216028918985203973e+02 4.396337779346525281e+02
3.528017576000736995e+02 5.228782578972629835e+02 4.389287707303119532e+02
3.453366886646387002e+02 5.261971553893829423e+02 4.386428934664429562e+02
3.414615019348558462e+02 5.281484075208327340e+02 4.380621642934416400e+02
3.394587256839653833e+02 5.288948784769891063e+02 4.378056291779184335e+02
3.361979420291553424e+02 5.307624783867879614e+02 4.379250438402614805e+02
3.324088116063085749e+02 5.326921868705649104e+02 4.370973100328956775e+02
3.312652354457438264e+02 5.332904148375675959e+02 4.375200526229799607e+02
3.278658206702989446e+02 5.349602382486610850e+02 4.371780485273507111e+02
3.262277428293630805e+02 5.356973774410088254e+02 4.370459297758483217e+02
3.229748468572030333e+02 5.372194698903647350e+02 4.370477287017787376e+02
3.193311102827124728e+02 5.387565304094199519e+02 4.368270108171353741e+02
3.158618861879041333e+02 5.404889659542969866e+02 4.366715007299081321e+02
3.158618861879041333e+02 5.404889659542969866e+02 4.366715007299081321e+02
3.124262884913165976e+02 5.419832386111727374e+02 4.369266801295563027e+02
3.090558719729644963e+02 5.436989034451103180e+02 4.370734581606502616e+02
3.058004345975264187e+02 5.454677418066410155e+02 4.371642170136249774e+02
3.039752925160993300e+02 5.464410435438647937e+02 4.372239259971079264e+02
3.023277970065940963e+02 5.473658619030584305e+02 4.372277548001090395e+02
3.005969454810734760e+02 5.483782880740633345e+02 4.372610814808977011e+02
2.954539001305462307e+02 5.515104023488978555e+02 4.374548101431564078e+02
2.938241860554461482e+02 5.524968971131188482e+02 4.375053861498727770e+02
2.901867654360465849e+02 5.545687484286161180e+02 4.374534950401780975e+02
2.866472073557386580e+02 5.566622730018856373e+02 4.373400647103932215e+02
2.848914325079527430e+02 5.576835708943945065e+02 4.373715203971435130e+02
2.812580238466969149e+02 5.597726549510374525e+02 4.372891593545933233e+02
2.779812538447696397e+02 5.618338018163473180e+02 4.375614114923257603e+02
2.760994860064187151e+02 5.627258548707904993e+02 4.374938326423365424e+02
2.721440913203141463e+02 5.647869434938133963e+02 4.372918200058117577e+02
2.684638979888832182e+02 5.668317244939487409e+02 4.371006502665987341e+02
2.665321138225489790e+02 5.678707989519439252e+02 4.370409422522646423e+02
2.646358539193714137e+02 5.689068640975311837e+02 4.370606755404818955e+02
2.606990131886466315e+02 5.708191958841578071e+02 4.368497470316102635e+02
2.570291584825016571e+02 5.729282712692665882e+02 4.367255355869336881e+02
2.551427535314483066e+02 5.739447355998501052e+02 4.366723298329534373e+02
2.518094730918045343e+02 5.757955704212527053e+02 4.369520532891102675e+02
2.473529829000353288e+02 5.785742630153623622e+02 4.361170543505691057e+02
2.456180855505888303e+02 5.795329187327906766e+02 4.359175520977433962e+02
2.419422265649345718e+02 5.821182602116612088e+02 4.355749223041216851e+02
2.400948126374476885e+02 5.835106317082726264e+02 4.355489188159909304e+02
2.362948588868608510e+02 5.863320028498736747e+02 4.352856157395783043e+02
2.350680406774181961e+02 5.877450810055256625e+02 4.355722447341885868e+02
2.312306990619624401e+02 5.905713292510299652e+02 4.353378061769936380e+02
2.294384082244464480e+02 5.919078607969651102e+02 4.354297117297060140e+02
2.254488540151469635e+02 5.945789000142672194e+02 4.353694446897708872e+02
2.217564188158933121e+02 5.969055802403364623e+02 4.357091531605025239e+02
2.181745491471058074e+02 5.990526479062826866e+02 4.364404209312986040e+02
2.158665832212818430e+02 6.000324809131498114e+02 4.363973526002607173e+02
2.122389832216742320e+02 6.023152817068530567e+02 4.370545593061541467e+02
2.086755675914025971e+02 6.044776590256159352e+02 4.379734106247370278e+02
2.068313480308380861e+02 6.055464603247066862e+02 4.383747613286897717e+02
2.045218493915145643e+02 6.069159489157432290e+02 4.382272332080381716e+02
2.007762927894767131e+02 6.091261958930147102e+02 4.388733422958180768e+02
1.969341151590089396e+02 6.115633883059078926e+02 4.394096391421182375e+02
1.951152658617253621e+02 6.127928609650314229e+02 4.396229476874059969e+02
1.912529262363795794e+02 6.153683911677322840e+02 4.399298984619852035e+02
1.874660641063104833e+02 6.180054359061416562e+02 4.401980389472054185e+02
1.855470394440754376e+02 6.192922254333366254e+02 4.402179444909619974e+02
1.818565731263911402e+02 6.219458489518800661e+02 4.405116643120934441e+02
1.779840893088985467e+02 6.246036186445896874e+02 4.404882999770925949e+02
1.759896269909155251e+02 6.259739259150396720e+02 4.403443814346943554e+02
1.739891101004120060e+02 6.273275306616939133e+02 4.402250352250704282e+02
1.719836803230220710e+02 6.287679419557869096e+02 4.401676352489262172e+02
1.657802294216536438e+02 6.329781744804253094e+02 4.396746484049721744e+02
1.638477874081818300e+02 6.341315945876145861e+02 4.395180842092062790e+02
1.596912008488618824e+02 6.368557064895258009e+02 4.392107458056222526e+02
1.555782592843624741e+02 6.394838271921175874e+02 4.387052350931204501e+02
1.532430518275684221e+02 6.409430664954862777e+02 4.384051626298287943e+02
1.488736725143154160e+02 6.436812485496899399e+02 4.380025568277376351e+02
1.467213192063690030e+02 6.449692105392621215e+02 4.377279028056717607e+02
1.445471949737302566e+02 6.463290084868992835e+02 4.374160674093539001e+02
1.423006351556073241e+02 6.477401805987313992e+02 4.371472085588687833e+02
1.355699833837816186e+02 6.516238909515627711e+02 4.362446962983932508e+02
1.311623608854557972e+02 6.541909570617849567e+02 4.355477422993528194e+02
1.289593824222070566e+02 6.555993432864460146e+02 4.351210470786620590e+02
1.251417709200170663e+02 6.585003689924484434e+02 4.344462390172583355e+02
1.215407955752543501e+02 6.615283032266463579e+02 4.336913833733967749e+02
1.184303331528858081e+02 6.644153000170584846e+02 4.332852629430563525e+02
1.171386116430886801e+02 6.657743861617921084e+02 4.332437450130036609e+02
1.156223539815809573e+02 6.670966332748023433e+02 4.330446464344765332e+02
1.156223539815809573e+02 6.670966332748023433e+02 4.330446464344765332e+02
1.097665728756564221e+02 6.719557935292309594e+02 4.332085699843535735e+02
1.082402127496687427e+02 6.731610493989173847e+02 4.332062904605216431e+02
1.053847187583000391e+02 6.753273524364752802e+02 4.335948236766265040e+02
1.037447434324276969e+02 6.764570935787907047e+02 4.336998632082126619e+02
1.037447434324276969e+02 6.764570935787907047e+02 4.336998632082126619e+02
1.037447434324276969e+02 6.764570935787907047e+02 4.336998632082126619e+02
1.037447434324276969e+02 6.764570935787907047e+02 4.336998632082126619e+02
1.037447434324276969e+02 6.764570935787907047e+02 4.336998632082126619e+02
1.037447434324276969e+02 6.764570935787907047e+02 4.336998632082126619e+02
1.037447434324276969e+02 6.764570935787907047e+02 4.336998632082126619e+02
1.037447434324276969e+02 6.764570935787907047e+02 4.336998632082126619e+02
1.037447434324276969e+02 6.764570935787907047e+02 4.336998632082126619e+02
1.037447434324276969e+02 6.764570935787907047e+02 4.336998632082126619e+02
1.037447434324276969e+02 6.764570935787907047e+02 4.336998632082126619e+02
1.037447434324276969e+02 6.764570935787907047e+02 4.336998632082126619e+02
1.037447434324276969e+02 6.764570935787907047e+02 4.336998632082126619e+02
1.037447434324276969e+02 6.764570935787907047e+02 4.336998632082126619e+02
1.037447434324276969e+02 6.764570935787907047e+02 4.336998632082126619e+02
1.037447434324276969e+02 6.764570935787907047e+02 4.336998632082126619e+02
1.037447434324276969e+02 6.764570935787907047e+02 4.336998632082126619e+02
1.037447434324276969e+02 6.764570935787907047e+02 4.336998632082126619e+02
1.037447434324276969e+02 6.764570935787907047e+02 4.336998632082126619e+02
1.037447434324276969e+02 6.764570935787907047e+02 4.336998632082126619e+02
1.037447434324276969e+02 6.764570935787907047e+02 4.336998632082126619e+02
1.037447434324276969e+02 6.764570935787907047e+02 4.336998632082126619e+02
1.037447434324276969e+02 6.764570935787907047e+02 4.336998632082126619e+02
1.037447434324276969e+02 6.764570935787907047e+02 4.336998632082126619e+02
1.037447434324276969e+02 6.764570935787907047e+02 4.336998632082126619e+02
1.037447434324276969e+02 6.764570935787907047e+02 4.336998632082126619e+02
1.037447434324276969e+02 6.764570935787907047e+02 4.336998632082126619e+02
1.037447434324276969e+02 6.764570935787907047e+02 4.336998632082126619e+02
1.037447434324276969e+02 6.764570935787907047e+02 4.336998632082126619e+02
1.037447434324276969e+02 6.764570935787907047e+02 4.336998632082126619e+02
1.037447434324276969e+02 6.764570935787907047e+02 4.336998632082126619e+02
1.037447434324276969e+02 6.764570935787907047e+02 4.336998632082126619e+02
1.037447434324276969e+02 6.764570935787907047e+02 4.336998632082126619e+02
1.037447434324276969e+02 6.764570935787907047e+02 4.336998632082126619e+02
1.037447434324276969e+02 6.764570935787907047e+02 4.336998632082126619e+02
1.037447434324276969e+02 6.764570935787907047e+02 4.336998632082126619e+02
1.037447434324276969e+02 6.764570935787907047e+02 4.336998632082126619e+02
1.037447434324276969e+02 6.764570935787907047e+02 4.336998632082126619e+02
1.037447434324276969e+02 6.764570935787907047e+02 4.336998632082126619e+02
1.037447434324276969e+02 6.764570935787907047e+02 4.336998632082126619e+02
1.037447434324276969e+02 6.764570935787907047e+02 4.336998632082126619e+02
1.037447434324276969e+02 6.764570935787907047e+02 4.336998632082126619e+02
1.037447434324276969e+02 6.764570935787907047e+02 4.336998632082126619e+02
1.037447434324276969e+02 6.764570935787907047e+02 4.336998632082126619e+02
1.037447434324276969e+02 6.764570935787907047e+02 4.336998632082126619e+02
1.037447434324276969e+02 6.764570935787907047e+02 4.336998632082126619e+02
1.037447434324276969e+02 6.764570935787907047e+02 4.336998632082126619e+02
1.037447434324276969e+02 6.764570935787907047e+02 4.336998632082126619e+02
1.037447434324276969e+02 6.764570935787907047e+02 4.336998632082126619e+02
1.037447434324276969e+02 6.764570935787907047e+02 4.336998632082126619e+02
1.037447434324276969e+02 6.764570935787907047e+02 4.336998632082126619e+02
1.037447434324276969e+02 6.764570935787907047e+02 4.336998632082126619e+02
1.037447434324276969e+02 6.764570935787907047e+02 4.336998632082126619e+02
1.037447434324276969e+02 6.764570935787907047e+02 4.336998632082126619e+02
1.037447434324276969e+02 6.764570935787907047e+02 4.336998632082126619e+02
1.037447434324276969e+02 6.764570935787907047e+02 4.336998632082126619e+02
1.037447434324276969e+02 6.764570935787907047e+02 4.336998632082126619e+02
1.037447434324276969e+02 6.764570935787907047e+02 4.336998632082126619e+02
1.037447434324276969e+02 6.764570935787907047e+02 4.336998632082126619e+02
1.037447434324276969e+02 6.764570935787907047e+02 4.336998632082126619e+02
1.037447434324276969e+02 6.764570935787907047e+02 4.336998632082126619e+02
1.037447434324276969e+02 6.764570935787907047e+02 4.336998632082126619e+02
1.037447434324276969e+02 6.764570935787907047e+02 4.336998632082126619e+02
1.037447434324276969e+02 6.764570935787907047e+02 4.336998632082126619e+02
1.037447434324276969e+02 6.764570935787907047e+02 4.336998632082126619e+02
1.037447434324276969e+02 6.764570935787907047e+02 4.336998632082126619e+02
1.037447434324276969e+02 6.764570935787907047e+02 4.336998632082126619e+02
1.037447434324276969e+02 6.764570935787907047e+02 4.336998632082126619e+02
1.037447434324276969e+02 6.764570935787907047e+02 4.336998632082126619e+02
1.037447434324276969e+02 6.764570935787907047e+02 4.336998632082126619e+02
1.037447434324276969e+02 6.764570935787907047e+02 4.336998632082126619e+02
1.037447434324276969e+02 6.764570935787907047e+02 4.336998632082126619e+02
1.037447434324276969e+02 6.764570935787907047e+02 4.336998632082126619e+02
1.037447434324276969e+02 6.764570935787907047e+02 4.336998632082126619e+02
1.037447434324276969e+02 6.764570935787907047e+02 4.336998632082126619e+02
1.037447434324276969e+02 6.764570935787907047e+02 4.336998632082126619e+02
1.037447434324276969e+02 6.764570935787907047e+02 4.336998632082126619e+02
1.037447434324276969e+02 6.764570935787907047e+02 4.336998632082126619e+02
1.037447434324276969e+02 6.764570935787907047e+02 4.336998632082126619e+02
1.037447434324276969e+02 6.764570935787907047e+02 4.336998632082126619e+02
1.037447434324276969e+02 6.764570935787907047e+02 4.336998632082126619e+02
1.037447434324276969e+02 6.764570935787907047e+02 4.336998632082126619e+02
-1.639923270212501905e+02 8.822295940652833224e+02 4.230096157071348557e+02
-1.661858037361013203e+02 8.840316452721381211e+02 4.228154684348164665e+02
-1.709922943624332277e+02 8.880136508243297158e+02 4.219370478925641805e+02
-1.709922943624332277e+02 8.880136508243297158e+02 4.219370478925641805e+02
-1.724528357609972318e+02 8.893632832447741521e+02 4.221792533500154718e+02
-1.792339738565935647e+02 8.951429088017375761e+02 4.214282288467900344e+02
-1.832242345847707838e+02 8.987116069329091488e+02 4.211197433176360505e+02
-1.875316034469818760e+02 9.029126371916960352e+02 4.211942321121807140e+02
-1.899422297889766469e+02 9.047181322087564013e+02 4.205821818827513994e+02
-1.939164119007136833e+02 9.086129375898482294e+02 4.204111710177506893e+02
-1.984038785033209251e+02 9.128103419527310507e+02 4.198917986983437913e+02
-2.026211634086999425e+02 9.173499235259372426e+02 4.196879420096781814e+02
-2.040529633812212467e+02 9.190627487615159907e+02 4.199609384447747971e+02
-2.062082804777244576e+02 9.212122192965612157e+02 4.197455035338898597e+02
-2.099408796740643766e+02 9.254256697356595396e+02 4.195531853835063316e+02
-2.138192336578359800e+02 9.298494591071863624e+02 4.191861263710339358e+02
-2.156871249853885786e+02 9.320605009109763159e+02 4.190121579696737513e+02
-2.197029484360467109e+02 9.365145611525588265e+02 4.183839116007965231e+02
-2.216189678300449657e+02 9.386276725393789775e+02 4.182418666216991028e+02
-2.234797670408826207e+02 9.408184130898530384e+02 4.179145406911088116e+02
-2.269913904769912278e+02 9.449676337063032179e+02 4.175799147391477959e+02
-2.330409292547993800e+02 9.517128885379415806e+02 4.162310565372372366e+02
-2.330409292547993800e+02 9.517128885379415806e+02 4.162310565372372366e+02
-2.365344827965362526e+02 9.557672186266277095e+02 4.157030346821786679e+02
-2.402999939206732449e+02 9.601505270735325439e+02 4.149173273566533453e+02
-2.442430950785449113e+02 9.646670727261467846e+02 4.137191184602991711e+02
-2.461468586013448601e+02 9.669663046615298754e+02 4.132421686554478129e+02
-2.497758431257622078e+02 9.714856880453399981e+02 4.121990963407143340e+02
-2.534403523391314650e+02 9.761285529229252234e+02 4.109239337401481293e+02
-2.556000790055204277e+02 9.788717220488961175e+02 4.101222602083336142e+02
-2.571261925524962635e+02 9.808313184120719370e+02 4.096831813478798949e+02
-2.620788383481038863e+02 9.872958367723194897e+02 4.079373580571485149e+02
-2.639807473712985484e+02 9.899524990013881052e+02 4.073928149918974668e+02
-2.653150100507210141e+02 9.918255895793312220e+02 4.071606265891049361e+02
-2.685844297837894601e+02 9.965383446616109495e+02 4.068798576373161495e+02
-2.715700457212939796e+02 1.001817996730832078e+03 4.072700469594878996e+02
-2.729556911558814818e+02 1.004343926687797989e+03 4.076247565817308214e+02
-2.744778895923532218e+02 1.006853543979962183e+03 4.080336100560360819e+02
-2.773909826742805080e+02 1.011659372746504573e+03 4.091560279064328824e+02
-2.802116451893999169e+02 1.015993029441926410e+03 4.101875884554621621e+02
-2.816243528322920611e+02 1.018184414644726189e+03 4.109014324532264482e+02
-2.831236224225502269e+02 1.020166570462706659e+03 4.113561485745845516e+02
-2.831236224225502269e+02 1.020166570462706659e+03 4.113561485745845516e+02
-2.831236224225502269e+02 1.020166570462706659e+03 4.113561485745845516e+02
-2.831236224225502269e+02 1.020166570462706659e+03 4.113561485745845516e+02
-2.831236224225502269e+02 1.020166570462706659e+03 4.113561485745845516e+02
-2.831236224225502269e+02 1.020166570462706659e+03 4.113561485745845516e+02
-2.831236224225502269e+02 1.020166570462706659e+03 4.113561485745845516e+02
-2.831236224225502269e+02 1.020166570462706659e+03 4.113561485745845516e+02
-2.831236224225502269e+02 1.020166570462706659e+03 4.113561485745845516e+02
-2.831236224225502269e+02 1.020166570462706659e+03 4.113561485745845516e+02
-2.831236224225502269e+02 1.020166570462706659e+03 4.113561485745845516e+02
-2.831236224225502269e+02 1.020166570462706659e+03 4.113561485745845516e+02
-2.831236224225502269e+02 1.020166570462706659e+03 4.113561485745845516e+02
-2.831236224225502269e+02 1.020166570462706659e+03 4.113561485745845516e+02
-2.831236224225502269e+02 1.020166570462706659e+03 4.113561485745845516e+02
-2.831236224225502269e+02 1.020166570462706659e+03 4.113561485745845516e+02
-2.831236224225502269e+02 1.020166570462706659e+03 4.113561485745845516e+02
-2.831236224225502269e+02 1.020166570462706659e+03 4.113561485745845516e+02
-2.831236224225502269e+02 1.020166570462706659e+03 4.113561485745845516e+02
-2.831236224225502269e+02 1.020166570462706659e+03 4.113561485745845516e+02
-2.831236224225502269e+02 1.020166570462706659e+03 4.113561485745845516e+02
-2.831236224225502269e+02 1.020166570462706659e+03 4.113561485745845516e+02
-2.831236224225502269e+02 1.020166570462706659e+03 4.113561485745845516e+02
-2.831236224225502269e+02 1.020166570462706659e+03 4.113561485745845516e+02
-2.831236224225502269e+02 1.020166570462706659e+03 4.113561485745845516e+02
-2.831236224225502269e+02 1.020166570462706659e+03 4.113561485745845516e+02
-2.831236224225502269e+02 1.020166570462706659e+03 4.113561485745845516e+02
-2.831236224225502269e+02 1.020166570462706659e+03 4.113561485745845516e+02
-2.831236224225502269e+02 1.020166570462706659e+03 4.113561485745845516e+02
-2.831236224225502269e+02 1.020166570462706659e+03 4.113561485745845516e+02
-2.831236224225502269e+02 1.020166570462706659e+03 4.113561485745845516e+02
-2.831236224225502269e+02 1.020166570462706659e+03 4.113561485745845516e+02
-2.831236224225502269e+02 1.020166570462706659e+03 4.113561485745845516e+02
-2.831236224225502269e+02 1.020166570462706659e+03 4.113561485745845516e+02
-2.831236224225502269e+02 1.020166570462706659e+03 4.113561485745845516e+02
-2.831236224225502269e+02 1.020166570462706659e+03 4.113561485745845516e+02
-2.831236224225502269e+02 1.020166570462706659e+03 4.113561485745845516e+02
-2.831236224225502269e+02 1.020166570462706659e+03 4.113561485745845516e+02
-2.831236224225502269e+02 1.020166570462706659e+03 4.113561485745845516e+02
-2.831236224225502269e+02 1.020166570462706659e+03 4.113561485745845516e+02
-2.831236224225502269e+02 1.020166570462706659e+03 4.113561485745845516e+02
-2.831236224225502269e+02 1.020166570462706659e+03 4.113561485745845516e+02
-2.831236224225502269e+02 1.020166570462706659e+03 4.113561485745845516e+02
-2.831236224225502269e+02 1.020166570462706659e+03 4.113561485745845516e+02
-2.831236224225502269e+02 1.020166570462706659e+03 4.113561485745845516e+02
-2.831236224225502269e+02 1.020166570462706659e+03 4.113561485745845516e+02
-2.831236224225502269e+02 1.020166570462706659e+03 4.113561485745845516e+02
-2.831236224225502269e+02 1.020166570462706659e+03 4.113561485745845516e+02
-2.831236224225502269e+02 1.020166570462706659e+03 4.113561485745845516e+02
-2.831236224225502269e+02 1.020166570462706659e+03 4.113561485745845516e+02
-2.831236224225502269e+02 1.020166570462706659e+03 4.113561485745845516e+02
-2.831236224225502269e+02 1.020166570462706659e+03 4.113561485745845516e+02
-2.831236224225502269e+02 1.020166570462706659e+03 4.113561485745845516e+02
-2.831236224225502269e+02 1.020166570462706659e+03 4.113561485745845516e+02
-2.831236224225502269e+02 1.020166570462706659e+03 4.113561485745845516e+02
-2.831236224225502269e+02 1.020166570462706659e+03 4.113561485745845516e+02
-2.831236224225502269e+02 1.020166570462706659e+03 4.113561485745845516e+02
-2.831236224225502269e+02 1.020166570462706659e+03 4.113561485745845516e+02
-2.831236224225502269e+02 1.020166570462706659e+03 4.113561485745845516e+02
-2.831236224225502269e+02 1.020166570462706659e+03 4.113561485745845516e+02
-2.831236224225502269e+02 1.020166570462706659e+03 4.113561485745845516e+02
-2.831236224225502269e+02 1.020166570462706659e+03 4.113561485745845516e+02
-2.831236224225502269e+02 1.020166570462706659e+03 4.113561485745845516e+02
-2.831236224225502269e+02 1.020166570462706659e+03 4.113561485745845516e+02
-2.831236224225502269e+02 1.020166570462706659e+03 4.113561485745845516e+02
-2.831236224225502269e+02 1.020166570462706659e+03 4.113561485745845516e+02
-2.831236224225502269e+02 1.020166570462706659e+03 4.113561485745845516e+02
-2.831236224225502269e+02 1.020166570462706659e+03 4.113561485745845516e+02
-2.831236224225502269e+02 1.020166570462706659e+03 4.113561485745845516e+02
-2.831236224225502269e+02 1.020166570462706659e+03 4.113561485745845516e+02
-2.831236224225502269e+02 1.020166570462706659e+03 4.113561485745845516e+02
-2.831236224225502269e+02 1.020166570462706659e+03 4.113561485745845516e+02
-2.831236224225502269e+02 1.020166570462706659e+03 4.113561485745845516e+02
-2.831236224225502269e+02 1.020166570462706659e+03 4.113561485745845516e+02
-2.831236224225502269e+02 1.020166570462706659e+03 4.113561485745845516e+02
-2.831236224225502269e+02 1.020166570462706659e+03 4.113561485745845516e+02
-2.831236224225502269e+02 1.020166570462706659e+03 4.113561485745845516e+02
-2.831236224225502269e+02 1.020166570462706659e+03 4.113561485745845516e+02
-2.831236224225502269e+02 1.020166570462706659e+03 4.113561485745845516e+02
-2.831236224225502269e+02 1.020166570462706659e+03 4.113561485745845516e+02
-2.831236224225502269e+02 1.020166570462706659e+03 4.113561485745845516e+02
-2.846437833157988280e+02 1.022228620431436411e+03 4.120938032261266244e+02
-5.031072779543516162e+02 1.313688266306912737e+03 4.250565020156825540e+02
-5.047354904249356764e+02 1.316140156924512667e+03 4.249901398917336905e+02
-5.077900346749104301e+02 1.320679251046960189e+03 4.251145169838270022e+02
-5.093728920442691219e+02 1.323070376342879399e+03 4.249735425873828376e+02
-5.127759110989509281e+02 1.328051952592962152e+03 4.245428280779148622e+02
-5.145594272354911709e+02 1.330590557596618737e+03 4.244142385234471249e+02
-5.179074507899574655e+02 1.335467437138481728e+03 4.239240816282903666e+02
-5.197242246115754369e+02 1.337918636202100515e+03 4.236297000274352058e+02
-5.232699101445984979e+02 1.342877203936770229e+03 4.228202497774718154e+02
-5.266933344933470380e+02 1.347867361788488097e+03 4.222461830823516493e+02
-5.284069100625079045e+02 1.350478916556878403e+03 4.217855823704634304e+02
-5.318580075743126372e+02 1.355231727158572994e+03 4.209161749429078441e+02
-5.353778571450793606e+02 1.360310099379919848e+03 4.199244604095820250e+02
-5.370159368199693972e+02 1.362718076447082012e+03 4.193149982326468717e+02
-5.405578615515058800e+02 1.367671997414008274e+03 4.181096628666674633e+02
-5.423714376176533278e+02 1.370172953553036905e+03 4.174980784666312843e+02
-5.460781761426097773e+02 1.375206458170262749e+03 4.162886678798661251e+02
-5.475517274974907878e+02 1.377893586267077126e+03 4.155717342762786188e+02
-5.510113435591600819e+02 1.382773643598649414e+03 4.142218318040834220e+02
-5.526433429482182191e+02 1.385348914072517346e+03 4.136009890287246549e+02
-5.558895180051189300e+02 1.390594186229752950e+03 4.124857269487400231e+02
-5.558895180051189300e+02 1.390594186229752950e+03 4.124857269487400231e+02
-5.602504338529532788e+02 1.398467476505201830e+03 4.110029212645339385e+02
-5.613865118258210032e+02 1.400896686012036298e+03 4.107311017995240832e+02
-5.638192898582665293e+02 1.405830152019436809e+03 4.100550322285484981e+02
-5.676715238709534788e+02 1.413133380492955666e+03 4.095842202654086464e+02
-5.687052962362897688e+02 1.415605662853163039e+03 4.095242321913465275e+02
-5.699802113800628831e+02 1.417823653426544070e+03 4.096807841447675855e+02
-5.734332753912650560e+02 1.424497433936347306e+03 4.101479366459573725e+02
-5.744939980951537564e+02 1.426770381176233059e+03 4.101607050668110901e+02
-5.766433942238743384e+02 1.431201519757310734e+03 4.104860898862274894e+02
-5.779363071642076193e+02 1.433352150080906313e+03 4.108502554687106567e+02
-5.791352903072931895e+02 1.435597297606833763e+03 4.108734776125439794e+02
-5.819533283193651414e+02 1.440100520050080149e+03 4.108766108449081003e+02
-5.843210181065404640e+02 1.444941524968775639e+03 4.112068675075799433e+02
-5.852733932164992439e+02 1.446888449178683004e+03 4.114024241435706699e+02
-5.875049881253264630e+02 1.451446203924660040e+03 4.118276948713603929e+02
-5.898257146590332241e+02 1.456093345802064505e+03 4.121632719736931563e+02
-5.920571609236578752e+02 1.460782330582345367e+03 4.125567962220494564e+02
-5.932247667854170459e+02 1.462972821350861523e+03 4.124157518186920584e+02
-5.932247667854170459e+02 1.462972821350861523e+03 4.124157518186920584e+02
-5.943023127766961125e+02 1.465485604907330298e+03 4.124929511558317472e+02
-5.989004763196608110e+02 1.475947894736603075e+03 4.125437325973541647e+02
-5.993309989064692900e+02 1.478185941762537595e+03 4.126396945124675426e+02
-6.018111958957509842e+02 1.483410206428332913e+03 4.128572419937838731e+02
-6.046272383900796967e+02 1.488927622271645760e+03 4.126491199600266100e+02
-6.055438299951260888e+02 1.491748910251835696e+03 4.125446605924279879e+02
-6.068381885462538321e+02 1.494263136806323928e+03 4.126815355694706113e+02
-6.096648134193039823e+02 1.499339886152183681e+03 4.126796106999403833e+02
-6.116644369151383671e+02 1.503639753585327981e+03 4.131215443644995275e+02
-6.124177485449857841e+02 1.505721588144838506e+03 4.134127395714501745e+02
-6.146009801549122358e+02 1.510490243248191064e+03 4.142522019865261313e+02
-6.168021178670971949e+02 1.515142527578144382e+03 4.153995506447944308e+02
-6.177612556910576131e+02 1.517523852355352574e+03 4.156425885162061036e+02
-6.196530575794671449e+02 1.522076667980454204e+03 4.168542542790777929e+02
-6.206720331635698358e+02 1.524555428068527135e+03 4.174557720541278627e+02
-6.225925564071161489e+02 1.529177400790141519e+03 4.188093969697604848e+02
-6.235029881317747140e+02 1.531523411413671283e+03 4.195912078382440882e+02
-6.253162272013639722e+02 1.536135324528724368e+03 4.208690581710009155e+02
-6.270387968095691349e+02 1.540720663677696393e+03 4.220746158203122036e+02
-6.270387968095691349e+02 1.540720663677696393e+03 4.220746158203122036e+02
-6.290318276936874327e+02 1.545490854783678515e+03 4.233816987577860118e+02
-6.307662214619541601e+02 1.550143637789888999e+03 4.242499220829323576e+02
-6.322079590263339242e+02 1.554602312656575577e+03 4.256458875412688485e+02
-6.329206234660723567e+02 1.557061017682518241e+03 4.260091087410157229e+02
-6.329206234660723567e+02 1.557061017682518241e+03 4.260091087410157229e+02
-6.367672763876016688e+02 1.566274874177332549e+03 4.279383524001854653e+02
-6.376178958226477107e+02 1.568695514070279614e+03 4.287294701695548724e+02
-6.397753745020555698e+02 1.573246387515448987e+03 4.292576032548385569e+02
-6.397753745020555698e+02 1.573246387515448987e+03 4.292576032548385569e+02
-6.429787031761219396e+02 1.581950254750324348e+03 4.307772987590029743e+02
-6.439902669679469227e+02 1.584413184960879562e+03 4.312719255128798750e+02
