1.752666020768897533e+09
1.752666020775419235e+09
1.752666020778793812e+09
1.752666020787536860e+09
1.752666020788688421e+09
1.752666020794700623e+09
1.752666020798674345e+09
1.752666020805043697e+09
1.752666020808580160e+09
1.752666020814992905e+09
1.752666020819523335e+09
1.752666020825110674e+09
1.752666020828883648e+09
1.752666020834910870e+09
1.752666020838685989e+09
1.752666020845209122e+09
1.752666020848623276e+09
1.752666020856380939e+09
1.752666020858600616e+09
1.752666020863219023e+09
1.752666020868914843e+09
1.752666020874936819e+09
1.752666020878696442e+09
1.752666020885026455e+09
1.752666020888680696e+09
1.752666020895410538e+09
1.752666020899459362e+09
1.752666020904827833e+09
1.752666020908617735e+09
1.752666020913294792e+09
1.752666020919728279e+09
1.752666020924626589e+09
1.752666020928806543e+09
1.752666020935034990e+09
1.752666020938701630e+09
1.752666020944996595e+09
1.752666020948796511e+09
1.752666020954839706e+09
1.752666020958716631e+09
1.752666020964865685e+09
1.752666020968659163e+09
1.752666020974899769e+09
1.752666020978770494e+09
1.752666020984875917e+09
1.752666020988656282e+09
1.752666020995310545e+09
1.752666020998740196e+09
1.752666021004844904e+09
1.752666021008699894e+09
1.752666021015033484e+09
1.752666021018702030e+09
1.752666021023754597e+09
1.752666021028950691e+09
1.752666021034705639e+09
1.752666021038539171e+09
1.752666021045384407e+09
1.752666021048968792e+09
1.752666021053629637e+09
1.752666021058732033e+09
1.752666021064876080e+09
1.752666021068647623e+09
1.752666021075506687e+09
1.752666021080064774e+09
1.752666021084687948e+09
1.752666021088498354e+09
1.752666021095026016e+09
1.752666021099413395e+09
1.752666021104932308e+09
1.752666021108704329e+09
1.752666021114938021e+09
1.752666021118752480e+09
1.752666021125056267e+09
1.752666021129949093e+09
1.752666021134736300e+09
1.752666021139932156e+09
1.752666021143432856e+09
1.752666021148689508e+09
1.752666021154776573e+09
1.752666021158521175e+09
1.752666021164863825e+09
1.752666021168590307e+09
1.752666021175231218e+09
1.752666021178537130e+09
1.752666021184982300e+09
1.752666021188889503e+09
1.752666021195254326e+09
1.752666021198557615e+09
1.752666021204293966e+09
1.752666021208644152e+09
1.752666021215574503e+09
1.752666021219941139e+09
1.752666021224750519e+09
1.752666021229919672e+09
1.752666021235468864e+09
1.752666021239563227e+09
1.752666021244848967e+09
1.752666021248896837e+09
1.752666021255004406e+09
1.752666021259462118e+09
1.752666021265155077e+09
1.752666021268704176e+09
1.752666021276099920e+09
1.752666021278468132e+09
1.752666021283199072e+09
1.752666021289686680e+09
1.752666021295235634e+09
1.752666021298694372e+09
1.752666021305075169e+09
1.752666021308760166e+09
1.752666021314948797e+09
1.752666021318757296e+09
1.752666021325189114e+09
1.752666021328729868e+09
1.752666021334949493e+09
1.752666021338694572e+09
1.752666021342970848e+09
1.752666021348649263e+09
1.752666021354991913e+09
1.752666021358714581e+09
1.752666021364925146e+09
1.752666021368768215e+09
1.752666021374914646e+09
1.752666021378717899e+09
1.752666021383359909e+09
1.752666021388942242e+09
1.752666021394907236e+09
1.752666021398574352e+09
1.752666021404999018e+09
1.752666021410282850e+09
1.752666021420448780e+09
1.752666021424942732e+09
1.752666021428681135e+09
1.752666021434990406e+09
1.752666021439404011e+09
1.752666021444953918e+09
1.752666021449039221e+09
1.752666021455045462e+09
1.752666021458515882e+09
1.752666021464836597e+09
1.752666021468580961e+09
1.752666021475439072e+09
1.752666021480112076e+09
1.752666021487260103e+09
1.752666021488666773e+09
1.752666021493108034e+09
1.752666021499765873e+09
1.752666021504691362e+09
1.752666021509021997e+09
1.752666021513484001e+09
1.752666021519380569e+09
1.752666021525029659e+09
1.752666021528725147e+09
1.752666021534856796e+09
1.752666021539645910e+09
1.752666021544862509e+09
1.752666021548660278e+09
1.752666021554951429e+09
1.752666021558746099e+09
1.752666021564907551e+09
1.752666021568805456e+09
1.752666021575030327e+09
1.752666021579455853e+09
1.752666021585195780e+09
1.752666021588866472e+09
1.752666021595008612e+09
1.752666021598718405e+09
1.752666021604626179e+09
1.752666021608670712e+09
1.752666021615427732e+09
1.752666021619757652e+09
1.752666021623471022e+09
1.752666021628742218e+09
1.752666021635108948e+09
1.752666021638559341e+09
1.752666021645073175e+09
1.752666021648620844e+09
1.752666021654878616e+09
1.752666021658551455e+09
1.752666021664863586e+09
1.752666021669353724e+09
1.752666021674943447e+09
1.752666021678653240e+09
1.752666021684736967e+09
1.752666021690586090e+09
1.752666021695019484e+09
1.752666021699747086e+09
1.752666021704775333e+09
1.752666021708531857e+09
1.752666021714828014e+09
1.752666021719839334e+09
1.752666021725092649e+09
1.752666021728640079e+09
1.752666021734889507e+09
1.752666021739601374e+09
1.752666021745050907e+09
1.752666021748744011e+09
1.752666021755127907e+09
1.752666021758440971e+09
1.752666021763367176e+09
1.752666021768645048e+09
1.752666021774994135e+09
1.752666021779580593e+09
1.752666021784908295e+09
1.752666021788652182e+09
1.752666021794931650e+09
1.752666021801058769e+09
1.752666021805113554e+09
1.752666021808649540e+09
1.752666021814594269e+09
1.752666021820104122e+09
1.752666021823143244e+09
1.752666021830241442e+09
1.752666021835091829e+09
1.752666021840161324e+09
1.752666021843220949e+09
1.752666021848614216e+09
1.752666021854636192e+09
1.752666021859637976e+09
1.752666021865282536e+09
1.752666021868658543e+09
1.752666021874721766e+09
1.752666021878717899e+09
1.752666021884844303e+09
1.752666021889041185e+09
1.752666021895069599e+09
1.752666021900669336e+09
1.752666021904974937e+09
1.752666021908887148e+09
1.752666021914692402e+09
1.752666021918572426e+09
1.752666021923056841e+09
1.752666021929653645e+09
1.752666021934708834e+09
1.752666021938509226e+09
1.752666021943190098e+09
1.752666021949626446e+09
1.752666021954868078e+09
1.752666021958591938e+09
1.752666021965389729e+09
1.752666021968908072e+09
1.752666021974834204e+09
1.752666021978712082e+09
1.752666021985599756e+09
1.752666021989595890e+09
1.752666021994674206e+09
1.752666021998527527e+09
1.752666022005531311e+09
1.752666022009757996e+09
1.752666022013093710e+09
1.752666022018577337e+09
1.752666022025388241e+09
1.752666022028893232e+09
1.752666022035043478e+09
1.752666022038611412e+09
1.752666022044280767e+09
1.752666022048765898e+09
1.752666022055066586e+09
1.752666022059168816e+09
1.752666022063306093e+09
1.752666022068636894e+09
1.752666022075464487e+09
1.752666022079915762e+09
1.752666022084801435e+09
1.752666022088645458e+09
1.752666022094872236e+09
1.752666022098779440e+09
1.752666022102970600e+09
1.752666022109359026e+09
1.752666022113558769e+09
1.752666022118548393e+09
1.752666022124711275e+09
1.752666022128706932e+09
1.752666022134800911e+09
1.752666022138737917e+09
1.752666022145415306e+09
1.752666022148871660e+09
1.752666022154854298e+09
1.752666022159408092e+09
1.752666022163590193e+09
1.752666022168718576e+09
1.752666022174862862e+09
1.752666022179423332e+09
1.752666022183619261e+09
1.752666022189972639e+09
1.752666022193515301e+09
1.752666022198588848e+09
1.752666022204680681e+09
1.752666022209889889e+09
1.752666022213133097e+09
1.752666022218751192e+09
1.752666022224882126e+09
1.752666022229799986e+09
1.752666022235120535e+09
1.752666022238687038e+09
1.752666022244543552e+09
1.752666022250761747e+09
1.752666022254729509e+09
1.752666022259711742e+09
1.752666022263045549e+09
1.752666022268664360e+09
1.752666022274684906e+09
1.752666022279401541e+09
1.752666022285601377e+09
1.752666022288847446e+09
1.752666022295001507e+09
1.752666022298693180e+09
1.752666022304989338e+09
1.752666022308726788e+09
1.752666022314767122e+09
1.752666022318546772e+09
1.752666022324598551e+09
1.752666022328598499e+09
1.752666022334912300e+09
1.752666022339480400e+09
1.752666022343317270e+09
1.752666022348774433e+09
1.752666022355016947e+09
1.752666022358720303e+09
1.752666022365023375e+09
1.752666022368627548e+09
1.752666022373218775e+09
1.752666022378738642e+09
1.752666022383784533e+09
1.752666022388652325e+09
1.752666022394837856e+09
1.752666022399523735e+09
1.752666022404791117e+09
1.752666022408732891e+09
1.752666022415065765e+09
1.752666022419275522e+09
1.752666022425719261e+09
1.752666022429977417e+09
1.752666022434769154e+09
1.752666022438573122e+09
1.752666022443399429e+09
1.752666022449932575e+09
1.752666022454736233e+09
1.752666022458518267e+09
1.752666022464444637e+09
1.752666022468652010e+09
1.752666022473119497e+09
1.752666022479634762e+09
1.752666022484826326e+09
1.752666022488672495e+09
1.752666022494636297e+09
1.752666022498520136e+09
1.752666022505326271e+09
1.752666022508726120e+09
1.752666022513410568e+09
1.752666022519008875e+09
1.752666022525147438e+09
1.752666022531006098e+09
1.752666022534950495e+09
1.752666022539212227e+09
1.752666022544699669e+09
1.752666022548633814e+09
1.752666022555564404e+09
1.752666022559745312e+09
1.752666022563272953e+09
1.752666022568756819e+09
1.752666022575468779e+09
1.752666022580015898e+09
1.752666022583110094e+09
1.752666022589610577e+09
1.752666022594918728e+09
1.752666022598757029e+09
1.752666022604898453e+09
1.752666022608846188e+09
1.752666022615189075e+09
1.752666022621525526e+09
1.752666022623470545e+09
1.752666022630015373e+09
1.752666022633403540e+09
1.752666022638700724e+09
1.752666022644838095e+09
1.752666022649031162e+09
1.752666022655003071e+09
1.752666022658693552e+09
1.752666022664934397e+09
1.752666022670679331e+09
1.752666022674847603e+09
1.752666022678750992e+09
1.752666022684777975e+09
1.752666022689972878e+09
1.752666022695405483e+09
1.752666022699694395e+09
1.752666022704790115e+09
1.752666022709128141e+09
1.752666022714729071e+09
1.752666022719678164e+09
1.752666022725398302e+09
1.752666022728726625e+09
1.752666022734785318e+09
1.752666022739677191e+09
1.752666022747237444e+09
1.752666022749149084e+09
1.752666022754599094e+09
1.752666022758675337e+09
1.752666022764693260e+09
1.752666022769105673e+09
1.752666022773169994e+09
1.752666022778666019e+09
1.752666022784978151e+09
1.752666022788738489e+09
1.752666022795211554e+09
1.752666022799010992e+09
1.752666022805050611e+09
1.752666022808655977e+09
1.752666022813648939e+09
1.752666022818765402e+09
1.752666022823166609e+09
1.752666022828911066e+09
1.752666022834821701e+09
1.752666022839327812e+09
1.752666022843220472e+09
1.752666022848728180e+09
1.752666022854735851e+09
1.752666022859762669e+09
1.752666022863090754e+09
1.752666022869807959e+09
1.752666022874862194e+09
1.752666022878727913e+09
1.752666022883817673e+09
1.752666022889043570e+09
1.752666022894692898e+09
1.752666022898742437e+09
1.752666022903174877e+09
1.752666022909604549e+09
1.752666022914574385e+09
1.752666022918686390e+09
1.752666022925441980e+09
1.752666022928745031e+09
1.752666022934918642e+09
1.752666022939188242e+09
1.752666022944943428e+09
1.752666022948824644e+09
1.752666022955253839e+09
1.752666022958692789e+09
1.752666022964944124e+09
1.752666022968896151e+09
1.752666022974924803e+09
1.752666022978744507e+09
1.752666022984943867e+09
1.752666022988792181e+09
1.752666022995010614e+09
1.752666022999426603e+09
1.752666023005110979e+09
1.752666023008698940e+09
1.752666023016035795e+09
1.752666023020880461e+09
1.752666023023127079e+09
1.752666023028630972e+09
1.752666023035739660e+09
1.752666023039993763e+09
1.752666023044949770e+09
1.752666023048616648e+09
1.752666023055441618e+09
1.752666023059683323e+09
1.752666023064917803e+09
1.752666023068711758e+09
1.752666023075387716e+09
1.752666023079936028e+09
1.752666023084995747e+09
1.752666023090655804e+09
1.752666023094916344e+09
1.752666023098748207e+09
1.752666023104902029e+09
1.752666023109600067e+09
1.752666023114970207e+09
1.752666023120717049e+09
1.752666023123654604e+09
1.752666023128825903e+09
1.752666023134814262e+09
1.752666023140015125e+09
1.752666023143131495e+09
1.752666023148715019e+09
1.752666023154754400e+09
1.752666023160611629e+09
1.752666023164702177e+09
1.752666023168601274e+09
1.752666023174652338e+09
1.752666023178636312e+09
1.752666023185302973e+09
1.752666023188907146e+09
1.752666023193312407e+09
1.752666023198736191e+09
1.752666023204863310e+09
1.752666023208616734e+09
1.752666023214723825e+09
1.752666023218801260e+09
1.752666023224594593e+09
1.752666023229140282e+09
1.752666023233260393e+09
1.752666023238647461e+09
1.752666023244699955e+09
1.752666023248743534e+09
1.752666023254939318e+09
1.752666023258787632e+09
1.752666023265048742e+09
1.752666023268761158e+09
1.752666023274889708e+09
1.752666023278745651e+09
1.752666023284988403e+09
1.752666023288831472e+09
1.752666023294935703e+09
1.752666023298686266e+09
1.752666023303406477e+09
1.752666023308843613e+09
1.752666023315405369e+09
1.752666023319348574e+09
1.752666023324546814e+09
1.752666023328595638e+09
1.752666023333454132e+09
1.752666023339606524e+09
1.752666023344757318e+09
1.752666023348589897e+09
1.752666023353180170e+09
1.752666023359446764e+09
1.752666023364935875e+09
1.752666023370215893e+09
1.752666023374916792e+09
1.752666023378740072e+09
1.752666023383035421e+09
1.752666023388995171e+09
1.752666023394866705e+09
1.752666023398530960e+09
1.752666023404592037e+09
1.752666023408608913e+09
1.752666023413306475e+09
1.752666023420022011e+09
1.752666023424167156e+09
1.752666023429060936e+09
1.752666023435224295e+09
1.752666023439498901e+09
1.752666023443585873e+09
1.752666023448673248e+09
1.752666023454978704e+09
1.752666023458764553e+09
1.752666023465133905e+09
1.752666023468649626e+09
1.752666023474959135e+09
1.752666023479342699e+09
1.752666023484913588e+09
1.752666023488939285e+09
1.752666023495033264e+09
1.752666023498735189e+09
1.752666023504860401e+09
1.752666023509685755e+09
1.752666023513653994e+09
1.752666023523536444e+09
1.752666023528662443e+09
1.752666023534992933e+09
1.752666023539233446e+09
1.752666023545049429e+09
1.752666023549039602e+09
1.752666023555673838e+09
1.752666023558551311e+09
1.752666023564643145e+09
1.752666023568710327e+09
1.752666023575218678e+09
1.752666023580406189e+09
1.752666023583694935e+09
1.752666023588649988e+09
1.752666023594985008e+09
1.752666023598690510e+09
1.752666023604895830e+09
1.752666023608785629e+09
1.752666023614727497e+09
1.752666023620034218e+09
1.752666023623231411e+09
1.752666023628723145e+09
1.752666023632973194e+09
1.752666023638962269e+09
1.752666023644956112e+09
1.752666023650092363e+09
1.752666023653011084e+09
1.752666023659461975e+09
1.752666023664925337e+09
1.752666023668790817e+09
1.752666023674953699e+09
1.752666023678539276e+09
1.752666023684773445e+09
1.752666023688669920e+09
1.752666023693173647e+09
1.752666023698872566e+09
1.752666023704988956e+09
1.752666023708753347e+09
1.752666023712959290e+09
1.752666023718697309e+09
1.752666023724301100e+09
1.752666023729162693e+09
1.752666023735040426e+09
1.752666023739260435e+09
1.752666023744864941e+09
1.752666023750531673e+09
1.752666023753681421e+09
1.752666023758756876e+09
1.752666023764554501e+09
1.752666023769662142e+09
1.752666023775702477e+09
1.752666023778691292e+09
1.752666023784625053e+09
1.752666023791153669e+09
1.752666023793745756e+09
1.752666023799405098e+09
1.752666023804909229e+09
1.752666023808764219e+09
1.752666023813421011e+09
1.752666023820761442e+09
1.752666023824608564e+09
1.752666023828664303e+09
1.752666023833410263e+09
1.752666023839370966e+09
1.752666023844963074e+09
1.752666023848900080e+09
1.752666023853312969e+09
1.752666023859662771e+09
1.752666023863789320e+09
1.752666023868905544e+09
1.752666023874964714e+09
1.752666023878787994e+09
1.752666023885275364e+09
1.752666023888860464e+09
1.752666023894659519e+09
1.752666023898643017e+09
1.752666023904954910e+09
1.752666023908803940e+09
1.752666023914636850e+09
1.752666023918624401e+09
1.752666023925467491e+09
1.752666023929747820e+09
1.752666023934720993e+09
1.752666023939463377e+09
1.752666023943226576e+09
1.752666023949586391e+09
1.752666023954817533e+09
1.752666023958693027e+09
1.752666023963101387e+09
1.752666023969838381e+09
1.752666023974804163e+09
1.752666023979374409e+09
1.752666023984863281e+09
1.752666023988722801e+09
1.752666023994732380e+09
1.752666023998717785e+09
1.752666024005111217e+09
1.752666024009138346e+09
1.752666024014897108e+09
1.752666024019539356e+09
1.752666024024638653e+09
1.752666024028729677e+09
1.752666024035313368e+09
1.752666024039900064e+09
1.752666024043055534e+09
1.752666024048593521e+09
1.752666024053285122e+09
1.752666024059838533e+09
1.752666024064775467e+09
1.752666024068935633e+09
1.752666024073244572e+09
1.752666024079941034e+09
1.752666024084813833e+09
1.752666024088909149e+09
1.752666024094808102e+09
1.752666024098552227e+09
1.752666024104756117e+09
1.752666024108560562e+09
1.752666024114673853e+09
1.752666024119872093e+09
1.752666024123184204e+09
1.752666024128759146e+09
1.752666024132974386e+09
1.752666024138608217e+09
1.752666024143002033e+09
1.752666024148945093e+09
1.752666024155185223e+09
1.752666024158547878e+09
1.752666024164564848e+09
1.752666024168588400e+09
1.752666024175151110e+09
1.752666024178741693e+09
1.752666024183201790e+09
1.752666024188697577e+09
1.752666024194648027e+09
1.752666024198992491e+09
1.752666024205567837e+09
1.752666024208658218e+09
1.752666024214091063e+09
1.752666024218703270e+09
1.752666024225423098e+09
1.752666024229963064e+09
1.752666024234884024e+09
1.752666024238689899e+09
1.752666024244878292e+09
1.752666024249859810e+09
1.752666024255513668e+09
1.752666024259523392e+09
1.752666024264649391e+09
1.752666024269155979e+09
1.752666024275157452e+09
1.752666024278533936e+09
1.752666024284254551e+09
1.752666024288705587e+09
1.752666024295192242e+09
1.752666024299848557e+09
1.752666024303772926e+09
1.752666024308706045e+09
1.752666024314982176e+09
1.752666024319504976e+09
1.752666024324606180e+09
1.752666024328660727e+09
1.752666024333050251e+09
1.752666024339565992e+09
1.752666024344659090e+09
1.752666024348785639e+09
1.752666024354900837e+09
1.752666024358548403e+09
1.752666024363012791e+09
1.752666024368705034e+09
1.752666024374630451e+09
1.752666024378526211e+09
1.752666024385558128e+09
1.752666024389762640e+09
1.752666024395006895e+09
1.752666024398761272e+09
1.752666024404838085e+09
1.752666024408773661e+09
1.752666024415098906e+09
1.752666024420640230e+09
1.752666024424667120e+09
1.752666024428622007e+09
1.752666024434899807e+09
1.752666024439509392e+09
1.752666024445049286e+09
1.752666024448735714e+09
1.752666024455418587e+09
1.752666024459721327e+09
1.752666024464764833e+09
1.752666024468911171e+09
1.752666024473445654e+09
1.752666024479988813e+09
1.752666024484758377e+09
1.752666024490833044e+09
1.752666024493230104e+09
1.752666024499680042e+09
1.752666024504833698e+09
1.752666024508650541e+09
1.752666024513232946e+09
1.752666024518874645e+09
1.752666024525366783e+09
1.752666024529014349e+09
1.752666024535105228e+09
1.752666024539392471e+09
1.752666024543394566e+09
1.752666024548748732e+09
1.752666024555621386e+09
1.752666024559859037e+09
1.752666024563022852e+09
1.752666024568680286e+09
1.752666024574619532e+09
1.752666024578689814e+09
1.752666024584684610e+09
1.752666024589017153e+09
1.752666024593613625e+09
1.752666024598560810e+09
1.752666024604733706e+09
1.752666024608947515e+09
1.752666024615213156e+09
1.752666024618566990e+09
1.752666024624749422e+09
1.752666024631085396e+09
1.752666024634761333e+09
1.752666024638569832e+09
1.752666024644950867e+09
1.752666024649394274e+09
1.752666024655475616e+09
1.752666024658713579e+09
1.752666024664638519e+09
1.752666024668671370e+09
1.752666024675401688e+09
1.752666024678964376e+09
1.752666024684996128e+09
1.752666024689002991e+09
1.752666024695592642e+09
1.752666024699777365e+09
1.752666024703846216e+09
1.752666024708692551e+09
1.752666024714998484e+09
1.752666024718719482e+09
1.752666024725288391e+09
1.752666024729825497e+09
1.752666024733381987e+09
1.752666024738706350e+09
1.752666024743025780e+09
1.752666024748691797e+09
1.752666024754925489e+09
1.752666024758628845e+09
1.752666024764590025e+09
1.752666024770272732e+09
