1.201036718447893236e+03 1.654548589306735948e+03 4.192652547202926030e+02
1.201017809669932603e+03 1.654567549360550629e+03 4.193054559952029763e+02
1.200997935227822836e+03 1.654583379057464981e+03 4.192802705055182741e+02
1.200951769233248569e+03 1.654588585859293744e+03 4.192907759828514145e+02
1.201514820696297420e+03 1.655027447508601199e+03 4.199734985774210259e+02
1.201277681930295557e+03 1.654969762694975771e+03 4.201458847144726860e+02
1.201100936334901235e+03 1.654876850898099292e+03 4.203483710247434715e+02
1.200006645843301158e+03 1.654262942225744382e+03 4.204812993844916491e+02
1.199714566371664205e+03 1.653935882864935820e+03 4.216120340722185347e+02
1.199439442936283058e+03 1.653726139602326157e+03 4.221067011056406955e+02
1.198796073093550149e+03 1.653198934779293722e+03 4.229940555389428027e+02
1.198416916185967466e+03 1.652948218206078536e+03 4.234160819279571228e+02
1.198164200624318710e+03 1.652509423280862393e+03 4.246724244931878047e+02
1.196910422306973942e+03 1.650899557547756103e+03 4.257731326337032556e+02
1.195202836169575221e+03 1.649628381296708312e+03 4.258999909815856881e+02
1.195057512549831472e+03 1.649276549648544915e+03 4.263831000752672367e+02
1.194217825506082136e+03 1.647913864774585363e+03 4.270153109704626786e+02
1.193868860124197454e+03 1.647304471449049970e+03 4.275877154317041686e+02
1.193455273656393501e+03 1.646755769106217713e+03 4.280138777887451056e+02
1.192270002689202556e+03 1.645458631924276460e+03 4.286943139868716344e+02
1.189829876782127940e+03 1.644400337145603544e+03 4.282867768581861014e+02
1.188435662562425932e+03 1.642620763184254201e+03 4.286108163610888937e+02
1.187975328340148053e+03 1.641883745349680339e+03 4.290146548582576997e+02
1.186540898782393015e+03 1.640033830676509069e+03 4.294627971236080839e+02
1.185796036996882549e+03 1.639020345354598703e+03 4.296465687553955490e+02
1.184212625910152383e+03 1.637093981150710306e+03 4.299513935111162937e+02
1.183577641407190185e+03 1.636313504056959800e+03 4.302793944098521024e+02
1.182189737312131456e+03 1.634176571530110095e+03 4.305884458344265795e+02
1.180497696366586069e+03 1.632120287256321262e+03 4.307587960491277386e+02
1.179707509279744045e+03 1.631182249562911238e+03 4.308801569753071021e+02
1.178860176568254701e+03 1.630172823819976202e+03 4.309439221525701669e+02
1.177204655192748760e+03 1.628168770533677161e+03 4.311359242679379804e+02
1.175440860336604146e+03 1.626173400733581047e+03 4.312614041974993597e+02
1.174164848186867857e+03 1.624437426197429886e+03 4.315944751392912053e+02
1.173107955180762019e+03 1.623467499243954990e+03 4.315964201608510962e+02
1.170992370801480774e+03 1.621677671488866963e+03 4.319284423266935846e+02
1.169164099163356695e+03 1.619827847765673596e+03 4.320963730281479229e+02
1.168317571474050055e+03 1.618985823305369877e+03 4.323216260722707602e+02
1.166401318480169721e+03 1.617206485285151075e+03 4.324703453797039288e+02
1.165494738633352654e+03 1.616410722228723444e+03 4.326275288802241903e+02
1.164922026415497612e+03 1.616614631210849211e+03 4.365278973993110299e+02
1.163794885344564136e+03 1.615777942129104076e+03 4.365271077454546571e+02
1.161647998657802646e+03 1.614245460722510870e+03 4.375642444340708153e+02
1.160144414682662728e+03 1.612678418258096372e+03 4.371935829845746753e+02
1.158519189602158121e+03 1.611404987919913083e+03 4.373518769179749484e+02
1.157270210208280787e+03 1.610747684458418462e+03 4.381692374604877500e+02
1.155324271177986020e+03 1.609211264604711232e+03 4.379297356936249912e+02
1.155059989679524051e+03 1.608579962056416889e+03 4.372764163076888053e+02
1.152735485777955546e+03 1.607183281809592017e+03 4.381161384219901720e+02
1.152025188304667608e+03 1.606515004025686721e+03 4.379446984385083397e+02
1.150251777594029363e+03 1.604947729089093855e+03 4.374728737852720997e+02
1.149181231632854633e+03 1.604233792473561380e+03 4.372911749748122929e+02
1.147321113160967570e+03 1.603084772349694958e+03 4.384784905667094677e+02
1.146374887327152464e+03 1.602129085824946287e+03 4.378796479914244628e+02
1.143156637917174066e+03 1.600124026466847681e+03 4.390829083119912184e+02
1.142512070656266133e+03 1.599065918420925755e+03 4.397117190414921311e+02
1.140214478696035712e+03 1.598210030279261218e+03 4.397101362421302042e+02
1.137842057083512600e+03 1.595553968781824778e+03 4.354371556213062036e+02
1.136815433636589887e+03 1.595011701598878062e+03 4.356332200420013692e+02
1.135172872775023734e+03 1.593970124399283122e+03 4.360965892268279731e+02
1.132965396714610051e+03 1.592758072045529389e+03 4.365628208447890302e+02
1.131893804740330552e+03 1.592146122000330251e+03 4.367749294486572467e+02
1.129621038657204963e+03 1.590922434433103263e+03 4.371761201123105707e+02
1.128568588068561894e+03 1.590272769371379354e+03 4.374752254410984733e+02
1.124702946716462975e+03 1.588348463723810482e+03 4.376397853905467628e+02
1.123578649151971376e+03 1.587770261704986069e+03 4.378281603100808184e+02
1.120840453755155977e+03 1.586457509884838146e+03 4.380976679171598107e+02
1.119670687912610674e+03 1.585802128239341300e+03 4.381824004864653261e+02
1.117318448466755171e+03 1.584544947083568559e+03 4.384609030070417930e+02
1.116162879590355487e+03 1.583896044743023367e+03 4.385763568082096526e+02
1.114872626878448500e+03 1.583235400024763294e+03 4.385542363146785760e+02
1.112506908208956474e+03 1.582088184800093359e+03 4.386455157111129211e+02
1.110060119203125396e+03 1.580919444455618077e+03 4.386507037802523996e+02
1.107976441560459079e+03 1.580018797024318019e+03 4.388095905732355391e+02
1.106789279735359287e+03 1.579492339848368374e+03 4.387754415652253783e+02
1.104467225810804166e+03 1.578481839497600731e+03 4.386263719042948992e+02
1.102163182023552736e+03 1.577029708517847212e+03 4.389284879733817206e+02
1.100263348364382409e+03 1.576250956589742827e+03 4.388542627289390907e+02
1.100263348364382409e+03 1.576250956589742827e+03 4.388542627289390907e+02
1.098616675516453142e+03 1.575001442583713697e+03 4.389856371163414792e+02
1.096587887743537976e+03 1.573584876459830639e+03 4.392298960746414878e+02
1.094395856145859852e+03 1.572098980349919202e+03 4.394440240073038808e+02
1.093478964741070513e+03 1.571411701034047155e+03 4.397105590057429367e+02
1.092378845354670602e+03 1.570517418691680859e+03 4.398273113681161703e+02
1.092378845354670602e+03 1.570517418691680859e+03 4.398273113681161703e+02
1.088065696504133484e+03 1.567137536716082650e+03 4.405452858796140845e+02
1.086778207352744175e+03 1.565758516642678615e+03 4.420032678034872333e+02
1.085614890761935612e+03 1.564796053286581810e+03 4.421679853774800790e+02
1.083491709631612139e+03 1.562941008486942110e+03 4.426629214709878966e+02
1.082456836631554779e+03 1.562042729425399330e+03 4.429416877331726141e+02
1.080219701418140630e+03 1.560081009351575176e+03 4.433885008017852556e+02
1.079153751128367958e+03 1.559168766681711986e+03 4.436199937277767162e+02
1.077213811993841318e+03 1.557387620828798617e+03 4.444225151123352475e+02
1.074634102200223424e+03 1.555237151176828093e+03 4.446263378561826016e+02
1.073464259882658780e+03 1.554200889852221508e+03 4.448487548947710479e+02
1.071400462719284178e+03 1.552158476011986750e+03 4.452476643314561215e+02
1.069044474520583435e+03 1.549936374754627650e+03 4.456679283346536522e+02
1.067897871878657043e+03 1.548914494341373711e+03 4.459362191772790425e+02
1.065397573596420671e+03 1.546713240616060375e+03 4.462721707501787023e+02
1.064255079413663225e+03 1.545590025142889772e+03 4.465028076660408942e+02
1.061773297852374071e+03 1.543220330488524951e+03 4.468430892089087934e+02
1.059401425822166630e+03 1.540921116301289430e+03 4.472630441370657195e+02
1.058170459256097502e+03 1.539701115819323832e+03 4.474592630276166005e+02
1.056865138281553982e+03 1.538507739128262983e+03 4.475858004380083344e+02
1.054157868242477889e+03 1.535959296274163307e+03 4.477379264071871603e+02
1.050293129378792173e+03 1.532130629727765381e+03 4.481127949448525101e+02
1.048863151024018862e+03 1.530734166613546449e+03 4.480388316749928777e+02
1.047833257124842248e+03 1.529472171592841050e+03 4.483609004967678970e+02
1.044839174253601641e+03 1.526672214962074577e+03 4.482296971146570286e+02
1.043179781993935194e+03 1.525283657074407984e+03 4.483816665260281411e+02
1.040338518048156857e+03 1.522760850653651232e+03 4.483544735091130065e+02
1.038979919242447068e+03 1.521351798725091157e+03 4.483457601060035813e+02
1.036133798844485227e+03 1.518528267058143228e+03 4.482263756976847731e+02
1.032130329060711574e+03 1.515475116237938437e+03 4.473607866085525870e+02
1.030602914666076686e+03 1.514101262280153151e+03 4.472956114633700508e+02
1.027679642500143700e+03 1.511507115159989553e+03 4.469420228206994921e+02
1.025163383805148442e+03 1.509330653528549419e+03 4.469230538932628747e+02
1.023642380254009709e+03 1.508102500618208978e+03 4.466750799599298034e+02
1.020745668719294713e+03 1.505703727840175361e+03 4.462436340772007952e+02
1.019610266205887228e+03 1.504752887312426310e+03 4.463524728154087597e+02
1.016924834165565585e+03 1.502634720301983862e+03 4.462753361544778272e+02
1.015546034373088332e+03 1.501669659087889613e+03 4.461317610052228702e+02
1.013001976186388106e+03 1.499379014252519937e+03 4.461796354181447555e+02
1.010270081448905671e+03 1.497091608910335481e+03 4.461618152093886920e+02
1.009048440304197811e+03 1.496011989115465440e+03 4.462472743833663458e+02
1.009048440304197811e+03 1.496011989115465440e+03 4.462472743833663458e+02
1.003642535890021691e+03 1.491496434379732136e+03 4.462350011007126227e+02
1.002423657151916927e+03 1.490402096374954453e+03 4.463858115514487395e+02
9.997342624466467669e+02 1.488190839085751350e+03 4.465346103526474622e+02
9.982765792943689576e+02 1.487241983646276367e+03 4.464659868566060936e+02
9.956089586115876955e+02 1.484894030440129882e+03 4.466542128521629138e+02
9.941997683632656617e+02 1.483750721002530554e+03 4.466800220424229337e+02
9.916555736073024718e+02 1.481607545517764038e+03 4.469240056744516778e+02
9.889871702566852036e+02 1.479290244148474130e+03 4.470171172368530961e+02
9.874623260634620010e+02 1.478138484720919905e+03 4.469353201177939354e+02
9.847142146674664218e+02 1.475773922560223127e+03 4.470278121952436550e+02
9.820187466736413171e+02 1.473544557157408917e+03 4.472408240885517898e+02
9.805255243870773256e+02 1.472369809699792313e+03 4.472551381706516054e+02
9.774011075541367290e+02 1.469971634543400114e+03 4.470706297574337782e+02
9.819859434811907022e+02 1.472849832277674295e+03 4.523774372479676344e+02
9.747586594983929444e+02 1.467123653288841297e+03 4.482852985808613084e+02
9.706697890001970563e+02 1.464357656752805497e+03 4.475460427534587211e+02
9.690104484284166801e+02 1.463367474372600327e+03 4.474282128913727092e+02
9.662096725481961812e+02 1.461082884666148630e+03 4.474494339324916155e+02
9.647056059300794004e+02 1.459899370434738557e+03 4.474818957022525865e+02
9.618241878775705800e+02 1.457614681703808401e+03 4.475223314379406929e+02
9.605254118970426589e+02 1.456569152481285983e+03 4.475136430864232011e+02
9.574254954997409186e+02 1.454207622748220729e+03 4.473636397228312376e+02
9.543938841613228306e+02 1.451799456913932090e+03 4.472429361331225550e+02
9.530426742438150995e+02 1.450690076691218110e+03 4.470154587523489909e+02
9.498480975600988359e+02 1.448331662299534855e+03 4.469037558172603326e+02
9.470532769550363810e+02 1.446064459811420647e+03 4.468292695054481669e+02
9.453195691385727741e+02 1.444821063276598807e+03 4.466078046372680888e+02
9.437802758337819569e+02 1.443763069279003730e+03 4.463664413924452106e+02
9.410218303161555014e+02 1.441150515336574017e+03 4.461985186226331166e+02
9.382116783630945065e+02 1.438818145455359172e+03 4.459572411794670757e+02
9.412197430616120073e+02 1.439551655360213772e+03 4.499197765208758142e+02
9.397905953256740759e+02 1.438328079313152330e+03 4.496741523656774575e+02
9.381199804159921314e+02 1.436789736083259186e+03 4.493549721603505986e+02
9.357605366843166621e+02 1.434422631304964852e+03 4.491581913287718635e+02
9.330795469509181430e+02 1.431844633496179540e+03 4.487614466341352681e+02
9.302283786466421134e+02 1.429021739452938846e+03 4.479907957879858031e+02
9.290942229615721999e+02 1.427858848057798241e+03 4.478286923964358266e+02
9.263838131396927338e+02 1.425275726972775146e+03 4.470680741421930975e+02
9.250404602640621761e+02 1.423964779735228603e+03 4.468713100296417338e+02
9.221654986200564963e+02 1.421235482712810835e+03 4.463397658578650748e+02
9.206528886521151662e+02 1.419828018012028679e+03 4.459986490268875059e+02
9.177745358709724997e+02 1.416993015714056355e+03 4.455724129107973113e+02
9.147987398475498821e+02 1.414009884651528637e+03 4.454518820374973416e+02
9.134365734913869801e+02 1.412489046703744862e+03 4.453927923324282574e+02
9.105329671398301343e+02 1.409460410170694558e+03 4.454871341974870234e+02
9.074301087902797462e+02 1.406105038900105001e+03 4.455419965263213271e+02
9.062347800205774320e+02 1.404744697562015062e+03 4.457876930316804760e+02
9.047702699424484081e+02 1.403185673397977780e+03 4.459336285888630869e+02
9.018471540630958998e+02 1.400064985768850647e+03 4.461954882076842068e+02
8.974560569199197744e+02 1.395266824077473302e+03 4.468644537273279980e+02
8.959647668193780419e+02 1.393561836759211701e+03 4.470642914829057872e+02
8.945856459700063397e+02 1.391940955138269828e+03 4.473312610710302692e+02
8.931243460112743833e+02 1.390303541929087942e+03 4.476037010865337606e+02
8.900435688869022215e+02 1.386828449709737470e+03 4.480254011428748413e+02
8.872621067407128521e+02 1.383530901054519063e+03 4.485584374916940646e+02
8.856863122152428787e+02 1.381684209926413587e+03 4.487578300680523853e+02
8.829767974326787225e+02 1.378352719094162694e+03 4.492493984386439365e+02
8.815468778428848964e+02 1.376598575166139881e+03 4.495326261866880486e+02
8.784748511611082904e+02 1.372901678319407210e+03 4.496848067243038258e+02
8.758920901242793207e+02 1.369484006619205047e+03 4.501669902183463705e+02
8.758920901242793207e+02 1.369484006619205047e+03 4.501669902183463705e+02
8.715600586521100013e+02 1.364072254036301956e+03 4.504303288280605670e+02
8.693303739985102538e+02 1.360876363559765423e+03 4.514718992470826606e+02
8.677899504470693728e+02 1.359095479086344994e+03 4.513230263606643575e+02
8.664235776392162052e+02 1.357249615574585505e+03 4.512728287026471889e+02
8.634277208946153905e+02 1.353546847218979565e+03 4.509883727831420970e+02
8.604937385374373662e+02 1.349888676627279892e+03 4.506157369987267884e+02
8.589760998977144482e+02 1.348023080988993797e+03 4.502607511086672503e+02
8.561479828406622801e+02 1.344271163154929354e+03 4.496534014577570133e+02
8.530109972301480639e+02 1.340775469859690702e+03 4.484054661741919858e+02
8.503201220198893679e+02 1.337095434434145091e+03 4.475583921771083169e+02
8.486790893594931049e+02 1.335405857438596740e+03 4.467891836164959045e+02
8.460936250145648501e+02 1.331562838224453117e+03 4.458574522019108031e+02
8.448183154662186780e+02 1.329635469731927515e+03 4.454369191386604143e+02
8.417530329499633126e+02 1.326147760772774518e+03 4.443037680117355990e+02
8.406238322445511812e+02 1.324097754609861568e+03 4.441281396167345861e+02
8.359275484152349236e+02 1.318095530616067208e+03 4.428866527500476309e+02
8.344430475481591429e+02 1.316154207788142003e+03 4.425407214762889225e+02
8.331067400959094584e+02 1.314271868086649192e+03 4.424284290720609647e+02
8.305282705989644683e+02 1.310438938109977698e+03 4.425069195737834775e+02
8.277035389062803006e+02 1.306621387027470973e+03 4.423853276121666340e+02
8.241111493817323890e+02 1.302846229355488504e+03 4.401681105757081696e+02
8.216135040489546100e+02 1.298987416383802383e+03 4.406815473344742031e+02
8.202077047831890013e+02 1.297135715198990511e+03 4.405197532037776682e+02
8.176611478400434407e+02 1.293492654021099952e+03 4.405894030778387105e+02
8.162061662323210385e+02 1.291702998510016869e+03 4.402643478551071325e+02
8.134882517120431658e+02 1.288045876591169417e+03 4.402208676547583650e+02
8.108190471120761913e+02 1.284363039510927365e+03 4.396512926537408816e+02
8.083303387977462080e+02 1.280870641048994003e+03 4.392162134324746603e+02
8.069019584198550774e+02 1.279057452234539369e+03 4.387245005090437644e+02
8.044386552312531649e+02 1.275546584099437041e+03 4.380947314262517125e+02
8.029835083303739793e+02 1.273741096573700815e+03 4.374023891001319839e+02
8.017788634425373857e+02 1.272029419644959489e+03 4.371124534359230438e+02
7.988726754544597952e+02 1.268360816824004132e+03 4.355388508154964597e+02
7.961803627905557050e+02 1.264647193247182486e+03 4.342392494135307288e+02
7.948123315200564321e+02 1.262799034262438681e+03 4.336242474075407358e+02
7.920281862595135181e+02 1.258989135410509789e+03 4.321515603139962991e+02
7.890455630093874788e+02 1.255240101117289669e+03 4.307443297572028769e+02
7.859748850169604566e+02 1.251301493586044671e+03 4.291446539349457225e+02
7.846175057610544172e+02 1.249393022622085482e+03 4.287580107694373623e+02
7.815444686728974375e+02 1.245328799328883179e+03 4.278615302139300525e+02
7.799782787079699347e+02 1.243354039490618106e+03 4.277651037254452149e+02
7.769098841964732856e+02 1.239482895844744689e+03 4.275969702902519884e+02
7.757341504521607476e+02 1.237626010935803833e+03 4.278752554421422474e+02
7.734791718445444531e+02 1.234088481948514072e+03 4.287318411993308018e+02
7.712436881029497044e+02 1.230733203926529995e+03 4.294514823656840008e+02
7.701663093512108844e+02 1.229057116857809433e+03 4.298249039043563471e+02
7.680618282197302733e+02 1.225781054795854061e+03 4.306473537617843022e+02
7.669878106118924279e+02 1.224160736289102715e+03 4.310516126010643347e+02
7.651817849900990041e+02 1.221129531029246891e+03 4.321623852209557413e+02
7.630504604948795304e+02 1.217877729473663749e+03 4.331277959153941879e+02
7.619891629637862707e+02 1.216310294866091681e+03 4.336681172269671265e+02
7.599339457447198356e+02 1.213193509339428147e+03 4.347915872140828810e+02
7.588203012532565026e+02 1.211604579836735411e+03 4.353357275734617815e+02
7.567390350058880131e+02 1.208471336126565575e+03 4.366050935810879992e+02
7.545064065818435211e+02 1.205339385451482713e+03 4.377610971333202201e+02
7.534413887542226576e+02 1.203744026572941266e+03 4.383529943076742370e+02
7.522668205081897668e+02 1.202189719206322479e+03 4.389226423739636402e+02
7.500632967451900868e+02 1.199097184051820250e+03 4.400705534805087495e+02
7.476961617005310927e+02 1.195995101661360195e+03 4.411662956537881541e+02
7.454302204777532097e+02 1.192894493333564924e+03 4.421787480371153833e+02
7.442275092481340835e+02 1.191337172461585624e+03 4.425966371757692173e+02
7.419206372436856327e+02 1.188283525923478010e+03 4.435628177473021765e+02
7.407195682914295958e+02 1.186740073465766727e+03 4.440198750730773440e+02
7.383939043253051295e+02 1.183712844521900934e+03 4.447508633115620000e+02
7.372208149458682556e+02 1.182141625132153194e+03 4.451553913475429454e+02
7.347964788350790286e+02 1.179030128141716204e+03 4.457626303946061626e+02
7.323963742285773151e+02 1.175891130738616084e+03 4.463742147364395123e+02
7.312148306832625622e+02 1.174304601559038474e+03 4.466394374366781790e+02
7.287555950852299702e+02 1.171084954201052824e+03 4.471861524306328306e+02
7.263184433376633251e+02 1.167874878947637853e+03 4.476597218552694812e+02
7.250763984169822152e+02 1.166230606563490255e+03 4.478688839526809602e+02
7.226003808683061607e+02 1.162987178686212474e+03 4.481541052520312292e+02
7.226003808683061607e+02 1.162987178686212474e+03 4.481541052520312292e+02
7.188318493881826043e+02 1.158117726731548601e+03 4.485929742610293829e+02
7.162711677197401059e+02 1.154906509697373394e+03 4.487671142341282007e+02
7.149098457801510449e+02 1.153314673221576413e+03 4.487884392291293807e+02
7.125229481915318956e+02 1.150204847169209415e+03 4.488305990333603290e+02
7.096630537118770690e+02 1.147006683711855658e+03 4.487391600799452362e+02
7.083094715304497413e+02 1.145451110621570251e+03 4.486684073845984244e+02
7.069980839631551817e+02 1.143826257074184014e+03 4.485161323458318066e+02
7.043218815690353267e+02 1.140706958833318367e+03 4.483232676220058579e+02
7.015943835724169730e+02 1.137546464017497783e+03 4.479666566041555598e+02
7.003316793556587072e+02 1.135988295434295196e+03 4.477157883362012853e+02
6.976386652882385988e+02 1.132886426165340936e+03 4.472602579879156792e+02
6.963166598911316214e+02 1.131341950018870648e+03 4.470280969171041079e+02
6.937035185452351698e+02 1.128283137459248110e+03 4.463944425104819516e+02
6.898796948224731977e+02 1.123372311500243313e+03 4.458984589105222653e+02
6.898796948224731977e+02 1.123372311500243313e+03 4.458984589105222653e+02
6.873184460932556021e+02 1.119912486433239565e+03 4.459444951031310325e+02
6.846844822338726999e+02 1.116306784582551700e+03 4.462920517827159870e+02
6.837167498454126644e+02 1.115187998161120731e+03 4.470195150095660210e+02
6.822085965264167271e+02 1.113166805872067698e+03 4.470728387950281331e+02
6.798279841749733805e+02 1.109981054713998674e+03 4.477249836733636812e+02
6.773473342263389441e+02 1.106763319140711246e+03 4.483989785312060690e+02
6.758244522552822673e+02 1.105005262099153697e+03 4.486151356200424516e+02
6.747239791118513494e+02 1.103620554746094740e+03 4.490554191362892880e+02
6.734656809901092629e+02 1.102065971209200825e+03 4.494785787088530356e+02
6.698607218328243107e+02 1.097904836818245712e+03 4.502904492489064410e+02
6.688395343318962887e+02 1.096623953096419655e+03 4.508012553474399056e+02
6.652373276248782759e+02 1.092697311759780632e+03 4.521910622567598921e+02
6.642295154253116607e+02 1.091499122651922789e+03 4.527162410036452229e+02
6.615968071161967146e+02 1.088566532404716781e+03 4.531836407093963430e+02
6.604245368966279557e+02 1.087503084413858460e+03 4.535141949634736420e+02
6.593633214031865464e+02 1.086083825962462925e+03 4.538990527582525374e+02
6.568023800821015357e+02 1.083188910909264223e+03 4.544699656263519500e+02
6.545261502655370123e+02 1.080654620149459106e+03 4.554393031217736620e+02
6.522374381699643209e+02 1.077977296661945502e+03 4.561636834177238597e+02
6.508847522814741069e+02 1.076581001361008475e+03 4.563686076187948970e+02
6.488352413545674153e+02 1.074142384289608344e+03 4.572337423259487537e+02
6.463477828145942112e+02 1.071471105908455911e+03 4.576878234544532802e+02
6.453568439589976151e+02 1.070129761500111954e+03 4.580327379675393900e+02
6.441698587350089156e+02 1.068843360526220977e+03 4.581453943593940608e+02
6.419127478588155782e+02 1.066169692064564288e+03 4.584833160721723857e+02
6.395519055270199260e+02 1.063399962054694470e+03 4.586258538465658035e+02
6.374204068651034731e+02 1.061031504919504187e+03 4.589169173629364877e+02
6.361491378474770499e+02 1.059608996168782824e+03 4.588409787909269539e+02
6.339095039003409511e+02 1.056824866503397516e+03 4.589533624163794912e+02
6.326751602307665507e+02 1.055522340621108924e+03 4.589342012750851154e+02
6.302126770880416871e+02 1.052673147963796282e+03 4.589109623698909672e+02
6.279750015817623989e+02 1.049924186146993861e+03 4.591458546356461170e+02
6.267323077262067272e+02 1.048521910151287329e+03 4.591247922369068988e+02
6.242969370355335741e+02 1.045559104141683974e+03 4.591796755282132949e+02
6.232277623408765521e+02 1.044311616937586905e+03 4.592986877181371028e+02
6.207847062857501896e+02 1.041462517898692568e+03 4.593507352297976922e+02
6.196086404384556090e+02 1.040034136311413477e+03 4.594252116122066809e+02
6.172231504429233837e+02 1.037074200078481454e+03 4.593983970576620095e+02
6.146692616909101616e+02 1.034306017212895540e+03 4.594174638567513398e+02
6.133996050071438049e+02 1.032809268929755035e+03 4.594204538962721927e+02
6.109203757217019302e+02 1.029988166537845245e+03 4.594568967715931649e+02
6.083061706075858410e+02 1.027004347320123316e+03 4.592554065787385866e+02
6.083061706075858410e+02 1.027004347320123316e+03 4.592554065787385866e+02
6.058056392317546397e+02 1.024329071109099687e+03 4.594444621349088607e+02
6.031997049266230988e+02 1.021529208420277428e+03 4.595270862021383209e+02
6.004906379984697651e+02 1.018756855701361701e+03 4.597261020011896449e+02
5.991256767961122023e+02 1.017381860421788701e+03 4.597974382618580194e+02
5.977554463855607310e+02 1.015834258425429198e+03 4.598690928140803749e+02
5.950113160505707128e+02 1.013328361684307879e+03 4.601512245576474811e+02
5.910157089639773176e+02 1.009269817323473262e+03 4.606332354911138509e+02
5.894693700950457469e+02 1.008149581562100252e+03 4.607712679697361864e+02
5.865509698803690526e+02 1.005805421492958658e+03 4.609122847201435889e+02
5.852459905067129284e+02 1.004314684142109172e+03 4.607495213704586376e+02
5.825654819509252320e+02 1.001989818776067750e+03 4.608466760325053428e+02
5.812684561849338252e+02 1.000785793494261497e+03 4.608080164323085910e+02
5.797057350901509380e+02 9.996544456020046709e+02 4.607146352195857162e+02
5.768960939017815690e+02 9.973739372888343269e+02 4.605891389190081782e+02
5.742533286421977436e+02 9.948753823947495221e+02 4.600816614829768696e+02
5.714303910180068442e+02 9.925167443941863894e+02 4.599551813320540532e+02
5.689740233979111963e+02 9.899963426986530521e+02 4.597586543408614830e+02
5.676868831588490139e+02 9.885814418173861213e+02 4.595908927501091057e+02
5.652402182360187908e+02 9.862776141795466174e+02 4.596432807885521470e+02
5.645890630270413340e+02 9.854527919299780478e+02 4.600881971217956448e+02
5.633257072514743413e+02 9.841109264506096679e+02 4.600393104093944316e+02
5.610908261376828250e+02 9.817899417920355063e+02 4.599060505757493047e+02
5.587593464730447295e+02 9.795634324603496452e+02 4.598847321438481117e+02
5.562436300249792112e+02 9.772651937694092794e+02 4.599737252080844314e+02
5.545974754626331560e+02 9.760662394177347778e+02 4.595073868689871119e+02
5.522348270201931655e+02 9.738308582910245832e+02 4.595868284670301591e+02
5.511989663154540722e+02 9.726301829433608646e+02 4.595656726157862408e+02
5.485688718513182494e+02 9.707445595623310055e+02 4.598677326852594547e+02
5.459526812857077402e+02 9.686568430034183166e+02 4.600740074598246565e+02
5.447313053005625534e+02 9.676060925158691362e+02 4.601892342530622386e+02
5.426873435973833466e+02 9.653645234987471895e+02 4.603565343166499702e+02
5.415263090565991888e+02 9.642783861440085502e+02 4.603955338676704514e+02
5.386786495763186622e+02 9.623916405080284449e+02 4.607846762421393692e+02
5.374583391302627433e+02 9.613467847867208320e+02 4.609506256325927893e+02
5.354187807954861000e+02 9.590322453326558616e+02 4.610814632207525392e+02
5.329450650935626754e+02 9.568948810345543734e+02 4.613706565543965326e+02
5.329450650935626754e+02 9.568948810345543734e+02 4.613706565543965326e+02
5.289498544181662965e+02 9.537115181988517634e+02 4.619237069887977896e+02
5.265801497462031193e+02 9.514083696751710022e+02 4.621760856503194077e+02
5.242320586742140449e+02 9.490324379778487582e+02 4.624168967414207714e+02
5.229302486980584490e+02 9.479739198969756444e+02 4.626238328993457571e+02
5.217433231785016687e+02 9.468315578574902247e+02 4.627446750040517145e+02
5.189205295550369783e+02 9.444434924904680884e+02 4.629557498742657913e+02
5.181052463992408548e+02 9.432887945977773825e+02 4.632405415294125532e+02
5.156267804778974551e+02 9.409409554737975441e+02 4.634995895968473860e+02
5.141410144501655850e+02 9.398085519575799935e+02 4.637031586518377253e+02
5.106604917305214144e+02 9.361629133928707915e+02 4.641051599150223410e+02
5.093068355299992618e+02 9.350226730540387052e+02 4.643035137741278504e+02
5.080993249749156462e+02 9.338305993996850702e+02 4.644941653160968258e+02
5.058654258747438348e+02 9.313707828624026206e+02 4.646697934170368285e+02
5.032556386466253002e+02 9.287146297282509977e+02 4.649162275761407273e+02
5.021020590962271513e+02 9.276124559369408189e+02 4.651486151529155677e+02
4.983451016088570782e+02 9.237063431552527391e+02 4.654363856838964466e+02
4.983451016088570782e+02 9.237063431552527391e+02 4.654363856838964466e+02
4.959380023874953736e+02 9.208739679365371558e+02 4.655573445531111929e+02
4.932924614051711387e+02 9.182959099392943472e+02 4.658432640779166150e+02
4.923108383330275615e+02 9.168468954561765258e+02 4.656823104034522771e+02
4.902138231458901032e+02 9.140760839302791965e+02 4.662462515318046599e+02
4.874849211731615242e+02 9.114688815667782364e+02 4.665215949761256411e+02
4.861427223932155925e+02 9.100789283920548769e+02 4.665286242471606215e+02
4.849696362903848694e+02 9.085493947607890277e+02 4.664343361229035736e+02
4.824547531790982475e+02 9.056962425752874424e+02 4.664908889184370651e+02
4.796313741320127519e+02 9.030957857065335475e+02 4.667509048599604853e+02
4.783862910858393320e+02 9.015056706787479470e+02 4.666001840978552195e+02
4.756795309991657064e+02 8.986696607648759709e+02 4.667148997840611173e+02
4.729767436730136865e+02 8.958988487511730909e+02 4.667785243584513069e+02
4.715212483037607285e+02 8.943441037748456210e+02 4.667535707276699100e+02
4.688803292767231028e+02 8.914490745984578552e+02 4.667474774816996614e+02
4.659972295791802708e+02 8.884455832390959813e+02 4.667447431564867202e+02
4.645474195387380405e+02 8.870104588625874840e+02 4.667207655436415052e+02
4.619351393475311056e+02 8.839015528538315039e+02 4.665539667522230616e+02
4.605538544213238765e+02 8.824242793772242521e+02 4.665453639812755569e+02
4.577667540200145595e+02 8.793734381034952321e+02 4.664482183354599556e+02
4.564238227931832057e+02 8.778475562531975811e+02 4.663370337865793545e+02
4.538631197598857625e+02 8.747342118647299003e+02 4.660832423391873931e+02
4.510424684411347016e+02 8.717648833571012119e+02 4.658782592222938774e+02
4.496431002274302386e+02 8.703739511745970958e+02 4.657834901295332770e+02
4.470458466713625398e+02 8.672308966013335976e+02 4.653884482890277923e+02
4.443957134434561453e+02 8.643838739897355481e+02 4.649199195764333581e+02
4.432275199531222825e+02 8.630191957190601215e+02 4.647855355306903107e+02
4.404231195819911591e+02 8.601310748494790914e+02 4.644427537080799198e+02
4.390321333578677923e+02 8.588350312344790609e+02 4.642715804496684768e+02
4.366219574978406968e+02 8.560738701859703497e+02 4.637609729721705207e+02
4.341187168153201128e+02 8.532986254078628008e+02 4.633070950820653593e+02
4.341187168153201128e+02 8.532986254078628008e+02 4.633070950820653593e+02
4.315699266127554097e+02 8.505761526456057027e+02 4.630923639480835732e+02
4.276814307666418244e+02 8.463966283549827949e+02 4.627678598464297011e+02
4.264402741575836444e+02 8.449944444447860405e+02 4.627660390679534999e+02
4.252044101964501692e+02 8.435576986003650291e+02 4.627291465685105436e+02
4.225235235056507577e+02 8.408455164079202859e+02 4.625903997688799905e+02
4.200173613818716944e+02 8.378017673384512136e+02 4.625137451992389401e+02
4.187777611214806370e+02 8.363864091057913583e+02 4.625077199698184245e+02
4.162643773046650608e+02 8.334217037496790681e+02 4.624046310237994248e+02
4.135880517006457922e+02 8.305954216775253371e+02 4.624342625481482969e+02
4.122298930130903614e+02 8.294249172096883740e+02 4.626079500667808020e+02
4.097420277225247673e+02 8.264043259789526701e+02 4.624445670902826464e+02
4.084975537537563923e+02 8.249512087409545984e+02 4.627300962713889589e+02
4.053248442743344526e+02 8.219885714969821038e+02 4.619613989526075102e+02
4.027823220666736006e+02 8.189208488548997593e+02 4.618434144499228751e+02
4.014025015489222596e+02 8.175844485938210937e+02 4.618743372475984188e+02
3.987072535197375487e+02 8.146088492148027171e+02 4.618274947926581149e+02
3.972976625849447601e+02 8.132556273193874858e+02 4.617488942752898424e+02
3.947606808705140224e+02 8.100322009904120932e+02 4.614214566099005879e+02
3.935511231621422326e+02 8.084212287021498469e+02 4.612376626176127843e+02
3.907475091949910961e+02 8.054922929806264165e+02 4.611613525159002620e+02
3.881165209936316387e+02 8.024148598512324497e+02 4.608928816217419353e+02
3.853642606548427807e+02 7.992488661075301479e+02 4.606051611410514397e+02
3.840619544350741990e+02 7.975272266343725960e+02 4.605703117073970247e+02
3.815688075349100927e+02 7.942447208968502537e+02 4.599772641296397637e+02
3.801982093126100608e+02 7.927173327237999274e+02 4.598876632515513734e+02
3.774020426350210755e+02 7.895273084934692633e+02 4.595061497829006498e+02
3.761597566670579909e+02 7.877166999169505743e+02 4.592719797331576501e+02
3.748177695327361789e+02 7.860246459770980891e+02 4.590112452207157503e+02
3.708904979934620769e+02 7.807820802565704525e+02 4.584879542590942378e+02
3.697098962792419456e+02 7.790110174493414661e+02 4.580867553859305303e+02
3.684809205471747759e+02 7.772192171855108427e+02 4.578663878268013718e+02
3.660739114015268001e+02 7.736747949538776084e+02 4.575246620154011907e+02
3.635503957358026241e+02 7.703198491893335813e+02 4.571376389199614891e+02
3.612431538980476944e+02 7.669315033259554184e+02 4.568842771156299705e+02
3.598887558396040163e+02 7.652649655114880716e+02 4.567923862052023196e+02
3.574396066925266950e+02 7.619952622481670232e+02 4.566858152412102072e+02
3.563672392314755371e+02 7.602747951976388094e+02 4.566300797693115783e+02
3.550110059934298761e+02 7.586822807822389905e+02 4.567028426276987716e+02
3.527478517925003985e+02 7.549690473884363655e+02 4.565112674241471495e+02
3.504248185931305102e+02 7.516220528707689255e+02 4.566719415445233494e+02
3.479888968933016145e+02 7.480660753866485493e+02 4.568111626234577329e+02
3.469474851269399096e+02 7.463999538506149065e+02 4.569304026717212537e+02
3.469474851269399096e+02 7.463999538506149065e+02 4.569304026717212537e+02
3.434351265455048292e+02 7.406521283575831376e+02 4.573442310395480490e+02
3.422685128450737579e+02 7.388201771661225621e+02 4.572687547938131161e+02
3.388389428722106800e+02 7.330952967116141963e+02 4.575016693585016583e+02
3.376801783469254019e+02 7.310729303373493622e+02 4.575313842455697113e+02
3.366236380251277183e+02 7.288507455984622538e+02 4.575703262883837965e+02
3.333641932192020363e+02 7.228392237350628875e+02 4.576760026694719841e+02
3.319948477246386460e+02 7.206805769958806422e+02 4.577202354386606089e+02
3.310160185244991453e+02 7.186771497174219121e+02 4.576849663728400515e+02
3.275638924776063163e+02 7.124374455972359783e+02 4.574688459643786587e+02
3.261154918852404307e+02 7.103547020279298749e+02 4.576378611422102267e+02
3.238608820316318315e+02 7.061324164225599134e+02 4.574397588565316255e+02
3.225064590501224870e+02 7.039808171062030624e+02 4.572546924987860280e+02
3.200553032133124702e+02 6.998053298849725934e+02 4.566947948930002781e+02
3.186186323643028686e+02 6.975797880969425933e+02 4.565356752355211825e+02
3.158949901821943627e+02 6.932505928032414886e+02 4.558913029641916523e+02
3.146301974864435351e+02 6.909627149098298560e+02 4.555229446398904543e+02
3.120317697302430702e+02 6.865725087388442489e+02 4.544383241391537922e+02
3.091949457562779457e+02 6.822647447928304700e+02 4.534436865380020549e+02
3.066686764209104581e+02 6.778232522006223917e+02 4.522595607273360088e+02
3.055912443090527972e+02 6.753166159727177273e+02 4.515408455595080000e+02
3.030208481259330711e+02 6.706713655309342812e+02 4.504506287253668688e+02
3.018221507113587450e+02 6.684460147205710427e+02 4.498267560177098972e+02
2.994533218489413571e+02 6.644134619563560591e+02 4.489457297358601409e+02
2.982952952958000310e+02 6.622905018239456467e+02 4.481198921114428799e+02
2.962697563712706597e+02 6.579090913475363323e+02 4.474029979138371687e+02
2.950799723604725386e+02 6.556300408394840815e+02 4.474041481228890120e+02
2.918893867042006605e+02 6.494595602778724697e+02 4.472898394217513669e+02
2.909824853267499520e+02 6.474979765369947700e+02 4.467941001182880427e+02
2.890138389542165669e+02 6.432245343267400131e+02 4.470625918798443195e+02
2.880122522303166193e+02 6.412940082247497458e+02 4.469732576642202275e+02
2.858569176494301018e+02 6.371880079379733388e+02 4.473207979493595303e+02
2.849633488208323797e+02 6.349325979427900393e+02 4.474545579902593886e+02
2.838873580665988925e+02 6.329556991851778776e+02 4.476271176816863431e+02
2.823712848223113951e+02 6.285056985842203403e+02 4.479098268539463561e+02
2.802352985078218239e+02 6.242772612082860633e+02 4.480132906282978524e+02
2.791319608001909387e+02 6.223023135268086889e+02 4.482155951019451550e+02
2.770439799554773117e+02 6.180549449555010142e+02 4.478053858279777160e+02
2.758035825395456300e+02 6.159769359052111213e+02 4.482129244306325973e+02
2.739653350952599453e+02 6.116833779684432102e+02 4.483464198546744228e+02
2.717516884733074676e+02 6.076065297981446065e+02 4.481070508225021740e+02
2.707022005118795391e+02 6.055624957769915682e+02 4.478638634173789228e+02
2.686836281536882325e+02 6.012767334200988216e+02 4.475195748595717760e+02
2.666734630604394169e+02 5.968894187790147043e+02 4.472302848619423230e+02
2.655683918063304532e+02 5.947609578041348186e+02 4.467264061627433875e+02
2.635561823653931697e+02 5.902669726941165891e+02 4.460805111182431233e+02
2.624044291968588709e+02 5.881739113118587738e+02 4.456416171846742031e+02
2.603743028222016278e+02 5.835808351452649276e+02 4.446116461672143032e+02
2.593725039647226254e+02 5.813376094044984939e+02 4.441230108505396856e+02
2.571899478703724071e+02 5.766280259663641345e+02 4.430799980836674195e+02
2.550050127716158670e+02 5.723241408785928570e+02 4.418692264291696574e+02
2.526876856115522116e+02 5.676293329943449635e+02 4.405800487579334686e+02
2.515030562932213911e+02 5.651003831266434645e+02 4.399306255938644199e+02
2.491329885853366477e+02 5.605797032330447109e+02 4.386666294095946910e+02
2.480292566844714770e+02 5.585634141522436948e+02 4.380620535948835936e+02
2.453368502347458673e+02 5.543557573604349500e+02 4.373182867292717333e+02
2.428171920195682105e+02 5.506458181914036913e+02 4.374839950895168386e+02
2.416965449521916582e+02 5.490584504007028954e+02 4.377504174495524012e+02
2.404089673968408079e+02 5.473932115281207871e+02 4.383275425006100363e+02
2.382274797629011971e+02 5.440872278792859333e+02 4.396260125190719350e+02
2.362075498243722222e+02 5.405802061741451325e+02 4.408613639868999030e+02
2.343822979938708784e+02 5.371897116996343584e+02 4.419812988172935775e+02
2.333823352483951510e+02 5.352757938676187450e+02 4.426153922962450906e+02
2.316360506922443108e+02 5.317155316681440809e+02 4.436438346550151550e+02
2.308419021202925308e+02 5.300079819221102753e+02 4.441102389700907906e+02
2.279156383641814330e+02 5.247084876679706440e+02 4.459392266801420419e+02
2.279156383641814330e+02 5.247084876679706440e+02 4.459392266801420419e+02
2.259165510415216716e+02 5.211001724494700511e+02 4.472649341105009171e+02
2.238375061779418331e+02 5.177921276376874857e+02 4.484924853344236340e+02
2.229993368448181741e+02 5.161220852817079958e+02 4.491014111083707121e+02
2.206225326997045499e+02 5.128976393224278354e+02 4.504098549257907962e+02
2.182716335750748158e+02 5.097938592632200994e+02 4.516482112111659148e+02
2.172451793742366988e+02 5.082182130008379772e+02 4.522834927071797324e+02
2.159194599791321139e+02 5.067457198127002016e+02 4.528511833300103149e+02
2.135448720392751625e+02 5.037620465856174974e+02 4.539104453310721965e+02
2.111442111299577675e+02 5.008112648191763014e+02 4.549723769214540994e+02
2.098262122311575411e+02 4.993385801097999774e+02 4.553723421916487268e+02
2.074903469568990033e+02 4.961826091094012554e+02 4.563075200453131401e+02
2.049714237375554262e+02 4.931294015291223900e+02 4.571447278681878288e+02
2.037580123255106628e+02 4.916174900886180694e+02 4.574407353846074784e+02
2.024915108345822716e+02 4.901442267520246219e+02 4.578054347484746245e+02
1.989930830847810910e+02 4.851511898805281930e+02 4.587763994625656210e+02
1.976636325355843553e+02 4.834797403406063268e+02 4.591990592823794941e+02
1.951919699465874203e+02 4.802091968960767758e+02 4.598380767613923013e+02
1.940974215060395238e+02 4.785700503164130168e+02 4.600090000043193186e+02
1.916480346752549337e+02 4.752829833127341885e+02 4.606085988342947530e+02
1.892680830062626853e+02 4.719332121373425366e+02 4.611419704691638231e+02
1.880304245564912549e+02 4.702815325099649613e+02 4.614183933160780384e+02
1.856003376048202256e+02 4.670040092007645285e+02 4.620488955209011692e+02
1.845050877251647421e+02 4.653149953462285566e+02 4.622325939303464679e+02
1.818935467749141139e+02 4.620320695855766644e+02 4.628102749607352848e+02
1.796400786110247338e+02 4.586826780802447274e+02 4.634258601034224512e+02
1.784509552683345532e+02 4.569791203066595813e+02 4.637321868586696496e+02
1.747575301834117738e+02 4.519954132005390761e+02 4.645592702182999005e+02
1.747575301834117738e+02 4.519954132005390761e+02 4.645592702182999005e+02
1.722840838273044142e+02 4.485739862709249905e+02 4.651013592683158322e+02
1.710772478578611242e+02 4.468416016815010039e+02 4.654007462617808528e+02
1.685495215055492508e+02 4.433342283851933985e+02 4.658159584670991649e+02
1.661253668022337138e+02 4.398849339963786633e+02 4.662447827811720344e+02
1.649042115588833326e+02 4.381063777845006939e+02 4.664150494358615333e+02
1.624097399704893689e+02 4.345849557880351313e+02 4.666988999027900036e+02
1.597738966055331105e+02 4.310966331692825975e+02 4.669274449187695382e+02
1.586133968228645017e+02 4.292560685005088317e+02 4.670233825857379770e+02
1.560661513306995403e+02 4.256808889125767905e+02 4.671813812054620598e+02
1.547624837256040280e+02 4.239236767632895635e+02 4.673098121536866643e+02
1.522411334278593245e+02 4.203649183380839531e+02 4.673764530136728581e+02
1.508690941723731100e+02 4.186380756647337193e+02 4.673714069358906045e+02
1.483708770680599685e+02 4.151408571368064031e+02 4.672880469622068063e+02
1.469183271432721654e+02 4.133753029869953934e+02 4.673850424311908682e+02
1.443571489377389696e+02 4.099000940736086136e+02 4.673787134736201665e+02
1.417721718106451760e+02 4.064248021958840695e+02 4.672912863884905619e+02
1.392368160543634303e+02 4.028931492178592748e+02 4.671867138201182001e+02
1.378772893381188851e+02 4.012288346660010916e+02 4.671760912671027199e+02
1.366618363333037962e+02 3.995678424510021500e+02 4.671424636766777212e+02
1.340923959378079360e+02 3.962830221610909689e+02 4.670779796595435869e+02
1.315174443375938154e+02 3.927579565534099402e+02 4.671724306748252502e+02
1.303807050134913936e+02 3.911584957083294967e+02 4.671810217428843544e+02
1.278576883713997887e+02 3.879033829330380172e+02 4.670866684224390610e+02
1.255544562997340137e+02 3.848489431668810425e+02 4.670707793097583931e+02
1.245065454391126991e+02 3.833805242970686322e+02 4.668975913062117797e+02
1.221255648202570114e+02 3.803401537821844158e+02 4.669551195892025817e+02
1.198091156360918745e+02 3.772614265994079119e+02 4.669913555081263894e+02
1.186902760078865384e+02 3.757289582541392292e+02 4.670690690353189325e+02
1.163854504592948444e+02 3.726805897961788219e+02 4.671827027423405525e+02
1.153235491316249721e+02 3.711882512929035443e+02 4.673200773096397143e+02
1.129544865352251719e+02 3.681466871572684454e+02 4.673890055420615113e+02
1.118903649237700790e+02 3.666526751885324416e+02 4.674609496689632238e+02
1.095681255877213687e+02 3.635965603757771873e+02 4.675133934377752780e+02
1.072175670650946984e+02 3.605978448756830517e+02 4.675270799657835710e+02
1.062090570781994501e+02 3.590969673361012156e+02 4.675214206787818512e+02
1.038489382998866546e+02 3.560673035735347298e+02 4.674354325228252378e+02
1.016863261527572746e+02 3.532292537790333427e+02 4.673278800957196495e+02
1.005145021278186732e+02 3.516199730280636118e+02 4.673524656579292014e+02
9.935303053197321788e+01 3.502746327846978716e+02 4.673094668016299806e+02
9.713933231607776975e+01 3.472934702777633333e+02 4.672307898099887780e+02
9.484241801228395730e+01 3.445468247657448160e+02 4.670868547436563176e+02
9.384631789608754104e+01 3.428913759417719689e+02 4.671456052636511913e+02
9.149506921952767868e+01 3.400789509415459406e+02 4.671682942400420870e+02
8.931659742902721177e+01 3.371712188504852747e+02 4.669694661201912140e+02
8.701408524179690573e+01 3.343158827870307164e+02 4.670047245386062968e+02
8.592058695898157339e+01 3.328614810445397438e+02 4.668623686080230186e+02
8.367912078237765172e+01 3.299204807865436919e+02 4.666953903698529871e+02
8.259349937409011488e+01 3.284992005066912952e+02 4.666434391458128630e+02
8.026661583580528259e+01 3.254344123488410787e+02 4.665300513820543529e+02
7.917615614548611802e+01 3.238656998077453864e+02 4.664697630735962548e+02
7.803313702395496421e+01 3.224381308511921702e+02 4.664625752624616553e+02
7.587721157691694884e+01 3.191691042071060451e+02 4.663723650881435105e+02
7.358225022150220695e+01 3.162125605396759624e+02 4.662008546661847959e+02
7.134902359120950166e+01 3.130963181853274477e+02 4.659987950970105999e+02
7.029564960777999261e+01 3.115995831436694630e+02 4.657620803658927002e+02
6.683015064012850814e+01 3.068943422095945266e+02 4.655278080972926773e+02
6.575896696345621706e+01 3.052825401831136105e+02 4.652992719965589004e+02
6.465331918732354666e+01 3.036083004639346541e+02 4.652909113228473075e+02
6.356372800100231046e+01 3.019624159004826538e+02 4.651370661666134083e+02
6.145103334862301381e+01 2.987232471374855436e+02 4.647936906402580917e+02
5.917500019779135556e+01 2.953816799318211679e+02 4.646737103072532591e+02
5.819774971556680043e+01 2.937715981101158036e+02 4.645741039791304274e+02
5.608482019123241713e+01 2.905402223128486980e+02 4.643094642325116297e+02
5.400327907236749780e+01 2.873923306931977208e+02 4.641290752702217901e+02
5.207814414236772649e+01 2.840220190490296091e+02 4.637774697082387547e+02
5.207814414236772649e+01 2.840220190490296091e+02 4.637774697082387547e+02
4.918091845817411212e+01 2.791179134247629463e+02 4.633799218136656464e+02
4.812093067457274032e+01 2.774915735851551517e+02 4.632568535958621396e+02
4.629243035103353776e+01 2.741460094837048018e+02 4.629807021366300432e+02
4.533401271862062742e+01 2.724614214141093385e+02 4.629274010409770312e+02
4.429367397182998900e+01 2.708508867694661717e+02 4.627451407386009805e+02
4.238906055991157729e+01 2.676720765583242496e+02 4.625438874709286665e+02
4.031900078741471560e+01 2.643371936981129693e+02 4.628069367313128168e+02
3.920874665775972545e+01 2.628010829118497327e+02 4.626760787227851210e+02
3.714439856635236481e+01 2.595456714384027350e+02 4.628208873787215794e+02
3.521491082137411865e+01 2.560734666653000886e+02 4.629836786940120419e+02
3.315122462070721809e+01 2.526849914657992144e+02 4.632366819796105233e+02
3.223345351667722980e+01 2.507868009412556205e+02 4.633925339026650363e+02
3.019787487854485164e+01 2.473993532078759756e+02 4.635767005186682468e+02
2.925981522699920134e+01 2.456524337835332403e+02 4.634570703888426806e+02
2.739294652487754078e+01 2.419718570769869643e+02 4.637426122577722936e+02
2.641063284056422944e+01 2.401722764252566833e+02 4.637351178519713812e+02
2.361924655530339834e+01 2.348484020329068755e+02 4.643545700719508886e+02
2.361924655530339834e+01 2.348484020329068755e+02 4.643545700719508886e+02
2.164171752684125138e+01 2.310330204509167800e+02 4.642497829607784752e+02
1.970981712690518606e+01 2.272458519965308028e+02 4.641616480612857458e+02
1.861687170357568633e+01 2.253456907405231107e+02 4.642081408534453431e+02
1.651595304259676311e+01 2.214000773153254613e+02 4.639196926997677792e+02
1.466059296103036402e+01 2.174373673692910245e+02 4.637952056328045387e+02
1.362747397624649537e+01 2.154939545167115682e+02 4.637811168554445658e+02
1.249098306555350746e+01 2.136220815385384526e+02 4.633708046613298848e+02
1.058258744759912418e+01 2.094401614372476104e+02 4.630133310099362802e+02
8.472864670181785129e+00 2.053818670669104733e+02 4.624519644294554155e+02
7.303233553470036554e+00 2.034911539170961703e+02 4.622985101129173700e+02
7.303233553470036554e+00 2.034911539170961703e+02 4.622985101129173700e+02
3.061299510779104338e+00 1.950848160722800912e+02 4.609120323639311891e+02
8.010390090605438163e-01 1.909257531249079420e+02 4.596881202053844504e+02
-3.509985420361491082e-01 1.887369658529564731e+02 4.593997200086011503e+02
-2.628586422907394304e+00 1.842949851100875094e+02 4.586525336875420180e+02
-3.772202333186399859e+00 1.821812372466047805e+02 4.580900703513429448e+02
-5.986060748666351294e+00 1.781397132212155441e+02 4.574261550863800494e+02
-8.209353781747559253e+00 1.738789055296947481e+02 4.570746894929384894e+02
-9.034602714084321917e+00 1.717741799163428027e+02 4.566309507888752819e+02
-1.001970015127162661e+01 1.697024494762071072e+02 4.566895060899536816e+02
-1.211192712978525599e+01 1.657897304496054858e+02 4.565518036249421812e+02
-1.417668562541824784e+01 1.619138805914409716e+02 4.567350430802507049e+02
-1.609823072838986135e+01 1.579860851296555779e+02 4.570175145536200603e+02
-1.707163699508414467e+01 1.559698295918584563e+02 4.572833881253794743e+02
-1.901818878267221535e+01 1.517854024892839107e+02 4.575278422678817378e+02
-1.985884122658182349e+01 1.497002927721500782e+02 4.577110455206574784e+02
-2.190543413260516203e+01 1.456386569255629126e+02 4.582392232449938660e+02
-2.274484407504749939e+01 1.435932613893434109e+02 4.585896201062698765e+02
-2.462544356286050018e+01 1.394382764619367663e+02 4.590814050484216864e+02
-2.568104231710787744e+01 1.373613126826134305e+02 4.594438599675207229e+02
-2.764041009670102156e+01 1.333795199854848761e+02 4.595128464680232128e+02
-2.953954505420381693e+01 1.294589299308562715e+02 4.598945915285327146e+02
-3.142493512913837961e+01 1.254072405142714075e+02 4.601028451676209556e+02
-3.230884971168667619e+01 1.232690065947409011e+02 4.598966254340076034e+02
-3.325349079732824009e+01 1.212538497567595783e+02 4.599053376296654960e+02
-3.518239299410796406e+01 1.173208988108913644e+02 4.598775117961215528e+02
-3.698918168205966595e+01 1.131415020245000562e+02 4.593214823640295776e+02
-3.797100947697160223e+01 1.110654850042457724e+02 4.591044482004712108e+02
-3.971383679119665544e+01 1.066176262379440942e+02 4.586338083639222987e+02
-4.065119693360779252e+01 1.045979841372933095e+02 4.583545342384383048e+02
-4.238960768623178410e+01 1.000178670053351766e+02 4.578914953252366331e+02
-4.327953001070733308e+01 9.775974767763592865e+01 4.571313004891592868e+02
-4.524649473304037883e+01 9.320254286162922597e+01 4.564960736693328158e+02
-4.718241022558606801e+01 8.870232037660838387e+01 4.554965303806864654e+02
-4.914150020349683956e+01 8.411575681948407635e+01 4.547832192030377314e+02
-5.011477661826445740e+01 8.180462075511420039e+01 4.541586593536396208e+02
-5.227892209873208174e+01 7.745807667445511413e+01 4.528631286902208899e+02
-5.440516608574614565e+01 7.303845815303604638e+01 4.522785829140922260e+02
-5.551006958435032601e+01 7.122467938887660921e+01 4.519272320561877336e+02
-5.703477017139983474e+01 6.949787276812338632e+01 4.517588863587840251e+02
-5.924192830119830688e+01 6.584084268708484444e+01 4.519426942412871995e+02
-6.156386684538634313e+01 6.259191057967308325e+01 4.527652859841921327e+02
-6.387013635336409578e+01 5.929702998992054575e+01 4.536012306975886759e+02
-6.484414948735560813e+01 5.759640893530352912e+01 4.540138175991240246e+02
-6.654518428315802225e+01 5.400325891785539056e+01 4.547390540251946618e+02
-6.749432122466609485e+01 5.224022024651125662e+01 4.553480459438561638e+02
-6.911241677878903999e+01 4.875940205873454403e+01 4.557956651804826720e+02
-7.078828800272256672e+01 4.524225011897434001e+01 4.564720135794237876e+02
-7.184863174952458564e+01 4.350521425744921800e+01 4.568824127180424739e+02
-7.350883727463194361e+01 3.992669022356600550e+01 4.576452298135409933e+02
-7.451077772440166314e+01 3.810218672090677927e+01 4.582322821537466666e+02
-7.639650968282751364e+01 3.473420110360666513e+01 4.591722308020580385e+02
-7.831315474034894919e+01 3.127720954212904303e+01 4.602030767644455977e+02
-7.831315474034894919e+01 3.127720954212904303e+01 4.602030767644455977e+02
-8.060775240723083357e+01 2.803054265590344940e+01 4.611549729994521272e+02
-8.247403583615040645e+01 2.466555510975119248e+01 4.619479435299214742e+02
-8.463650359509381360e+01 2.137025978011793015e+01 4.628766215650430809e+02
-8.573918079222225685e+01 1.970208471144339413e+01 4.632400170114868274e+02
-8.782787414103736978e+01 1.645372993741274570e+01 4.639818937067761908e+02
-8.995246255142222935e+01 1.313739005793053849e+01 4.646414683846091407e+02
-9.110762980336797057e+01 1.143943508180393032e+01 4.649646181178446795e+02
-9.326020936809288742e+01 8.110120935817645815e+00 4.655263891137225869e+02
-9.326020936809288742e+01 8.110120935817645815e+00 4.655263891137225869e+02
-9.653240965360394910e+01 2.981054487216550974e+00 4.662902740670423327e+02
-9.758073545791867787e+01 1.209342659001118037e+00 4.665557739906532220e+02
-9.985040253785048492e+01 -2.127171340315859638e+00 4.670705519158476591e+02
-1.010118099954364510e+02 -3.862771168920719589e+00 4.672899519959476606e+02
-1.030868920320079667e+02 -7.332364408353980956e+00 4.676931171058240579e+02
-1.042638122965873748e+02 -9.056076245679610892e+00 4.680245310838971022e+02
-1.075108385813572767e+02 -1.404878966744459667e+01 4.685045224676615021e+02
-1.086948153201734186e+02 -1.555408744565520784e+01 4.685316297037135200e+02
-1.086948153201734186e+02 -1.555408744565520784e+01 4.685316297037135200e+02
-1.118333968921054122e+02 -2.051908832734372723e+01 4.691133606913306835e+02
-1.128472189686095533e+02 -2.227091295904386570e+01 4.695146174319426109e+02
-1.148588268558336267e+02 -2.564836025000762731e+01 4.698205965376370159e+02
-1.170830935475352987e+02 -2.889162786512193648e+01 4.703355291191340939e+02
-1.189762236618052640e+02 -3.229205785476523971e+01 4.706328465004744999e+02
-1.200248588685898028e+02 -3.408968956447624521e+01 4.710160477739435692e+02
-1.220863379099067600e+02 -3.754635852065898405e+01 4.715393973485669790e+02
-1.230683563634308513e+02 -3.927476398268026969e+01 4.717220084867240075e+02
-1.250705189200604792e+02 -4.272079790745717531e+01 4.722291229487510691e+02
-1.271087174775351230e+02 -4.618224226006837796e+01 4.723977638931795582e+02
-1.280959982780626376e+02 -4.788297614857231110e+01 4.724905645604956135e+02
-1.291021137474654097e+02 -4.970175171494686595e+01 4.727763989612617479e+02
-1.301497196127575080e+02 -5.141217028492565078e+01 4.728087606536779504e+02
-1.332061797171648436e+02 -5.641416778759010242e+01 4.732429587791999666e+02
-1.353424018246831224e+02 -5.987586662085202249e+01 4.732789328829267106e+02
-1.353424018246831224e+02 -5.987586662085202249e+01 4.732789328829267106e+02
-1.385709311837865982e+02 -6.486434785253243263e+01 4.734144666952129796e+02
-1.396029444341317571e+02 -6.653997085837029601e+01 4.733793395471243457e+02
-1.408661756285490299e+02 -6.817211931687857884e+01 4.732815128940192722e+02
-1.417626527681582616e+02 -6.996661354230080576e+01 4.732643390476836203e+02
-1.440837307624684627e+02 -7.309524067806238179e+01 4.731459156792462295e+02
-1.473243404525730398e+02 -7.819689581842406767e+01 4.724793529875398121e+02
-1.483888344264102273e+02 -7.990577243925848450e+01 4.723582913649515262e+02
-1.505568549307919568e+02 -8.315164845669868043e+01 4.717192225312444407e+02
-1.528104382778458046e+02 -8.638925777180384102e+01 4.710855299724493079e+02
-1.538964536533692922e+02 -8.812106268861872138e+01 4.709023281104909984e+02
-1.560900175733774802e+02 -9.123448099951382062e+01 4.703209455395887062e+02
-1.560900175733774802e+02 -9.123448099951382062e+01 4.703209455395887062e+02
-1.583513724247495418e+02 -9.442555629416810348e+01 4.697105527460662415e+02
-1.606689263933263589e+02 -9.770685972643302364e+01 4.691054524024144712e+02
-1.628163520926100318e+02 -1.012013467384412593e+02 4.689193264866570416e+02
-1.649417744931605228e+02 -1.045663244250986708e+02 4.687376390027563389e+02
-1.661588220621586629e+02 -1.062545578938677409e+02 4.688220294502938827e+02
-1.671597739158035552e+02 -1.080615017436493872e+02 4.689457646143886791e+02
-1.703919950800929541e+02 -1.130371123601431691e+02 4.693346673216365730e+02
-1.714585472956179899e+02 -1.147273955042606275e+02 4.696012710781452597e+02
-1.725470825080354587e+02 -1.162763798849262145e+02 4.698642460694612168e+02
-1.745535445419499752e+02 -1.195085931610554297e+02 4.702589369036430753e+02
-1.767484545085296759e+02 -1.225282224582516051e+02 4.708828109748274073e+02
-1.787533049140703838e+02 -1.256907827228154986e+02 4.713255464242506036e+02
-1.798115363158982518e+02 -1.271720079456069783e+02 4.716979337938552703e+02
-1.810568693373921292e+02 -1.286037737926887985e+02 4.720463561261137784e+02
-1.841573254866699187e+02 -1.330146615980577280e+02 4.729295408078830292e+02
-1.853381305375735906e+02 -1.344435491102966296e+02 4.730660289805918524e+02
-1.873778198095895107e+02 -1.373535673817274017e+02 4.736943046615011212e+02
-1.883289357057007010e+02 -1.388618759974915520e+02 4.738434116840429624e+02
-1.906270731546454442e+02 -1.416626855587639398e+02 4.744489036641957682e+02
-1.927562975977260749e+02 -1.445185751271802417e+02 4.749468988502973161e+02
-1.936462877460789684e+02 -1.461470668550391849e+02 4.751552461266527985e+02
-1.946517105646843504e+02 -1.477179376357999274e+02 4.752065203386541725e+02
-1.979096249033200081e+02 -1.520515880986506545e+02 4.757347052657141262e+02
-1.988606972299745053e+02 -1.536344394644443980e+02 4.759494157262055296e+02
-1.999710187314015855e+02 -1.549590676285777704e+02 4.759805532763481892e+02
-2.019668958859425913e+02 -1.581621402047712479e+02 4.762453109081878893e+02
-2.040284851737247891e+02 -1.612199159183168149e+02 4.762848369350612643e+02
-2.050957161685243193e+02 -1.627209691516732448e+02 4.764553687542288571e+02
-2.072072899921390672e+02 -1.657809629740611683e+02 4.765297562724183535e+02
-2.081476350796518204e+02 -1.676206404844305666e+02 4.764454459765211709e+02
-2.103207484320903404e+02 -1.708122907593768218e+02 4.762208759663300270e+02
-2.103207484320903404e+02 -1.708122907593768218e+02 4.762208759663300270e+02
-2.132158516895457581e+02 -1.760586066519279314e+02 4.761090291676439961e+02
-2.142253297211262009e+02 -1.778672235144734941e+02 4.760402673672340939e+02
-2.142253297211262009e+02 -1.778672235144734941e+02 4.760402673672340939e+02
-2.142253297211262009e+02 -1.778672235144734941e+02 4.760402673672340939e+02
-2.142253297211262009e+02 -1.778672235144734941e+02 4.760402673672340939e+02
-2.162794118483053012e+02 -1.812509992522972198e+02 4.760556012842620248e+02
-2.233849068985055624e+02 -1.935931356464269868e+02 4.751513160216282472e+02
-2.243745654727810290e+02 -1.952540657305016794e+02 4.752009481618012501e+02
-2.263130325236315343e+02 -1.987005617637483965e+02 4.748921859806876000e+02
-2.273613064682050720e+02 -2.002503590656510255e+02 4.748370793071834441e+02
-2.304927883624101526e+02 -2.050954756139244353e+02 4.744750214728163655e+02
-2.304927883624101526e+02 -2.050954756139244353e+02 4.744750214728163655e+02
-2.336704003858895646e+02 -2.095147798537437609e+02 4.738353948305341419e+02
-2.336704003858895646e+02 -2.095147798537437609e+02 4.738353948305341419e+02
-2.372099809663463361e+02 -2.136914486423291635e+02 4.733252826940259865e+02
-2.383753351193083176e+02 -2.150483868614509788e+02 4.732229109589899849e+02
-2.409075123697692504e+02 -2.177417847956622552e+02 4.729477152667720929e+02
-2.421349550753849371e+02 -2.190976924981057721e+02 4.728127636030795884e+02
-2.445397444580439128e+02 -2.219041198935844079e+02 4.724669330093643680e+02
-2.458070251127869028e+02 -2.233254509289460543e+02 4.725890637083394381e+02
-2.479428290127685273e+02 -2.263522487816460398e+02 4.725414944046182200e+02
-2.498956401439521926e+02 -2.294418167057376650e+02 4.727531389364694405e+02
-2.519042378612920743e+02 -2.325521465579052744e+02 4.728990669400192246e+02
-2.529544526293420006e+02 -2.340413276520088743e+02 4.730319244006599320e+02
-2.548010788962271533e+02 -2.370093573605319932e+02 4.733452905886380790e+02
-2.557628303896842112e+02 -2.385617206142194107e+02 4.733142393213495325e+02
-2.578057268441290262e+02 -2.415409979262637137e+02 4.737877937702587587e+02
-2.587618695486356160e+02 -2.429621543382347966e+02 4.739302384399217090e+02
-2.606875225326692203e+02 -2.459867035988370674e+02 4.742661044157430297e+02
-2.628556772087275704e+02 -2.487561948007368926e+02 4.748229085104762248e+02
-2.649763178159901145e+02 -2.516220286795619643e+02 4.752883155072183854e+02
-2.660056753061975314e+02 -2.531438744549722628e+02 4.755153890228780824e+02
-2.670154383299713459e+02 -2.545854062229805379e+02 4.756950464554805080e+02
-2.691059449363320368e+02 -2.575057235884259512e+02 4.763623038384587289e+02
-2.711670038778893854e+02 -2.605205946814424465e+02 4.765754506004374207e+02
-2.722767007032371680e+02 -2.618489365169485268e+02 4.767619771167359772e+02
-2.743120279591556141e+02 -2.647992553394238939e+02 4.770962444351417275e+02
-2.753037350846585127e+02 -2.663598532032333424e+02 4.771250342849738786e+02
-2.764200717634620332e+02 -2.677577452114373955e+02 4.772329783986749021e+02
-2.782620774496252238e+02 -2.709366955426191907e+02 4.774607458919895180e+02
-2.803056111376421882e+02 -2.737191762793975727e+02 4.776128666408969252e+02
-2.822953196020050655e+02 -2.769169469587849903e+02 4.776849301251081101e+02
-2.842699912583026958e+02 -2.800501516855254067e+02 4.777957459947928669e+02
-2.852587864563154767e+02 -2.815988719757414174e+02 4.777227919844215194e+02
-2.863546571668362617e+02 -2.831152706147045706e+02 4.778359485440170715e+02
-2.882972122165781457e+02 -2.863421071907944793e+02 4.778154617547335761e+02
-2.903644486928648689e+02 -2.894574981652284578e+02 4.776059268035275522e+02
-2.913560632394987806e+02 -2.910115804075865640e+02 4.774208566384800747e+02
-2.933803077539697028e+02 -2.941160064107012886e+02 4.775269448869041184e+02
-2.954478268004236270e+02 -2.972136714733571807e+02 4.774350957775795337e+02
-2.973119960072217509e+02 -3.003670556961998841e+02 4.773178410431410725e+02
-2.984193701622515960e+02 -3.019247999499594926e+02 4.772778879869296134e+02
-2.994476602022497218e+02 -3.035129167220947579e+02 4.773421305780498187e+02
-3.015036714864511964e+02 -3.067467908495769393e+02 4.770822367261040426e+02
-3.025479454907276704e+02 -3.083987518607076481e+02 4.769581017169388701e+02
-3.046117286849087122e+02 -3.117198596020882633e+02 4.769352329113909832e+02
-3.056357815882710156e+02 -3.134187766330300633e+02 4.766510743770129466e+02
-3.077080216123944751e+02 -3.168422300255494974e+02 4.765016919186530231e+02
-3.097696983007143672e+02 -3.201510051746910221e+02 4.760871243163935560e+02
-3.118759345972528081e+02 -3.236447776324332040e+02 4.758186074694802414e+02
-3.129915830979263092e+02 -3.253572217588620674e+02 4.756042977061145507e+02
-3.151361463919531047e+02 -3.288114672090800354e+02 4.751852518381749633e+02
-3.172074733898279533e+02 -3.323407399291643856e+02 4.746467917789694866e+02
-3.182985429160847275e+02 -3.341654302522038051e+02 4.743605306437112858e+02
-3.193727153283953726e+02 -3.358486651221462580e+02 4.741890007529947866e+02
-3.216134381956798052e+02 -3.394550863550480244e+02 4.735236331144623136e+02
-3.237416719022449456e+02 -3.431302582693087970e+02 4.728223667230242881e+02
-3.249459225431040750e+02 -3.449755926303505476e+02 4.726675825303802299e+02
-3.272342051778564951e+02 -3.486418571182653068e+02 4.718855568835919598e+02
-3.283682889728947885e+02 -3.506747067223704448e+02 4.715896818432009354e+02
-3.319848569173469173e+02 -3.563406586284793320e+02 4.700331256739090691e+02
-3.331454953007999507e+02 -3.582458391178394095e+02 4.695903376488807339e+02
-3.343172679303896189e+02 -3.603193785502143101e+02 4.692773347685383669e+02
-3.366069034878984780e+02 -3.642747205006043600e+02 4.683321399225379196e+02
-3.388567047147933522e+02 -3.679832056875946478e+02 4.673441513188182626e+02
-3.398440991555173696e+02 -3.699470021492247724e+02 4.671776749792158512e+02
-3.411069006708695497e+02 -3.717015256161623711e+02 4.669431033558137756e+02
-3.441073575156491415e+02 -3.773303646726329248e+02 4.658530533811346004e+02
-3.451577330993486044e+02 -3.791179702755500784e+02 4.655761016117381246e+02
-3.461141927831963585e+02 -3.808989181822001910e+02 4.653366425207455563e+02
-3.479838224969181510e+02 -3.847062360612933958e+02 4.654097223325455843e+02
-3.498927361709344837e+02 -3.886132451247295307e+02 4.655497425599236294e+02
-3.508883077052856834e+02 -3.905458873153643822e+02 4.656219493629363910e+02
-3.530460576991076209e+02 -3.943546878922242627e+02 4.653715778739548341e+02
-3.548501979813672165e+02 -3.985116182384662693e+02 4.656895668661715035e+02
-3.559478733743300154e+02 -4.005412199556728297e+02 4.658503331835808581e+02
-3.578113906654683092e+02 -4.045712809334925737e+02 4.660832616286698453e+02
-3.599201724042865749e+02 -4.084087159702104941e+02 4.664334154175354001e+02
-3.608931697805617205e+02 -4.104051264318135281e+02 4.664575501637454522e+02
-3.630190049400743533e+02 -4.142067334967164811e+02 4.664714868111069563e+02
-3.650576997987570280e+02 -4.181450878931460693e+02 4.664451425360963981e+02
-3.659917785453049532e+02 -4.200210398911854099e+02 4.664765313243722744e+02
-3.680513359944442300e+02 -4.242090968675527165e+02 4.659978058491435036e+02
-3.689242178931364720e+02 -4.263577350294918915e+02 4.659691796520515368e+02
-3.710309751090404120e+02 -4.306807305550934188e+02 4.653047688606249608e+02
-3.718244111518500290e+02 -4.328951659802779091e+02 4.651116102231720220e+02
-3.738560621944932905e+02 -4.373151271965755882e+02 4.645984680832038975e+02
-3.746879299582246858e+02 -4.396732124934932244e+02 4.641283847990075060e+02
-3.755446928929362684e+02 -4.420423506119660146e+02 4.640582479757949841e+02
-3.755446928929362684e+02 -4.420423506119660146e+02 4.640582479757949841e+02
-3.793256211496484980e+02 -4.510038593318807898e+02 4.622865150687530331e+02
-3.811005433366325406e+02 -4.556002128686420747e+02 4.610991370658020401e+02
-3.829153026552291976e+02 -4.603571098296033028e+02 4.601516401396541482e+02
-3.839178053783215319e+02 -4.625652758976976315e+02 4.594481402046757808e+02
-3.857652901030027692e+02 -4.672624188124286775e+02 4.583268592666130985e+02
-3.868337793118474792e+02 -4.694518676212646255e+02 4.582216667086843813e+02
-3.891273177601986504e+02 -4.737459673740100357e+02 4.576242975962674677e+02
-3.903065008565563971e+02 -4.758559932219819757e+02 4.570739838370058123e+02
-3.914952498008094040e+02 -4.779092187567701444e+02 4.568991385263114466e+02
-3.951144096330369848e+02 -4.838083610674552233e+02 4.570421801298169839e+02
-3.973463245651860802e+02 -4.880046764621393436e+02 4.574113978607416584e+02
-3.973463245651860802e+02 -4.880046764621393436e+02 4.574113978607416584e+02
-3.973463245651860802e+02 -4.880046764621393436e+02 4.574113978607416584e+02
-4.019600245199921460e+02 -4.962210767904928161e+02 4.576749886883084173e+02
-4.042489776270781476e+02 -5.004350457623872330e+02 4.585112622503015132e+02
-4.055992522385897132e+02 -5.025025463621427093e+02 4.588739525399430477e+02
-4.075567760160242869e+02 -5.069411489757544018e+02 4.593566004073201725e+02
-4.086095553739230013e+02 -5.092059323164060629e+02 4.596100614986995652e+02
-4.108074277840666468e+02 -5.137170218544295039e+02 4.606720498914903033e+02
-4.130577768071864284e+02 -5.179576886662656534e+02 4.610557880760213152e+02
-4.152446822052200446e+02 -5.224298644715387354e+02 4.618882540079062551e+02
-4.166570760576562407e+02 -5.245252293708271054e+02 4.621518038568184465e+02
-4.186104008012346753e+02 -5.291395624504118587e+02 4.627420343852253950e+02
-4.197143192990491229e+02 -5.313847436520698011e+02 4.630420576948462781e+02
-4.197143192990491229e+02 -5.313847436520698011e+02 4.630420576948462781e+02
-4.229607963277198905e+02 -5.381317543929480962e+02 4.639187176993616504e+02
-4.251155715735324634e+02 -5.428227521110354701e+02 4.645303660130073808e+02
-4.261904799955146927e+02 -5.452284870688176852e+02 4.648737294672076814e+02
-4.286379456488095911e+02 -5.496472124220058504e+02 4.654742492497023250e+02
-4.296889132159604401e+02 -5.521820923592678128e+02 4.655237490522190456e+02
-4.331513436163421034e+02 -5.594140306109866287e+02 4.661599904594494319e+02
-4.343661034231844837e+02 -5.617601860931712281e+02 4.661509292107220404e+02
-4.354709875825540735e+02 -5.640430567800851804e+02 4.660217558596715435e+02
-4.377513728862086282e+02 -5.692090826185650485e+02 4.659930676144385302e+02
-4.400721108899505793e+02 -5.744159728724974912e+02 4.660684862476572334e+02
-4.411402717024275830e+02 -5.770322765690184497e+02 4.660128659347819280e+02
-4.423717711289598356e+02 -5.797796695625677330e+02 4.659499882623175040e+02
-4.458056454830365283e+02 -5.877280024207033193e+02 4.651638408586828177e+02
-4.470385196365043043e+02 -5.902048055306120204e+02 4.651106722837049574e+02
-4.490001350510723910e+02 -5.953599824361170931e+02 4.649376216727107476e+02
-4.500649722060544491e+02 -5.979057424934067058e+02 4.645194334693337623e+02
-4.509445968877038808e+02 -6.004813896405096330e+02 4.641735039674858854e+02
-4.535890791161176594e+02 -6.074832387829796971e+02 4.630040384838653154e+02
-4.543440545367294590e+02 -6.099236769507994040e+02 4.629233844728829581e+02
-4.552336377973405206e+02 -6.119760398560719068e+02 4.620740459537392439e+02
-4.568521612727185470e+02 -6.162294090564902262e+02 4.610865258564521696e+02
-4.578652057847627930e+02 -6.210090621582316999e+02 4.605179557509686106e+02
-4.593171497204661478e+02 -6.253857212614964283e+02 4.594983418563762143e+02
-4.600111924317812964e+02 -6.278631941383820276e+02 4.593792873699913457e+02
-4.606164702235370214e+02 -6.302059313233944522e+02 4.591362129682401019e+02
-4.620958673741969847e+02 -6.347572402130941782e+02 4.583554510214062816e+02
-4.628956724637208708e+02 -6.370246270261353629e+02 4.582466036899225514e+02
-4.639853571982748690e+02 -6.417170544388020517e+02 4.577776167993473564e+02
-4.652516955303935902e+02 -6.464270727834692707e+02 4.574309014052946623e+02
-4.664818509190802729e+02 -6.509021693837339626e+02 4.566210705453036098e+02
-4.669207438688065963e+02 -6.532394557359896226e+02 4.564310402582285064e+02
-4.682399276573632392e+02 -6.578167218812836836e+02 4.556650313849661984e+02
-4.687651894047369296e+02 -6.600118718777827098e+02 4.552518162513028415e+02
-4.703339698197723919e+02 -6.646435665581437888e+02 4.545689029621998998e+02
-4.713148632207361288e+02 -6.696024962635693782e+02 4.534742073944753429e+02
-4.718998865274506329e+02 -6.720485933138006658e+02 4.528685744826059363e+02
-4.735015832309883308e+02 -6.766486041688854129e+02 4.516834008638937803e+02
-4.746944047530221269e+02 -6.816199920025339907e+02 4.504861629530336700e+02
-4.752045436748991847e+02 -6.843257075931293230e+02 4.498930052246579407e+02
-4.763686465560538750e+02 -6.864619721557847924e+02 4.494259520316621206e+02
-4.777512705271858522e+02 -6.915027179878803736e+02 4.483329341220738797e+02
-4.792625488747685836e+02 -6.962942665860958869e+02 4.465826640256674409e+02
-4.800342034313303543e+02 -6.988606091979041821e+02 4.460991906712732202e+02
-4.819856603251941465e+02 -7.035153065140194713e+02 4.452170712733343407e+02
-4.831975955831675833e+02 -7.055733591268144664e+02 4.448539549696951667e+02
-4.854744815077573321e+02 -7.091627596765727048e+02 4.446734306282526745e+02
-4.880302168946443544e+02 -7.124086199501605279e+02 4.453928820902724510e+02
-4.880302168946443544e+02 -7.124086199501605279e+02 4.453928820902724510e+02
-4.916312619162387136e+02 -7.178976465492243051e+02 4.471740966276288418e+02
-4.932863271694646414e+02 -7.219490485317545563e+02 4.484614300643392539e+02
-4.939077983170381572e+02 -7.241261181709726316e+02 4.491111864454343845e+02
-4.951452577032098361e+02 -7.286152297590261924e+02 4.503110342776799371e+02
-4.956660560745778525e+02 -7.309311445031881931e+02 4.508598068269905639e+02
-4.973672083148488809e+02 -7.373994802675254050e+02 4.524880409548790681e+02
-4.980100474948387728e+02 -7.394793116561749002e+02 4.531355251992899298e+02
-4.981668805977316765e+02 -7.415586002821254397e+02 4.534159180522659653e+02
-4.997765868025374516e+02 -7.449129774009782068e+02 4.547038989765871406e+02
-5.012807036177902660e+02 -7.482421799988728708e+02 4.558043741462897174e+02
-5.020696494402532721e+02 -7.496385412826456331e+02 4.565385258003579452e+02
-5.036456490420413274e+02 -7.523520396372172172e+02 4.575625167751587696e+02
-5.045660834649245885e+02 -7.536163650628433288e+02 4.580969246041996144e+02
-5.061931117890960650e+02 -7.562220417479587695e+02 4.592852684351946664e+02
-5.072009758348763739e+02 -7.575952310011261943e+02 4.598329064988324717e+02
-5.088977944160201332e+02 -7.602162960426301197e+02 4.608433351624319130e+02
-5.106266930260025561e+02 -7.628197169149414094e+02 4.618016411277409929e+02
-5.116727558218647118e+02 -7.641000813297216609e+02 4.625474399135290469e+02
-5.124185433287995011e+02 -7.656114060932579832e+02 4.628620143226985419e+02
-5.150621274566208285e+02 -7.700199783175301036e+02 4.639703654935293571e+02
-5.159826678080909232e+02 -7.713379325709033765e+02 4.643509641979443927e+02
-5.177994436038179629e+02 -7.742350733529384570e+02 4.650294490276000374e+02
-5.184511407100235374e+02 -7.757337624464968258e+02 4.653390620003922891e+02
-5.202117443780380199e+02 -7.787965054937222931e+02 4.660365305378153380e+02
-5.210845725081026103e+02 -7.803253876491572782e+02 4.662110664849174100e+02
-5.218769745104350477e+02 -7.819425461479843307e+02 4.664535596190735873e+02
-5.238619079869903317e+02 -7.849678096064918691e+02 4.668486334720125228e+02
-5.256041951379285138e+02 -7.883526545586879593e+02 4.672516739428153301e+02
-5.264056157968808520e+02 -7.899977909001631815e+02 4.676125224812858505e+02
-5.292008361730210027e+02 -7.947916997939320254e+02 4.680010871119172293e+02
-5.302887413165259431e+02 -7.964169949157266046e+02 4.683365382807991750e+02
-5.321361736386317034e+02 -7.996488787720367100e+02 4.687037798108498805e+02
-5.330200512107129498e+02 -8.011634920511211249e+02 4.688319362272818012e+02
-5.353489712229122688e+02 -8.041823092273916700e+02 4.692468520521264850e+02
-5.360165129264768211e+02 -8.056544070795333710e+02 4.693948771466666585e+02
-5.382582034538141897e+02 -8.086400476060687197e+02 4.698269748855397552e+02
-5.393095542370308522e+02 -8.101902543136285431e+02 4.699427422234410869e+02
-5.423844935189754324e+02 -8.147212747824695498e+02 4.704611760395147257e+02
-5.433633796591361715e+02 -8.163013376622819806e+02 4.708451212876668706e+02
-5.454433497220510390e+02 -8.194713757187424790e+02 4.713484926790254121e+02
-5.465066473812670438e+02 -8.210652733626919826e+02 4.715838612012666999e+02
-5.465066473812670438e+02 -8.210652733626919826e+02 4.715838612012666999e+02
-5.497623337593524866e+02 -8.257518276097390526e+02 4.719096528733551850e+02
-5.504880394125824523e+02 -8.274627736451741384e+02 4.722124114456921120e+02
-5.504880394125824523e+02 -8.274627736451741384e+02 4.722124114456921120e+02
-5.548683189602004404e+02 -8.338035218801870769e+02 4.729968380387832667e+02
-5.559125360115873491e+02 -8.355136581027296643e+02 4.732761954083083538e+02
-5.578872857335531990e+02 -8.389970634810780439e+02 4.738040988529295987e+02
-5.600923256276424809e+02 -8.423295953051766674e+02 4.741071660343326926e+02
-5.621484185934202742e+02 -8.454803802172397127e+02 4.743791667156464769e+02
-5.632385563841838803e+02 -8.473078998470873557e+02 4.744590724264573396e+02
-5.642618075673977955e+02 -8.489735707485421017e+02 4.746704746534238666e+02
-5.665395057194427864e+02 -8.524050382313803311e+02 4.749703782087650552e+02
-5.675940473199154894e+02 -8.539838245524680360e+02 4.751055545133107785e+02
-5.686703161049733808e+02 -8.557274478985586939e+02 4.751935272690124634e+02
-5.719677654261532780e+02 -8.610708930493717617e+02 4.753217270492223179e+02
-5.731700285056938355e+02 -8.628165121512890892e+02 4.755675015156063523e+02
-5.763845541353987301e+02 -8.680171235764304356e+02 4.754526888007703178e+02
-5.776028749621417546e+02 -8.697316721671425057e+02 4.754831341642881171e+02
-5.796716374962464897e+02 -8.732362226111009704e+02 4.754666650480309045e+02
-5.808056903944553824e+02 -8.749420105826036433e+02 4.754878026972273233e+02
-5.830431728294556706e+02 -8.782936529415590030e+02 4.754469915734743495e+02
-5.840595619439187658e+02 -8.800778783691866920e+02 4.754455515683412727e+02
-5.863990433116651957e+02 -8.834536136161920012e+02 4.756485709190431521e+02
-5.872609512489522103e+02 -8.851122977796578652e+02 4.754409605728600923e+02
-5.893043025443454326e+02 -8.886206597658480177e+02 4.756313388920933107e+02
-5.902684152089128702e+02 -8.901642566662690115e+02 4.756186289592159824e+02
-5.922934412538271545e+02 -8.934037240527974291e+02 4.757630005465944691e+02
-5.944372786114387281e+02 -8.967096868750255680e+02 4.756254455553549292e+02
-5.952785922632330085e+02 -8.982103060440342688e+02 4.757065616646646617e+02
-5.981349164586684992e+02 -9.028407348865019912e+02 4.757455186368925411e+02
-5.991120610847971193e+02 -9.045761939704930228e+02 4.759908655126703820e+02
-6.001090198703443548e+02 -9.061439536165095205e+02 4.760380347116352482e+02
-6.001090198703443548e+02 -9.061439536165095205e+02 4.760380347116352482e+02
-6.038886770908823109e+02 -9.120903135649307387e+02 4.763381626857121773e+02
-6.051231931071085910e+02 -9.135166835893400048e+02 4.766077857235723059e+02
-6.070678615552407109e+02 -9.164288216249454990e+02 4.767279284086836242e+02
-6.079578180805098100e+02 -9.178851045252910126e+02 4.767522391983800958e+02
-6.100525183797315094e+02 -9.206841998063965775e+02 4.769100612896558005e+02
-6.109794519328709157e+02 -9.221788987323241145e+02 4.769766409793116964e+02
-6.130116745151324267e+02 -9.249681030297277857e+02 4.770811577925976508e+02
-6.147908749796416714e+02 -9.278798694187527190e+02 4.770065544055610189e+02
-6.157708041573126820e+02 -9.293984316012371210e+02 4.771182594848571057e+02
-6.177539719571844898e+02 -9.323145998517577482e+02 4.769239027383667349e+02
-6.187922900144634468e+02 -9.338053821732811457e+02 4.769169954318587088e+02
-6.205998068780960466e+02 -9.368327643813696568e+02 4.768701651601832054e+02
-6.216187391501498496e+02 -9.382821868110382866e+02 4.768651215432360004e+02
-6.234873096127741974e+02 -9.413113063018064395e+02 4.767550101775846088e+02
-6.253766234039496794e+02 -9.441329971092470714e+02 4.765932258784560531e+02
-6.271700527621225092e+02 -9.471740272629488118e+02 4.765309994457915650e+02
-6.292436163266962694e+02 -9.502082993461611977e+02 4.763633073009667100e+02
-6.300953375964512588e+02 -9.515607278514423797e+02 4.763701923922283754e+02
-6.311442958227058853e+02 -9.531306638209953235e+02 4.762708852462548634e+02
-6.330581100165828730e+02 -9.560034521467438253e+02 4.760041133354836234e+02
-6.349050172380898402e+02 -9.590012333318558149e+02 4.758632151488701538e+02
-6.359010582468805524e+02 -9.608585147405236739e+02 4.758878348827024638e+02
-6.366749136423615028e+02 -9.620115753078786156e+02 4.756360652559889104e+02
-6.396232920484010265e+02 -9.666346299802494286e+02 4.753350624697793023e+02
-6.403173812050029028e+02 -9.681079174665691198e+02 4.752381927214083817e+02
-6.414349165737485237e+02 -9.696984915166285646e+02 4.749690277619681069e+02
-6.432133414240877300e+02 -9.729805448263366543e+02 4.746609502872139501e+02
-6.449768554139923253e+02 -9.762283297785097602e+02 4.746181287344718953e+02
-6.460291006829845628e+02 -9.781257461754875067e+02 4.744480523993847214e+02
-6.477800836869769228e+02 -9.814988993607150860e+02 4.742285810684513763e+02
-6.486505844503460594e+02 -9.831745063104474411e+02 4.741914070470564866e+02
-6.486505844503460594e+02 -9.831745063104474411e+02 4.741914070470564866e+02
-6.517961794528915789e+02 -9.896561292259145830e+02 4.738392615762470541e+02
-6.526373272635363492e+02 -9.913745686659678995e+02 4.736385765873046125e+02
-6.539737168196746779e+02 -9.945854537714955086e+02 4.733918962094347194e+02
-6.554271491724051657e+02 -9.980025035388208607e+02 4.731633561485768951e+02
-6.554271491724051657e+02 -9.980025035388208607e+02 4.731633561485768951e+02
-6.568728132080294699e+02 -1.001447613768410520e+03 4.730097923753216946e+02
-6.582887585254309215e+02 -1.004691382295623498e+03 4.727894027424254659e+02
-6.599127985348958418e+02 -1.007863946112655753e+03 4.725321648063003295e+02
-6.615985824059185916e+02 -1.011140588615345109e+03 4.725955865816746382e+02
-6.623233256361245367e+02 -1.012787956617545433e+03 4.725465378966753178e+02
-6.632438079704597840e+02 -1.014418819765031230e+03 4.726139329490534351e+02
-6.657144148870634126e+02 -1.019518462850885840e+03 4.727944582198784929e+02
-6.665424092301136625e+02 -1.021235894177718819e+03 4.728919376570962072e+02
-6.682572913150909244e+02 -1.024648523761652314e+03 4.732235078778847424e+02
-6.689385371331268288e+02 -1.026493881747396927e+03 4.732489983133235683e+02
-6.706989361925027424e+02 -1.029888743722824074e+03 4.732889252925800747e+02
-6.715048192512286960e+02 -1.031708186788859621e+03 4.735395402131778155e+02
-6.731438255434450184e+02 -1.035308252400769561e+03 4.736627801259645594e+02
-6.747477090909300159e+02 -1.038901873621867708e+03 4.737891975782255258e+02
-6.755277082591769613e+02 -1.040578192883582915e+03 4.738941847989102030e+02
-6.763235283637345674e+02 -1.042589692820428581e+03 4.737786995673096158e+02
-6.778629239035902856e+02 -1.046324274341779073e+03 4.736989519174488237e+02
-6.794712869145528202e+02 -1.050191763579358167e+03 4.736372354366005766e+02
-6.810802535214348836e+02 -1.054068076577725606e+03 4.734117304742283068e+02
-6.817828770587627787e+02 -1.056066426060607682e+03 4.732773434415539100e+02
-6.824399251084396383e+02 -1.058065201834290292e+03 4.731726153037928952e+02
-6.840114731601693165e+02 -1.062059891164509054e+03 4.727811749300578867e+02
-6.857446761669528996e+02 -1.066086145598048233e+03 4.723700377706300628e+02
-6.865124853327296250e+02 -1.068052068068243670e+03 4.721091411625783394e+02
-6.881043107126502036e+02 -1.072016357632957352e+03 4.712825532921755212e+02
-6.897609068385020237e+02 -1.076057282474203703e+03 4.705078968748974830e+02
-6.915748996020161030e+02 -1.080122779032323024e+03 4.698674976866176394e+02
-6.925206460506005897e+02 -1.082395754828087547e+03 4.694620845928797621e+02
-6.942372604431599257e+02 -1.086746921734314810e+03 4.688208771926961163e+02
-6.952274610519339149e+02 -1.089128743842230278e+03 4.687270360830817708e+02
-6.969232856347272218e+02 -1.093071061613100028e+03 4.679895530755566710e+02
-6.979681710112027986e+02 -1.095320055794568589e+03 4.678669370058611321e+02
-6.997618617077894214e+02 -1.099572971450145133e+03 4.675294557548847934e+02
-7.016054879424447108e+02 -1.103750014164622598e+03 4.674369102185797828e+02
-7.023147876196593415e+02 -1.105812557793165297e+03 4.673867480997254233e+02
-7.038739110204697909e+02 -1.109845535239395076e+03 4.674428910765762453e+02
-7.049212883116958892e+02 -1.111809306388469395e+03 4.675721699781748839e+02
-7.064875588043784091e+02 -1.115740529213391028e+03 4.679663273943331205e+02
-7.074441626112516133e+02 -1.117845084153185326e+03 4.682322516767402476e+02
-7.089834800661312784e+02 -1.121842890380498147e+03 4.686823827079981584e+02
-7.105715612583009033e+02 -1.125964205265703868e+03 4.691979127802063658e+02
-7.112344767310494262e+02 -1.127931982066361343e+03 4.694332844422592075e+02
-7.128536920515728070e+02 -1.131913369808366951e+03 4.699143401827267326e+02
-7.141544363648140461e+02 -1.135850034583891102e+03 4.703238652446594301e+02
-7.151916907218420647e+02 -1.138051475391167742e+03 4.705371142523143249e+02
-7.166622419358990328e+02 -1.142102979417937149e+03 4.709254786137277051e+02
-7.182982810553403397e+02 -1.146382179372721339e+03 4.712290132273969903e+02
-7.191933393377967150e+02 -1.148045300749940225e+03 4.710237919367876316e+02
-7.200141954721294724e+02 -1.150115851141390749e+03 4.710236938922097352e+02
-7.216490568030291115e+02 -1.154282780211078716e+03 4.707296847097245518e+02
-7.230498200513483198e+02 -1.158470255028527845e+03 4.705242308066774513e+02
-7.239149299242715188e+02 -1.160844276489846379e+03 4.703773973827840678e+02
-7.252756435131182116e+02 -1.165535586882457665e+03 4.700620778043432892e+02
-7.257722863679193779e+02 -1.167858091695818302e+03 4.697085902353298934e+02
-7.270299395129496816e+02 -1.172672164487290502e+03 4.692265673381438091e+02
-7.278338349537699514e+02 -1.174958677911609811e+03 4.688899508372609262e+02
-7.289731473918768643e+02 -1.179977065867120473e+03 4.684516781315423373e+02
-7.302346242465165460e+02 -1.184546423742284787e+03 4.676568996232676909e+02
-7.314221171969464876e+02 -1.189134170054064498e+03 4.666104499104240517e+02
-7.321219905412751814e+02 -1.191410976523171939e+03 4.661226569818715575e+02
-7.333951542245649762e+02 -1.195780355904648331e+03 4.649023472543033222e+02
-7.337270107366575758e+02 -1.197984233208008845e+03 4.642197838666708662e+02
-7.352097844497104688e+02 -1.202155747372832366e+03 4.629899986279012296e+02
-7.357746501640972383e+02 -1.204572126762978314e+03 4.623275320366784626e+02
-7.369844607573620578e+02 -1.209025414119300876e+03 4.612859058132974610e+02
-7.389934031728341779e+02 -1.213786131039977363e+03 4.604806477062346630e+02
-7.397631639441611924e+02 -1.215968654241363538e+03 4.601668748313381343e+02
-7.415815105834099086e+02 -1.220135105682745916e+03 4.597979974768736611e+02
-7.434887786340478897e+02 -1.224431973230761287e+03 4.595796340727658844e+02
-7.444118993279955703e+02 -1.226711920755505616e+03 4.596698896650244706e+02
-7.461086085002910977e+02 -1.230950949730346565e+03 4.597597495238418901e+02
-7.469565596979987276e+02 -1.233141246285651732e+03 4.599358564980314554e+02
-7.478792852126110802e+02 -1.235360194127690647e+03 4.601389958010568080e+02
-7.492394444236091431e+02 -1.239618261184485391e+03 4.608131915071339222e+02
-7.509772557326098195e+02 -1.244432892902664207e+03 4.617163988077127783e+02
-7.522985780404306979e+02 -1.248606718714543604e+03 4.624993615358616807e+02
-7.530999688736263806e+02 -1.250779602091295374e+03 4.628818792296744391e+02
-7.545263641390768043e+02 -1.254821562125907349e+03 4.633558483281633471e+02
-7.558106023494825649e+02 -1.259177048113308274e+03 4.639762742645817184e+02
-7.567287082198411099e+02 -1.261344129133952038e+03 4.644604161885260396e+02
-7.578695991723781162e+02 -1.263625725483805354e+03 4.647885614619921739e+02
-7.598853170591504522e+02 -1.268194800838443598e+03 4.660268076348904742e+02
-7.614257689973960623e+02 -1.272579838228890139e+03 4.667441303527708669e+02
-7.627550116598127943e+02 -1.276916337100643887e+03 4.672096200476484569e+02
-7.642971340446357544e+02 -1.280030098802647672e+03 4.685346785892373873e+02
-7.652042712014751942e+02 -1.282154724908703201e+03 4.687526488829599316e+02
-7.663991703578154784e+02 -1.288024179215029562e+03 4.689245717740171813e+02
-7.674381757435977534e+02 -1.290285663419981120e+03 4.693152556298137483e+02
-7.684789489751327665e+02 -1.292682670528839708e+03 4.694348887394041299e+02
-7.698027058873776696e+02 -1.297179189012292227e+03 4.700044384367810153e+02
-7.714238893215265307e+02 -1.301924643395408339e+03 4.704626064851181013e+02
-7.720533738777157851e+02 -1.304215135335839705e+03 4.704723117671191517e+02
-7.736614653717800820e+02 -1.309120201696920276e+03 4.710229192955313238e+02
-7.743574682001589053e+02 -1.311542850358814576e+03 4.710394528408027099e+02
-7.760489732528770901e+02 -1.316591304922772906e+03 4.714525427644549040e+02
-7.768077111195415227e+02 -1.319077509226345910e+03 4.713393301071886299e+02
-7.783515252317339446e+02 -1.324208868581751176e+03 4.715887216332757248e+02
-7.799449697790856817e+02 -1.329447359726267450e+03 4.712108692556586789e+02
-7.816335519589827072e+02 -1.334237796462340611e+03 4.713704135810655771e+02
-7.831621956938807898e+02 -1.337837802729397481e+03 4.717544602290926150e+02
-7.824925188356436365e+02 -1.338471890445790223e+03 4.727327610598562728e+02
-7.844013829835233764e+02 -1.343639026668688302e+03 4.726586429093104016e+02
-7.849745485807869727e+02 -1.346073044646836706e+03 4.722436602199559275e+02
-7.860822827415634038e+02 -1.348553189656578979e+03 4.722112759007293334e+02
-7.882253514227315918e+02 -1.355981573927734871e+03 4.710438037171091423e+02
-7.899865077342357154e+02 -1.361019288251172384e+03 4.702882562166651610e+02
-7.902527154720910403e+02 -1.363387205750902467e+03 4.697449751955448960e+02
-7.921456860479652278e+02 -1.368167997425851354e+03 4.689545716380209797e+02
-7.930462692589057951e+02 -1.372920276010290308e+03 4.682173499910003898e+02
-7.936430199249358566e+02 -1.375424979016799170e+03 4.680094048883736946e+02
-7.949442984347374477e+02 -1.380113760917766285e+03 4.676454103498155632e+02
-7.952975300982650424e+02 -1.382639703754936818e+03 4.676639459186765180e+02
-7.958352550928176470e+02 -1.385004003816602335e+03 4.672946489482789616e+02
-7.971960210176133614e+02 -1.389913308891370207e+03 4.673252365322444462e+02
-7.980569020278037442e+02 -1.394602340103089773e+03 4.672269371712239945e+02
-7.989188607971743750e+02 -1.396845216512152092e+03 4.672534381738027491e+02
-7.998928244788717166e+02 -1.401342018572343022e+03 4.672659061706742136e+02
-8.008887575306762301e+02 -1.405770513109863941e+03 4.671434317503587295e+02
-8.020070035977468024e+02 -1.410232040689089445e+03 4.672032435698343988e+02
-8.026844920935013761e+02 -1.412485572863193738e+03 4.672444629716785585e+02
-8.032698434516996713e+02 -1.414783779049779923e+03 4.669647872197493257e+02
-8.046783369749629173e+02 -1.419317860412462323e+03 4.671005595384428375e+02
-8.052633087491262813e+02 -1.424096482131961466e+03 4.669064372703973618e+02
-8.063188748389022749e+02 -1.426590972514299665e+03 4.668083937846632239e+02
-8.085710819249968608e+02 -1.432248010082044402e+03 4.649006024837097470e+02
-8.090522619481472475e+02 -1.434664449617725268e+03 4.646975401402166881e+02
-8.104030217864351471e+02 -1.439252988286072650e+03 4.637959896582383408e+02
-8.114007860315858807e+02 -1.443831326358636488e+03 4.635373609466509492e+02
-8.114007860315858807e+02 -1.443831326358636488e+03 4.635373609466509492e+02
-8.123034370224455643e+02 -1.448359631416519960e+03 4.623216130350850790e+02
-8.143839736365708859e+02 -1.455692994493344258e+03 4.610674062644910691e+02
-8.154002214143268930e+02 -1.458335065012850237e+03 4.607960260335744920e+02
-8.164256358315650459e+02 -1.463119197045260307e+03 4.593869663304851088e+02
-8.176590085784134772e+02 -1.465731164709063023e+03 4.592506097650164634e+02
-8.179339577394493972e+02 -1.469652634847150694e+03 4.567309235391661559e+02
-8.187674573364424759e+02 -1.471920380199058400e+03 4.564248777001471922e+02
-8.206838663125721496e+02 -1.475803019995646764e+03 4.564477034930806099e+02
-8.225106542984271982e+02 -1.479315799686157789e+03 4.569183852210877035e+02
-8.234883162058570178e+02 -1.480416420970837862e+03 4.603591256426911400e+02
-8.257099052267923298e+02 -1.484411159224705443e+03 4.624846440173423048e+02
-8.274178060085033621e+02 -1.488621948463913441e+03 4.615473812215785756e+02
-8.285136674733928430e+02 -1.490485240503850491e+03 4.626696344321669017e+02
-8.300349476918441951e+02 -1.493583669461518866e+03 4.668309186268616031e+02
-8.304579707765362855e+02 -1.495384825807692550e+03 4.673916878190744910e+02
-8.319906256951056776e+02 -1.499184596182112273e+03 4.692299079445951975e+02
-8.339910087896628283e+02 -1.503007194640480293e+03 4.711737975432821486e+02
-8.355459600371382294e+02 -1.506696667738355472e+03 4.728472875961499540e+02
-8.355459600371382294e+02 -1.506696667738355472e+03 4.728472875961499540e+02
-8.376935833243550178e+02 -1.512124779306726623e+03 4.750033319076075600e+02
-8.387372487624274981e+02 -1.513988576792719641e+03 4.759330135200151517e+02
-8.406934153786702382e+02 -1.517342412574857462e+03 4.771355167885906781e+02
