1.753181219007513762e+09
1.753181219014065266e+09
1.753181219018320799e+09
1.753181219023871660e+09
1.753181219028955221e+09
1.753181219033758640e+09
1.753181219037341356e+09
1.753181219043700695e+09
1.753181219047507524e+09
1.753181219053612947e+09
1.753181219057291031e+09
1.753181219063881159e+09
1.753181219067648649e+09
1.753181219074085236e+09
1.753181219077577114e+09
1.753181219083764553e+09
1.753181219087496758e+09
1.753181219093641043e+09
1.753181219097421408e+09
1.753181219103802681e+09
1.753181219108363152e+09
1.753181219113941669e+09
1.753181219117578030e+09
1.753181219123801708e+09
1.753181219127485514e+09
1.753181219133640766e+09
1.753181219137445450e+09
1.753181219143899441e+09
1.753181219147523165e+09
1.753181219153885841e+09
1.753181219157356024e+09
1.753181219163685560e+09
1.753181219167694330e+09
1.753181219172860861e+09
1.753181219177526951e+09
1.753181219183651924e+09
1.753181219187432528e+09
1.753181219193661928e+09
1.753181219197615147e+09
1.753181219204002619e+09
1.753181219207301140e+09
1.753181219213370562e+09
1.753181219218324184e+09
1.753181219221891403e+09
1.753181219227425098e+09
1.753181219233780622e+09
1.753181219237305164e+09
1.753181219243867397e+09
1.753181219249125719e+09
1.753181219251879692e+09
1.753181219257592678e+09
1.753181219263987780e+09
1.753181219267540216e+09
1.753181219273759842e+09
1.753181219277431250e+09
1.753181219283731461e+09
1.753181219287533998e+09
1.753181219293929100e+09
1.753181219297295094e+09
1.753181219303710699e+09
1.753181219307469130e+09
1.753181219314503431e+09
1.753181219317430496e+09
1.753181219324223280e+09
1.753181219327806711e+09
1.753181219333575487e+09
1.753181219337294579e+09
1.753181219344022274e+09
1.753181219347585201e+09
1.753181219353830099e+09
1.753181219357292175e+09
1.753181219364072800e+09
1.753181219367487669e+09
1.753181219373742342e+09
1.753181219377466440e+09
1.753181219382666826e+09
1.753181219387318850e+09
1.753181219393430471e+09
1.753181219397284269e+09
1.753181219404012442e+09
1.753181219407650471e+09
1.753181219413939953e+09
1.753181219417477369e+09
1.753181219423692942e+09
1.753181219427469730e+09
1.753181219433691740e+09
1.753181219437391281e+09
1.753181219443840027e+09
1.753181219447487593e+09
1.753181219457534790e+09
1.753181219464036703e+09
1.753181219467742920e+09
1.753181219472321033e+09
1.753181219477304220e+09
1.753181219483667612e+09
1.753181219487458467e+09
1.753181219493675232e+09
1.753181219497409821e+09
1.753181219503880501e+09
1.753181219507463932e+09
1.753181219513724566e+09
1.753181219517468214e+09
1.753181219523731470e+09
1.753181219527568102e+09
1.753181219533881426e+09
1.753181219537368774e+09
1.753181219543442249e+09
1.753181219547470808e+09
1.753181219554009438e+09
1.753181219558200836e+09
1.753181219563897848e+09
1.753181219567281008e+09
1.753181219573712349e+09
1.753181219577381611e+09
1.753181219583459377e+09
1.753181219587225199e+09
1.753181219593006611e+09
1.753181219597256422e+09
1.753181219603698969e+09
1.753181219607428789e+09
1.753181219613808155e+09
1.753181219617464542e+09
1.753181219623866320e+09
1.753181219627494574e+09
1.753181219633653879e+09
1.753181219637255669e+09
1.753181219643220901e+09
1.753181219647541523e+09
1.753181219653989553e+09
1.753181219657526970e+09
1.753181219663733482e+09
1.753181219669883251e+09
1.753181219672990322e+09
1.753181219677370548e+09
1.753181219683807135e+09
1.753181219687297583e+09
1.753181219693895817e+09
1.753181219697281599e+09
1.753181219703742743e+09
1.753181219709813595e+09
1.753181219713955402e+09
1.753181219717291117e+09
1.753181219723705053e+09
1.753181219727453947e+09
1.753181219733129501e+09
1.753181219737415075e+09
1.753181219743832827e+09
1.753181219747538090e+09
1.753181219753839731e+09
1.753181219757380009e+09
1.753181219762011290e+09
1.753181219767710924e+09
1.753181219773925543e+09
1.753181219777445316e+09
1.753181219783698082e+09
1.753181219787521362e+09
1.753181219793999195e+09
1.753181219797387123e+09
1.753181219802375078e+09
1.753181219807535648e+09
1.753181219813641071e+09
1.753181219817429781e+09
1.753181219823734283e+09
1.753181219827602625e+09
1.753181219833584070e+09
1.753181219837319613e+09
1.753181219843947887e+09
1.753181219847559690e+09
1.753181219851863146e+09
1.753181219857291937e+09
1.753181219864045858e+09
1.753181219867520571e+09
1.753181219872602940e+09
1.753181219877456903e+09
1.753181219883728266e+09
1.753181219887470007e+09
1.753181219893963814e+09
1.753181219897316933e+09
1.753181219903824329e+09
1.753181219907453775e+09
1.753181219913724184e+09
1.753181219917438507e+09
1.753181219923697472e+09
1.753181219927560329e+09
1.753181219933516026e+09
1.753181219937463045e+09
1.753181219942674875e+09
1.753181219947423697e+09
1.753181219953724623e+09
1.753181219957514524e+09
1.753181219963738680e+09
1.753181219967491627e+09
1.753181219973535061e+09
1.753181219978994370e+09
1.753181219981956959e+09
1.753181219987303734e+09
1.753181219993559599e+09
1.753181219997312069e+09
1.753181220003496885e+09
1.753181220008075237e+09
1.753181220013604403e+09
1.753181220018615723e+09
1.753181220024033546e+09
1.753181220027505875e+09
1.753181220033621311e+09
1.753181220037436247e+09
1.753181220043846369e+09
1.753181220047488928e+09
1.753181220053700209e+09
1.753181220057453632e+09
1.753181220063767195e+09
1.753181220067540884e+09
1.753181220073934317e+09
1.753181220077331305e+09
1.753181220083108664e+09
1.753181220087509394e+09
1.753181220093680382e+09
1.753181220097492218e+09
1.753181220103823423e+09
1.753181220108516932e+09
1.753181220112318039e+09
1.753181220117440939e+09
1.753181220123819590e+09
1.753181220127515554e+09
1.753181220133818150e+09
1.753181220137509346e+09
1.753181220143681765e+09
1.753181220147476673e+09
1.753181220152316332e+09
1.753181220157304287e+09
1.753181220163607597e+09
1.753181220167302608e+09
1.753181220173883915e+09
1.753181220178547859e+09
1.753181220183472157e+09
1.753181220187356472e+09
1.753181220194158554e+09
1.753181220198240042e+09
1.753181220203590155e+09
1.753181220207498074e+09
1.753181220214097261e+09
1.753181220218876839e+09
1.753181220222672939e+09
1.753181220227504969e+09
1.753181220233609200e+09
1.753181220237368345e+09
1.753181220243431330e+09
1.753181220247377396e+09
1.753181220254028559e+09
1.753181220258287430e+09
1.753181220263669968e+09
1.753181220267483234e+09
1.753181220273649454e+09
1.753181220277445555e+09
1.753181220283799410e+09
1.753181220287478209e+09
1.753181220294094801e+09
1.753181220297250032e+09
1.753181220303673029e+09
1.753181220307473660e+09
1.753181220313749552e+09
1.753181220317281723e+09
1.753181220323624134e+09
1.753181220327491283e+09
1.753181220333740234e+09
1.753181220337357044e+09
1.753181220343917131e+09
1.753181220347505569e+09
1.753181220353569269e+09
1.753181220357228041e+09
1.753181220362224817e+09
1.753181220367666483e+09
1.753181220373785019e+09
1.753181220377303839e+09
1.753181220383677959e+09
1.753181220387454987e+09
1.753181220393686295e+09
1.753181220397459745e+09
1.753181220404098272e+09
1.753181220407504082e+09
1.753181220413769960e+09
1.753181220417301178e+09
1.753181220423499584e+09
1.753181220427804708e+09
1.753181220432255268e+09
1.753181220437494278e+09
1.753181220443789244e+09
1.753181220447475433e+09
1.753181220453700781e+09
1.753181220457362890e+09
1.753181220463862181e+09
1.753181220467531443e+09
1.753181220473814487e+09
1.753181220477444887e+09
1.753181220483694792e+09
1.753181220487358093e+09
1.753181220493813276e+09
1.753181220497296572e+09
1.753181220502303839e+09
1.753181220507469416e+09
1.753181220513711691e+09
1.753181220517421007e+09
1.753181220523890018e+09
1.753181220527538538e+09
1.753181220533705473e+09
1.753181220537257195e+09
1.753181220543790340e+09
1.753181220547380686e+09
1.753181220553534031e+09
1.753181220558930635e+09
1.753181220563781738e+09
1.753181220567543268e+09
1.753181220573127985e+09
1.753181220577431202e+09
1.753181220583808661e+09
1.753181220587525606e+09
1.753181220593873978e+09
1.753181220597263098e+09
1.753181220603718042e+09
1.753181220607378006e+09
1.753181220613758802e+09
1.753181220617516994e+09
1.753181220623733282e+09
1.753181220627448082e+09
1.753181220633618355e+09
1.753181220637318611e+09
1.753181220642681360e+09
1.753181220647604227e+09
1.753181220653806686e+09
1.753181220657428980e+09
1.753181220663708210e+09
1.753181220667480946e+09
1.753181220673752069e+09
1.753181220677458763e+09
1.753181220683699608e+09
1.753181220687474489e+09
1.753181220691910505e+09
1.753181220697276592e+09
1.753181220703403950e+09
1.753181220707534552e+09
1.753181220712557077e+09
1.753181220717310905e+09
1.753181220723730803e+09
1.753181220727427721e+09
1.753181220733961582e+09
1.753181220737407684e+09
1.753181220743809938e+09
1.753181220747494459e+09
1.753181220753663540e+09
1.753181220757469893e+09
1.753181220763870001e+09
1.753181220767650366e+09
1.753181220773613930e+09
1.753181220778976440e+09
1.753181220783140182e+09
1.753181220787405014e+09
1.753181220793616295e+09
1.753181220797332764e+09
1.753181220803623199e+09
1.753181220807661057e+09
1.753181220813990355e+09
1.753181220817318439e+09
1.753181220823560238e+09
1.753181220827701330e+09
1.753181220834029675e+09
1.753181220837265253e+09
1.753181220843557835e+09
1.753181220847726822e+09
1.753181220853866339e+09
1.753181220857331753e+09
1.753181220863520145e+09
1.753181220867538452e+09
1.753181220873987675e+09
1.753181220877399206e+09
1.753181220883733034e+09
1.753181220887709379e+09
1.753181220893676043e+09
1.753181220897340298e+09
1.753181220903684616e+09
1.753181220907366991e+09
1.753181220913834333e+09
1.753181220917422295e+09
1.753181220923883200e+09
1.753181220927479506e+09
1.753181220933558702e+09
1.753181220937349081e+09
1.753181220943681955e+09
1.753181220947493076e+09
1.753181220953728199e+09
1.753181220957472086e+09
1.753181220963581324e+09
1.753181220967385292e+09
1.753181220973822117e+09
1.753181220977637291e+09
1.753181220983440638e+09
1.753181220988834620e+09
1.753181220993812084e+09
1.753181220997435331e+09
1.753181221003861666e+09
1.753181221007818460e+09
1.753181221011902094e+09
1.753181221017253876e+09
1.753181221023773432e+09
1.753181221027427673e+09
1.753181221033747435e+09
1.753181221037632942e+09
1.753181221043559790e+09
1.753181221047445774e+09
1.753181221053429604e+09
1.753181221057327032e+09
1.753181221063876867e+09
1.753181221067782164e+09
1.753181221073725224e+09
1.753181221077354908e+09
1.753181221083650351e+09
1.753181221087474346e+09
1.753181221093882561e+09
1.753181221097572803e+09
1.753181221103977919e+09
1.753181221107764482e+09
1.753181221113595247e+09
1.753181221117255449e+09
1.753181221124136686e+09
1.753181221127748251e+09
1.753181221131888628e+09
1.753181221137379408e+09
1.753181221144076109e+09
1.753181221147665739e+09
1.753181221153578520e+09
1.753181221157525539e+09
1.753181221164064407e+09
1.753181221167677641e+09
1.753181221173444510e+09
1.753181221177244186e+09
1.753181221181818485e+09
1.753181221187906981e+09
1.753181221193537712e+09
1.753181221197267771e+09
1.753181221202530622e+09
1.753181221207508326e+09
1.753181221213592291e+09
1.753181221217693806e+09
1.753181221221982241e+09
1.753181221227720261e+09
1.753181221233552933e+09
1.753181221237245321e+09
1.753181221243829966e+09
1.753181221247824192e+09
1.753181221251869917e+09
1.753181221257376671e+09
1.753181221263754606e+09
1.753181221267452717e+09
1.753181221273535728e+09
1.753181221277796507e+09
1.753181221283740520e+09
1.753181221287440062e+09
1.753181221293912888e+09
1.753181221297405005e+09
1.753181221303707361e+09
1.753181221307620287e+09
1.753181221313735723e+09
1.753181221317269564e+09
1.753181221323720932e+09
1.753181221327416897e+09
1.753181221333820820e+09
1.753181221337792158e+09
1.753181221343186617e+09
1.753181221347580194e+09
1.753181221353940248e+09
1.753181221357303619e+09
1.753181221363987207e+09
1.753181221367844582e+09
1.753181221373853922e+09
1.753181221377276897e+09
1.753181221383636475e+09
1.753181221387375355e+09
1.753181221393678665e+09
1.753181221397600651e+09
1.753181221403603554e+09
1.753181221407721043e+09
1.753181221412122250e+09
1.753181221417248726e+09
1.753181221422254562e+09
1.753181221429409027e+09
1.753181221433563232e+09
1.753181221437249899e+09
1.753181221443653822e+09
1.753181221447416782e+09
1.753181221453820467e+09
1.753181221457547426e+09
1.753181221463747740e+09
1.753181221467475653e+09
1.753181221473858356e+09
1.753181221477456331e+09
1.753181221483666182e+09
1.753181221487873077e+09
1.753181221494055510e+09
1.753181221497362852e+09
1.753181221503679991e+09
1.753181221507451534e+09
1.753181221513663292e+09
1.753181221517510414e+09
1.753181221523738146e+09
1.753181221527543068e+09
1.753181221533732653e+09
1.753181221537443638e+09
1.753181221543798208e+09
1.753181221547951698e+09
1.753181221553732634e+09
1.753181221557409286e+09
1.753181221563602448e+09
1.753181221567451239e+09
1.753181221574044466e+09
1.753181221578645468e+09
1.753181221583575964e+09
1.753181221587270260e+09
1.753181221594044924e+09
1.753181221598149538e+09
1.753181221603728294e+09
1.753181221607811213e+09
1.753181221613610744e+09
1.753181221617259502e+09
1.753181221622665167e+09
1.753181221627589703e+09
1.753181221633570194e+09
1.753181221637310028e+09
1.753181221643921137e+09
1.753181221647546530e+09
1.753181221653681040e+09
1.753181221657273054e+09
1.753181221663707495e+09
1.753181221667674780e+09
1.753181221673773289e+09
1.753181221677440166e+09
1.753181221683739424e+09
1.753181221687531233e+09
1.753181221692654133e+09
1.753181221697363615e+09
1.753181221703656435e+09
1.753181221707552671e+09
1.753181221712045670e+09
1.753181221717318058e+09
1.753181221723576784e+09
1.753181221728062391e+09
1.753181221734071016e+09
1.753181221737334251e+09
1.753181221743553638e+09
1.753181221747677803e+09
1.753181221753811121e+09
1.753181221757475138e+09
1.753181221763856649e+09
1.753181221769075632e+09
1.753181221773503065e+09
1.753181221778509378e+09
1.753181221784061193e+09
1.753181221787418604e+09
1.753181221793499708e+09
1.753181221798303127e+09
1.753181221803940296e+09
1.753181221807616234e+09
1.753181221813737154e+09
1.753181221817266226e+09
1.753181221823434591e+09
1.753181221828965664e+09
1.753181221833401680e+09
1.753181221838586330e+09
1.753181221843928099e+09
1.753181221847414255e+09
1.753181221853663921e+09
1.753181221857463121e+09
1.753181221861859322e+09
1.753181221867452383e+09
1.753181221873807430e+09
1.753181221877505779e+09
1.753181221883691549e+09
1.753181221887470007e+09
1.753181221893707514e+09
1.753181221897671223e+09
1.753181221902468443e+09
1.753181221907430649e+09
1.753181221913697720e+09
1.753181221917345762e+09
1.753181221923827410e+09
1.753181221927436590e+09
1.753181221933872223e+09
1.753181221937368870e+09
1.753181221943701982e+09
1.753181221947474241e+09
1.753181221953619242e+09
1.753181221957402468e+09
1.753181221963727474e+09
1.753181221967530727e+09
1.753181221973639011e+09
1.753181221977423429e+09
1.753181221983746767e+09
1.753181221987450600e+09
1.753181221993766308e+09
1.753181221997267246e+09
1.753181222003517151e+09
1.753181222007544756e+09
1.753181222011925459e+09
1.753181222017235994e+09
1.753181222023546219e+09
1.753181222029156208e+09
1.753181222032433510e+09
1.753181222037400723e+09
1.753181222042472601e+09
1.753181222047438860e+09
1.753181222053829193e+09
1.753181222057351112e+09
1.753181222063797951e+09
1.753181222067481995e+09
1.753181222073776245e+09
1.753181222077412367e+09
1.753181222083868265e+09
1.753181222087436914e+09
1.753181222093709707e+09
1.753181222097303629e+09
1.753181222103741884e+09
1.753181222107811689e+09
1.753181222114050150e+09
1.753181222117736101e+09
1.753181222123911858e+09
1.753181222127495050e+09
1.753181222133683681e+09
1.753181222137279987e+09
1.753181222144524336e+09
1.753181222149405479e+09
1.753181222152606964e+09
1.753181222157267094e+09
1.753181222164029121e+09
1.753181222167553902e+09
1.753181222173692226e+09
1.753181222177368402e+09
1.753181222183504581e+09
1.753181222187511206e+09
1.753181222193717718e+09
1.753181222197375298e+09
1.753181222203843355e+09
1.753181222207406282e+09
1.753181222212023973e+09
1.753181222217482090e+09
1.753181222223763466e+09
1.753181222227490664e+09
1.753181222234165907e+09
1.753181222237494469e+09
1.753181222243798971e+09
1.753181222247484446e+09
1.753181222253585815e+09
1.753181222257264614e+09
1.753181222263975382e+09
1.753181222267596960e+09
1.753181222273747206e+09
1.753181222277336359e+09
1.753181222283704996e+09
1.753181222287443399e+09
1.753181222293419838e+09
1.753181222297277689e+09
1.753181222303935528e+09
1.753181222307471991e+09
1.753181222313382626e+09
1.753181222317241669e+09
1.753181222323206663e+09
1.753181222327414036e+09
1.753181222333978176e+09
1.753181222337285995e+09
1.753181222343720675e+09
1.753181222347438574e+09
1.753181222353739738e+09
1.753181222357509613e+09
1.753181222362245798e+09
1.753181222367513895e+09
1.753181222373711824e+09
1.753181222377439976e+09
1.753181222384156227e+09
1.753181222388492107e+09
1.753181222393215895e+09
1.753181222397392273e+09
1.753181222403506279e+09
1.753181222407484770e+09
1.753181222413976908e+09
1.753181222418267250e+09
1.753181222422283173e+09
1.753181222427515745e+09
1.753181222433824062e+09
1.753181222437256813e+09
1.753181222443794012e+09
1.753181222447485447e+09
1.753181222452172756e+09
1.753181222457400799e+09
1.753181222462338924e+09
1.753181222469177246e+09
1.753181222473647833e+09
1.753181222477316141e+09
1.753181222483846188e+09
1.753181222487485170e+09
1.753181222493953705e+09
1.753181222497599602e+09
1.753181222503588915e+09
1.753181222507438421e+09
1.753181222511981964e+09
1.753181222517381668e+09
1.753181222523698330e+09
1.753181222528753757e+09
1.753181222533706903e+09
1.753181222537381411e+09
1.753181222543903828e+09
1.753181222547516823e+09
1.753181222553708076e+09
1.753181222557298899e+09
1.753181222563702583e+09
1.753181222567400694e+09
1.753181222574097872e+09
1.753181222577427149e+09
1.753181222584303856e+09
1.753181222589369297e+09
1.753181222592377663e+09
1.753181222597369432e+09
1.753181222604712725e+09
1.753181222607532501e+09
1.753181222613618135e+09
1.753181222617343664e+09
1.753181222623883247e+09
1.753181222627393246e+09
1.753181222633902550e+09
1.753181222637365818e+09
1.753181222643632650e+09
1.753181222649194002e+09
1.753181222653421402e+09
1.753181222657446861e+09
1.753181222663689375e+09
1.753181222668755531e+09
1.753181222674319267e+09
1.753181222677452803e+09
1.753181222683288097e+09
1.753181222687625408e+09
1.753181222693958282e+09
1.753181222697489500e+09
1.753181222703726053e+09
1.753181222707502842e+09
1.753181222713650227e+09
1.753181222719048500e+09
1.753181222722445250e+09
1.753181222727517843e+09
1.753181222733467102e+09
1.753181222737520218e+09
1.753181222742274046e+09
1.753181222747416019e+09
1.753181222753736496e+09
1.753181222758193970e+09
1.753181222764015913e+09
1.753181222769202471e+09
1.753181222773440838e+09
1.753181222778283834e+09
1.753181222784206867e+09
1.753181222787522554e+09
1.753181222792087078e+09
1.753181222797275305e+09
1.753181222803880215e+09
1.753181222807410479e+09
1.753181222814895868e+09
1.753181222817296028e+09
1.753181222823912144e+09
1.753181222827605963e+09
1.753181222833688974e+09
1.753181222837282658e+09
1.753181222843882322e+09
1.753181222847665548e+09
1.753181222853570223e+09
1.753181222857287407e+09
1.753181222864106417e+09
1.753181222867402792e+09
1.753181222874076605e+09
1.753181222877491951e+09
1.753181222883603811e+09
1.753181222887501001e+09
1.753181222894356012e+09
1.753181222898987532e+09
1.753181222902369976e+09
1.753181222907503605e+09
1.753181222912115097e+09
1.753181222918527126e+09
1.753181222923405409e+09
1.753181222927232265e+09
1.753181222934175730e+09
1.753181222938605785e+09
1.753181222941879272e+09
1.753181222948274374e+09
1.753181222953856468e+09
1.753181222957358122e+09
1.753181222964209557e+09
1.753181222967653036e+09
1.753181222973737717e+09
1.753181222977487087e+09
1.753181222984472513e+09
1.753181222989211321e+09
1.753181222992567301e+09
1.753181222998347044e+09
1.753181223003656149e+09
1.753181223007456064e+09
1.753181223013807535e+09
1.753181223017592669e+09
1.753181223024117708e+09
1.753181223027520657e+09
1.753181223035153151e+09
1.753181223039906740e+09
1.753181223042259932e+09
1.753181223047582150e+09
1.753181223053986073e+09
1.753181223057546377e+09
1.753181223063851833e+09
1.753181223067479134e+09
1.753181223073661804e+09
1.753181223077431917e+09
1.753181223083935976e+09
1.753181223089201450e+09
1.753181223091830015e+09
1.753181223097400665e+09
1.753181223103701591e+09
1.753181223107411861e+09
1.753181223114029646e+09
1.753181223118222952e+09
1.753181223123802662e+09
1.753181223127592564e+09
1.753181223133918047e+09
1.753181223137574434e+09
1.753181223143622637e+09
1.753181223147525787e+09
1.753181223154030085e+09
1.753181223157270670e+09
1.753181223162763357e+09
1.753181223167658806e+09
1.753181223173931360e+09
1.753181223177405834e+09
1.753181223183698893e+09
1.753181223187531948e+09
1.753181223193706512e+09
1.753181223197430849e+09
1.753181223203950405e+09
1.753181223207510710e+09
1.753181223213554382e+09
1.753181223217372179e+09
1.753181223224101067e+09
1.753181223229089499e+09
1.753181223233723164e+09
1.753181223237279892e+09
1.753181223244206667e+09
1.753181223247630358e+09
1.753181223253640652e+09
1.753181223257518053e+09
1.753181223263959408e+09
1.753181223267691612e+09
1.753181223273737431e+09
1.753181223277447224e+09
1.753181223283798218e+09
1.753181223287449837e+09
1.753181223294402838e+09
1.753181223299052715e+09
1.753181223301817894e+09
1.753181223307526112e+09
1.753181223313877106e+09
1.753181223317359686e+09
1.753181223324036837e+09
1.753181223327623606e+09
1.753181223333740473e+09
1.753181223337490797e+09
1.753181223343750000e+09
1.753181223347442865e+09
1.753181223353803635e+09
1.753181223357360363e+09
1.753181223363716364e+09
1.753181223368891716e+09
1.753181223373789787e+09
1.753181223377531052e+09
1.753181223383526325e+09
1.753181223387485027e+09
1.753181223393741369e+09
1.753181223397599936e+09
1.753181223403520346e+09
1.753181223407356977e+09
1.753181223413877726e+09
1.753181223417539120e+09
1.753181223423743725e+09
1.753181223427457571e+09
1.753181223433929443e+09
1.753181223437515259e+09
1.753181223442022562e+09
1.753181223447551250e+09
1.753181223459496975e+09
1.753181223462499380e+09
1.753181223467674732e+09
1.753181223474153519e+09
1.753181223478323936e+09
1.753181223481873512e+09
1.753181223487445831e+09
1.753181223493959665e+09
1.753181223498251438e+09
1.753181223502073288e+09
1.753181223507484913e+09
1.753181223513838291e+09
1.753181223517364025e+09
1.753181223523735523e+09
1.753181223527521610e+09
1.753181223533932686e+09
1.753181223537286043e+09
1.753181223543565035e+09
1.753181223547528028e+09
1.753181223554442406e+09
1.753181223557623625e+09
1.753181223562518358e+09
1.753181223569198370e+09
1.753181223573364496e+09
1.753181223578494549e+09
1.753181223582325697e+09
1.753181223587502241e+09
1.753181223593676805e+09
1.753181223598314762e+09
1.753181223603944540e+09
1.753181223607451677e+09
1.753181223613540649e+09
1.753181223618568897e+09
1.753181223624188185e+09
1.753181223627473593e+09
1.753181223633800745e+09
1.753181223637521267e+09
1.753181223643708706e+09
1.753181223647518396e+09
1.753181223652028322e+09
1.753181223657357931e+09
1.753181223663823366e+09
1.753181223667444229e+09
1.753181223673475742e+09
1.753181223677405834e+09
1.753181223684010744e+09
1.753181223687299490e+09
1.753181223693727732e+09
1.753181223697329521e+09
1.753181223703778267e+09
1.753181223707412481e+09
1.753181223714005232e+09
1.753181223717428207e+09
1.753181223722828865e+09
1.753181223727594614e+09
1.753181223733776331e+09
1.753181223737569571e+09
1.753181223743894815e+09
1.753181223747479439e+09
1.753181223753634453e+09
1.753181223757418871e+09
1.753181223763707638e+09
1.753181223767435312e+09
1.753181223774011374e+09
1.753181223777322769e+09
1.753181223783364773e+09
1.753181223789033651e+09
1.753181223794059992e+09
1.753181223797686577e+09
1.753181223804020405e+09
1.753181223807510376e+09
1.753181223813516140e+09
1.753181223817285538e+09
1.753181223823585033e+09
1.753181223827696800e+09
1.753181223834366322e+09
1.753181223838185549e+09
1.753181223843542337e+09
1.753181223847494602e+09
1.753181223853829145e+09
1.753181223857588053e+09
1.753181223864415646e+09
1.753181223867517233e+09
1.753181223873843670e+09
1.753181223877470493e+09
1.753181223883766890e+09
1.753181223887460709e+09
1.753181223893794060e+09
1.753181223897367954e+09
1.753181223903733015e+09
1.753181223907446623e+09
1.753181223913676023e+09
1.753181223917341948e+09
1.753181223923802853e+09
1.753181223927550554e+09
1.753181223931869507e+09
1.753181223938237906e+09
1.753181223943543911e+09
1.753181223947357416e+09
1.753181223954344749e+09
1.753181223957625151e+09
1.753181223963703394e+09
1.753181223967489719e+09
1.753181223973711967e+09
1.753181223977612257e+09
1.753181223983878851e+09
1.753181223987517118e+09
1.753181223993474722e+09
1.753181223997264385e+09
1.753181224003967047e+09
1.753181224007621050e+09
1.753181224013944149e+09
1.753181224017287254e+09
1.753181224023823261e+09
1.753181224027749777e+09
1.753181224031872272e+09
1.753181224037396908e+09
1.753181224043755293e+09
1.753181224047573566e+09
1.753181224053782940e+09
1.753181224057307243e+09
1.753181224063749075e+09
1.753181224067986727e+09
1.753181224073857307e+09
1.753181224077581167e+09
1.753181224083674192e+09
1.753181224087477207e+09
1.753181224093752146e+09
1.753181224099769115e+09
1.753181224104249239e+09
1.753181224107574701e+09
1.753181224113489866e+09
1.753181224117262602e+09
1.753181224124042511e+09
1.753181224129054070e+09
1.753181224132157803e+09
1.753181224138538599e+09
1.753181224142597675e+09
1.753181224147630930e+09
1.753181224153607607e+09
1.753181224158433676e+09
1.753181224161867380e+09
1.753181224167545557e+09
1.753181224173657656e+09
1.753181224177353382e+09
1.753181224183731318e+09
1.753181224187363863e+09
1.753181224194019318e+09
1.753181224197484493e+09
1.753181224203719616e+09
1.753181224208210468e+09
1.753181224213849783e+09
1.753181224217286110e+09
1.753181224224016428e+09
1.753181224227600098e+09
1.753181224233590364e+09
1.753181224237603426e+09
1.753181224243711948e+09
1.753181224247385263e+09
1.753181224253910303e+09
1.753181224257582426e+09
1.753181224263910055e+09
1.753181224269140720e+09
1.753181224273418903e+09
1.753181224277331352e+09
1.753181224283785820e+09
1.753181224287558317e+09
1.753181224293733835e+09
1.753181224297272682e+09
1.753181224303807259e+09
1.753181224307700157e+09
1.753181224314187050e+09
1.753181224317412615e+09
1.753181224323599339e+09
1.753181224327518463e+09
1.753181224333695412e+09
1.753181224337529898e+09
1.753181224343720198e+09
1.753181224348154068e+09
1.753181224353526115e+09
1.753181224357329845e+09
1.753181224363955498e+09
1.753181224367611170e+09
1.753181224373916864e+09
1.753181224377438068e+09
1.753181224383651257e+09
1.753181224387307882e+09
1.753181224393650770e+09
1.753181224397436619e+09
1.753181224403663874e+09
1.753181224407764196e+09
1.753181224413460732e+09
1.753181224417346478e+09
1.753181224422085047e+09
1.753181224427698135e+09
1.753181224433688164e+09
1.753181224437448978e+09
1.753181224443705559e+09
1.753181224447468519e+09
1.753181224453737736e+09
1.753181224457439899e+09
1.753181224463707209e+09
1.753181224467515707e+09
1.753181224473739147e+09
1.753181224477471590e+09
1.753181224483749628e+09
1.753181224487417936e+09
1.753181224493935585e+09
1.753181224497497559e+09
1.753181224503802538e+09
1.753181224507444620e+09
1.753181224514090538e+09
1.753181224517614126e+09
1.753181224523675442e+09
1.753181224527659893e+09
1.753181224533905506e+09
1.753181224538645983e+09
1.753181224543900013e+09
1.753181224547542572e+09
1.753181224553596735e+09
1.753181224557456970e+09
1.753181224563724041e+09
1.753181224567540646e+09
1.753181224573860168e+09
1.753181224577419996e+09
1.753181224583703518e+09
1.753181224587456465e+09
1.753181224593680382e+09
1.753181224597388744e+09
1.753181224603661537e+09
1.753181224607413769e+09
1.753181224613643885e+09
1.753181224617635727e+09
1.753181224623779774e+09
1.753181224628658533e+09
1.753181224632271290e+09
1.753181224636974096e+09
1.753181224643477917e+09
1.753181224647577763e+09
1.753181224653669119e+09
1.753181224657280922e+09
1.753181224663489342e+09
1.753181224667565346e+09
1.753181224671839476e+09
1.753181224677620888e+09
1.753181224683681726e+09
1.753181224687505484e+09
1.753181224693408489e+09
1.753181224698433399e+09
1.753181224702480078e+09
1.753181224707702160e+09
1.753181224711976767e+09
1.753181224717354536e+09
1.753181224723674297e+09
1.753181224727772713e+09
1.753181224733464718e+09
1.753181224737500191e+09
1.753181224743705034e+09
1.753181224747534752e+09
1.753181224753780127e+09
1.753181224757289648e+09
1.753181224763483047e+09
1.753181224769389153e+09
1.753181224771914005e+09
1.753181224777283669e+09
1.753181224783402205e+09
1.753181224787409067e+09
1.753181224793426514e+09
1.753181224798709393e+09
1.753181224802058697e+09
1.753181224807469606e+09
1.753181224813488483e+09
1.753181224817449570e+09
1.753181224824239254e+09
1.753181224827751875e+09
1.753181224833651304e+09
1.753181224837298393e+09
1.753181224844036579e+09
1.753181224847653151e+09
1.753181224853667259e+09
1.753181224857759953e+09
1.753181224863683939e+09
1.753181224867460012e+09
1.753181224873887777e+09
1.753181224878437519e+09
1.753181224881794214e+09
1.753181224887806416e+09
1.753181224893635035e+09
1.753181224897368431e+09
1.753181224902342081e+09
1.753181224907802343e+09
1.753181224913530827e+09
1.753181224917679310e+09
1.753181224921828508e+09
1.753181224927704811e+09
1.753181224933596849e+09
1.753181224937422991e+09
1.753181224944061041e+09
1.753181224947891474e+09
1.753181224953812599e+09
1.753181224957298279e+09
1.753181224964082479e+09
1.753181224967769623e+09
1.753181224973744154e+09
1.753181224977665901e+09
1.753181224982789278e+09
1.753181224987518549e+09
1.753181224994001865e+09
1.753181224997570992e+09
1.753181225001935959e+09
1.753181225009755135e+09
