-2.840941224164163399e-03 1.313871982112563980e-02 -1.018247396327179831e-02 9.998578000487919892e-01
-2.840941224164163399e-03 1.313871982112563980e-02 -1.018247396327179831e-02 9.998578000487919892e-01
-2.840941224164163399e-03 1.313871982112563980e-02 -1.018247396327179831e-02 9.998578000487919892e-01
-2.803920189154817787e-03 1.315231093269409075e-02 -1.052024104441045237e-02 9.998542290139448285e-01
-2.803920189154817787e-03 1.315231093269409075e-02 -1.052024104441045237e-02 9.998542290139448285e-01
-2.803920189154817787e-03 1.315231093269409075e-02 -1.052024104441045237e-02 9.998542290139448285e-01
-2.490059366198082904e-03 1.351255424945864946e-02 -1.032247003358125262e-02 9.998523176421676428e-01
-2.625002365924659475e-03 1.353894322840050631e-02 -1.029978031493577334e-02 9.998518494778619869e-01
-2.163068043848621544e-03 1.369621353862928922e-02 -1.030826546393159848e-02 9.998507261258888779e-01
-2.163068043848621544e-03 1.369621353862928922e-02 -1.030826546393159848e-02 9.998507261258888779e-01
-2.163068043848621544e-03 1.369621353862928922e-02 -1.030826546393159848e-02 9.998507261258888779e-01
-2.163068043848621544e-03 1.369621353862928922e-02 -1.030826546393159848e-02 9.998507261258888779e-01
-2.163068043848621544e-03 1.369621353862928922e-02 -1.030826546393159848e-02 9.998507261258888779e-01
-2.310676464864921519e-03 1.366645504417167943e-02 -1.024195371669785019e-02 9.998514845540138474e-01
-2.581502898910759038e-03 1.389071173071074021e-02 -1.048411320017541594e-02 9.998452216922393276e-01
-2.581502898910759038e-03 1.389071173071074021e-02 -1.048411320017541594e-02 9.998452216922393276e-01
-2.810146433898519022e-03 1.380506768278079617e-02 -1.054313449063796863e-02 9.998451707631568208e-01
-2.853578557664259666e-03 1.398273001135234665e-02 -1.082527536356212190e-02 9.998395640122209604e-01
-3.428765515886181281e-03 1.389655105553136601e-02 -1.082355911899371588e-02 9.998389770377006380e-01
-3.694118533966479247e-03 1.372318798548032362e-02 -1.070071658635560544e-02 9.998417486104042018e-01
-3.694118533966479247e-03 1.372318798548032362e-02 -1.070071658635560544e-02 9.998417486104042018e-01
-3.754311570844809983e-03 1.366497421727762458e-02 -1.055323453509327686e-02 9.998438892472751860e-01
-4.276383778737070408e-03 1.359661083002546532e-02 -1.046422661335935124e-02 9.998436601174696126e-01
-4.276383778737070408e-03 1.359661083002546532e-02 -1.046422661335935124e-02 9.998436601174696126e-01
-4.496394212331699877e-03 1.372155109274176242e-02 -1.065467761409465142e-02 9.998389766955658731e-01
-4.496394212331699877e-03 1.372155109274176242e-02 -1.065467761409465142e-02 9.998389766955658731e-01
-4.205308121476533309e-03 1.385431763556618963e-02 -1.050435909914701309e-02 9.998400030536748195e-01
-3.036498205110121050e-03 1.429646294040406128e-02 -1.051197033982279386e-02 9.998379315197132300e-01
-3.407055547705272608e-03 1.439342075491516042e-02 -1.067787702404719534e-02 9.998335883304412253e-01
-3.407055547705272608e-03 1.439342075491516042e-02 -1.067787702404719534e-02 9.998335883304412253e-01
-3.407055547705272608e-03 1.439342075491516042e-02 -1.067787702404719534e-02 9.998335883304412253e-01
-3.407055547705272608e-03 1.439342075491516042e-02 -1.067787702404719534e-02 9.998335883304412253e-01
-3.692506342678623672e-03 1.431014992882929070e-02 -1.048998076992031792e-02 9.998357591671596101e-01
-2.600204914665107166e-03 1.491198435435587416e-02 -1.058037026925269172e-02 9.998294491671980699e-01
-3.411915912247933617e-03 1.477435757479268752e-02 -1.068124883036541614e-02 9.998279792601744154e-01
-3.156699697356480511e-03 1.480677231947925311e-02 -1.068210544086821423e-02 9.998283289464496848e-01
-3.156699697356480511e-03 1.480677231947925311e-02 -1.068210544086821423e-02 9.998283289464496848e-01
-3.159333934602899692e-03 1.492490377311028217e-02 -1.061106505917343290e-02 9.998273206683057079e-01
-3.347475695520949358e-03 1.496659584366775639e-02 -1.048707169215456168e-02 9.998273934748157510e-01
-3.347475695520949358e-03 1.496659584366775639e-02 -1.048707169215456168e-02 9.998273934748157510e-01
-3.074138779634513763e-03 1.517174688621236896e-02 -1.041846462608414167e-02 9.998258965249996466e-01
-3.074138779634513763e-03 1.517174688621236896e-02 -1.041846462608414167e-02 9.998258965249996466e-01
-3.318705175459187463e-03 1.529707355026562951e-02 -1.032302442151038918e-02 9.998241949980751775e-01
-2.880313143488061507e-03 1.555940948042960729e-02 -1.041327177892667835e-02 9.998205700742879287e-01
-3.485767077804517462e-03 1.546966225207307456e-02 -1.045549164061364972e-02 9.998195945630588000e-01
-3.485767077804517462e-03 1.546966225207307456e-02 -1.045549164061364972e-02 9.998195945630588000e-01
-3.086839301025604259e-03 1.563270085503662421e-02 -1.021510517149960134e-02 9.998208548102214266e-01
-3.426972908569558482e-03 1.558473254447804643e-02 -1.009627697878687051e-02 9.998217026847180389e-01
-3.619631001433315162e-03 1.581251454674380622e-02 -1.029870190965750769e-02 9.998153826552672596e-01
-3.619631001433315162e-03 1.581251454674380622e-02 -1.029870190965750769e-02 9.998153826552672596e-01
-3.044928432421468122e-03 1.579971872406707445e-02 -1.048513351837515768e-02 9.998155626285198938e-01
-3.044928432421468122e-03 1.579971872406707445e-02 -1.048513351837515768e-02 9.998155626285198938e-01
-2.585249312303960871e-03 1.621043649888188887e-02 -1.026067391228237258e-02 9.998126108453397887e-01
-2.585249312303960871e-03 1.621043649888188887e-02 -1.026067391228237258e-02 9.998126108453397887e-01
-2.941425234499938680e-03 1.612570766380020532e-02 -1.039405370687273601e-02 9.998116188650091329e-01
-2.098910091830647091e-03 1.660627088453541303e-02 -1.064149656217762245e-02 9.998032730965892290e-01
-2.098910091830647091e-03 1.660627088453541303e-02 -1.064149656217762245e-02 9.998032730965892290e-01
-1.913959042921318859e-03 1.689099638338691436e-02 -1.055222535439653136e-02 9.997998207351452837e-01
-1.913959042921318859e-03 1.689099638338691436e-02 -1.055222535439653136e-02 9.997998207351452837e-01
-2.951830696920787478e-03 1.632384028903665837e-02 -1.069119919527340354e-02 9.998052396309602408e-01
-2.734533240814016660e-03 1.657207388066936349e-02 -1.046495954077580545e-02 9.998041674833419989e-01
-2.845402000857134590e-03 1.653237123585693177e-02 -1.064634083141612932e-02 9.998026004245411658e-01
-2.698195710969176781e-03 1.667751173659306682e-02 -1.084684573945675530e-02 9.997984428271958768e-01
-2.691798332855204791e-03 1.661017556977013518e-02 -1.093251261571053477e-02 9.997986479572694707e-01
-2.691798332855204791e-03 1.661017556977013518e-02 -1.093251261571053477e-02 9.997986479572694707e-01
-2.691798332855204791e-03 1.661017556977013518e-02 -1.093251261571053477e-02 9.997986479572694707e-01
-3.483556493173937951e-03 1.648101878184853389e-02 -1.089742731977872726e-02 9.997987232097675925e-01
-3.037897379826654410e-03 1.670448320168523709e-02 -1.059885927323714859e-02 9.997996777367856858e-01
-3.037897379826654410e-03 1.670448320168523709e-02 -1.059885927323714859e-02 9.997996777367856858e-01
-3.491507267568397157e-03 1.666854956869580698e-02 -1.072446525044214345e-02 9.997974568268157558e-01
-3.491507267568397157e-03 1.666854956869580698e-02 -1.072446525044214345e-02 9.997974568268157558e-01
-2.619061355762273158e-03 1.706265692819288610e-02 -1.075615158241868818e-02 9.997931343329486964e-01
-3.072059536694391434e-03 1.699826357514343939e-02 -1.044396092317841432e-02 9.997962518262748510e-01
-3.072059536694391434e-03 1.699826357514343939e-02 -1.044396092317841432e-02 9.997962518262748510e-01
-2.921904146721554518e-03 1.700119356700901391e-02 -1.033012136372213514e-02 9.997978348076501653e-01
-2.865287640500850056e-03 1.686284212834511867e-02 -1.028545606065493258e-02 9.998008021979758464e-01
-2.865287640500850056e-03 1.686284212834511867e-02 -1.028545606065493258e-02 9.998008021979758464e-01
-2.865287640500850056e-03 1.686284212834511867e-02 -1.028545606065493258e-02 9.998008021979758464e-01
-2.865287640500850056e-03 1.686284212834511867e-02 -1.028545606065493258e-02 9.998008021979758464e-01
-4.067593143689497356e-03 1.650521414431855433e-02 -1.029769731971588720e-02 9.998024755030261446e-01
-4.067593143689497356e-03 1.650521414431855433e-02 -1.029769731971588720e-02 9.998024755030261446e-01
-3.448696461701540941e-03 1.724906751249949757e-02 -1.034119649101612748e-02 9.997917962344953224e-01
-3.756436159953688032e-03 1.695544626029310206e-02 -1.129900457719138288e-02 9.997853442239764687e-01
-3.698833719859335230e-03 1.694567976081633870e-02 -1.126497239750547455e-02 9.997861086069560477e-01
-3.445251307705186287e-03 1.715932004531209656e-02 -1.108180261230964914e-02 9.997854177921735586e-01
-3.445251307705186287e-03 1.715932004531209656e-02 -1.108180261230964914e-02 9.997854177921735586e-01
-4.511710099765089792e-03 1.700726503928212674e-02 -1.124828258208921891e-02 9.997819129924350179e-01
-4.266395111635640051e-03 1.747738330208824936e-02 -1.028456488331564410e-02 9.997852602788381837e-01
-4.266395111635640051e-03 1.747738330208824936e-02 -1.028456488331564410e-02 9.997852602788381837e-01
-4.374109128826951000e-03 1.750559544999115077e-02 -1.027649132604228910e-02 9.997843842665758984e-01
-4.374109128826951000e-03 1.750559544999115077e-02 -1.027649132604228910e-02 9.997843842665758984e-01
-4.165536011538923528e-03 1.768500217963489204e-02 -1.014497817086239782e-02 9.997834607681583829e-01
-4.111162643051930084e-03 1.772610822153179375e-02 -1.006869418505062716e-02 9.997837290266574639e-01
-4.111162643051930084e-03 1.772610822153179375e-02 -1.006869418505062716e-02 9.997837290266574639e-01
-4.027032872618237919e-03 1.773116863669749535e-02 -1.013971612037131362e-02 9.997832639237457242e-01
-4.027032872618237919e-03 1.773116863669749535e-02 -1.013971612037131362e-02 9.997832639237457242e-01
-3.835393058179144971e-03 1.773267128993517502e-02 -1.025162694286206599e-02 9.997828495598616305e-01
-4.244970287272777434e-03 1.764369725002605180e-02 -9.941132824736525694e-03 9.997859041078597242e-01
-4.070643340095971875e-03 1.767615065722587600e-02 -1.025434665946868724e-02 9.997828923998091089e-01
