-2.905972041045152676e-04 2.453546540591830874e-02 -5.365028873319276081e-02 9.982582696924804377e-01
1.701905214944788398e-03 2.346533143017244180e-02 -5.285338631365981560e-02 9.983250979989888307e-01
1.701905214944788398e-03 2.346533143017244180e-02 -5.285338631365981560e-02 9.983250979989888307e-01
1.616597656069038071e-03 2.341330774863892294e-02 -5.275033754072050440e-02 9.983319115011931588e-01
1.602740714433361713e-03 2.347744326906036141e-02 -5.265072410645646461e-02 9.983356860950209910e-01
1.602740714433361713e-03 2.347744326906036141e-02 -5.265072410645646461e-02 9.983356860950209910e-01
1.847812186095696904e-03 2.366131888805639988e-02 -5.270928183353269098e-02 9.983278315198850228e-01
1.847812186095696904e-03 2.366131888805639988e-02 -5.270928183353269098e-02 9.983278315198850228e-01
2.242630756226106272e-03 2.376386993072628073e-02 -5.261899526131544325e-02 9.983293496792010613e-01
2.452321603901710684e-03 2.353819666209547648e-02 -5.258857662480098671e-02 9.983358057413472819e-01
2.452321603901710684e-03 2.353819666209547648e-02 -5.258857662480098671e-02 9.983358057413472819e-01
2.452321603901710684e-03 2.353819666209547648e-02 -5.258857662480098671e-02 9.983358057413472819e-01
2.452321603901710684e-03 2.353819666209547648e-02 -5.258857662480098671e-02 9.983358057413472819e-01
3.021800800452504460e-03 2.355964278345637833e-02 -5.267451782450671000e-02 9.983292077885901339e-01
2.436399031353357527e-03 2.383562455476881392e-02 -5.257858502265172485e-02 9.983293140837145030e-01
2.436399031353357527e-03 2.383562455476881392e-02 -5.257858502265172485e-02 9.983293140837145030e-01
2.336343302836775028e-03 2.402437330237947033e-02 -5.267510365144702916e-02 9.983199409221016341e-01
-2.229509051515071900e-03 2.657354930967698037e-02 -5.455273309459420655e-02 9.981547350378023875e-01
-2.100352064211826819e-04 2.535869590582210190e-02 -5.343502502877495869e-02 9.982492627231649429e-01
-2.100352064211826819e-04 2.535869590582210190e-02 -5.343502502877495869e-02 9.982492627231649429e-01
-6.665916235759311408e-04 2.539625654881937089e-02 -5.343724104581919904e-02 9.982479887674831076e-01
-6.665916235759311408e-04 2.539625654881937089e-02 -5.343724104581919904e-02 9.982479887674831076e-01
-6.665916235759311408e-04 2.539625654881937089e-02 -5.343724104581919904e-02 9.982479887674831076e-01
-8.882724260366866784e-04 2.521141768768535643e-02 -5.334100667467203682e-02 9.982576483038869686e-01
-8.882724260366866784e-04 2.521141768768535643e-02 -5.334100667467203682e-02 9.982576483038869686e-01
-1.014250775742126095e-03 2.547308777483434095e-02 -5.340989717863928871e-02 9.982472018382755330e-01
-5.881967617124692809e-04 2.534233338216064155e-02 -5.314829866645463807e-02 9.982648338553143930e-01
-5.881967617124692809e-04 2.534233338216064155e-02 -5.314829866645463807e-02 9.982648338553143930e-01
-9.297564161212576840e-04 2.538666089199350870e-02 -5.331458727955319665e-02 9.982545806481293305e-01
-1.041757455524470284e-03 2.542384884018024371e-02 -5.315353059139394515e-02 9.982621122917695322e-01
-1.041757455524470284e-03 2.542384884018024371e-02 -5.315353059139394515e-02 9.982621122917695322e-01
-9.399149900869624213e-04 2.537540427960560327e-02 -5.361087165149276690e-02 9.982389893498576638e-01
-9.399149900869624213e-04 2.537540427960560327e-02 -5.361087165149276690e-02 9.982389893498576638e-01
-7.355238162066683044e-04 2.547696120731074085e-02 -5.311524085660646044e-02 9.982630688556507481e-01
-6.214846085607382076e-04 2.563444544745052331e-02 -5.318252505803217761e-02 9.982555324123852936e-01
-6.214846085607382076e-04 2.563444544745052331e-02 -5.318252505803217761e-02 9.982555324123852936e-01
-5.657304273770488636e-04 2.572656114807351027e-02 -5.329170100380507813e-02 9.982473734524419662e-01
-1.649567710820259048e-04 2.571515397829936614e-02 -5.339126774763417599e-02 9.982424936724726416e-01
-1.649567710820259048e-04 2.571515397829936614e-02 -5.339126774763417599e-02 9.982424936724726416e-01
2.193755046792731939e-03 2.552219056461918142e-02 -5.359481913604938197e-02 9.982341411659652053e-01
9.497601529734547724e-04 2.670914841271967641e-02 -5.460599940846749129e-02 9.981502412840070892e-01
9.497601529734547724e-04 2.670914841271967641e-02 -5.460599940846749129e-02 9.981502412840070892e-01
9.312093074764891563e-04 2.678453566693001289e-02 -5.449081098949048324e-02 9.981545336349678665e-01
9.312093074764891563e-04 2.678453566693001289e-02 -5.449081098949048324e-02 9.981545336349678665e-01
9.312093074764891563e-04 2.678453566693001289e-02 -5.449081098949048324e-02 9.981545336349678665e-01
-3.117374173042285375e-03 3.052127307136959233e-02 -5.945480860361382347e-02 9.977594197010999366e-01
-3.117374173042285375e-03 3.052127307136959233e-02 -5.945480860361382347e-02 9.977594197010999366e-01
-6.696412132332634111e-03 3.100788618317325968e-02 -5.896710001380118388e-02 9.977557567736543565e-01
-5.972387060601218496e-03 3.110484426380038386e-02 -5.906901782559315778e-02 9.977513068842570609e-01
-5.972387060601218496e-03 3.110484426380038386e-02 -5.906901782559315778e-02 9.977513068842570609e-01
-6.188251588728743355e-03 3.113381255437852949e-02 -5.911068563954147842e-02 9.977466201903801846e-01
-6.491176478398353461e-03 3.114406468075658560e-02 -5.889884993029172872e-02 9.977569029277503221e-01
-6.491176478398353461e-03 3.114406468075658560e-02 -5.889884993029172872e-02 9.977569029277503221e-01
-6.686154107089590376e-03 3.147396634353258338e-02 -5.921933726709394108e-02 9.977262925670089544e-01
-6.686154107089590376e-03 3.147396634353258338e-02 -5.921933726709394108e-02 9.977262925670089544e-01
-6.190467561742230701e-03 3.158284664178248602e-02 -5.930676186092583013e-02 9.977208577086780217e-01
-5.773509124940280797e-03 3.164564978358557629e-02 -5.941444622733658282e-02 9.977149608087761967e-01
2.386194475176576374e-03 2.593831715834768459e-02 -5.294163806748909684e-02 9.982578287885602863e-01
2.386194475176576374e-03 2.593831715834768459e-02 -5.294163806748909684e-02 9.982578287885602863e-01
2.386194475176576374e-03 2.593831715834768459e-02 -5.294163806748909684e-02 9.982578287885602863e-01
2.386194475176576374e-03 2.593831715834768459e-02 -5.294163806748909684e-02 9.982578287885602863e-01
2.109146619632523787e-03 2.611678823661123944e-02 -5.297765861252227981e-02 9.982518883331380488e-01
2.270321388871347074e-03 2.638730962709192121e-02 -5.311647197552585298e-02 9.982370439611567559e-01
2.270321388871347074e-03 2.638730962709192121e-02 -5.311647197552585298e-02 9.982370439611567559e-01
1.305633038493089575e-04 2.754937813556493711e-02 -5.372846717347633944e-02 9.981754688093452677e-01
-3.768725906783003724e-04 2.770278014058644850e-02 -5.388785290759073171e-02 9.981625685470992826e-01
-3.768725906783003724e-04 2.770278014058644850e-02 -5.388785290759073171e-02 9.981625685470992826e-01
-2.063526520278768461e-04 2.789029135526760808e-02 -5.398688324471875161e-02 9.981520452837946422e-01
-3.369247820448274442e-04 2.781168109916718617e-02 -5.402283511555410617e-02 9.981522580058651561e-01
-3.369247820448274442e-04 2.781168109916718617e-02 -5.402283511555410617e-02 9.981522580058651561e-01
2.098572161431610204e-03 2.657317842003095731e-02 -5.303941914430151255e-02 9.982365862862248029e-01
2.098572161431610204e-03 2.657317842003095731e-02 -5.303941914430151255e-02 9.982365862862248029e-01
2.098572161431610204e-03 2.657317842003095731e-02 -5.303941914430151255e-02 9.982365862862248029e-01
2.220459121303933192e-03 2.674813135117768553e-02 -5.329721311499689695e-02 9.982179191462581258e-01
2.362483526354778197e-03 2.683480490100745644e-02 -5.327744641152737382e-02 9.982163220571879103e-01
2.362483526354778197e-03 2.683480490100745644e-02 -5.327744641152737382e-02 9.982163220571879103e-01
2.467540323057241386e-03 2.669695023100070869e-02 -5.332817044060372824e-02 9.982170557201351935e-01
2.467540323057241386e-03 2.669695023100070869e-02 -5.332817044060372824e-02 9.982170557201351935e-01
2.452071943584097254e-03 2.679544922665702544e-02 -5.333091442245532082e-02 9.982143080575383021e-01
2.452071943584097254e-03 2.679544922665702544e-02 -5.333091442245532082e-02 9.982143080575383021e-01
2.437931378188436683e-03 2.700277119337087667e-02 -5.344901824444231453e-02 9.982024390308706918e-01
2.502482160497257295e-03 2.681537711970838345e-02 -5.334819479167864087e-02 9.982127244457633664e-01
2.502482160497257295e-03 2.681537711970838345e-02 -5.334819479167864087e-02 9.982127244457633664e-01
2.848543583154563956e-03 2.715413540659554481e-02 -5.358445172861584643e-02 9.981899845534010218e-01
2.759208222978707954e-03 2.721162274872186010e-02 -5.344826157215009504e-02 9.981959715868815586e-01
2.759208222978707954e-03 2.721162274872186010e-02 -5.344826157215009504e-02 9.981959715868815586e-01
2.511270344172475584e-03 2.737338278712013115e-02 -5.346160447877149058e-02 9.981914887848942763e-01
2.240874880468733850e-03 2.738067089240297028e-02 -5.354799579020121797e-02 9.981873018066822478e-01
2.240874880468733850e-03 2.738067089240297028e-02 -5.354799579020121797e-02 9.981873018066822478e-01
2.381788173495398737e-03 2.728401372950951809e-02 -5.368588749463348853e-02 9.981822154115039814e-01
2.491955887348349871e-03 2.751164372692404061e-02 -5.374571789592296617e-02 9.981724787946972821e-01
2.491955887348349871e-03 2.751164372692404061e-02 -5.374571789592296617e-02 9.981724787946972821e-01
2.255322400366231630e-03 2.733154662588201805e-02 -5.366409535113663559e-02 9.981823806048931713e-01
2.651441049213717777e-03 2.771106781786689816e-02 -5.382121342331327302e-02 9.981624835498469350e-01
2.651441049213717777e-03 2.771106781786689816e-02 -5.382121342331327302e-02 9.981624835498469350e-01
2.844011445165189021e-03 2.744619150862195878e-02 -5.370661459090342316e-02 9.981754443582330216e-01
2.844011445165189021e-03 2.744619150862195878e-02 -5.370661459090342316e-02 9.981754443582330216e-01
2.401310535561630884e-03 2.746004362961529388e-02 -5.363823335906266893e-02 9.981799034411033000e-01
