1.752665865849976063e+09
1.752665865854605675e+09
1.752665865858982801e+09
1.752665865864985228e+09
1.752665865869036198e+09
1.752665865873627186e+09
1.752665865878911257e+09
1.752665865883363724e+09
1.752665865892527342e+09
1.752665865897205591e+09
1.752665865899775743e+09
1.752665865905077696e+09
1.752665865908934832e+09
1.752665865913303614e+09
1.752665865919029951e+09
1.752665865923500061e+09
1.752665865929569960e+09
1.752665865933393240e+09
1.752665865939673185e+09
1.752665865945034981e+09
1.752665865949290514e+09
1.752665865953257799e+09
1.752665865958918571e+09
1.752665865965091944e+09
1.752665865969014883e+09
1.752665865975088835e+09
1.752665865979830027e+09
1.752665865983546257e+09
1.752665865989009380e+09
1.752665865994376183e+09
1.752665865999782801e+09
1.752665866004979134e+09
1.752665866008855820e+09
1.752665866015217304e+09
1.752665866019857645e+09
1.752665866023569345e+09
1.752665866029136896e+09
1.752665866033245802e+09
1.752665866038999796e+09
1.752665866043336391e+09
1.752665866048915625e+09
1.752665866054836512e+09
1.752665866060148478e+09
1.752665866067987680e+09
1.752665866070166826e+09
1.752665866073734045e+09
1.752665866078947544e+09
1.752665866085005760e+09
1.752665866089092255e+09
1.752665866095381737e+09
1.752665866100223064e+09
1.752665866105461836e+09
1.752665866108990908e+09
1.752665866113207579e+09
1.752665866119561911e+09
1.752665866124875546e+09
1.752665866129119158e+09
1.752665866133892298e+09
1.752665866139767408e+09
1.752665866144857883e+09
1.752665866148806810e+09
1.752665866155776024e+09
1.752665866159754992e+09
1.752665866164900064e+09
1.752665866168879509e+09
1.752665866173187733e+09
1.752665866179830551e+09
1.752665866185063601e+09
1.752665866189159870e+09
1.752665866195244074e+09
1.752665866198911905e+09
1.752665866205839157e+09
1.752665866210072517e+09
1.752665866215496778e+09
1.752665866219000101e+09
1.752665866223504066e+09
1.752665866228886604e+09
1.752665866234835863e+09
1.752665866238737106e+09
1.752665866245558739e+09
1.752665866250077724e+09
1.752665866255847931e+09
1.752665866259981394e+09
1.752665866265077829e+09
1.752665866268981457e+09
1.752665866276298285e+09
1.752665866279757738e+09
1.752665866285325050e+09
1.752665866288969994e+09
1.752665866295220852e+09
1.752665866299634933e+09
1.752665866304817677e+09
1.752665866308846951e+09
1.752665866313461304e+09
1.752665866320147991e+09
1.752665866325090885e+09
1.752665866329035044e+09
1.752665866334824085e+09
1.752665866338753462e+09
1.752665866344477415e+09
1.752665866348664999e+09
1.752665866354888678e+09
1.752665866358886242e+09
1.752665866363437891e+09
1.752665866369834423e+09
1.752665866375483751e+09
1.752665866379668474e+09
1.752665866385093451e+09
1.752665866389166594e+09
1.752665866395575762e+09
1.752665866400074005e+09
1.752665866405220509e+09
1.752665866408974171e+09
1.752665866413944721e+09
1.752665866419815779e+09
1.752665866425766945e+09
1.752665866429134607e+09
1.752665866435052395e+09
1.752665866438906193e+09
1.752665866445021152e+09
1.752665866449065924e+09
1.752665866455229282e+09
1.752665866458986759e+09
1.752665866463216305e+09
1.752665866469113111e+09
1.752665866475234270e+09
1.752665866478873491e+09
1.752665866486203194e+09
1.752665866490886211e+09
1.752665866494995594e+09
1.752665866500290632e+09
1.752665866505684376e+09
1.752665866508843422e+09
1.752665866515012980e+09
1.752665866520008802e+09
1.752665866523198605e+09
1.752665866529083729e+09
1.752665866535196066e+09
1.752665866538954496e+09
1.752665866543221951e+09
1.752665866549266100e+09
1.752665866554114103e+09
1.752665866559617519e+09
1.752665866565109491e+09
1.752665866568976641e+09
1.752665866576149940e+09
1.752665866578740120e+09
1.752665866585157394e+09
1.752665866588996887e+09
1.752665866595144033e+09
1.752665866599877834e+09
1.752665866605054617e+09
1.752665866609277964e+09
1.752665866615097761e+09
1.752665866618907213e+09
1.752665866625681162e+09
1.752665866628921032e+09
1.752665866635012388e+09
1.752665866639276266e+09
1.752665866645492792e+09
1.752665866650244236e+09
1.752665866654862165e+09
1.752665866658799171e+09
1.752665866665242195e+09
1.752665866669272900e+09
1.752665866675061941e+09
1.752665866678962231e+09
1.752665866684859991e+09
1.752665866688925266e+09
1.752665866693944931e+09
1.752665866700325727e+09
1.752665866704908848e+09
1.752665866708918095e+09
1.752665866715627432e+09
1.752665866718954086e+09
1.752665866723415375e+09
1.752665866731302977e+09
1.752665866733753443e+09
1.752665866738924265e+09
1.752665866744892359e+09
1.752665866750328302e+09
1.752665866754934549e+09
1.752665866759079456e+09
1.752665866763951063e+09
1.752665866769140959e+09
1.752665866775111675e+09
1.752665866778894663e+09
1.752665866785077095e+09
1.752665866789094687e+09
1.752665866795190811e+09
1.752665866799915791e+09
1.752665866805049658e+09
1.752665866808899403e+09
1.752665866815074205e+09
1.752665866818914890e+09
1.752665866825081110e+09
1.752665866830580950e+09
1.752665866834820032e+09
1.752665866838903189e+09
1.752665866845206738e+09
1.752665866849172592e+09
1.752665866855457067e+09
1.752665866860270023e+09
1.752665866863641262e+09
1.752665866868795395e+09
1.752665866875578642e+09
1.752665866880103827e+09
1.752665866885032654e+09
1.752665866888916254e+09
1.752665866895097256e+09
1.752665866899895668e+09
1.752665866905591726e+09
1.752665866908952475e+09
1.752665866914941788e+09
1.752665866918915272e+09
1.752665866925618410e+09
1.752665866930233240e+09
1.752665866934854507e+09
1.752665866938828945e+09
1.752665866945860863e+09
1.752665866950315475e+09
1.752665866954868317e+09
1.752665866958919525e+09
1.752665866963200092e+09
1.752665866972410917e+09
1.752665866973464489e+09
1.752665866978973627e+09
1.752665866985212564e+09
1.752665866989104033e+09
1.752665866995035648e+09
1.752665866999648809e+09
1.752665867005034208e+09
1.752665867009005070e+09
1.752665867013196945e+09
1.752665867019753456e+09
1.752665867023231983e+09
1.752665867029031515e+09
1.752665867035122871e+09
1.752665867039823294e+09
1.752665867045786381e+09
1.752665867049067974e+09
1.752665867055498123e+09
1.752665867059130430e+09
1.752665867065405607e+09
1.752665867069010496e+09
1.752665867074914217e+09
1.752665867079360962e+09
1.752665867085522890e+09
1.752665867090701342e+09
1.752665867093670607e+09
1.752665867099845648e+09
1.752665867103356600e+09
1.752665867110761166e+09
1.752665867113610983e+09
1.752665867118939638e+09
1.752665867125064611e+09
1.752665867129018068e+09
1.752665867135076284e+09
1.752665867138792276e+09
1.752665867144883156e+09
1.752665867149185419e+09
1.752665867155141115e+09
1.752665867158997536e+09
1.752665867165497303e+09
1.752665867170748472e+09
1.752665867173720598e+09
1.752665867178784370e+09
1.752665867186765671e+09
1.752665867190200329e+09
1.752665867193450689e+09
1.752665867198904991e+09
1.752665867205014944e+09
1.752665867208987474e+09
1.752665867213635921e+09
1.752665867218744755e+09
1.752665867224870920e+09
1.752665867230334282e+09
1.752665867233538151e+09
1.752665867239887714e+09
1.752665867245279074e+09
1.752665867249097586e+09
1.752665867253693342e+09
1.752665867258928299e+09
1.752665867265109539e+09
1.752665867269148111e+09
1.752665867275379658e+09
1.752665867279495239e+09
1.752665867284966230e+09
1.752665867289145708e+09
1.752665867295097351e+09
1.752665867298943520e+09
1.752665867305057287e+09
1.752665867308952808e+09
1.752665867315061569e+09
1.752665867318965435e+09
1.752665867324000359e+09
1.752665867329056025e+09
1.752665867335014820e+09
1.752665867339655638e+09
1.752665867343265533e+09
1.752665867349248409e+09
1.752665867355005264e+09
1.752665867358875275e+09
1.752665867363682032e+09
1.752665867369114876e+09
1.752665867375265837e+09
1.752665867379706383e+09
1.752665867383760214e+09
1.752665867388881922e+09
1.752665867393746138e+09
1.752665867398890495e+09
1.752665867405474186e+09
1.752665867409216404e+09
1.752665867415314436e+09
1.752665867418939352e+09
1.752665867425029039e+09
1.752665867428913355e+09
1.752665867435460567e+09
1.752665867439904213e+09
1.752665867445326328e+09
1.752665867449244499e+09
1.752665867454922199e+09
1.752665867458812952e+09
1.752665867464421749e+09
1.752665867469253302e+09
1.752665867473706245e+09
1.752665867480328798e+09
1.752665867484927177e+09
1.752665867488908291e+09
1.752665867493465662e+09
1.752665867500359535e+09
1.752665867505318165e+09
1.752665867508886576e+09
1.752665867514948368e+09
1.752665867519894361e+09
1.752665867527237415e+09
1.752665867529277086e+09
1.752665867534760952e+09
1.752665867538796425e+09
1.752665867543602943e+09
1.752665867550017834e+09
1.752665867555004597e+09
1.752665867559018612e+09
1.752665867565582752e+09
1.752665867569139242e+09
1.752665867574851751e+09
1.752665867578819275e+09
1.752665867585741282e+09
1.752665867590464830e+09
1.752665867593387127e+09
1.752665867598972082e+09
1.752665867605183840e+09
1.752665867609019041e+09
1.752665867615102053e+09
1.752665867619053602e+09
1.752665867623388767e+09
1.752665867629347324e+09
1.752665867635427237e+09
1.752665867639740229e+09
1.752665867645334482e+09
1.752665867650013208e+09
1.752665867655389071e+09
1.752665867659792423e+09
1.752665867663655996e+09
1.752665867671155930e+09
1.752665867675009251e+09
1.752665867679987192e+09
1.752665867685414076e+09
1.752665867689001560e+09
1.752665867695421696e+09
1.752665867699771643e+09
1.752665867705548525e+09
1.752665867709180593e+09
1.752665867715353012e+09
1.752665867718924284e+09
1.752665867725208044e+09
1.752665867729097366e+09
1.752665867734929323e+09
1.752665867738918543e+09
1.752665867744511127e+09
1.752665867749208927e+09
1.752665867754918814e+09
1.752665867758800030e+09
1.752665867763731241e+09
1.752665867770472288e+09
1.752665867775104523e+09
1.752665867778951406e+09
1.752665867783707619e+09
1.752665867789163351e+09
1.752665867795017958e+09
1.752665867799949646e+09
1.752665867805431366e+09
1.752665867808912039e+09
1.752665867813714027e+09
1.752665867820011854e+09
1.752665867824963808e+09
1.752665867828981876e+09
1.752665867833269835e+09
1.752665867840142965e+09
1.752665867844910860e+09
1.752665867848947287e+09
1.752665867855488300e+09
1.752665867859967232e+09
1.752665867863407850e+09
1.752665867869001150e+09
1.752665867875090837e+09
1.752665867879791498e+09
1.752665867883995295e+09
1.752665867889200926e+09
1.752665867893492937e+09
1.752665867899834156e+09
1.752665867905023575e+09
1.752665867908924818e+09
1.752665867915217638e+09
1.752665867919105768e+09
1.752665867923350573e+09
1.752665867929162502e+09
1.752665867935301542e+09
1.752665867938895941e+09
1.752665867945135593e+09
1.752665867950288057e+09
1.752665867953935862e+09
1.752665867959088087e+09
1.752665867965153694e+09
1.752665867968966961e+09
1.752665867973397255e+09
1.752665867979695082e+09
1.752665867983271360e+09
1.752665867989006758e+09
1.752665867995067120e+09
1.752665867999728680e+09
1.752665868003486156e+09
1.752665868009060621e+09
1.752665868015526772e+09
1.752665868019834280e+09
1.752665868024116278e+09
1.752665868029081345e+09
1.752665868035149574e+09
1.752665868038847685e+09
1.752665868047403336e+09
1.752665868053641319e+09
1.752665868058897972e+09
1.752665868064939499e+09
1.752665868069205284e+09
1.752665868073343277e+09
1.752665868079509020e+09
1.752665868083202362e+09
1.752665868088952780e+09
1.752665868094025612e+09
1.752665868098925591e+09
1.752665868105105877e+09
1.752665868110260963e+09
1.752665868113623142e+09
1.752665868118854046e+09
1.752665868124998331e+09
1.752665868130343914e+09
1.752665868134884357e+09
1.752665868138897181e+09
1.752665868145140648e+09
1.752665868150299788e+09
1.752665868153667927e+09
1.752665868159187794e+09
1.752665868164744854e+09
1.752665868168902159e+09
1.752665868174937248e+09
1.752665868179931402e+09
1.752665868183737993e+09
1.752665868189296722e+09
1.752665868195525169e+09
1.752665868199701309e+09
1.752665868205186605e+09
1.752665868208991766e+09
1.752665868215284109e+09
1.752665868219896793e+09
1.752665868223382235e+09
1.752665868229471445e+09
1.752665868233895540e+09
1.752665868240257025e+09
1.752665868245097876e+09
1.752665868249076843e+09
1.752665868255076170e+09
1.752665868259056807e+09
1.752665868263235092e+09
1.752665868268955708e+09
1.752665868275276661e+09
1.752665868280039072e+09
1.752665868283842802e+09
1.752665868289222240e+09
1.752665868294973612e+09
1.752665868299620152e+09
1.752665868303647041e+09
1.752665868309774160e+09
1.752665868315296412e+09
1.752665868318902016e+09
1.752665868325083733e+09
1.752665868329171896e+09
1.752665868333194971e+09
1.752665868339788914e+09
1.752665868345133305e+09
1.752665868349203110e+09
1.752665868355149746e+09
1.752665868359711170e+09
1.752665868365152836e+09
1.752665868369130850e+09
1.752665868373877764e+09
1.752665868379948378e+09
1.752665868383342028e+09
1.752665868389132261e+09
1.752665868395342827e+09
1.752665868399845362e+09
1.752665868403758049e+09
1.752665868409176826e+09
1.752665868415076017e+09
1.752665868418965101e+09
1.752665868423187733e+09
1.752665868429136038e+09
1.752665868435472727e+09
1.752665868439806461e+09
1.752665868444771290e+09
1.752665868449084759e+09
1.752665868455374479e+09
1.752665868459753036e+09
1.752665868465302229e+09
1.752665868469023705e+09
1.752665868475104094e+09
1.752665868479709625e+09
1.752665868484873533e+09
1.752665868488886595e+09
1.752665868495434046e+09
1.752665868500396967e+09
1.752665868503645420e+09
1.752665868508821249e+09
1.752665868514848709e+09
1.752665868519905806e+09
1.752665868523467302e+09
1.752665868529052496e+09
1.752665868535549164e+09
1.752665868539948463e+09
1.752665868543199062e+09
1.752665868548962831e+09
1.752665868553254843e+09
1.752665868559352160e+09
1.752665868563446760e+09
1.752665868568947554e+09
1.752665868575635672e+09
1.752665868579843760e+09
1.752665868585270882e+09
1.752665868589011669e+09
1.752665868595096588e+09
1.752665868598892689e+09
1.752665868604948759e+09
1.752665868610337734e+09
1.752665868615536928e+09
1.752665868618931532e+09
1.752665868624917269e+09
1.752665868629944324e+09
1.752665868633620977e+09
1.752665868639774561e+09
1.752665868643575668e+09
1.752665868649304867e+09
1.752665868653202057e+09
1.752665868660213470e+09
1.752665868665103436e+09
1.752665868668853998e+09
1.752665868674918890e+09
1.752665868680363178e+09
1.752665868683390379e+09
1.752665868688872099e+09
1.752665868694956064e+09
1.752665868700314522e+09
1.752665868703463793e+09
1.752665868709122419e+09
1.752665868714950800e+09
1.752665868720191956e+09
1.752665868725147247e+09
1.752665868728886843e+09
1.752665868734851360e+09
1.752665868739802122e+09
1.752665868743426561e+09
1.752665868748832941e+09
1.752665868754828691e+09
1.752665868759776354e+09
1.752665868763413429e+09
1.752665868769304037e+09
1.752665868775043011e+09
1.752665868780065060e+09
1.752665868785537958e+09
1.752665868788899899e+09
1.752665868793240786e+09
1.752665868799058199e+09
1.752665868804918051e+09
1.752665868808813810e+09
1.752665868814847708e+09
1.752665868818943739e+09
1.752665868823323250e+09
1.752665868829028368e+09
1.752665868835001230e+09
1.752665868838895082e+09
1.752665868843451023e+09
1.752665868850251675e+09
1.752665868854987383e+09
1.752665868859041214e+09
1.752665868863838673e+09
1.752665868869002342e+09
1.752665868873683929e+09
1.752665868880354643e+09
1.752665868883233786e+09
1.752665868889286041e+09
1.752665868895426512e+09
1.752665868899670839e+09
1.752665868903469801e+09
1.752665868909083605e+09
1.752665868915531635e+09
1.752665868919128895e+09
1.752665868923337698e+09
1.752665868929185390e+09
1.752665868936208487e+09
1.752665868938975811e+09
1.752665868943578959e+09
1.752665868950102806e+09
1.752665868954890013e+09
1.752665868958851337e+09
1.752665868965585232e+09
1.752665868969101429e+09
1.752665868973616362e+09
1.752665868979113102e+09
1.752665868985372066e+09
1.752665868989112616e+09
1.752665868995095730e+09
1.752665868999727249e+09
1.752665869005690336e+09
1.752665869009242296e+09
1.752665869015704393e+09
1.752665869019931316e+09
1.752665869023650408e+09
1.752665869028954029e+09
1.752665869035301208e+09
1.752665869040454149e+09
1.752665869043685913e+09
1.752665869049014568e+09
1.752665869055113554e+09
1.752665869059705496e+09
1.752665869063431740e+09
1.752665869069243193e+09
1.752665869077902317e+09
1.752665869079602003e+09
1.752665869085515261e+09
1.752665869090284109e+09
1.752665869093408108e+09
1.752665869099012375e+09
1.752665869105020523e+09
1.752665869109113932e+09
1.752665869115015268e+09
1.752665869118936777e+09
1.752665869123413801e+09
1.752665869129012108e+09
1.752665869134925842e+09
1.752665869140082836e+09
1.752665869145059586e+09
1.752665869149148464e+09
1.752665869154992342e+09
1.752665869158936262e+09
1.752665869163269997e+09
1.752665869169060469e+09
1.752665869175047874e+09
1.752665869179886818e+09
1.752665869185167313e+09
1.752665869188974857e+09
1.752665869196091175e+09
1.752665869201414108e+09
1.752665869205171108e+09
1.752665869208815813e+09
1.752665869216542959e+09
1.752665869218491316e+09
1.752665869223618507e+09
1.752665869229081631e+09
1.752665869234936237e+09
1.752665869238737106e+09
1.752665869245123386e+09
1.752665869250044823e+09
1.752665869253619194e+09
1.752665869258857250e+09
1.752665869264861345e+09
1.752665869269371510e+09
1.752665869275408983e+09
1.752665869278737068e+09
1.752665869284457922e+09
1.752665869289001942e+09
1.752665869293789625e+09
1.752665869299910545e+09
1.752665869303196430e+09
1.752665869309137106e+09
1.752665869315243721e+09
1.752665869319744587e+09
1.752665869325044394e+09
1.752665869329173803e+09
1.752665869335318565e+09
1.752665869340106726e+09
1.752665869343735695e+09
1.752665869348883390e+09
1.752665869357319593e+09
1.752665869359984398e+09
1.752665869363629580e+09
1.752665869369123936e+09
1.752665869374957800e+09
1.752665869378887415e+09
1.752665869383450985e+09
1.752665869389779806e+09
1.752665869393493652e+09
1.752665869399850130e+09
1.752665869403190613e+09
1.752665869409003973e+09
1.752665869415101528e+09
1.752665869419066429e+09
1.752665869423692465e+09
1.752665869429249287e+09
1.752665869433194160e+09
1.752665869439771175e+09
1.752665869443286180e+09
1.752665869450091600e+09
1.752665869454010010e+09
1.752665869458782434e+09
1.752665869464899540e+09
1.752665869470129490e+09
1.752665869473192215e+09
1.752665869479023457e+09
1.752665869483168364e+09
1.752665869489038944e+09
1.752665869496542215e+09
1.752665869498975754e+09
1.752665869504841328e+09
1.752665869509012938e+09
1.752665869514076948e+09
1.752665869518881083e+09
1.752665869524953127e+09
1.752665869529152870e+09
1.752665869533626795e+09
1.752665869539855719e+09
1.752665869543311596e+09
1.752665869549879313e+09
1.752665869555101156e+09
1.752665869559777737e+09
1.752665869565285683e+09
1.752665869568826914e+09
1.752665869575390100e+09
1.752665869579824209e+09
1.752665869585059643e+09
1.752665869589062452e+09
1.752665869595235586e+09
1.752665869599768400e+09
1.752665869604894400e+09
1.752665869608864546e+09
1.752665869613455296e+09
1.752665869619777441e+09
1.752665869625067234e+09
1.752665869628903151e+09
1.752665869636835098e+09
1.752665869638898611e+09
1.752665869645117998e+09
1.752665869649152040e+09
1.752665869653235197e+09
1.752665869658897161e+09
1.752665869663518906e+09
1.752665869669036388e+09
1.752665869673265457e+09
1.752665869679758310e+09
1.752665869685080051e+09
1.752665869688950062e+09
1.752665869693347216e+09
1.752665869700138092e+09
1.752665869705352783e+09
1.752665869708858252e+09
1.752665869715302229e+09
1.752665869720006704e+09
1.752665869723567247e+09
1.752665869729101896e+09
1.752665869734841824e+09
1.752665869740361452e+09
1.752665869743614912e+09
1.752665869749081135e+09
1.752665869755447149e+09
1.752665869760067940e+09
1.752665869763488531e+09
1.752665869768865585e+09
1.752665869776728392e+09
1.752665869778884411e+09
1.752665869784938335e+09
1.752665869788998127e+09
1.752665869793201923e+09
1.752665869799775839e+09
1.752665869805316925e+09
1.752665869809108257e+09
1.752665869813192844e+09
1.752665869819616079e+09
1.752665869825232744e+09
1.752665869829040527e+09
1.752665869835364342e+09
1.752665869838809013e+09
1.752665869846202135e+09
1.752665869849890471e+09
