1.753174947117617369e+09
1.753174947157745361e+09
1.753174947158522367e+09
1.753174947179746866e+09
1.753174947180649281e+09
1.753174947183125973e+09
1.753174947183937073e+09
1.753174947195359707e+09
1.753174947196356297e+09
1.753174947197554827e+09
1.753174947198492050e+09
1.753174947215070963e+09
1.753174947216029644e+09
1.753174947217213869e+09
1.753174947218108416e+09
1.753174947255227566e+09
1.753174947258909464e+09
1.753174947260125399e+09
1.753174947261012793e+09
1.753174947303174496e+09
1.753174947304084539e+09
1.753174947305261850e+09
1.753174947306033134e+09
1.753174947317911148e+09
1.753174947318914413e+09
1.753174947320083857e+09
1.753174947320998907e+09
1.753174947337930918e+09
1.753174947338933706e+09
1.753174947340232134e+09
1.753174947341090918e+09
1.753174947353398561e+09
1.753174947354289293e+09
1.753174947355429173e+09
1.753174947356222868e+09
1.753174947370239973e+09
1.753174947371321678e+09
1.753174947372951984e+09
1.753174947374092340e+09
1.753174947386092186e+09
1.753174947387010813e+09
1.753174947388101339e+09
1.753174947388994217e+09
1.753174947404433489e+09
1.753174947405403614e+09
1.753174947406611681e+09
1.753174947407554865e+09
1.753174947431235313e+09
1.753174947432101727e+09
1.753174947433144093e+09
1.753174947433935881e+09
1.753174947447927713e+09
1.753174947448999405e+09
1.753174947450324535e+09
1.753174947451357126e+09
1.753174947465340614e+09
1.753174947466402769e+09
1.753174947467690945e+09
1.753174947468689680e+09
1.753174947483705759e+09
1.753174947484791040e+09
1.753174947486068010e+09
1.753174947487084866e+09
1.753174947500237942e+09
1.753174947501270056e+09
1.753174947502468586e+09
1.753174947503481627e+09
1.753174947516108513e+09
1.753174947516923904e+09
1.753174947517916918e+09
1.753174947518681526e+09
1.753174947528133392e+09
1.753174947528938293e+09
1.753174947529872417e+09
1.753174947530621529e+09
1.753174947540537357e+09
1.753174947541311502e+09
1.753174947542387009e+09
1.753174947543256044e+09
1.753174947555281878e+09
1.753174947556123734e+09
1.753174947557142735e+09
1.753174947557911158e+09
1.753174947569653749e+09
1.753174947570688248e+09
1.753174947571923494e+09
1.753174947572896004e+09
1.753174947585487127e+09
1.753174947586322784e+09
1.753174947587330580e+09
1.753174947588088274e+09
1.753174947598037243e+09
1.753174947598814964e+09
1.753174947599774837e+09
1.753174947600575686e+09
1.753174947613917589e+09
1.753174947614914894e+09
1.753174947616080046e+09
1.753174947617024422e+09
1.753174947628870249e+09
1.753174947629710436e+09
1.753174947630712032e+09
1.753174947631540298e+09
1.753174947640980959e+09
1.753174947641865492e+09
1.753174947642872572e+09
1.753174947643735409e+09
1.753174947658090353e+09
1.753174947659263134e+09
1.753174947660590887e+09
1.753174947661640167e+09
1.753174947673528671e+09
1.753174947674366713e+09
1.753174947675405502e+09
1.753174947676202774e+09
1.753174947687329054e+09
1.753174947688172340e+09
1.753174947689215899e+09
1.753174947690038681e+09
1.753174947699422121e+09
1.753174947700292826e+09
1.753174947701335192e+09
1.753174947702142000e+09
1.753174947712679386e+09
1.753174947713679552e+09
1.753174947714867353e+09
1.753174947717214346e+09
1.753174947727138996e+09
1.753174947727930784e+09
1.753174947728996038e+09
1.753174947729805470e+09
1.753174947740192413e+09
1.753174947741119385e+09
1.753174947742119789e+09
1.753174947742933035e+09
1.753174947754052401e+09
1.753174947754880667e+09
1.753174947755888700e+09
1.753174947756688833e+09
1.753174947766615391e+09
1.753174947767443419e+09
1.753174947768430710e+09
1.753174947769221783e+09
1.753174947779079914e+09
1.753174947780935526e+09
1.753174947782946110e+09
1.753174947783808470e+09
1.753174947793934822e+09
1.753174947794758558e+09
1.753174947795729876e+09
1.753174947796489954e+09
1.753174947805695057e+09
1.753174947806505442e+09
1.753174947807491541e+09
1.753174947808305502e+09
1.753174947821911812e+09
1.753174947822986603e+09
1.753174947824290276e+09
1.753174947825325251e+09
1.753174947836853266e+09
1.753174947837685108e+09
1.753174947838684320e+09
1.753174947839500189e+09
1.753174947853929281e+09
1.753174947854749918e+09
1.753174947855814457e+09
1.753174947856596708e+09
1.753174947866187096e+09
1.753174947866990566e+09
1.753174947867962360e+09
1.753174947868744135e+09
1.753174947879034996e+09
1.753174947880012751e+09
1.753174947881184578e+09
1.753174947882080317e+09
1.753174947891639233e+09
1.753174947892505407e+09
1.753174947893543720e+09
1.753174947894315958e+09
1.753174947904841185e+09
1.753174947905670881e+09
1.753174947906693220e+09
1.753174947907532454e+09
1.753174947919498920e+09
1.753174947920349836e+09
1.753174947921388626e+09
1.753174947922179937e+09
1.753174947932413340e+09
1.753174947933215141e+09
1.753174947934209108e+09
1.753174947934967518e+09
1.753174947944539547e+09
1.753174947947984457e+09
1.753174947949143648e+09
1.753174947950005054e+09
1.753174947960687160e+09
1.753174947961552143e+09
1.753174947962603569e+09
1.753174947963402271e+09
1.753174947972734213e+09
1.753174947973568678e+09
1.753174947974609613e+09
1.753174947975418568e+09
1.753174947987472534e+09
1.753174947988279343e+09
1.753174947989297390e+09
1.753174947990060329e+09
1.753174947999759674e+09
1.753174948000556946e+09
1.753174948001545906e+09
1.753174948002306461e+09
1.753174948012251377e+09
1.753174948015964985e+09
1.753174948017138004e+09
1.753174948018024445e+09
1.753174948028893471e+09
1.753174948029791594e+09
1.753174948030903101e+09
1.753174948031697512e+09
1.753174948042696238e+09
1.753174948043536425e+09
1.753174948044583321e+09
1.753174948045444727e+09
1.753174948059000254e+09
1.753174948059828758e+09
1.753174948060853243e+09
1.753174948061665297e+09
1.753174948071472406e+09
1.753174948072306395e+09
1.753174948073318958e+09
1.753174948074128151e+09
1.753174948085940361e+09
1.753174948086874962e+09
1.753174948087912560e+09
1.753174948088721991e+09
1.753174948099022627e+09
1.753174948099844456e+09
1.753174948100822687e+09
1.753174948101592302e+09
1.753174948111479044e+09
1.753174948112542391e+09
1.753174948115676403e+09
1.753174948116664410e+09
1.753174948127480745e+09
1.753174948128319025e+09
1.753174948129345417e+09
1.753174948130124807e+09
1.753174948139644623e+09
1.753174948140431881e+09
1.753174948141426086e+09
1.753174948142221451e+09
1.753174948154656887e+09
1.753174948155762911e+09
1.753174948156934977e+09
1.753174948157830715e+09
1.753174948167654514e+09
1.753174948168586493e+09
1.753174948169610739e+09
1.753174948170415878e+09
1.753174948183206797e+09
1.753174948184053659e+09
1.753174948185234070e+09
1.753174948186016560e+09
1.753174948196098089e+09
1.753174948196932793e+09
1.753174948197983742e+09
1.753174948198833466e+09
1.753174948208563566e+09
1.753174948209651709e+09
1.753174948210948944e+09
1.753174948211945057e+09
1.753174948222154379e+09
1.753174948222970486e+09
1.753174948223970413e+09
1.753174948224744797e+09
1.753174948234518766e+09
1.753174948235337973e+09
1.753174948236309767e+09
1.753174948237104654e+09
1.753174948247138500e+09
1.753174948247994184e+09
1.753174948249049425e+09
1.753174948249843359e+09
1.753174948260413170e+09
1.753174948261371136e+09
1.753174948262375355e+09
1.753174948263220072e+09
1.753174948272541761e+09
1.753174948273360014e+09
1.753174948274357557e+09
1.753174948275112867e+09
1.753174948285681009e+09
1.753174948286501646e+09
1.753174948287478447e+09
1.753174948288251162e+09
1.753174948297531843e+09
1.753174948298350811e+09
1.753174948299334764e+09
1.753174948300092697e+09
1.753174948310114861e+09
1.753174948310961246e+09
1.753174948311974764e+09
1.753174948312746525e+09
1.753174948322779655e+09
1.753174948323582649e+09
1.753174948324611902e+09
1.753174948325371027e+09
1.753174948335277081e+09
1.753174948336095333e+09
1.753174948337108850e+09
1.753174948337993622e+09
1.753174948350267887e+09
1.753174948351222277e+09
1.753174948353737354e+09
1.753174948354592085e+09
1.753174948364805460e+09
1.753174948365633965e+09
1.753174948366647482e+09
1.753174948367461681e+09
1.753174948377012253e+09
1.753174948377850056e+09
1.753174948378870964e+09
1.753174948379837275e+09
1.753174948392070293e+09
1.753174948392930269e+09
1.753174948394034386e+09
1.753174948394834757e+09
1.753174948404369593e+09
1.753174948405174971e+09
1.753174948406201601e+09
1.753174948406998873e+09
1.753174948417551517e+09
1.753174948418425083e+09
1.753174948419465780e+09
1.753174948420273304e+09
1.753174948430034399e+09
1.753174948430837154e+09
1.753174948431842566e+09
1.753174948432603359e+09
1.753174948442452431e+09
1.753174948443315506e+09
1.753174948444316387e+09
1.753174948445128202e+09
1.753174948457952023e+09
1.753174948458832502e+09
1.753174948459864616e+09
1.753174948460664272e+09
1.753174948470565557e+09
1.753174948471416473e+09
1.753174948472422838e+09
1.753174948473228455e+09
1.753174948484513998e+09
1.753174948485512733e+09
1.753174948486720800e+09
1.753174948487670898e+09
1.753174948500610828e+09
1.753174948501569033e+09
1.753174948502660513e+09
1.753174948503509521e+09
1.753174948513788700e+09
1.753174948518216372e+09
1.753174948519510031e+09
1.753174948520356178e+09
1.753174948531059742e+09
1.753174948531969309e+09
1.753174948533024788e+09
1.753174948533903837e+09
1.753174948543815851e+09
1.753174948544695854e+09
1.753174948545710087e+09
1.753174948546602488e+09
1.753174948557416201e+09
1.753174948558575869e+09
1.753174948559772491e+09
1.753174948560640097e+09
1.753174948570984602e+09
1.753174948571852446e+09
1.753174948572930574e+09
1.753174948573754549e+09
1.753174948583699465e+09
1.753174948584546089e+09
1.753174948585609436e+09
1.753174948586400509e+09
1.753174948597984791e+09
1.753174948598937511e+09
1.753174948600014448e+09
1.753174948600852013e+09
1.753174948610633135e+09
1.753174948611491680e+09
1.753174948612586975e+09
1.753174948613471031e+09
1.753174948623537779e+09
1.753174948624576092e+09
1.753174948625656366e+09
1.753174948626470327e+09
1.753174948636440754e+09
1.753174948637306452e+09
1.753174948638328552e+09
1.753174948639142036e+09
1.753174948648582935e+09
1.753174948649462461e+09
1.753174948650592566e+09
1.753174948651391029e+09
1.753174948665255070e+09
1.753174948666301489e+09
1.753174948667533875e+09
1.753174948668457747e+09
1.753174948678852320e+09
1.753174948679726601e+09
1.753174948680777311e+09
1.753174948681640863e+09
1.753174948693105221e+09
1.753174948694628000e+09
1.753174948696436644e+09
1.753174948697243214e+09
1.753174948706856251e+09
1.753174948707690477e+09
1.753174948708726168e+09
1.753174948709519625e+09
1.753174948719540834e+09
1.753174948720382690e+09
1.753174948721462011e+09
1.753174948722292900e+09
1.753174948732656717e+09
1.753174948733537197e+09
1.753174948734557629e+09
1.753174948735405684e+09
1.753174948745692730e+09
1.753174948746537447e+09
1.753174948747586012e+09
1.753174948748387814e+09
1.753174948759116888e+09
1.753174948760113478e+09
1.753174948761176825e+09
1.753174948762012959e+09
1.753174948772315741e+09
1.753174948773201942e+09
1.753174948774251223e+09
1.753174948775087118e+09
1.753174948784812689e+09
1.753174948785679817e+09
1.753174948786740780e+09
1.753174948787566662e+09
1.753174948798600435e+09
1.753174948799494505e+09
1.753174948800580978e+09
1.753174948801439524e+09
1.753174948810768366e+09
1.753174948811606884e+09
1.753174948812640667e+09
1.753174948813452244e+09
1.753174948823604822e+09
1.753174948824689865e+09
1.753174948825798750e+09
1.753174948826612949e+09
1.753174948836506128e+09
1.753174948837342978e+09
1.753174948838406086e+09
1.753174948839225054e+09
1.753174948849138498e+09
1.753174948849996567e+09
1.753174948851043224e+09
1.753174948851834059e+09
1.753174948866409779e+09
1.753174948867331028e+09
1.753174948868468523e+09
1.753174948869335890e+09
1.753174948879158497e+09
1.753174948880039930e+09
1.753174948881078243e+09
1.753174948881897211e+09
1.753174948892003059e+09
1.753174948893122196e+09
1.753174948894524813e+09
1.753174948896866322e+09
1.753174948907212019e+09
1.753174948908079147e+09
1.753174948909152031e+09
1.753174948910050392e+09
1.753174948920946360e+09
1.753174948921955347e+09
1.753174948923357010e+09
1.753174948924369574e+09
1.753174948940140009e+09
1.753174948941282511e+09
1.753174948942466736e+09
1.753174948943443537e+09
1.753174948953408241e+09
1.753174948954332113e+09
1.753174948955385685e+09
1.753174948956356049e+09
1.753174948968191385e+09
1.753174948969045877e+09
1.753174948970140457e+09
1.753174948971007824e+09
1.753174948980688572e+09
1.753174948981547594e+09
1.753174948982573986e+09
1.753174948983390093e+09
1.753174948994488478e+09
1.753174948995473146e+09
1.753174948996666431e+09
1.753174948997469425e+09
1.753174949007464170e+09
1.753174949008340597e+09
1.753174949009367228e+09
1.753174949010273218e+09
1.753174949020844221e+09
1.753174949021711349e+09
1.753174949022911549e+09
1.753174949023930550e+09
1.753174949035302401e+09
1.753174949036157131e+09
1.753174949037209034e+09
1.753174949038048029e+09
1.753174949048348904e+09
1.753174949049239874e+09
1.753174949050321102e+09
1.753174949051162004e+09
1.753174949063785315e+09
1.753174949064805269e+09
1.753174949066090822e+09
1.753174949066924572e+09
1.753174949078848839e+09
1.753174949079988480e+09
1.753174949081350327e+09
1.753174949082422495e+09
1.753174949097579718e+09
1.753174949098757029e+09
1.753174949100121975e+09
1.753174949101245642e+09
1.753174949113375425e+09
1.753174949114226341e+09
1.753174949115278959e+09
1.753174949116110086e+09
1.753174949127442837e+09
1.753174949128342867e+09
1.753174949129444361e+09
1.753174949130267382e+09
1.753174949139913321e+09
1.753174949140746593e+09
1.753174949141795874e+09
1.753174949142625570e+09
1.753174949152052641e+09
1.753174949152919054e+09
1.753174949154033184e+09
1.753174949154847145e+09
1.753174949166079998e+09
1.753174949166972160e+09
1.753174949168065071e+09
1.753174949168901205e+09
1.753174949178293943e+09
1.753174949179152966e+09
1.753174949180190563e+09
1.753174949181023121e+09
1.753174949192155123e+09
1.753174949193037510e+09
1.753174949194131374e+09
1.753174949194957256e+09
1.753174949204759121e+09
1.753174949205573082e+09
1.753174949206586361e+09
1.753174949207382441e+09
1.753174949217580557e+09
1.753174949218447924e+09
1.753174949219513655e+09
1.753174949220390558e+09
1.753174949231654644e+09
1.753174949232491732e+09
1.753174949233533859e+09
1.753174949234392643e+09
1.753174949243946791e+09
1.753174949244800806e+09
1.753174949245835066e+09
1.753174949246634483e+09
1.753174949256532192e+09
1.753174949260018826e+09
1.753174949261268139e+09
1.753174949262092352e+09
1.753174949272192717e+09
1.753174949273060799e+09
1.753174949274101257e+09
1.753174949274894476e+09
1.753174949284020185e+09
1.753174949284859896e+09
1.753174949285899878e+09
1.753174949286681175e+09
1.753174949298084974e+09
1.753174949298919678e+09
1.753174949299971342e+09
1.753174949300818205e+09
1.753174949310064316e+09
1.753174949310889244e+09
1.753174949311915636e+09
1.753174949312731504e+09
1.753174949322601557e+09
1.753174949323656559e+09
1.753174949324878693e+09
1.753174949325750113e+09
1.753174949335172653e+09
1.753174949335994482e+09
1.753174949337026358e+09
1.753174949337835312e+09
1.753174949347739220e+09
1.753174949348656893e+09
1.753174949349670887e+09
1.753174949350543022e+09
1.753174949360387325e+09
1.753174949361324549e+09
1.753174949362390280e+09
1.753174949363221169e+09
1.753174949373471022e+09
1.753174949374328852e+09
1.753174949375360966e+09
1.753174949376164913e+09
1.753174949385833740e+09
1.753174949386657715e+09
1.753174949387794256e+09
1.753174949388619184e+09
1.753174949400916815e+09
1.753174949401826143e+09
1.753174949402928114e+09
1.753174949403781414e+09
1.753174949413108110e+09
1.753174949413949013e+09
1.753174949414950132e+09
1.753174949415822744e+09
1.753174949426433802e+09
1.753174949427480459e+09
1.753174949428664207e+09
1.753174949429475307e+09
1.753174949438909531e+09
1.753174949439773798e+09
1.753174949440826654e+09
1.753174949441646576e+09
1.753174949451255560e+09
1.753174949452114105e+09
1.753174949453132629e+09
1.753174949453997374e+09
1.753174949464450359e+09
1.753174949465349674e+09
1.753174949466439486e+09
1.753174949467303276e+09
1.753174949477218390e+09
1.753174949478070974e+09
1.753174949479100704e+09
1.753174949479898214e+09
1.753174949489483118e+09
1.753174949493005037e+09
1.753174949494081497e+09
1.753174949494878292e+09
1.753174949505326748e+09
1.753174949506206512e+09
1.753174949507263660e+09
1.753174949508053064e+09
1.753174949517127991e+09
1.753174949517969131e+09
1.753174949518964052e+09
1.753174949519756794e+09
1.753174949530978441e+09
1.753174949531803370e+09
1.753174949532863140e+09
1.753174949533664465e+09
1.753174949543225050e+09
1.753174949544077873e+09
1.753174949545102835e+09
1.753174949545957327e+09
1.753174949558583736e+09
1.753174949559910059e+09
1.753174949561317682e+09
1.753174949562402487e+09
1.753174949575558424e+09
1.753174949576719761e+09
1.753174949578072309e+09
1.753174949579154015e+09
1.753174949592184544e+09
1.753174949593026161e+09
1.753174949594071150e+09
1.753174949594893217e+09
1.753174949604538202e+09
1.753174949605365992e+09
1.753174949606399059e+09
1.753174949607190371e+09
1.753174949616890669e+09
1.753174949617738724e+09
1.753174949618761301e+09
1.753174949619568110e+09
1.753174949631356716e+09
1.753174949632257462e+09
1.753174949633344173e+09
1.753174949634231091e+09
1.753174949643803120e+09
1.753174949644653320e+09
1.753174949645756721e+09
1.753174949646615028e+09
1.753174949659175873e+09
1.753174949660121441e+09
1.753174949661285877e+09
1.753174949662177801e+09
1.753174949672606707e+09
1.753174949673492193e+09
1.753174949674542427e+09
1.753174949675361872e+09
1.753174949684665442e+09
1.753174949685545683e+09
1.753174949686601639e+09
1.753174949687461138e+09
1.753174949698142767e+09
1.753174949699026108e+09
1.753174949700057030e+09
1.753174949700892448e+09
1.753174949710306883e+09
1.753174949711170912e+09
1.753174949712214231e+09
1.753174949713063478e+09
1.753174949726024866e+09
1.753174949726950884e+09
1.753174949728015900e+09
1.753174949728876591e+09
1.753174949738431454e+09
1.753174949739321709e+09
1.753174949740367413e+09
1.753174949741216660e+09
1.753174949751103163e+09
1.753174949752003908e+09
1.753174949753051281e+09
1.753174949753930330e+09
1.753174949765120029e+09
1.753174949766025782e+09
1.753174949767078638e+09
1.753174949767943621e+09
1.753174949777734995e+09
1.753174949778617859e+09
1.753174949779694796e+09
1.753174949780562401e+09
1.753174949791128635e+09
1.753174949792855263e+09
1.753174949793990850e+09
1.753174949794827223e+09
1.753174949805158138e+09
1.753174949806043148e+09
1.753174949807126760e+09
1.753174949808008194e+09
1.753174949817370415e+09
1.753174949818279028e+09
1.753174949819446802e+09
1.753174949820325613e+09
1.753174949832255125e+09
1.753174949833119154e+09
1.753174949834190130e+09
1.753174949835034132e+09
1.753174949844265938e+09
1.753174949845152617e+09
1.753174949846229315e+09
1.753174949847093821e+09
1.753174949858537912e+09
1.753174949859584332e+09
1.753174949860686302e+09
1.753174949861575603e+09
1.753174949871408701e+09
1.753174949872308969e+09
1.753174949873377562e+09
1.753174949874237776e+09
1.753174949884247303e+09
1.753174949885131121e+09
1.753174949886932850e+09
1.753174949887809515e+09
1.753174949898310184e+09
1.753174949899179459e+09
1.753174949900239468e+09
1.753174949901051283e+09
1.753174949911022663e+09
1.753174949911893129e+09
1.753174949912978888e+09
1.753174949913805008e+09
1.753174949923706770e+09
1.753174949924741268e+09
1.753174949926093578e+09
1.753174949926974773e+09
1.753174949936976910e+09
1.753174949937814951e+09
1.753174949939017296e+09
1.753174949939863443e+09
1.753174949949471235e+09
1.753174949950318336e+09
1.753174949951358318e+09
1.753174949952284336e+09
1.753174949964621067e+09
1.753174949965550900e+09
1.753174949966650009e+09
1.753174949967504025e+09
1.753174949977093458e+09
1.753174949978079319e+09
1.753174949979157686e+09
1.753174949980038166e+09
1.753174949989794254e+09
1.753174949990719557e+09
1.753174949995089293e+09
1.753174949995982885e+09
1.753174950005851030e+09
1.753174950006711006e+09
1.753174950007897377e+09
1.753174950008737564e+09
1.753174950018560886e+09
1.753174950019457102e+09
1.753174950020553112e+09
1.753174950021427870e+09
1.753174950032758474e+09
1.753174950033711672e+09
1.753174950034862757e+09
1.753174950035766602e+09
1.753174950047249317e+09
1.753174950048451900e+09
1.753174950049845695e+09
1.753174950051015615e+09
1.753174950063620329e+09
1.753174950064533234e+09
1.753174950065611601e+09
1.753174950066489458e+09
1.753174950076756001e+09
1.753174950077657461e+09
1.753174950078739882e+09
1.753174950079581976e+09
1.753174950089263678e+09
1.753174950090178251e+09
1.753174950091230154e+09
1.753174950092248201e+09
1.753174950105970860e+09
1.753174950107079029e+09
1.753174950108211994e+09
1.753174950109142542e+09
1.753174950119428873e+09
1.753174950120375633e+09
1.753174950121473551e+09
1.753174950122380257e+09
1.753174950133228779e+09
1.753174950134127378e+09
1.753174950135220051e+09
1.753174950136095524e+09
1.753174950145366669e+09
1.753174950146287203e+09
1.753174950147381544e+09
1.753174950148236036e+09
1.753174950158436775e+09
1.753174950159455061e+09
1.753174950163987398e+09
1.753174950164954185e+09
1.753174950174890995e+09
1.753174950175788879e+09
1.753174950176856756e+09
1.753174950177707672e+09
1.753174950187932014e+09
1.753174950188843727e+09
1.753174950189951181e+09
1.753174950191101789e+09
1.753174950201849461e+09
1.753174950202798605e+09
1.753174950203922749e+09
1.753174950204763889e+09
1.753174950215139866e+09
1.753174950216067076e+09
1.753174950217163324e+09
1.753174950218055010e+09
1.753174950232209206e+09
1.753174950233127594e+09
1.753174950234262705e+09
1.753174950235099077e+09
1.753174950245381832e+09
1.753174950246260405e+09
1.753174950247307539e+09
1.753174950248131037e+09
1.753174950257500410e+09
1.753174950258421659e+09
1.753174950261485815e+09
1.753174950262467623e+09
1.753174950272812128e+09
1.753174950273669958e+09
1.753174950274802446e+09
1.753174950275685072e+09
1.753174950285172224e+09
1.753174950286050320e+09
1.753174950287096739e+09
1.753174950287929058e+09
1.753174950300471544e+09
1.753174950301414728e+09
1.753174950302541494e+09
1.753174950303483486e+09
1.753174950312958002e+09
1.753174950313869715e+09
1.753174950314939022e+09
1.753174950315815210e+09
1.753174950325834274e+09
1.753174950326718569e+09
1.753174950329934359e+09
1.753174950331400633e+09
1.753174950341207743e+09
1.753174950342087746e+09
1.753174950343154907e+09
1.753174950344101667e+09
1.753174950355513096e+09
1.753174950356688023e+09
1.753174950358080149e+09
1.753174950359270096e+09
1.753174950371533632e+09
1.753174950372432232e+09
1.753174950373537540e+09
1.753174950374384165e+09
1.753174950384637356e+09
1.753174950385487080e+09
1.753174950386531353e+09
1.753174950387367964e+09
1.753174950399125338e+09
1.753174950400028944e+09
1.753174950401127100e+09
1.753174950401978254e+09
1.753174950412026167e+09
1.753174950412869692e+09
1.753174950413891077e+09
1.753174950414732218e+09
1.753174950424212217e+09
1.753174950425117970e+09
1.753174950426218987e+09
1.753174950427246332e+09
1.753174950441010714e+09
1.753174950441929102e+09
1.753174950443055868e+09
1.753174950443921328e+09
1.753174950453648806e+09
1.753174950454538584e+09
1.753174950455648422e+09
1.753174950456525326e+09
1.753174950469448090e+09
1.753174950470664024e+09
1.753174950472109079e+09
1.753174950473274946e+09
1.753174950486230850e+09
1.753174950487385511e+09
1.753174950488790512e+09
1.753174950489927530e+09
1.753174950503983974e+09
1.753174950505222797e+09
1.753174950506649256e+09
1.753174950507821321e+09
1.753174950520518303e+09
1.753174950521680832e+09
1.753174950523088217e+09
1.753174950524211407e+09
1.753174950536900043e+09
1.753174950537906885e+09
1.753174950538999319e+09
1.753174950539853573e+09
1.753174950549155235e+09
1.753174950550031900e+09
1.753174950551072598e+09
1.753174950551894426e+09
1.753174950562616587e+09
1.753174950563818693e+09
1.753174950566070557e+09
1.753174950567195415e+09
1.753174950577142239e+09
1.753174950578025818e+09
1.753174950579109430e+09
1.753174950579961777e+09
1.753174950589861631e+09
1.753174950590735674e+09
1.753174950591814518e+09
1.753174950592680216e+09
1.753174950604628086e+09
1.753174950605555534e+09
1.753174950606646776e+09
1.753174950607536077e+09
1.753174950617326736e+09
1.753174950618248940e+09
1.753174950619337797e+09
1.753174950620169878e+09
1.753174950634356976e+09
1.753174950635357380e+09
1.753174950636490583e+09
1.753174950637366772e+09
1.753174950647423267e+09
1.753174950648266315e+09
1.753174950649321556e+09
1.753174950650267601e+09
1.753174950661211491e+09
1.753174950664121389e+09
1.753174950665458441e+09
1.753174950666507959e+09
1.753174950677681208e+09
1.753174950678588867e+09
1.753174950679644346e+09
1.753174950680464745e+09
1.753174950689904213e+09
1.753174950690785170e+09
1.753174950691923380e+09
1.753174950692786932e+09
1.753174950704116106e+09
1.753174950704996347e+09
1.753174950706042051e+09
1.753174950706915379e+09
1.753174950716220379e+09
1.753174950717080116e+09
1.753174950718125820e+09
1.753174950718966246e+09
1.753174950729985476e+09
1.753174950734074116e+09
1.753174950735155344e+09
1.753174950736031294e+09
1.753174950746048212e+09
1.753174950746968269e+09
1.753174950748103142e+09
1.753174950748982668e+09
1.753174950758687258e+09
1.753174950759583235e+09
1.753174950760661602e+09
1.753174950761532068e+09
1.753174950771643400e+09
1.753174950772495985e+09
1.753174950773555994e+09
1.753174950774368525e+09
1.753174950784632683e+09
1.753174950785495758e+09
1.753174950786530733e+09
1.753174950787351608e+09
1.753174950799934387e+09
1.753174950800880194e+09
1.753174950801940680e+09
1.753174950802790165e+09
1.753174950812994480e+09
1.753174950813874006e+09
1.753174950814945459e+09
1.753174950815846920e+09
1.753174950826162100e+09
1.753174950827046871e+09
1.753174950828135729e+09
1.753174950829013348e+09
1.753174950839997530e+09
1.753174950840887308e+09
1.753174950841972589e+09
1.753174950842795610e+09
1.753174950852100611e+09
1.753174950852970123e+09
1.753174950854011536e+09
1.753174950854858637e+09
1.753174950866359234e+09
1.753174950867424250e+09
1.753174950868503094e+09
1.753174950869336367e+09
1.753174950879139185e+09
1.753174950880096436e+09
1.753174950881153345e+09
1.753174950881989479e+09
1.753174950891608238e+09
1.753174950892446518e+09
1.753174950893487215e+09
1.753174950894297123e+09
1.753174950904307127e+09
1.753174950905175447e+09
1.753174950906224728e+09
1.753174950907060385e+09
1.753174950917969942e+09
1.753174950918812752e+09
1.753174950919859409e+09
1.753174950920729637e+09
1.753174950930658102e+09
1.753174950931760788e+09
1.753174950933432341e+09
1.753174950934495926e+09
1.753174950946923971e+09
1.753174950947806358e+09
1.753174950948867798e+09
1.753174950949734926e+09
1.753174950960229874e+09
1.753174950961084843e+09
1.753174950962167740e+09
1.753174950963027239e+09
1.753174950975485086e+09
1.753174950976357460e+09
1.753174950977424383e+09
1.753174950978338242e+09
1.753174950989178419e+09
1.753174950990043163e+09
1.753174950991117716e+09
1.753174950991975307e+09
1.753174951008233786e+09
1.753174951009292603e+09
1.753174951010379791e+09
1.753174951011273384e+09
1.753174951022447586e+09
1.753174951023299694e+09
1.753174951024373055e+09
1.753174951025187254e+09
1.753174951036188841e+09
1.753174951037045717e+09
1.753174951038144112e+09
1.753174951038988113e+09
1.753174951051034689e+09
1.753174951051910639e+09
1.753174951053052187e+09
1.753174951053919554e+09
1.753174951065974712e+09
1.753174951067009687e+09
1.753174951068234205e+09
1.753174951069081068e+09
1.753174951079675913e+09
1.753174951080534697e+09
1.753174951081609726e+09
1.753174951082528353e+09
1.753174951093338728e+09
1.753174951094222784e+09
1.753174951095300198e+09
1.753174951096118450e+09
1.753174951107947826e+09
1.753174951109024763e+09
1.753174951110125303e+09
1.753174951110945463e+09
1.753174951121981144e+09
1.753174951122857809e+09
1.753174951123933554e+09
1.753174951124778748e+09
1.753174951135044813e+09
1.753174951135905266e+09
1.753174951136938095e+09
1.753174951137763500e+09
1.753174951149267197e+09
1.753174951150127411e+09
1.753174951151201010e+09
1.753174951152016401e+09
1.753174951162702084e+09
1.753174951163568974e+09
1.753174951164650917e+09
1.753174951165523291e+09
1.753174951177780628e+09
1.753174951178727627e+09
1.753174951179814816e+09
1.753174951180638313e+09
1.753174951191251755e+09
1.753174951192177057e+09
1.753174951193297625e+09
1.753174951194340467e+09
1.753174951207134724e+09
1.753174951211043596e+09
1.753174951212531805e+09
1.753174951213700056e+09
1.753174951226826191e+09
1.753174951227764845e+09
1.753174951228896618e+09
1.753174951229770660e+09
1.753174951242297411e+09
1.753174951243399382e+09
1.753174951244697571e+09
1.753174951245724201e+09
1.753174951256982327e+09
1.753174951257954121e+09
1.753174951259191275e+09
1.753174951260065556e+09
1.753174951271873474e+09
1.753174951272828579e+09
1.753174951274154425e+09
1.753174951276870251e+09
1.753174951289047003e+09
1.753174951289953947e+09
1.753174951291078091e+09
1.753174951291943789e+09
1.753174951303107500e+09
1.753174951304015398e+09
1.753174951305079460e+09
1.753174951306007147e+09
1.753174951318831921e+09
1.753174951319794655e+09
1.753174951320903778e+09
1.753174951321789742e+09
1.753174951334765673e+09
1.753174951336009026e+09
1.753174951337487936e+09
1.753174951338690996e+09
1.753174951352208853e+09
1.753174951353121996e+09
1.753174951354228258e+09
1.753174951355087280e+09
1.753174951367819309e+09
1.753174951369019032e+09
1.753174951370496750e+09
1.753174951371673822e+09
1.753174951385416985e+09
1.753174951386385202e+09
1.753174951387527466e+09
1.753174951388408661e+09
1.753174951399379015e+09
1.753174951400301933e+09
1.753174951401396751e+09
1.753174951402258158e+09
1.753174951417422056e+09
1.753174951418381214e+09
1.753174951419527531e+09
1.753174951420467138e+09
1.753174951431509495e+09
1.753174951432409525e+09
1.753174951433520317e+09
1.753174951434400558e+09
1.753174951452136040e+09
1.753174951453159332e+09
1.753174951454284191e+09
1.753174951455171347e+09
1.753174951466183662e+09
1.753174951467092752e+09
1.753174951468234777e+09
1.753174951469124556e+09
1.753174951481066942e+09
1.753174951482002735e+09
1.753174951483090639e+09
1.753174951483946562e+09
1.753174951494608402e+09
1.753174951495522261e+09
1.753174951496604443e+09
1.753174951497445822e+09
1.753174951509388447e+09
1.753174951510532856e+09
1.753174951511642933e+09
1.753174951512597084e+09
1.753174951524136543e+09
1.753174951525083065e+09
1.753174951526211977e+09
1.753174951527117729e+09
1.753174951537694693e+09
1.753174951538618088e+09
1.753174951539791822e+09
1.753174951541828871e+09
1.753174951554007053e+09
1.753174951554919481e+09
1.753174951556008339e+09
1.753174951556873798e+09
1.753174951566652298e+09
1.753174951567593098e+09
1.753174951568674564e+09
1.753174951569582701e+09
1.753174951582618475e+09
1.753174951583862305e+09
1.753174951585333824e+09
1.753174951586510897e+09
1.753174951598798513e+09
1.753174951599708319e+09
1.753174951600754499e+09
1.753174951601625443e+09
1.753174951613775730e+09
1.753174951614729881e+09
1.753174951615859985e+09
1.753174951616694450e+09
1.753174951626701355e+09
1.753174951627600670e+09
1.753174951628762484e+09
1.753174951629627228e+09
1.753174951642315865e+09
1.753174951643403053e+09
1.753174951644685268e+09
1.753174951645614624e+09
1.753174951656261921e+09
1.753174951657254934e+09
1.753174951658350706e+09
1.753174951659276485e+09
1.753174951669655323e+09
1.753174951670542240e+09
1.753174951671647549e+09
1.753174951672698736e+09
1.753174951683717012e+09
1.753174951684633255e+09
1.753174951685770273e+09
1.753174951686635733e+09
1.753174951697382927e+09
1.753174951698342323e+09
1.753174951699535370e+09
1.753174951700444698e+09
1.753174951714763880e+09
1.753174951715870619e+09
1.753174951717173100e+09
1.753174951718056202e+09
1.753174951728241205e+09
1.753174951729211569e+09
1.753174951730500460e+09
1.753174951731425047e+09
1.753174951742523193e+09
1.753174951743633270e+09
1.753174951744982243e+09
1.753174951746001244e+09
1.753174951756351709e+09
1.753174951757226229e+09
1.753174951758375168e+09
1.753174951759283304e+09
1.753174951768842936e+09
1.753174951769764662e+09
1.753174951770916939e+09
1.753174951771826744e+09
1.753174951782571554e+09
1.753174951783491611e+09
1.753174951784565687e+09
1.753174951785436153e+09
1.753174951795051575e+09
1.753174951795934439e+09
1.753174951797023296e+09
1.753174951797884941e+09
1.753174951808781862e+09
1.753174951809896231e+09
1.753174951811628103e+09
1.753174951813863516e+09
1.753174951823749542e+09
1.753174951824664831e+09
1.753174951825769424e+09
1.753174951826747656e+09
1.753174951837239265e+09
1.753174951838238001e+09
1.753174951839617729e+09
1.753174951844125509e+09
1.753174951857489824e+09
1.753174951858477354e+09
1.753174951859605312e+09
1.753174951860524893e+09
1.753174951871021986e+09
1.753174951871978521e+09
1.753174951873470783e+09
1.753174951874554634e+09
1.753174951885709524e+09
1.753174951886626244e+09
1.753174951887754202e+09
1.753174951888660908e+09
1.753174951899835348e+09
1.753174951900742054e+09
1.753174951901819229e+09
1.753174951902733088e+09
1.753174951914844513e+09
1.753174951915776253e+09
1.753174951916920662e+09
1.753174951917834044e+09
1.753174951930078506e+09
1.753174951931365967e+09
1.753174951932858467e+09
1.753174951934002399e+09
1.753174951949543953e+09
1.753174951950830221e+09
1.753174951952363729e+09
1.753174951953593969e+09
1.753174951966510773e+09
1.753174951967423201e+09
1.753174951968543530e+09
1.753174951969468594e+09
1.753174951981406450e+09
1.753174951982303143e+09
1.753174951983409166e+09
1.753174951984251976e+09
1.753174951995168686e+09
1.753174951996150017e+09
1.753174951997277975e+09
1.753174951998141766e+09
1.753174952010206938e+09
1.753174952011507988e+09
1.753174952013036251e+09
1.753174952014248610e+09
1.753174952028857946e+09
1.753174952030086756e+09
1.753174952031532526e+09
1.753174952032696247e+09
1.753174952048722982e+09
1.753174952050009251e+09
1.753174952051496506e+09
1.753174952052699566e+09
1.753174952065632582e+09
1.753174952066592693e+09
1.753174952067715883e+09
1.753174952068583488e+09
1.753174952081071854e+09
1.753174952082003117e+09
1.753174952083123684e+09
1.753174952083997011e+09
1.753174952094490290e+09
1.753174952095408916e+09
1.753174952096541405e+09
1.753174952097443104e+09
1.753174952109932899e+09
1.753174952110960484e+09
1.753174952112117529e+09
1.753174952112962723e+09
1.753174952123248100e+09
1.753174952124184370e+09
1.753174952125264645e+09
1.753174952126140833e+09
1.753174952135891199e+09
1.753174952136800528e+09
1.753174952137952805e+09
1.753174952138903379e+09
1.753174952150949478e+09
1.753174952151848555e+09
1.753174952152949095e+09
1.753174952153798819e+09
1.753174952163643837e+09
1.753174952164586067e+09
1.753174952165715694e+09
1.753174952166578293e+09
1.753174952178039074e+09
1.753174952180053473e+09
1.753174952181278229e+09
1.753174952182177782e+09
1.753174952192089081e+09
1.753174952193011522e+09
