1.752665527186747313e+09
1.752665527192989349e+09
1.752665527196501732e+09
1.752665527202738285e+09
1.752665527206254005e+09
1.752665527213089228e+09
1.752665527217134237e+09
1.752665527222681522e+09
1.752665527226523638e+09
1.752665527232562780e+09
1.752665527237696409e+09
1.752665527241106033e+09
1.752665527246473074e+09
1.752665527252716541e+09
1.752665527259444952e+09
1.752665527262832165e+09
1.752665527266375542e+09
1.752665527272644281e+09
1.752665527277205944e+09
1.752665527282762289e+09
1.752665527286480904e+09
1.752665527292679787e+09
1.752665527297311544e+09
1.752665527301227331e+09
1.752665527306554794e+09
1.752665527313155413e+09
1.752665527317658186e+09
1.752665527323254585e+09
1.752665527326394320e+09
1.752665527333013296e+09
1.752665527337182999e+09
1.752665527342836618e+09
1.752665527346656561e+09
1.752665527350977182e+09
1.752665527356469393e+09
1.752665527362628460e+09
1.752665527366621494e+09
1.752665527371057987e+09
1.752665527376744747e+09
1.752665527382746220e+09
1.752665527386400700e+09
1.752665527395575047e+09
1.752665527396262884e+09
1.752665527401135445e+09
1.752665527407301664e+09
1.752665527412824392e+09
1.752665527417357922e+09
1.752665527422729254e+09
1.752665527426491499e+09
1.752665527432937384e+09
1.752665527436817169e+09
1.752665527443228006e+09
1.752665527446418285e+09
1.752665527452480793e+09
1.752665527456365108e+09
1.752665527463518858e+09
1.752665527466672897e+09
1.752665527472812891e+09
1.752665527476998806e+09
1.752665527482631922e+09
1.752665527486489534e+09
1.752665527492779493e+09
1.752665527496451616e+09
1.752665527500826359e+09
1.752665527506455183e+09
1.752665527512624979e+09
1.752665527516527653e+09
1.752665527521089792e+09
1.752665527526727676e+09
1.752665527532827377e+09
1.752665527539913416e+09
1.752665527542288780e+09
1.752665527546516895e+09
1.752665527550987482e+09
1.752665527556607723e+09
1.752665527562619448e+09
1.752665527566646814e+09
1.752665527572777987e+09
1.752665527578505516e+09
1.752665527581207275e+09
1.752665527587004423e+09
1.752665527592344999e+09
1.752665527597269773e+09
1.752665527602266073e+09
1.752665527607068300e+09
1.752665527612496853e+09
1.752665527616346359e+09
1.752665527622686863e+09
1.752665527626629353e+09
1.752665527632688046e+09
1.752665527636422634e+09
1.752665527642852545e+09
1.752665527646639109e+09
1.752665527650846481e+09
1.752665527657209396e+09
1.752665527662674665e+09
1.752665527666348457e+09
1.752665527675461769e+09
1.752665527676074028e+09
1.752665527682953835e+09
1.752665527686716318e+09
1.752665527692402363e+09
1.752665527696295977e+09
1.752665527702250719e+09
1.752665527710845470e+09
1.752665527713615417e+09
1.752665527716351509e+09
1.752665527722708702e+09
1.752665527726470709e+09
1.752665527731180429e+09
1.752665527737893105e+09
1.752665527743515491e+09
1.752665527746478796e+09
1.752665527752410173e+09
1.752665527757771969e+09
1.752665527761009693e+09
1.752665527766405344e+09
1.752665527770806551e+09
1.752665527776221275e+09
1.752665527783086538e+09
1.752665527786864758e+09
1.752665527790868282e+09
1.752665527796295643e+09
1.752665527802543879e+09
1.752665527806405544e+09
1.752665527814964056e+09
1.752665527816273451e+09
1.752665527822828770e+09
1.752665527826426506e+09
1.752665527832761049e+09
1.752665527836288452e+09
1.752665527842453957e+09
1.752665527847726345e+09
1.752665527851212740e+09
1.752665527856309652e+09
1.752665527861077309e+09
1.752665527867400169e+09
1.752665527872683287e+09
1.752665527876375437e+09
1.752665527883015394e+09
1.752665527886578798e+09
1.752665527890785694e+09
1.752665527896978855e+09
1.752665527900745392e+09
1.752665527906670570e+09
1.752665527912636757e+09
1.752665527916471958e+09
1.752665527922855616e+09
1.752665527926474810e+09
1.752665527932940960e+09
1.752665527936332703e+09
1.752665527942523479e+09
1.752665527946396828e+09
1.752665527951295137e+09
1.752665527956314564e+09
1.752665527962459087e+09
1.752665527966389418e+09
1.752665527972709179e+09
1.752665527977147818e+09
1.752665527982846737e+09
1.752665527986401320e+09
1.752665527992618799e+09
1.752665527996497154e+09
1.752665528002753258e+09
1.752665528006702900e+09
1.752665528012979746e+09
1.752665528016332626e+09
1.752665528022804022e+09
1.752665528026397228e+09
1.752665528032764673e+09
1.752665528036454678e+09
1.752665528041077614e+09
1.752665528046718121e+09
1.752665528051028013e+09
1.752665528056513309e+09
1.752665528062957048e+09
1.752665528066485167e+09
1.752665528072675467e+09
1.752665528076466322e+09
1.752665528083164930e+09
1.752665528086941481e+09
1.752665528094909430e+09
1.752665528096297741e+09
1.752665528103352785e+09
1.752665528106507778e+09
1.752665528112658262e+09
1.752665528116551638e+09
1.752665528122399330e+09
1.752665528126368523e+09
1.752665528132951736e+09
1.752665528137154579e+09
1.752665528142734051e+09
1.752665528146439075e+09
1.752665528152843237e+09
1.752665528156225443e+09
1.752665528161238432e+09
1.752665528166745901e+09
1.752665528170811892e+09
1.752665528176513195e+09
1.752665528182858229e+09
1.752665528186506987e+09
1.752665528192739487e+09
1.752665528196357965e+09
1.752665528202430964e+09
1.752665528206391811e+09
1.752665528212484837e+09
1.752665528216302156e+09
1.752665528223115206e+09
1.752665528226739645e+09
1.752665528234541893e+09
1.752665528236154318e+09
1.752665528242747545e+09
1.752665528246510744e+09
1.752665528250993490e+09
1.752665528257161379e+09
1.752665528262735367e+09
1.752665528266508102e+09
1.752665528272682905e+09
1.752665528276493073e+09
1.752665528280755043e+09
1.752665528286475420e+09
1.752665528292774200e+09
1.752665528296422958e+09
1.752665528302187920e+09
1.752665528306625843e+09
1.752665528311126947e+09
1.752665528317557335e+09
1.752665528320827723e+09
1.752665528326376438e+09
1.752665528330909967e+09
1.752665528338049173e+09
1.752665528342843533e+09
1.752665528346419573e+09
1.752665528352763891e+09
1.752665528356532574e+09
1.752665528362475872e+09
1.752665528366617441e+09
1.752665528374878407e+09
1.752665528376376629e+09
1.752665528382674217e+09
1.752665528386571169e+09
1.752665528393161774e+09
1.752665528397848845e+09
1.752665528401308060e+09
1.752665528406350851e+09
1.752665528412957191e+09
1.752665528416699409e+09
1.752665528422782421e+09
1.752665528426613569e+09
1.752665528430985928e+09
1.752665528437171459e+09
1.752665528442146540e+09
1.752665528446470737e+09
1.752665528452911615e+09
1.752665528457452297e+09
1.752665528463283300e+09
1.752665528466446400e+09
1.752665528472405195e+09
1.752665528477313519e+09
1.752665528480871677e+09
1.752665528486415625e+09
1.752665528492769003e+09
1.752665528496337414e+09
1.752665528502869129e+09
1.752665528506372929e+09
1.752665528512364388e+09
1.752665528518594742e+09
1.752665528522573709e+09
1.752665528526724815e+09
1.752665528530987501e+09
1.752665528536418915e+09
1.752665528542623043e+09
1.752665528546577930e+09
1.752665528550830126e+09
1.752665528556506872e+09
1.752665528562728167e+09
1.752665528566443920e+09
1.752665528572673559e+09
1.752665528576507330e+09
1.752665528582354546e+09
1.752665528586571932e+09
1.752665528592636824e+09
1.752665528596353769e+09
1.752665528600811243e+09
1.752665528606512785e+09
1.752665528613023043e+09
1.752665528616346836e+09
1.752665528622796535e+09
1.752665528626499176e+09
1.752665528632766485e+09
1.752665528636466980e+09
1.752665528643003225e+09
1.752665528646427393e+09
1.752665528651178837e+09
1.752665528656478643e+09
1.752665528662448645e+09
1.752665528666527748e+09
1.752665528673017502e+09
1.752665528677459478e+09
1.752665528681304216e+09
1.752665528686427832e+09
1.752665528692670822e+09
1.752665528696541786e+09
1.752665528701244354e+09
1.752665528706424713e+09
1.752665528712842703e+09
1.752665528716475487e+09
1.752665528722429276e+09
1.752665528726345062e+09
1.752665528731274128e+09
1.752665528736475945e+09
1.752665528743013144e+09
1.752665528746691465e+09
1.752665528751163721e+09
1.752665528756373644e+09
1.752665528761279821e+09
1.752665528766501188e+09
1.752665528772886276e+09
1.752665528777425289e+09
1.752665528780772448e+09
1.752665528786621332e+09
1.752665528792861462e+09
1.752665528798369884e+09
1.752665528802992582e+09
1.752665528806724787e+09
1.752665528812583208e+09
1.752665528816273451e+09
1.752665528823029757e+09
1.752665528826702356e+09
1.752665528832638025e+09
1.752665528836434126e+09
1.752665528842645168e+09
1.752665528846527338e+09
1.752665528852966309e+09
1.752665528856560946e+09
1.752665528862758636e+09
1.752665528866413355e+09
1.752665528872452974e+09
1.752665528876346827e+09
1.752665528882783413e+09
1.752665528886700869e+09
1.752665528892679930e+09
1.752665528896458387e+09
1.752665528902884007e+09
1.752665528906541348e+09
1.752665528912605286e+09
1.752665528917906284e+09
1.752665528923001289e+09
1.752665528926383972e+09
1.752665528932539225e+09
1.752665528936227560e+09
1.752665528941073656e+09
1.752665528946547985e+09
1.752665528950852871e+09
1.752665528957127333e+09
1.752665528962647915e+09
1.752665528966370106e+09
1.752665528972879171e+09
1.752665528976307869e+09
1.752665528982374191e+09
1.752665528986603975e+09
1.752665528992510796e+09
1.752665528997949362e+09
1.752665529002713680e+09
1.752665529006456375e+09
1.752665529012476444e+09
1.752665529017216682e+09
1.752665529023453236e+09
1.752665529026401520e+09
1.752665529032931089e+09
1.752665529037012577e+09
1.752665529042630196e+09
1.752665529046407223e+09
1.752665529052622557e+09
1.752665529056336641e+09
1.752665529062977791e+09
1.752665529066550016e+09
1.752665529075110435e+09
1.752665529076611280e+09
1.752665529082565784e+09
1.752665529086513042e+09
1.752665529092633486e+09
1.752665529096433640e+09
1.752665529102413893e+09
1.752665529106462002e+09
1.752665529112670183e+09
1.752665529116499186e+09
1.752665529122880459e+09
1.752665529126527786e+09
1.752665529132588863e+09
1.752665529136241436e+09
1.752665529145842791e+09
1.752665529147442102e+09
1.752665529151081324e+09
1.752665529156456709e+09
1.752665529162805796e+09
1.752665529166392088e+09
1.752665529172451496e+09
1.752665529176313877e+09
1.752665529180954456e+09
1.752665529186509132e+09
1.752665529192717552e+09
1.752665529197257042e+09
1.752665529202922344e+09
1.752665529206545115e+09
1.752665529215480804e+09
1.752665529216203213e+09
1.752665529222667933e+09
1.752665529226422548e+09
1.752665529232831955e+09
1.752665529236472368e+09
1.752665529242662907e+09
1.752665529246408939e+09
1.752665529250958443e+09
1.752665529256502867e+09
1.752665529262958527e+09
1.752665529266470909e+09
1.752665529272805214e+09
1.752665529276358128e+09
1.752665529283380032e+09
1.752665529286599636e+09
1.752665529292993069e+09
1.752665529296331882e+09
1.752665529302752256e+09
1.752665529306604624e+09
1.752665529312774658e+09
1.752665529316444635e+09
1.752665529322923660e+09
1.752665529326533794e+09
1.752665529332836628e+09
1.752665529336376667e+09
1.752665529342705011e+09
1.752665529346538067e+09
1.752665529350777388e+09
1.752665529359421968e+09
1.752665529360852003e+09
1.752665529366630077e+09
1.752665529372334003e+09
1.752665529376328468e+09
1.752665529383066893e+09
1.752665529386653900e+09
1.752665529392543554e+09
1.752665529396370649e+09
1.752665529402456999e+09
1.752665529406346083e+09
1.752665529410969973e+09
1.752665529417530060e+09
1.752665529422271490e+09
1.752665529426380634e+09
1.752665529433109522e+09
1.752665529437531710e+09
1.752665529442826509e+09
1.752665529446515083e+09
1.752665529452994108e+09
1.752665529457282305e+09
1.752665529460837126e+09
1.752665529466414690e+09
1.752665529472457409e+09
1.752665529476485968e+09
1.752665529482460737e+09
1.752665529486393929e+09
1.752665529494616032e+09
1.752665529496744394e+09
1.752665529501439095e+09
1.752665529506330967e+09
1.752665529513174057e+09
1.752665529516532898e+09
1.752665529522713423e+09
1.752665529526403427e+09
1.752665529532704115e+09
1.752665529536453009e+09
1.752665529545368671e+09
1.752665529551409721e+09
1.752665529556472301e+09
1.752665529565209150e+09
1.752665529566508770e+09
1.752665529573139191e+09
1.752665529577126026e+09
1.752665529581182480e+09
1.752665529586439133e+09
1.752665529592883348e+09
1.752665529597606182e+09
1.752665529602526665e+09
1.752665529606403828e+09
1.752665529612812042e+09
1.752665529616450310e+09
1.752665529622891188e+09
1.752665529626429796e+09
1.752665529635902643e+09
1.752665529636393309e+09
1.752665529642377615e+09
1.752665529646499872e+09
1.752665529651187658e+09
1.752665529656397581e+09
1.752665529662710190e+09
1.752665529666723490e+09
1.752665529672329903e+09
1.752665529676358938e+09
1.752665529683109045e+09
1.752665529686819077e+09
1.752665529692725897e+09
1.752665529696417332e+09
1.752665529703071594e+09
1.752665529706334352e+09
1.752665529713507175e+09
1.752665529718126059e+09
1.752665529722481966e+09
1.752665529726380825e+09
1.752665529732454300e+09
1.752665529737692356e+09
1.752665529743276358e+09
1.752665529746471882e+09
1.752665529750766039e+09
1.752665529757153988e+09
1.752665529762590885e+09
1.752665529766519070e+09
1.752665529775576115e+09
1.752665529775912285e+09
1.752665529782725573e+09
1.752665529786390543e+09
1.752665529792487860e+09
1.752665529796419382e+09
1.752665529803009987e+09
1.752665529807642460e+09
1.752665529811373234e+09
1.752665529816998005e+09
1.752665529822329044e+09
1.752665529826383829e+09
1.752665529832538605e+09
1.752665529836622477e+09
1.752665529842040539e+09
1.752665529847563028e+09
1.752665529850746393e+09
1.752665529857012272e+09
1.752665529862470388e+09
1.752665529866580725e+09
1.752665529872898579e+09
1.752665529876495838e+09
1.752665529882718563e+09
1.752665529886372089e+09
1.752665529892836809e+09
1.752665529896650791e+09
1.752665529900850058e+09
1.752665529906402349e+09
1.752665529912979126e+09
1.752665529916230679e+09
1.752665529921208143e+09
1.752665529926482916e+09
1.752665529932312727e+09
1.752665529937269449e+09
1.752665529940930367e+09
1.752665529946477890e+09
1.752665529952918768e+09
1.752665529956639528e+09
1.752665529962764263e+09
1.752665529966457605e+09
1.752665529972830534e+09
1.752665529976375818e+09
1.752665529982760668e+09
1.752665529986640692e+09
1.752665529992757082e+09
1.752665529996348381e+09
1.752665530002823353e+09
1.752665530006574154e+09
1.752665530012878656e+09
1.752665530016386032e+09
1.752665530022916555e+09
1.752665530026624203e+09
1.752665530032652617e+09
1.752665530036301851e+09
1.752665530042765379e+09
1.752665530046700716e+09
1.752665530055313110e+09
1.752665530055766821e+09
1.752665530062788248e+09
1.752665530066468000e+09
1.752665530072609186e+09
1.752665530076854467e+09
1.752665530082683802e+09
1.752665530086367846e+09
1.752665530092658758e+09
1.752665530097023487e+09
1.752665530103366137e+09
1.752665530106650591e+09
1.752665530112508774e+09
1.752665530116405249e+09
1.752665530122736454e+09
1.752665530126525879e+09
1.752665530132680416e+09
1.752665530136415243e+09
1.752665530142715216e+09
1.752665530147455692e+09
1.752665530151232958e+09
1.752665530156508207e+09
1.752665530162431240e+09
1.752665530166587591e+09
1.752665530170909405e+09
1.752665530177192211e+09
1.752665530182762146e+09
1.752665530186637402e+09
1.752665530190811157e+09
1.752665530196344614e+09
1.752665530202453852e+09
1.752665530206504822e+09
1.752665530213243961e+09
1.752665530217753172e+09
1.752665530222498655e+09
1.752665530226486683e+09
1.752665530232319832e+09
1.752665530236426353e+09
1.752665530240933657e+09
1.752665530246482849e+09
1.752665530250997066e+09
1.752665530256390572e+09
1.752665530262415886e+09
1.752665530266440868e+09
1.752665530270751476e+09
1.752665530277836084e+09
1.752665530282496691e+09
1.752665530286470890e+09
1.752665530290767670e+09
1.752665530297343969e+09
1.752665530303054333e+09
1.752665530306528807e+09
1.752665530312510729e+09
1.752665530316372156e+09
1.752665530320733786e+09
1.752665530326553583e+09
1.752665530334813356e+09
1.752665530338191032e+09
1.752665530340860128e+09
1.752665530346604109e+09
1.752665530353100777e+09
1.752665530356307030e+09
1.752665530362625360e+09
1.752665530366458893e+09
1.752665530373309135e+09
1.752665530376556635e+09
1.752665530382409334e+09
1.752665530386871099e+09
1.752665530393117905e+09
1.752665530396326303e+09
1.752665530403010607e+09
1.752665530406712294e+09
1.752665530411192656e+09
1.752665530416429758e+09
1.752665530422582865e+09
1.752665530426655769e+09
1.752665530432956934e+09
1.752665530437375546e+09
1.752665530442639351e+09
1.752665530446365833e+09
1.752665530452410698e+09
1.752665530457648993e+09
1.752665530463250637e+09
1.752665530466700792e+09
1.752665530470768213e+09
1.752665530475814819e+09
1.752665530482582569e+09
1.752665530486379147e+09
1.752665530492417574e+09
1.752665530496488333e+09
1.752665530502863646e+09
1.752665530506378412e+09
1.752665530512585878e+09
1.752665530516255379e+09
1.752665530522630215e+09
1.752665530526520252e+09
1.752665530530968666e+09
1.752665530536311865e+09
1.752665530541283369e+09
1.752665530546650410e+09
1.752665530551458836e+09
1.752665530557137012e+09
1.752665530562905788e+09
1.752665530566439390e+09
1.752665530572517395e+09
1.752665530577389717e+09
1.752665530581204176e+09
1.752665530587163210e+09
1.752665530592351198e+09
1.752665530596246243e+09
1.752665530601236105e+09
1.752665530607448816e+09
1.752665530614339828e+09
1.752665530616096735e+09
1.752665530622956038e+09
1.752665530626570702e+09
1.752665530632411957e+09
1.752665530636297941e+09
1.752665530643222570e+09
1.752665530646792173e+09
1.752665530652453184e+09
1.752665530656299353e+09
1.752665530662784576e+09
1.752665530666593790e+09
1.752665530672682047e+09
1.752665530676547289e+09
1.752665530684468746e+09
1.752665530686418295e+09
1.752665530690846443e+09
1.752665530696499825e+09
1.752665530702610731e+09
1.752665530706528664e+09
1.752665530713164330e+09
1.752665530717739105e+09
1.752665530722801208e+09
1.752665530726374865e+09
1.752665530733430624e+09
1.752665530737451315e+09
1.752665530740786314e+09
1.752665530746390104e+09
1.752665530754540682e+09
1.752665530756199121e+09
1.752665530762798548e+09
1.752665530766505003e+09
1.752665530773209572e+09
1.752665530777223825e+09
1.752665530782738924e+09
1.752665530786586523e+09
1.752665530790742874e+09
1.752665530796696424e+09
1.752665530802953720e+09
1.752665530806532621e+09
1.752665530813069582e+09
1.752665530817538738e+09
1.752665530822794914e+09
1.752665530826525211e+09
1.752665530832723141e+09
1.752665530836430073e+09
1.752665530842980146e+09
1.752665530846431494e+09
1.752665530853052616e+09
1.752665530856620789e+09
1.752665530860801935e+09
1.752665530866536856e+09
1.752665530872384787e+09
1.752665530877768993e+09
1.752665530883368969e+09
1.752665530886553049e+09
1.752665530894141197e+09
1.752665530896411896e+09
1.752665530900868416e+09
1.752665530907750368e+09
1.752665530911040545e+09
1.752665530916438103e+09
1.752665530922524691e+09
1.752665530926655054e+09
1.752665530930855751e+09
1.752665530936428785e+09
1.752665530942825079e+09
1.752665530946611643e+09
1.752665530951378345e+09
1.752665530957376480e+09
1.752665530963188171e+09
1.752665530966380835e+09
1.752665530972668171e+09
1.752665530977444887e+09
1.752665530982867479e+09
1.752665530986461163e+09
1.752665530993080854e+09
1.752665530997687101e+09
1.752665531002496719e+09
1.752665531006436825e+09
1.752665531012814522e+09
1.752665531017777443e+09
1.752665531021211624e+09
1.752665531026510000e+09
1.752665531034948587e+09
1.752665531036513329e+09
1.752665531042655468e+09
1.752665531046429873e+09
1.752665531052911758e+09
1.752665531056427956e+09
1.752665531062817812e+09
1.752665531066453218e+09
1.752665531071150064e+09
1.752665531077280521e+09
1.752665531082719326e+09
1.752665531086523056e+09
1.752665531090744019e+09
1.752665531096521616e+09
1.752665531101422071e+09
1.752665531106536150e+09
1.752665531112801790e+09
1.752665531116408825e+09
1.752665531122768879e+09
1.752665531126406431e+09
1.752665531132664919e+09
1.752665531136286736e+09
1.752665531142316103e+09
1.752665531146407366e+09
1.752665531150754213e+09
1.752665531156570435e+09
1.752665531162908554e+09
1.752665531166402578e+09
1.752665531175102472e+09
1.752665531176586151e+09
1.752665531183226109e+09
1.752665531186482430e+09
1.752665531192603111e+09
1.752665531196527004e+09
1.752665531202524185e+09
1.752665531206452370e+09
1.752665531212714911e+09
1.752665531216567755e+09
1.752665531221210480e+09
1.752665531226583242e+09
1.752665531232531786e+09
1.752665531236385345e+09
1.752665531243355751e+09
1.752665531246535778e+09
1.752665531250770092e+09
1.752665531256413937e+09
1.752665531263042927e+09
1.752665531266502857e+09
1.752665531272958517e+09
1.752665531277158499e+09
1.752665531282742739e+09
1.752665531286459923e+09
1.752665531292705774e+09
1.752665531296457767e+09
1.752665531300756454e+09
1.752665531306666136e+09
1.752665531314162254e+09
1.752665531316385031e+09
1.752665531321064234e+09
1.752665531326547623e+09
1.752665531332788944e+09
1.752665531336527586e+09
1.752665531342728853e+09
1.752665531346495628e+09
1.752665531350871086e+09
1.752665531356480837e+09
1.752665531362713337e+09
1.752665531366792440e+09
1.752665531373041630e+09
1.752665531377028942e+09
1.752665531382616043e+09
1.752665531386528492e+09
1.752665531393084526e+09
1.752665531396657705e+09
1.752665531402674437e+09
1.752665531406470537e+09
1.752665531412533998e+09
1.752665531416297436e+09
1.752665531423388243e+09
1.752665531427071095e+09
1.752665531432768106e+09
1.752665531436519623e+09
1.752665531442701578e+09
1.752665531446550369e+09
1.752665531450926542e+09
1.752665531458439350e+09
1.752665531461330891e+09
1.752665531466464996e+09
1.752665531472512722e+09
1.752665531476263285e+09
1.752665531482988834e+09
1.752665531486881733e+09
1.752665531490834713e+09
1.752665531496447325e+09
1.752665531500789642e+09
1.752665531506520033e+09
1.752665531513278246e+09
1.752665531516488075e+09
1.752665531521181107e+09
1.752665531526504278e+09
1.752665531533117533e+09
1.752665531536403894e+09
1.752665531542458296e+09
1.752665531546669245e+09
1.752665531552511930e+09
1.752665531556300879e+09
1.752665531560763836e+09
1.752665531567193270e+09
1.752665531572657824e+09
1.752665531576421022e+09
1.752665531582841158e+09
1.752665531586413622e+09
1.752665531594932795e+09
1.752665531596771955e+09
1.752665531602612495e+09
1.752665531606513739e+09
1.752665531613012791e+09
1.752665531617550611e+09
1.752665531621026039e+09
1.752665531626357555e+09
1.752665531632901669e+09
1.752665531637393951e+09
1.752665531642654181e+09
1.752665531646518946e+09
1.752665531650792360e+09
1.752665531656270027e+09
1.752665531661477089e+09
1.752665531666590691e+09
1.752665531671012402e+09
1.752665531677774906e+09
1.752665531682528734e+09
1.752665531686412573e+09
1.752665531691029310e+09
1.752665531697246313e+09
1.752665531702674627e+09
1.752665531706543207e+09
1.752665531712931156e+09
1.752665531716386080e+09
1.752665531722805023e+09
1.752665531726743698e+09
1.752665531730759382e+09
1.752665531737250090e+09
1.752665531740853071e+09
1.752665531746425152e+09
1.752665531752386093e+09
1.752665531756340981e+09
1.752665531762499332e+09
1.752665531766650200e+09
1.752665531770935535e+09
1.752665531776308775e+09
1.752665531782526493e+09
1.752665531786768198e+09
1.752665531790790796e+09
1.752665531796416044e+09
1.752665531802789688e+09
1.752665531806550503e+09
1.752665531810774565e+09
1.752665531816573620e+09
1.752665531822704315e+09
1.752665531826880932e+09
1.752665531833561182e+09
1.752665531836429358e+09
1.752665531842537403e+09
1.752665531848763466e+09
1.752665531852510452e+09
1.752665531856998205e+09
1.752665531863067627e+09
1.752665531866336823e+09
1.752665531873792171e+09
1.752665531876812220e+09
1.752665531882499933e+09
1.752665531886419058e+09
1.752665531893245935e+09
1.752665531896555185e+09
1.752665531902388334e+09
1.752665531906502247e+09
1.752665531913008451e+09
1.752665531917259216e+09
1.752665531922839880e+09
1.752665531926616907e+09
1.752665531932343006e+09
1.752665531936377764e+09
1.752665531941174984e+09
1.752665531946644306e+09
1.752665531953230858e+09
1.752665531956490040e+09
1.752665531961060524e+09
1.752665531966712475e+09
1.752665531972703218e+09
1.752665531976428747e+09
1.752665531982683659e+09
1.752665531986511469e+09
1.752665531992765665e+09
1.752665531996489048e+09
1.752665532000948429e+09
1.752665532006375074e+09
1.752665532013608456e+09
1.752665532016466618e+09
1.752665532021293163e+09
1.752665532027753115e+09
1.752665532032423973e+09
1.752665532036424637e+09
1.752665532043001890e+09
1.752665532047760010e+09
1.752665532052687168e+09
1.752665532056327343e+09
1.752665532062683344e+09
1.752665532066372395e+09
1.752665532072310925e+09
1.752665532076280594e+09
1.752665532081145525e+09
1.752665532086447477e+09
1.752665532093026161e+09
1.752665532097728491e+09
1.752665532102458954e+09
1.752665532106334209e+09
1.752665532113258123e+09
1.752665532116824389e+09
1.752665532121215582e+09
1.752665532126430035e+09
1.752665532132690907e+09
1.752665532136454821e+09
1.752665532142797470e+09
1.752665532146826029e+09
1.752665532150813580e+09
1.752665532156480312e+09
1.752665532162421227e+09
1.752665532166371584e+09
1.752665532172828436e+09
1.752665532176416874e+09
1.752665532182681799e+09
1.752665532186404705e+09
1.752665532192940712e+09
1.752665532197319269e+09
1.752665532202727079e+09
1.752665532206482887e+09
1.752665532212557554e+09
1.752665532216476917e+09
1.752665532221197128e+09
1.752665532226653099e+09
1.752665532232646942e+09
1.752665532236430168e+09
1.752665532242867231e+09
1.752665532246469736e+09
1.752665532250985384e+09
1.752665532256301641e+09
1.752665532262790442e+09
1.752665532266710758e+09
1.752665532271196365e+09
1.752665532276444912e+09
1.752665532282806873e+09
1.752665532286384106e+09
1.752665532290896654e+09
1.752665532297528982e+09
1.752665532301167727e+09
1.752665532306409836e+09
1.752665532312439919e+09
1.752665532317263842e+09
1.752665532323178053e+09
1.752665532326418161e+09
1.752665532332480431e+09
1.752665532337270260e+09
1.752665532343058586e+09
1.752665532346589804e+09
1.752665532352858543e+09
1.752665532356496572e+09
1.752665532361168385e+09
1.752665532366371155e+09
1.752665532372661591e+09
1.752665532377426147e+09
1.752665532383331776e+09
1.752665532386439323e+09
1.752665532392461777e+09
1.752665532397475958e+09
1.752665532400881290e+09
1.752665532406392097e+09
1.752665532412821531e+09
1.752665532417294502e+09
1.752665532422725201e+09
1.752665532428586006e+09
1.752665532431193829e+09
1.752665532436253548e+09
1.752665532442392588e+09
1.752665532446762800e+09
1.752665532451179743e+09
1.752665532456366539e+09
1.752665532462379456e+09
1.752665532467406273e+09
1.752665532473494291e+09
1.752665532476301908e+09
1.752665532482468605e+09
1.752665532486590147e+09
1.752665532492411852e+09
1.752665532497324467e+09
1.752665532502446413e+09
1.752665532506407499e+09
1.752665532512442827e+09
1.752665532517200947e+09
1.752665532523133993e+09
1.752665532526377916e+09
1.752665532532808304e+09
1.752665532536493301e+09
1.752665532542356253e+09
1.752665532546563387e+09
1.752665532552680969e+09
1.752665532557250023e+09
1.752665532562470913e+09
1.752665532566424847e+09
1.752665532570830345e+09
1.752665532576163054e+09
1.752665532582446575e+09
1.752665532586591005e+09
1.752665532593191147e+09
1.752665532596513033e+09
1.752665532602425337e+09
1.752665532606538534e+09
1.752665532610861778e+09
1.752665532616489410e+09
1.752665532621306658e+09
1.752665532628440857e+09
1.752665532632368565e+09
1.752665532636358500e+09
1.752665532642686367e+09
1.752665532646770239e+09
1.752665532652956963e+09
1.752665532656490326e+09
1.752665532662489891e+09
1.752665532666402817e+09
1.752665532672497511e+09
1.752665532676438570e+09
1.752665532683211565e+09
1.752665532686691284e+09
1.752665532690754652e+09
1.752665532696418285e+09
1.752665532701169729e+09
1.752665532706676245e+09
1.752665532713107824e+09
1.752665532719942808e+09
1.752665532720766306e+09
1.752665532726478577e+09
1.752665532730768204e+09
1.752665532737079859e+09
1.752665532742693186e+09
1.752665532746494055e+09
1.752665532752363920e+09
1.752665532756262064e+09
1.752665532761383533e+09
1.752665532766412258e+09
1.752665532773177385e+09
1.752665532777433395e+09
1.752665532782623768e+09
1.752665532786490202e+09
1.752665532792745829e+09
1.752665532797067165e+09
1.752665532801187754e+09
1.752665532806528807e+09
1.752665532812655926e+09
1.752665532816692591e+09
1.752665532822662115e+09
1.752665532826511621e+09
1.752665532832759380e+09
1.752665532836269379e+09
1.752665532842429638e+09
1.752665532847401142e+09
1.752665532850906849e+09
1.752665532855767250e+09
1.752665532862398863e+09
1.752665532867676735e+09
1.752665532870857716e+09
1.752665532876271009e+09
1.752665532882355213e+09
1.752665532886625767e+09
1.752665532892991543e+09
1.752665532897393703e+09
1.752665532903371811e+09
1.752665532906423807e+09
1.752665532912697315e+09
1.752665532917385817e+09
1.752665532923030376e+09
1.752665532928263903e+09
1.752665532932457685e+09
1.752665532936262131e+09
1.752665532943096638e+09
1.752665532946357727e+09
1.752665532950780392e+09
1.752665532956502676e+09
1.752665532962663889e+09
1.752665532966423750e+09
1.752665532972375870e+09
1.752665532977638245e+09
1.752665532983339787e+09
1.752665532986644268e+09
1.752665532993733644e+09
1.752665532997551918e+09
1.752665533001058578e+09
1.752665533007226229e+09
1.752665533011056900e+09
1.752665533016712427e+09
1.752665533022918940e+09
1.752665533026609421e+09
1.752665533032515526e+09
1.752665533036368370e+09
1.752665533043371916e+09
1.752665533046794415e+09
1.752665533052625656e+09
1.752665533056457996e+09
1.752665533062089682e+09
1.752665533066523314e+09
1.752665533072601557e+09
1.752665533076607704e+09
1.752665533082740068e+09
1.752665533086529255e+09
1.752665533092909336e+09
1.752665533096497774e+09
1.752665533101495266e+09
1.752665533106703043e+09
1.752665533112644911e+09
1.752665533116465569e+09
1.752665533122882366e+09
1.752665533126433611e+09
1.752665533131196976e+09
1.752665533136326075e+09
1.752665533142343998e+09
1.752665533146352530e+09
1.752665533151179790e+09
1.752665533157157898e+09
1.752665533162479639e+09
1.752665533166499376e+09
1.752665533172832012e+09
1.752665533177685738e+09
1.752665533183097363e+09
1.752665533186655283e+09
1.752665533191063643e+09
1.752665533196438313e+09
1.752665533203319073e+09
1.752665533206406832e+09
1.752665533212503433e+09
1.752665533216536522e+09
1.752665533220836163e+09
1.752665533226791859e+09
1.752665533232512951e+09
1.752665533236330509e+09
1.752665533242853642e+09
1.752665533247296333e+09
1.752665533250905752e+09
1.752665533256588459e+09
1.752665533263011217e+09
1.752665533266492605e+09
1.752665533272681236e+09
1.752665533276906729e+09
1.752665533282938957e+09
1.752665533287336349e+09
1.752665533290879726e+09
1.752665533296425581e+09
1.752665533302978516e+09
1.752665533306499481e+09
1.752665533312628984e+09
1.752665533316459894e+09
1.752665533323212385e+09
1.752665533327676773e+09
1.752665533332458735e+09
1.752665533336271048e+09
1.752665533341711283e+09
1.752665533346452475e+09
1.752665533351018190e+09
1.752665533356532574e+09
1.752665533362636089e+09
1.752665533366385937e+09
1.752665533372382402e+09
1.752665533376674652e+09
1.752665533381095171e+09
1.752665533386484146e+09
1.752665533392529249e+09
1.752665533396544218e+09
1.752665533401206732e+09
1.752665533406554937e+09
1.752665533415199757e+09
1.752665533417348623e+09
1.752665533420971632e+09
1.752665533426387787e+09
1.752665533432466269e+09
1.752665533437764883e+09
1.752665533440929890e+09
1.752665533446380377e+09
1.752665533452384472e+09
1.752665533457532644e+09
1.752665533463046551e+09
1.752665533466683149e+09
1.752665533472802401e+09
1.752665533477208614e+09
1.752665533482743740e+09
1.752665533486485243e+09
1.752665533492676497e+09
1.752665533496511459e+09
1.752665533501163244e+09
1.752665533506356716e+09
1.752665533512407064e+09
1.752665533516336203e+09
1.752665533522773981e+09
1.752665533526876450e+09
1.752665533532517910e+09
1.752665533536422729e+09
1.752665533543023586e+09
1.752665533546601534e+09
1.752665533551305771e+09
1.752665533557416677e+09
1.752665533562907934e+09
1.752665533566528559e+09
1.752665533572626591e+09
1.752665533576470613e+09
1.752665533580953836e+09
1.752665533587628603e+09
1.752665533592594624e+09
1.752665533596309423e+09
1.752665533601197243e+09
1.752665533607597828e+09
1.752665533612512112e+09
1.752665533616407394e+09
1.752665533622128010e+09
1.752665533626714468e+09
1.752665533632425308e+09
1.752665533636419535e+09
1.752665533642633915e+09
1.752665533646426916e+09
1.752665533651215792e+09
1.752665533657371044e+09
1.752665533662412882e+09
1.752665533666374445e+09
1.752665533670765400e+09
1.752665533677260876e+09
1.752665533682372808e+09
1.752665533686500311e+09
1.752665533691840172e+09
1.752665533697790146e+09
1.752665533703040600e+09
1.752665533706595182e+09
1.752665533711390972e+09
1.752665533717784882e+09
1.752665533720810413e+09
1.752665533726403952e+09
1.752665533732998610e+09
1.752665533737440109e+09
1.752665533742377996e+09
1.752665533746371269e+09
1.752665533752978802e+09
1.752665533757534981e+09
1.752665533760859251e+09
1.752665533767362356e+09
1.752665533772526503e+09
1.752665533777089119e+09
1.752665533782581329e+09
1.752665533786440372e+09
1.752665533792865515e+09
1.752665533796659946e+09
1.752665533802941084e+09
1.752665533806386948e+09
1.752665533812639952e+09
1.752665533816295147e+09
1.752665533822633982e+09
1.752665533828110933e+09
1.752665533831832409e+09
1.752665533836298943e+09
1.752665533843163252e+09
1.752665533847395420e+09
1.752665533851181746e+09
1.752665533856466770e+09
1.752665533863241673e+09
1.752665533866714716e+09
1.752665533872617722e+09
1.752665533877191067e+09
1.752665533882722378e+09
1.752665533886384726e+09
1.752665533890763998e+09
1.752665533896276236e+09
1.752665533903563738e+09
1.752665533906416416e+09
1.752665533912341833e+09
1.752665533917264462e+09
1.752665533920987844e+09
1.752665533926375151e+09
1.752665533932339907e+09
1.752665533936272144e+09
1.752665533943318844e+09
1.752665533946512699e+09
1.752665533950807571e+09
1.752665533956475019e+09
1.752665533962639570e+09
1.752665533966428757e+09
1.752665533973559618e+09
1.752665533977589130e+09
1.752665533983085871e+09
1.752665533986518383e+09
1.752665533992501736e+09
1.752665533997255087e+09
1.752665534001202106e+09
1.752665534006553650e+09
1.752665534012625933e+09
1.752665534017505646e+09
1.752665534021171808e+09
1.752665534026450872e+09
1.752665534030766487e+09
1.752665534036717892e+09
1.752665534042666912e+09
1.752665534048409700e+09
1.752665534052505493e+09
1.752665534057136536e+09
1.752665534063129902e+09
1.752665534066689491e+09
1.752665534072813749e+09
1.752665534078526735e+09
1.752665534081409216e+09
1.752665534086469889e+09
1.752665534092433453e+09
1.752665534096564531e+09
1.752665534101301193e+09
1.752665534107201576e+09
1.752665534114769459e+09
1.752665534116447210e+09
1.752665534123585939e+09
1.752665534128181696e+09
1.752665534131460190e+09
1.752665534136313677e+09
1.752665534140767813e+09
1.752665534146640301e+09
1.752665534154560804e+09
1.752665534156728983e+09
1.752665534163192987e+09
1.752665534166888475e+09
1.752665534172547340e+09
1.752665534176290274e+09
1.752665534181198597e+09
1.752665534189054251e+09
