1.753182380017661810e+09
1.753182380073194742e+09
1.753182380074156523e+09
1.753182380095337868e+09
1.753182380096256256e+09
1.753182380099079370e+09
1.753182380099978685e+09
1.753182380113051414e+09
1.753182380114028692e+09
1.753182380115231276e+09
1.753182380116194487e+09
1.753182380131449461e+09
1.753182380132307529e+09
1.753182380133390665e+09
1.753182380134152412e+09
1.753182380146174192e+09
1.753182380146964550e+09
1.753182380148074150e+09
1.753182380148866892e+09
1.753182380166940212e+09
1.753182380167822599e+09
1.753182380168906450e+09
1.753182380169879198e+09
1.753182380191440105e+09
1.753182380192379475e+09
1.753182380193536997e+09
1.753182380194553614e+09
1.753182380205892801e+09
1.753182380206836224e+09
1.753182380208082676e+09
1.753182380209003687e+09
1.753182380233078241e+09
1.753182380233998299e+09
1.753182380235049963e+09
1.753182380235847950e+09
1.753182380250186443e+09
1.753182380251111507e+09
1.753182380252361774e+09
1.753182380253306389e+09
1.753182380268630266e+09
1.753182380269729376e+09
1.753182380271358967e+09
1.753182380272272348e+09
1.753182380286605358e+09
1.753182380287558556e+09
1.753182380288734913e+09
1.753182380289634466e+09
1.753182380302599430e+09
1.753182380303601742e+09
1.753182380304910421e+09
1.753182380305994034e+09
1.753182380320494175e+09
1.753182380321378708e+09
1.753182380322417259e+09
1.753182380323197842e+09
1.753182380335124493e+09
1.753182380336169481e+09
1.753182380337480307e+09
1.753182380338593721e+09
1.753182380353424788e+09
1.753182380354544878e+09
1.753182380355864763e+09
1.753182380356847286e+09
1.753182380372550249e+09
1.753182380373659134e+09
1.753182380374952555e+09
1.753182380375961781e+09
1.753182380389583111e+09
1.753182380390444756e+09
1.753182380391462326e+09
1.753182380392273664e+09
1.753182380402702332e+09
1.753182380403515816e+09
1.753182380404500484e+09
1.753182380405263662e+09
1.753182380417011499e+09
1.753182380417824030e+09
1.753182380418808222e+09
1.753182380419542313e+09
1.753182380429177761e+09
1.753182380429956913e+09
1.753182380430970430e+09
1.753182380431756496e+09
1.753182380442642212e+09
1.753182380443628550e+09
1.753182380444643497e+09
1.753182380445398331e+09
1.753182380455709934e+09
1.753182380456703663e+09
1.753182380458005905e+09
1.753182380459084749e+09
1.753182380471022844e+09
1.753182380471837997e+09
1.753182380472854614e+09
1.753182380474361181e+09
1.753182380483740330e+09
1.753182380484526396e+09
1.753182380485533476e+09
1.753182380486287355e+09
1.753182380496217012e+09
1.753182380497011423e+09
1.753182380497969866e+09
1.753182380498759508e+09
1.753182380511286259e+09
1.753182380512121916e+09
1.753182380513135672e+09
1.753182380513957977e+09
1.753182380524177551e+09
1.753182380525024414e+09
1.753182380526042223e+09
1.753182380526855230e+09
1.753182380536493778e+09
1.753182380537303925e+09
1.753182380538336039e+09
1.753182380539169073e+09
1.753182380550418615e+09
1.753182380551224470e+09
1.753182380552235842e+09
1.753182380552997112e+09
1.753182380562214375e+09
1.753182380563022852e+09
1.753182380564046383e+09
1.753182380564839363e+09
1.753182380576667547e+09
1.753182380577751637e+09
1.753182380578796864e+09
1.753182380579650402e+09
1.753182380589524746e+09
1.753182380590332747e+09
1.753182380591362953e+09
1.753182380592169762e+09
1.753182380602997780e+09
1.753182380604158878e+09
1.753182380605504513e+09
1.753182380606389761e+09
1.753182380617721558e+09
1.753182380618637800e+09
1.753182380619683266e+09
1.753182380620493412e+09
1.753182380630425930e+09
1.753182380631282330e+09
1.753182380632293224e+09
1.753182380633218050e+09
1.753182380643804789e+09
1.753182380644640446e+09
1.753182380645686626e+09
1.753182380646506310e+09
1.753182380656401873e+09
1.753182380657306433e+09
1.753182380658295155e+09
1.753182380659060955e+09
1.753182380668297291e+09
1.753182380669072151e+09
1.753182380670027971e+09
1.753182380670842171e+09
1.753182380681321383e+09
1.753182380682140112e+09
1.753182380683146000e+09
1.753182380683911085e+09
1.753182380693002701e+09
1.753182380693835258e+09
1.753182380694828272e+09
1.753182380695588827e+09
1.753182380705429554e+09
1.753182380706246376e+09
1.753182380707368135e+09
1.753182380708314419e+09
1.753182380717981100e+09
1.753182380718782187e+09
1.753182380719796181e+09
1.753182380720599651e+09
1.753182380730308056e+09
1.753182380731098652e+09
1.753182380732070208e+09
1.753182380732850313e+09
1.753182380743209362e+09
1.753182380744248390e+09
1.753182380745471239e+09
1.753182380746377945e+09
1.753182380756492853e+09
1.753182380757386684e+09
1.753182380758507490e+09
1.753182380759377718e+09
1.753182380769604445e+09
1.753182380770683050e+09
1.753182380771969795e+09
1.753182380773153305e+09
1.753182380785876751e+09
1.753182380786794424e+09
1.753182380787840605e+09
1.753182380788673639e+09
1.753182380798563004e+09
1.753182380799398899e+09
1.753182380800433636e+09
1.753182380801242352e+09
1.753182380814035654e+09
1.753182380815247536e+09
1.753182380816492081e+09
1.753182380817547083e+09
1.753182380828077793e+09
1.753182380828896284e+09
1.753182380829885244e+09
1.753182380830669165e+09
1.753182380842888355e+09
1.753182380843752146e+09
1.753182380844790936e+09
1.753182380845587969e+09
1.753182380855180740e+09
1.753182380856029749e+09
1.753182380857038736e+09
1.753182380857806683e+09
1.753182380867467165e+09
1.753182380868299246e+09
1.753182380869285345e+09
1.753182380870064020e+09
1.753182380880689383e+09
1.753182380881623507e+09
1.753182380882641554e+09
1.753182380883428097e+09
1.753182380892935991e+09
1.753182380893738985e+09
1.753182380894719601e+09
1.753182380895522594e+09
1.753182380904908657e+09
1.753182380907276392e+09
1.753182380909823895e+09
1.753182380910819054e+09
1.753182380921220303e+09
1.753182380922133446e+09
1.753182380923215389e+09
1.753182380924016953e+09
1.753182380933195114e+09
1.753182380934025049e+09
1.753182380934998751e+09
1.753182380935765266e+09
1.753182380948057890e+09
1.753182380948882580e+09
1.753182380949901581e+09
1.753182380950662851e+09
1.753182380960345268e+09
1.753182380961284161e+09
1.753182380962296724e+09
1.753182380963196278e+09
1.753182380974140882e+09
1.753182380975014448e+09
1.753182380976018429e+09
1.753182380976804256e+09
1.753182380986478806e+09
1.753182380987327337e+09
1.753182380988363028e+09
1.753182380989124775e+09
1.753182380999067307e+09
1.753182380999883413e+09
1.753182381000878572e+09
1.753182381001657009e+09
1.753182381013784885e+09
1.753182381014640570e+09
1.753182381015686750e+09
1.753182381016500711e+09
1.753182381026427984e+09
1.753182381027361631e+09
1.753182381028365850e+09
1.753182381029151201e+09
1.753182381038613319e+09
1.753182381040435791e+09
1.753182381041666269e+09
1.753182381042954922e+09
1.753182381052817345e+09
1.753182381053640366e+09
1.753182381054670095e+09
1.753182381055444002e+09
1.753182381064679146e+09
1.753182381065511942e+09
1.753182381066503525e+09
1.753182381067295074e+09
1.753182381079517603e+09
1.753182381080317736e+09
1.753182381081360579e+09
1.753182381082172632e+09
1.753182381091371059e+09
1.753182381092223883e+09
1.753182381093222380e+09
1.753182381094010830e+09
1.753182381103595972e+09
1.753182381104442596e+09
1.753182381105578661e+09
1.753182381107217312e+09
1.753182381116918087e+09
1.753182381117714882e+09
1.753182381118825912e+09
1.753182381119632244e+09
1.753182381129386187e+09
1.753182381130231142e+09
1.753182381131298304e+09
1.753182381132110119e+09
1.753182381143559217e+09
1.753182381144768715e+09
1.753182381146081209e+09
1.753182381147109985e+09
1.753182381161365986e+09
1.753182381162518740e+09
1.753182381163865805e+09
1.753182381164892197e+09
1.753182381178504705e+09
1.753182381179610729e+09
1.753182381180951357e+09
1.753182381182053328e+09
1.753182381194748163e+09
1.753182381195594788e+09
1.753182381196636677e+09
1.753182381197457552e+09
1.753182381209925413e+09
1.753182381210782528e+09
1.753182381211799860e+09
1.753182381212605238e+09
1.753182381222747803e+09
1.753182381223582506e+09
1.753182381224590778e+09
1.753182381225382566e+09
1.753182381234622478e+09
1.753182381235436201e+09
1.753182381236439705e+09
1.753182381237250566e+09
1.753182381249258995e+09
1.753182381250155449e+09
1.753182381251242399e+09
1.753182381252038240e+09
1.753182381261540890e+09
1.753182381262368917e+09
1.753182381263361931e+09
1.753182381264132261e+09
1.753182381274064541e+09
1.753182381276978731e+09
1.753182381278230429e+09
1.753182381279148340e+09
1.753182381289295435e+09
1.753182381290186644e+09
1.753182381291257858e+09
1.753182381292100430e+09
1.753182381301673174e+09
1.753182381302526712e+09
1.753182381303537846e+09
1.753182381304351330e+09
1.753182381314983606e+09
1.753182381315846443e+09
1.753182381316872120e+09
1.753182381317759991e+09
1.753182381329026699e+09
1.753182381330180883e+09
1.753182381331545591e+09
1.753182381332665205e+09
1.753182381351551056e+09
1.753182381352793694e+09
1.753182381354269266e+09
1.753182381355425358e+09
1.753182381367860079e+09
1.753182381368716002e+09
1.753182381369722366e+09
1.753182381370583057e+09
1.753182381381645918e+09
1.753182381382576942e+09
1.753182381383644342e+09
1.753182381384499550e+09
1.753182381394315481e+09
1.753182381395166159e+09
1.753182381396224260e+09
1.753182381397066832e+09
1.753182381406661749e+09
1.753182381407539129e+09
1.753182381411787748e+09
1.753182381412682533e+09
1.753182381422968149e+09
1.753182381423883915e+09
1.753182381424900532e+09
1.753182381425691366e+09
1.753182381435128689e+09
1.753182381435984612e+09
1.753182381437030554e+09
1.753182381437839985e+09
1.753182381451913834e+09
1.753182381452808619e+09
1.753182381453919888e+09
1.753182381454772472e+09
1.753182381464104176e+09
1.753182381464955330e+09
1.753182381466186047e+09
1.753182381467009783e+09
1.753182381479347944e+09
1.753182381480462074e+09
1.753182381481887579e+09
1.753182381483042479e+09
1.753182381495627403e+09
1.753182381496466637e+09
1.753182381497494936e+09
1.753182381498349667e+09
1.753182381508577347e+09
1.753182381513040304e+09
1.753182381514182329e+09
1.753182381514986992e+09
1.753182381524630785e+09
1.753182381525459528e+09
1.753182381526503563e+09
1.753182381527318001e+09
1.753182381537129879e+09
1.753182381537997246e+09
1.753182381538994074e+09
1.753182381539815187e+09
1.753182381550297737e+09
1.753182381551177263e+09
1.753182381552238941e+09
1.753182381553036690e+09
1.753182381562686682e+09
1.753182381563584089e+09
1.753182381564599752e+09
1.753182381565403938e+09
1.753182381575012922e+09
1.753182381575961828e+09
1.753182381579211950e+09
1.753182381580607891e+09
1.753182381591681480e+09
1.753182381592524767e+09
1.753182381593578577e+09
1.753182381594439507e+09
1.753182381603559971e+09
1.753182381604397058e+09
1.753182381605421066e+09
1.753182381606237888e+09
1.753182381618109703e+09
1.753182381618995428e+09
1.753182381620116711e+09
1.753182381620934725e+09
1.753182381630190611e+09
1.753182381631056547e+09
1.753182381632099152e+09
1.753182381632939339e+09
1.753182381643671751e+09
1.753182381646826744e+09
1.753182381648138523e+09
1.753182381649155140e+09
1.753182381658769846e+09
1.753182381659627676e+09
1.753182381660677195e+09
1.753182381661503315e+09
1.753182381671045542e+09
1.753182381671886683e+09
1.753182381672914982e+09
1.753182381673743963e+09
1.753182381683838367e+09
1.753182381684718370e+09
1.753182381685869217e+09
1.753182381686666012e+09
1.753182381696288109e+09
1.753182381697139740e+09
1.753182381698170185e+09
1.753182381699020386e+09
1.753182381708330154e+09
1.753182381709196091e+09
1.753182381710223436e+09
1.753182381711125135e+09
1.753182381721779346e+09
1.753182381722607613e+09
1.753182381723627806e+09
1.753182381724495888e+09
1.753182381733493328e+09
1.753182381734368086e+09
1.753182381735376596e+09
1.753182381736166239e+09
1.753182381748209953e+09
1.753182381749120951e+09
1.753182381750189781e+09
1.753182381751016140e+09
1.753182381760579348e+09
1.753182381761491299e+09
1.753182381762598515e+09
1.753182381763422728e+09
1.753182381773130894e+09
1.753182381774026394e+09
1.753182381775058270e+09
1.753182381775876760e+09
1.753182381786822081e+09
1.753182381787724972e+09
1.753182381788797379e+09
1.753182381789620876e+09
1.753182381799838066e+09
1.753182381800710201e+09
1.753182381801765919e+09
1.753182381802602291e+09
1.753182381812826633e+09
1.753182381813874245e+09
1.753182381815165281e+09
1.753182381817775011e+09
1.753182381827764750e+09
1.753182381828617334e+09
1.753182381829660654e+09
1.753182381830584288e+09
1.753182381840001822e+09
1.753182381840854168e+09
1.753182381841927767e+09
1.753182381842749596e+09
1.753182381854202032e+09
1.753182381855037689e+09
1.753182381856091738e+09
1.753182381856891394e+09
1.753182381866093159e+09
1.753182381866923571e+09
1.753182381867955923e+09
1.753182381868774652e+09
1.753182381878547192e+09
1.753182381881825209e+09
1.753182381883512974e+09
1.753182381884666204e+09
1.753182381894364595e+09
1.753182381895215988e+09
1.753182381896246195e+09
1.753182381897057772e+09
1.753182381906873226e+09
1.753182381907744169e+09
1.753182381908828259e+09
1.753182381909629583e+09
1.753182381920224428e+09
1.753182381921118021e+09
1.753182381922159433e+09
1.753182381923068047e+09
1.753182381932829380e+09
1.753182381933681488e+09
1.753182381934675932e+09
1.753182381935534000e+09
1.753182381945230484e+09
1.753182381946219206e+09
1.753182381947437048e+09
1.753182381948373318e+09
1.753182381959335566e+09
1.753182381960227489e+09
1.753182381961290121e+09
1.753182381962157249e+09
1.753182381971807718e+09
1.753182381972618103e+09
1.753182381973645687e+09
1.753182381974446535e+09
1.753182381986622572e+09
1.753182381987733364e+09
1.753182381989102364e+09
1.753182381990168571e+09
1.753182382001732588e+09
1.753182382002663374e+09
1.753182382003696680e+09
1.753182382004533291e+09
1.753182382015480280e+09
1.753182382016872883e+09
1.753182382018069983e+09
1.753182382019117355e+09
1.753182382029139519e+09
1.753182382029981613e+09
1.753182382031063318e+09
1.753182382031920433e+09
1.753182382041773081e+09
1.753182382042685270e+09
1.753182382043754101e+09
1.753182382044605255e+09
1.753182382054823637e+09
1.753182382055757523e+09
1.753182382056821346e+09
1.753182382057635307e+09
1.753182382067260504e+09
1.753182382068095207e+09
1.753182382069125891e+09
1.753182382069940329e+09
1.753182382079481125e+09
1.753182382084022284e+09
1.753182382085134029e+09
1.753182382085999012e+09
1.753182382095911264e+09
1.753182382096738100e+09
1.753182382097776890e+09
1.753182382098610401e+09
1.753182382108959436e+09
1.753182382110049248e+09
1.753182382111380577e+09
1.753182382112455606e+09
1.753182382125493288e+09
1.753182382126391411e+09
1.753182382127447844e+09
1.753182382128278971e+09
1.753182382137883186e+09
1.753182382138717413e+09
1.753182382139761448e+09
1.753182382140558004e+09
1.753182382155468941e+09
1.753182382156464338e+09
1.753182382157567501e+09
1.753182382158443928e+09
1.753182382167813778e+09
1.753182382168712139e+09
1.753182382169759750e+09
1.753182382170595169e+09
1.753182382181372166e+09
1.753182382182433844e+09
1.753182382183557272e+09
1.753182382184411049e+09
1.753182382194196463e+09
1.753182382195064545e+09
1.753182382196066618e+09
1.753182382196888685e+09
1.753182382207063198e+09
1.753182382207937717e+09
1.753182382208966255e+09
1.753182382209817171e+09
1.753182382221004486e+09
1.753182382221930027e+09
1.753182382223042250e+09
1.753182382223871231e+09
1.753182382233684540e+09
1.753182382234534502e+09
1.753182382235537767e+09
1.753182382236386538e+09
1.753182382245705128e+09
1.753182382246560097e+09
1.753182382248400450e+09
1.753182382249671936e+09
1.753182382263942480e+09
1.753182382265065908e+09
1.753182382266411066e+09
1.753182382267523050e+09
1.753182382279210567e+09
1.753182382280254126e+09
1.753182382284932613e+09
1.753182382285830498e+09
1.753182382296168804e+09
1.753182382297024965e+09
1.753182382298086643e+09
1.753182382298894167e+09
1.753182382308146954e+09
1.753182382309007406e+09
1.753182382310032129e+09
1.753182382310827732e+09
1.753182382321975708e+09
1.753182382322860956e+09
1.753182382323907137e+09
1.753182382324709415e+09
1.753182382334259033e+09
1.753182382335078001e+09
1.753182382336100817e+09
1.753182382336921930e+09
1.753182382346756935e+09
1.753182382350777864e+09
1.753182382351966381e+09
1.753182382352919340e+09
1.753182382363364458e+09
1.753182382364242077e+09
1.753182382365287066e+09
1.753182382366093874e+09
1.753182382375773668e+09
1.753182382376607895e+09
1.753182382377616405e+09
1.753182382378443241e+09
1.753182382389169455e+09
1.753182382390019417e+09
1.753182382391069174e+09
1.753182382391880035e+09
1.753182382402074099e+09
1.753182382402918100e+09
1.753182382403937578e+09
1.753182382404759645e+09
1.753182382417064190e+09
1.753182382417987108e+09
1.753182382419079065e+09
1.753182382419921875e+09
1.753182382429894209e+09
1.753182382430793762e+09
1.753182382431910753e+09
1.753182382432817936e+09
1.753182382442028761e+09
1.753182382442923069e+09
1.753182382444036245e+09
1.753182382444964647e+09
1.753182382455923796e+09
1.753182382456875801e+09
1.753182382457969904e+09
1.753182382458811998e+09
1.753182382468210459e+09
1.753182382469071388e+09
1.753182382470111370e+09
1.753182382470951319e+09
1.753182382481115580e+09
1.753182382486211300e+09
1.753182382487474680e+09
1.753182382488516808e+09
1.753182382503859043e+09
1.753182382504780531e+09
1.753182382505840302e+09
1.753182382506804705e+09
1.753182382517599344e+09
1.753182382518673420e+09
1.753182382519788504e+09
1.753182382520691395e+09
1.753182382530399799e+09
1.753182382531300545e+09
1.753182382532409906e+09
1.753182382533326626e+09
1.753182382543112278e+09
1.753182382544026613e+09
1.753182382545116425e+09
1.753182382546067476e+09
1.753182382556940079e+09
1.753182382557821751e+09
1.753182382558921576e+09
1.753182382559768438e+09
1.753182382569511652e+09
1.753182382570385456e+09
1.753182382571547747e+09
1.753182382572380781e+09
1.753182382582551003e+09
1.753182382583644390e+09
1.753182382584855080e+09
1.753182382585752010e+09
1.753182382596116543e+09
1.753182382597074509e+09
1.753182382598240614e+09
1.753182382599102736e+09
1.753182382608892441e+09
1.753182382609764338e+09
1.753182382610798597e+09
1.753182382611661911e+09
1.753182382625643730e+09
1.753182382626553297e+09
1.753182382627645254e+09
1.753182382628540516e+09
1.753182382637956619e+09
1.753182382638876677e+09
1.753182382639936924e+09
1.753182382640818834e+09
1.753182382653324127e+09
1.753182382654462576e+09
1.753182382655707836e+09
1.753182382656638145e+09
1.753182382666552782e+09
1.753182382667505741e+09
1.753182382668606997e+09
1.753182382669470787e+09
1.753182382679047108e+09
1.753182382679910183e+09
1.753182382680971146e+09
1.753182382681863308e+09
1.753182382692838907e+09
1.753182382693754196e+09
1.753182382694804668e+09
1.753182382695700407e+09
1.753182382705574751e+09
1.753182382706441641e+09
1.753182382707461119e+09
1.753182382708281994e+09
1.753182382720023632e+09
1.753182382721081018e+09
1.753182382722300768e+09
1.753182382723322868e+09
1.753182382733875751e+09
1.753182382734817266e+09
1.753182382735892057e+09
1.753182382736762047e+09
1.753182382746380568e+09
1.753182382747290134e+09
1.753182382748368740e+09
1.753182382749266624e+09
1.753182382761479616e+09
1.753182382762415886e+09
1.753182382763510942e+09
1.753182382764390945e+09
1.753182382773914337e+09
1.753182382774805784e+09
1.753182382775891781e+09
1.753182382776774406e+09
1.753182382787472010e+09
1.753182382788365841e+09
1.753182382789448500e+09
1.753182382790286064e+09
1.753182382800286055e+09
1.753182382801210642e+09
1.753182382802267313e+09
1.753182382803118706e+09
1.753182382812843323e+09
1.753182382813751221e+09
1.753182382814844131e+09
1.753182382815676212e+09
1.753182382826279163e+09
1.753182382827216148e+09
1.753182382828345060e+09
1.753182382829243660e+09
1.753182382839105368e+09
1.753182382839996815e+09
1.753182382841058493e+09
1.753182382841914892e+09
1.753182382854220867e+09
1.753182382855123043e+09
1.753182382856252909e+09
1.753182382857147694e+09
1.753182382868355513e+09
1.753182382869571924e+09
1.753182382870970964e+09
1.753182382872153521e+09
1.753182382883575916e+09
1.753182382884472847e+09
1.753182382885538101e+09
1.753182382886361837e+09
1.753182382898235083e+09
1.753182382899117231e+09
1.753182382900233746e+09
1.753182382901124239e+09
1.753182382911680937e+09
1.753182382912893772e+09
1.753182382914254904e+09
1.753182382915386915e+09
1.753182382931054354e+09
1.753182382932355642e+09
1.753182382933793545e+09
1.753182382934984446e+09
1.753182382948101044e+09
1.753182382949289322e+09
1.753182382950644970e+09
1.753182382951775789e+09
1.753182382966326237e+09
1.753182382967511177e+09
1.753182382968929291e+09
1.753182382970075369e+09
1.753182382981488943e+09
1.753182382982363701e+09
1.753182382983458757e+09
1.753182382984325171e+09
1.753182382998711109e+09
1.753182382999971151e+09
1.753182383001445770e+09
1.753182383002596855e+09
1.753182383014883280e+09
1.753182383015787601e+09
1.753182383016884327e+09
1.753182383017723799e+09
1.753182383030038118e+09
1.753182383030974627e+09
1.753182383032075882e+09
1.753182383032933235e+09
1.753182383042050362e+09
1.753182383042932034e+09
1.753182383043959379e+09
1.753182383044841051e+09
1.753182383055805445e+09
1.753182383057406187e+09
1.753182383058902502e+09
1.753182383059916019e+09
1.753182383072965384e+09
1.753182383073869467e+09
1.753182383074914217e+09
1.753182383075783014e+09
1.753182383086247683e+09
1.753182383087229729e+09
1.753182383088299990e+09
1.753182383089164495e+09
1.753182383100643873e+09
1.753182383101523876e+09
1.753182383102555275e+09
1.753182383103446722e+09
1.753182383113600969e+09
1.753182383114470959e+09
1.753182383115539551e+09
1.753182383116384745e+09
1.753182383130954027e+09
1.753182383132186174e+09
1.753182383133528948e+09
1.753182383134553909e+09
1.753182383148507595e+09
1.753182383149431467e+09
1.753182383150551081e+09
1.753182383151406765e+09
1.753182383162258863e+09
1.753182383163188219e+09
1.753182383164335012e+09
1.753182383165247440e+09
1.753182383175701857e+09
1.753182383176612854e+09
1.753182383177686453e+09
1.753182383178572893e+09
1.753182383188329697e+09
1.753182383189194679e+09
1.753182383194065809e+09
1.753182383195084095e+09
1.753182383205571651e+09
1.753182383206485510e+09
1.753182383207545042e+09
1.753182383208412647e+09
1.753182383217568398e+09
1.753182383218464613e+09
1.753182383219523430e+09
1.753182383220377445e+09
1.753182383231473446e+09
1.753182383232353210e+09
1.753182383233428955e+09
1.753182383234278679e+09
1.753182383243611097e+09
1.753182383244463921e+09
1.753182383245470524e+09
1.753182383246339321e+09
1.753182383260007620e+09
1.753182383261091948e+09
1.753182383262352943e+09
1.753182383263401270e+09
1.753182383275956631e+09
1.753182383277251482e+09
1.753182383278707504e+09
1.753182383279866457e+09
1.753182383296078444e+09
1.753182383297172070e+09
1.753182383298587799e+09
1.753182383299554110e+09
1.753182383310001612e+09
1.753182383310873508e+09
1.753182383311959267e+09
1.753182383312808752e+09
1.753182383323929787e+09
1.753182383325778723e+09
1.753182383326903582e+09
1.753182383327773094e+09
1.753182383338195086e+09
1.753182383339065790e+09
1.753182383340171337e+09
1.753182383341056585e+09
1.753182383351094007e+09
1.753182383352002382e+09
1.753182383353041410e+09
1.753182383353872061e+09
1.753182383364368916e+09
1.753182383365253210e+09
1.753182383366321325e+09
1.753182383367177963e+09
1.753182383377001047e+09
1.753182383377943993e+09
1.753182383379046917e+09
1.753182383379912138e+09
1.753182383391489029e+09
1.753182383392405033e+09
1.753182383393483877e+09
1.753182383394333601e+09
1.753182383404440880e+09
1.753182383405303240e+09
1.753182383406341314e+09
1.753182383407187462e+09
1.753182383416342735e+09
1.753182383417227030e+09
1.753182383418243170e+09
1.753182383419130087e+09
1.753182383431776524e+09
1.753182383432659149e+09
1.753182383433718443e+09
1.753182383434571028e+09
1.753182383443880558e+09
1.753182383444771767e+09
1.753182383445823193e+09
1.753182383446693659e+09
1.753182383460224867e+09
1.753182383461162090e+09
1.753182383462266445e+09
1.753182383463107347e+09
1.753182383472709894e+09
1.753182383473570347e+09
1.753182383474608183e+09
1.753182383475431919e+09
1.753182383484966516e+09
1.753182383485840559e+09
1.753182383486914396e+09
1.753182383487772703e+09
1.753182383499320030e+09
1.753182383500269175e+09
1.753182383501357079e+09
1.753182383502197742e+09
1.753182383511932135e+09
1.753182383512802839e+09
1.753182383513848782e+09
1.753182383514730215e+09
1.753182383524842978e+09
1.753182383525905132e+09
1.753182383527139664e+09
1.753182383528003216e+09
1.753182383537843704e+09
1.753182383538721800e+09
1.753182383539789677e+09
1.753182383540669441e+09
1.753182383550000429e+09
1.753182383550864935e+09
1.753182383552268028e+09
1.753182383553376913e+09
1.753182383564910650e+09
1.753182383565813303e+09
1.753182383566869497e+09
1.753182383567693472e+09
1.753182383577037096e+09
1.753182383577924967e+09
1.753182383579060316e+09
1.753182383579910517e+09
1.753182383593183756e+09
1.753182383594160795e+09
1.753182383595242977e+09
1.753182383596095085e+09
1.753182383605671406e+09
1.753182383606568098e+09
1.753182383607589006e+09
1.753182383608421087e+09
1.753182383617989302e+09
1.753182383618861675e+09
1.753182383619901896e+09
1.753182383620747805e+09
1.753182383632066727e+09
1.753182383633000374e+09
1.753182383634079218e+09
1.753182383634946108e+09
1.753182383646371603e+09
1.753182383647572279e+09
1.753182383648937941e+09
1.753182383650041342e+09
1.753182383664617538e+09
1.753182383665510178e+09
1.753182383666606903e+09
1.753182383667542458e+09
1.753182383677564859e+09
1.753182383678488493e+09
1.753182383679543018e+09
1.753182383680418968e+09
1.753182383690914154e+09
1.753182383691998482e+09
1.753182383693255901e+09
1.753182383694119692e+09
1.753182383704562664e+09
1.753182383705403566e+09
1.753182383706457376e+09
1.753182383707357883e+09
1.753182383717272997e+09
1.753182383718109608e+09
1.753182383719585180e+09
1.753182383720640421e+09
1.753182383732280493e+09
1.753182383733140707e+09
1.753182383734184980e+09
1.753182383735042572e+09
1.753182383745973587e+09
1.753182383747119904e+09
1.753182383748498440e+09
1.753182383749598980e+09
1.753182383765585661e+09
1.753182383766457558e+09
1.753182383767508745e+09
1.753182383768346310e+09
1.753182383777824163e+09
1.753182383778704643e+09
1.753182383779749393e+09
1.753182383780585766e+09
1.753182383794186831e+09
1.753182383795160532e+09
1.753182383796239853e+09
1.753182383797116756e+09
1.753182383807434082e+09
1.753182383808286667e+09
1.753182383809380770e+09
1.753182383810281277e+09
1.753182383820250034e+09
1.753182383821175098e+09
1.753182383822262049e+09
1.753182383823111057e+09
1.753182383833986044e+09
1.753182383834954739e+09
1.753182383836025238e+09
1.753182383836881638e+09
1.753182383846591711e+09
1.753182383847526550e+09
1.753182383848594189e+09
1.753182383849474907e+09
1.753182383861307621e+09
1.753182383862257957e+09
1.753182383863333225e+09
1.753182383864579439e+09
1.753182383874667883e+09
1.753182383875578403e+09
1.753182383876696587e+09
1.753182383877588511e+09
1.753182383886957645e+09
1.753182383887850046e+09
1.753182383888938904e+09
1.753182383889828205e+09
1.753182383901190758e+09
1.753182383902116537e+09
1.753182383903237104e+09
1.753182383904122353e+09
1.753182383913627386e+09
1.753182383914656401e+09
1.753182383915736914e+09
1.753182383916605711e+09
1.753182383928243160e+09
1.753182383929214001e+09
1.753182383930297136e+09
1.753182383931173801e+09
1.753182383940755606e+09
1.753182383941672802e+09
1.753182383942781210e+09
1.753182383943668127e+09
1.753182383953979254e+09
1.753182383954897165e+09
1.753182383956181526e+09
1.753182383957083225e+09
1.753182383967982531e+09
1.753182383968960762e+09
1.753182383970084906e+09
1.753182383971022367e+09
1.753182383981331825e+09
1.753182383982219458e+09
1.753182383983309984e+09
1.753182383984164238e+09
1.753182383994675159e+09
1.753182383995818138e+09
1.753182383997202396e+09
1.753182383998329639e+09
1.753182384009032011e+09
1.753182384009977341e+09
1.753182384011105061e+09
1.753182384012003422e+09
1.753182384021432638e+09
1.753182384022350311e+09
1.753182384023450136e+09
1.753182384024318933e+09
1.753182384035516739e+09
1.753182384036427021e+09
1.753182384037539959e+09
1.753182384038392305e+09
1.753182384047764540e+09
1.753182384048689842e+09
1.753182384049796104e+09
1.753182384050700426e+09
1.753182384062484264e+09
1.753182384063834906e+09
1.753182384065322638e+09
1.753182384066539526e+09
1.753182384079581738e+09
1.753182384080772638e+09
1.753182384082183838e+09
1.753182384083433151e+09
1.753182384098342180e+09
1.753182384099556923e+09
1.753182384100956678e+09
1.753182384102163315e+09
1.753182384114095449e+09
1.753182384115023851e+09
1.753182384116119385e+09
1.753182384117036343e+09
1.753182384129292965e+09
1.753182384130394220e+09
1.753182384131676912e+09
1.753182384132755280e+09
1.753182384142851591e+09
1.753182384143729448e+09
1.753182384144785881e+09
1.753182384145654202e+09
1.753182384155548811e+09
1.753182384156476736e+09
1.753182384157568932e+09
1.753182384158477545e+09
1.753182384169256926e+09
1.753182384170187950e+09
1.753182384171280384e+09
1.753182384172178030e+09
1.753182384181808233e+09
1.753182384182741165e+09
1.753182384183827400e+09
1.753182384184678316e+09
1.753182384194806099e+09
1.753182384196787596e+09
1.753182384197935581e+09
1.753182384198829889e+09
1.753182384209282637e+09
1.753182384210232735e+09
1.753182384211325407e+09
1.753182384212251425e+09
1.753182384222725630e+09
1.753182384223981380e+09
1.753182384225439072e+09
1.753182384226656199e+09
1.753182384240415573e+09
1.753182384241648436e+09
1.753182384243121624e+09
1.753182384244296551e+09
1.753182384256990910e+09
1.753182384258210659e+09
1.753182384259707928e+09
1.753182384260862112e+09
1.753182384274725914e+09
1.753182384275950193e+09
1.753182384277377129e+09
1.753182384278538465e+09
1.753182384290515661e+09
1.753182384291462421e+09
1.753182384292626858e+09
1.753182384293522120e+09
1.753182384304996490e+09
1.753182384305892944e+09
1.753182384307000875e+09
1.753182384307881832e+09
1.753182384317632198e+09
1.753182384318578482e+09
