1.850158957080914888e+03 2.868591218410355168e+02 4.238634005304732568e+02
1.850035843314875592e+03 2.868013483342638779e+02 4.238876604364593277e+02
1.850068323666595006e+03 2.868694077181822877e+02 4.238931692691392641e+02
1.850035830889878753e+03 2.868985529178989964e+02 4.238766449093724873e+02
1.849903884226810533e+03 2.870514750208370174e+02 4.240493444528769942e+02
1.849696889661358682e+03 2.871214819566060896e+02 4.242303850982839322e+02
1.849696889661358682e+03 2.871214819566060896e+02 4.242303850982839322e+02
1.849361213681204390e+03 2.873071127861313698e+02 4.248120482783908756e+02
1.848903675943957523e+03 2.873937897368765562e+02 4.258134257446286028e+02
1.848261587240872359e+03 2.877049553971854152e+02 4.267253815377335400e+02
1.847339370931410940e+03 2.878161811504825778e+02 4.274888075338559474e+02
1.846417156067902170e+03 2.878206333770924630e+02 4.282468542469877093e+02
1.845960331917659232e+03 2.878072463518176392e+02 4.285736123146591581e+02
1.844825525677938685e+03 2.877770773331928353e+02 4.290999174368384956e+02
1.843592595125383923e+03 2.875056565434986737e+02 4.292873356279924906e+02
1.842971121263942223e+03 2.873572800849482292e+02 4.294945381373481155e+02
1.842372075863549298e+03 2.873826445571650083e+02 4.298561770959058208e+02
1.840705520793442702e+03 2.867836577743746034e+02 4.301518801244527026e+02
1.838936368582717705e+03 2.862035134198148398e+02 4.305015196250729446e+02
1.838079108862883459e+03 2.859516188274164392e+02 4.306364233890886908e+02
1.836080555107399050e+03 2.855797894163445108e+02 4.310600558258783508e+02
1.835094008068211451e+03 2.853318472519885063e+02 4.312870800118804482e+02
1.831660766501068110e+03 2.850775154287441637e+02 4.355238390235034558e+02
1.830461937248623371e+03 2.846630502515745320e+02 4.355729614045283142e+02
1.828083637484791780e+03 2.852380823732344197e+02 4.349230361857974572e+02
1.826799930940108425e+03 2.851336903236770581e+02 4.351087149176756839e+02
1.823967093858239878e+03 2.850915803991836697e+02 4.353814109687299378e+02
1.821416287233196954e+03 2.846506995442315429e+02 4.362255874560611346e+02
1.820035657038959016e+03 2.845715381346574873e+02 4.361828442630255154e+02
1.821407111054336383e+03 2.843421633501666292e+02 4.342122539897661682e+02
1.818644349455593101e+03 2.852705773781683547e+02 4.349040785797904505e+02
1.817041352066463105e+03 2.851222001714518228e+02 4.343622242692836153e+02
1.813847946855183409e+03 2.851035831898123547e+02 4.343300980566149860e+02
1.812510362740070150e+03 2.852040184236844880e+02 4.342550990926808936e+02
1.809198566556675360e+03 2.851744982918770006e+02 4.339839117335970968e+02
1.802187767321384854e+03 2.853576770730420549e+02 4.315257786306520416e+02
1.800581460564734698e+03 2.854020899580175978e+02 4.314340028868914487e+02
1.797217082458607592e+03 2.857023949129423386e+02 4.313392166363937008e+02
1.794067904913422808e+03 2.863170066185229530e+02 4.312723649584383452e+02
1.790906261570498145e+03 2.866098289472898841e+02 4.313575879782446805e+02
1.789137924011739415e+03 2.868988117540097278e+02 4.313316132165292629e+02
1.784804455531942267e+03 2.875664784822957927e+02 4.351778636883184959e+02
1.783343801155764368e+03 2.877962683006685438e+02 4.352358820397093382e+02
1.781657272328678346e+03 2.878271421855727112e+02 4.352351174814168075e+02
1.778157464642245031e+03 2.884726779805586148e+02 4.357449533436132469e+02
1.775002562066391874e+03 2.888883823228285905e+02 4.360508413369352638e+02
1.773648219868945489e+03 2.892485901122325913e+02 4.361321759063654326e+02
1.770129041976701046e+03 2.897484784635563528e+02 4.367333104746698496e+02
1.765095282328795975e+03 2.906193337812957793e+02 4.374599653922659286e+02
1.763532153887624190e+03 2.908068889244661932e+02 4.373756995433051316e+02
1.761598342299873821e+03 2.912534448782993763e+02 4.377046762471873080e+02
1.759567772945418938e+03 2.915240741321306928e+02 4.381686705252917591e+02
1.755976498590152460e+03 2.920982330146119921e+02 4.383796900226921025e+02
1.754239691249163116e+03 2.925301170843958403e+02 4.391688869751178004e+02
1.752479930272215142e+03 2.924516480329662045e+02 4.399735690613508154e+02
1.748461502467157743e+03 2.935606411544957268e+02 4.401364619090730912e+02
1.744774088235123372e+03 2.944716503981331357e+02 4.406183205257379427e+02
1.741027049256519376e+03 2.949763785983402613e+02 4.418973466057153701e+02
1.738421695991212800e+03 2.960040485311371867e+02 4.377301653699733492e+02
1.736072657441361798e+03 2.964547068924291580e+02 4.375054262954978981e+02
1.734233900219774341e+03 2.955000422209839712e+02 4.437960443882169557e+02
1.727240427381391100e+03 2.994779624937162907e+02 4.422237652310178646e+02
1.725433187691292460e+03 2.997058990494699060e+02 4.425346275427025375e+02
1.721315872917241450e+03 3.007524493124328728e+02 4.432375295048383350e+02
1.721315872917241450e+03 3.007524493124328728e+02 4.432375295048383350e+02
1.717185511083708434e+03 3.017210438007703033e+02 4.436465276653277670e+02
1.715209917658461336e+03 3.020681043851548679e+02 4.436487172463093884e+02
1.709232422231271357e+03 3.035820996335733071e+02 4.436568275132491408e+02
1.706750555144434202e+03 3.045404042031693166e+02 4.429832679436811986e+02
1.703498434922678143e+03 3.049539480747394009e+02 4.427728013973979841e+02
1.700240828732387854e+03 3.051732990884093510e+02 4.427447657024059708e+02
1.697781217645178913e+03 3.060709760184554398e+02 4.422710147628682762e+02
1.693608463528442144e+03 3.077278249235039880e+02 4.414815639681889365e+02
1.692307244733036441e+03 3.071534964575631648e+02 4.406697688097530090e+02
1.690711796451460486e+03 3.070508152247969065e+02 4.404464004068701684e+02
1.684724749367881486e+03 3.082093573155059403e+02 4.398322247688073503e+02
1.682994808317610477e+03 3.085753620790463287e+02 4.398488650491528915e+02
1.678674320516244507e+03 3.093523253304194895e+02 4.395607152090423710e+02
1.674736805455384911e+03 3.094976086414535530e+02 4.389060760829635228e+02
1.670643619676010530e+03 3.094152780430437701e+02 4.416816692271524403e+02
1.668308911323817256e+03 3.100088631583512324e+02 4.410382018440332672e+02
1.664290779496164305e+03 3.102545158167488353e+02 4.389069222220066990e+02
1.664290779496164305e+03 3.102545158167488353e+02 4.389069222220066990e+02
1.662116738250862909e+03 3.102437356150480241e+02 4.384546904011902484e+02
1.656315981837991330e+03 3.104234951762732635e+02 4.375060272827569747e+02
1.652293119452345763e+03 3.109419614746493608e+02 4.366559691406075672e+02
1.649070270848420705e+03 3.109061994494572900e+02 4.326941808589409106e+02
1.645738861868280992e+03 3.114339790202930658e+02 4.358197616439603053e+02
1.643582838029261438e+03 3.114169916465548340e+02 4.353668180417442386e+02
1.637423910324049530e+03 3.115500900185757587e+02 4.340930733836074751e+02
1.634945392589384937e+03 3.120220989343791871e+02 4.341495165536293825e+02
1.634945392589384937e+03 3.120220989343791871e+02 4.341495165536293825e+02
1.633173084933071095e+03 3.116508777661711065e+02 4.336508745384842314e+02
1.628806688261296358e+03 3.119527461385553693e+02 4.324952517183677401e+02
1.628806688261296358e+03 3.119527461385553693e+02 4.324952517183677401e+02
1.620267132112197260e+03 3.122727199637770354e+02 4.320988287716206742e+02
1.615671825058956301e+03 3.124217674938374216e+02 4.319331797089249108e+02
1.611465923365165736e+03 3.123428514978870112e+02 4.316951076832542640e+02
1.609279896373113615e+03 3.124569396327784148e+02 4.315565032570984272e+02
1.605183162770639910e+03 3.126252896291015873e+02 4.309680782998008794e+02
1.605183162770639910e+03 3.126252896291015873e+02 4.309680782998008794e+02
1.599012843645542716e+03 3.118010644918687149e+02 4.302325256118759285e+02
1.596920590748490440e+03 3.121605303282418618e+02 4.300010771981444577e+02
1.594936450148158656e+03 3.120074975645556492e+02 4.300351609496843253e+02
1.589222942262050992e+03 3.121365878274758643e+02 4.297023518794770780e+02
1.589222942262050992e+03 3.121365878274758643e+02 4.297023518794770780e+02
1.587288588164486328e+03 3.120210304597422919e+02 4.292311572776580988e+02
1.580427867707866426e+03 3.114356084553961068e+02 4.279683316345223147e+02
1.578244216680642239e+03 3.118693742555735753e+02 4.291195531132488554e+02
1.576113457703201220e+03 3.119780707339251080e+02 4.286636512148753582e+02
1.576113457703201220e+03 3.119780707339251080e+02 4.286636512148753582e+02
1.574291777522953680e+03 3.114561879673825615e+02 4.285083700753724543e+02
1.570974738202346771e+03 3.100881146417103764e+02 4.280977574929073057e+02
1.563067600115629375e+03 3.099422542596775543e+02 4.272748025626880235e+02
1.561258265474820973e+03 3.094382559652014493e+02 4.268226827803389369e+02
1.557879560180825820e+03 3.091034104842138390e+02 4.267630728515523515e+02
1.555452695407564306e+03 3.093824849691254713e+02 4.278656748408209296e+02
1.552078013000644205e+03 3.092484048983826597e+02 4.275545465042979458e+02
1.548986706002507390e+03 3.090800966327419133e+02 4.274812732709027046e+02
1.545599758868776235e+03 3.087589385940272564e+02 4.267831812815010721e+02
1.543909303476132209e+03 3.089754761046010003e+02 4.269207738221540467e+02
1.540813292021655798e+03 3.095135318979728254e+02 4.257995430662843432e+02
1.539155059026981235e+03 3.095369673366285497e+02 4.254100544642237196e+02
1.535597409354018737e+03 3.093610980148535532e+02 4.251053637013257571e+02
1.534135386073843620e+03 3.092080017411583981e+02 4.246782651131867965e+02
1.530563720479184212e+03 3.094771749400531462e+02 4.241129716638624814e+02
1.528895131944648938e+03 3.100043152556455652e+02 4.236850415058191288e+02
1.527060392157759452e+03 3.100560901133069933e+02 4.230195527809719351e+02
1.521938355966012978e+03 3.100922532436682104e+02 4.228315752468677715e+02
1.517919429283531372e+03 3.104027788608297556e+02 4.219939870249223191e+02
1.515269845025185987e+03 3.103640073859070867e+02 4.226579424297048604e+02
1.511818701130758882e+03 3.105438684289665616e+02 4.229426453757065474e+02
1.509344910876681524e+03 3.108349175795006545e+02 4.227910047734225714e+02
1.505181450339485536e+03 3.111096287911255445e+02 4.228668353883143141e+02
1.503041628455418049e+03 3.114182851612942500e+02 4.227255819008323670e+02
1.502051197022888346e+03 3.107825924812229914e+02 4.218987002390257430e+02
1.497478106787091065e+03 3.111381513461769828e+02 4.218533459808902535e+02
1.492810734368827525e+03 3.121859794862046442e+02 4.227998762060608442e+02
1.495071311084204808e+03 3.126030875339367299e+02 4.223145890312807751e+02
1.490751130395537075e+03 3.128383956217281820e+02 4.225456072253596176e+02
1.485124109927519839e+03 3.139091213024382228e+02 4.225986682309002163e+02
1.480737955290773471e+03 3.135850148021735322e+02 4.228786648306247571e+02
1.479632903812484074e+03 3.135022349036687501e+02 4.231210227813442657e+02
1.475773456911013682e+03 3.133754071670277881e+02 4.231026555602149983e+02
1.472836437315536386e+03 3.133416416621329290e+02 4.224277252040381541e+02
1.470482325370652688e+03 3.144372908395893660e+02 4.225496627510913754e+02
1.468289769091680682e+03 3.152015948495419480e+02 4.231743022305786326e+02
1.464342123292926090e+03 3.147304468155392669e+02 4.228587043598768105e+02
1.462365478301516987e+03 3.148954311232242276e+02 4.233993577257762695e+02
1.456114305865665074e+03 3.151711578418638737e+02 4.233710589154085255e+02
1.452271274127426977e+03 3.148728150677554254e+02 4.225187059075919365e+02
1.446132535047069496e+03 3.156211442934556999e+02 4.223973663629503221e+02
1.446132535047069496e+03 3.156211442934556999e+02 4.223973663629503221e+02
1.442366629800286773e+03 3.161323416143245026e+02 4.230056046439595434e+02
1.438203826213632055e+03 3.163983127984060957e+02 4.230927602256234081e+02
1.433904415153849868e+03 3.170578096619155417e+02 4.232653636021265129e+02
1.431505896972651499e+03 3.162829294048622160e+02 4.235247671208649081e+02
1.425329202513247992e+03 3.175759648273848370e+02 4.238171215790447377e+02
1.423226681180954529e+03 3.177628966119812048e+02 4.238770169054573671e+02
1.418739302008161985e+03 3.177776537535644366e+02 4.238853002339207023e+02
1.416518230948543305e+03 3.182992201057855937e+02 4.239325248525217944e+02
1.414668199343573406e+03 3.183390992459297877e+02 4.242808604479895394e+02
1.412557160052568861e+03 3.185984505236243649e+02 4.243408044098012510e+02
1.412557160052568861e+03 3.185984505236243649e+02 4.243408044098012510e+02
1.403940168647238806e+03 3.190693858843077919e+02 4.246017092449505412e+02
1.399858114567861321e+03 3.190438418636978213e+02 4.243714249767618298e+02
1.397566796857035115e+03 3.195027590674908993e+02 4.246404110849541667e+02
1.392877093666593282e+03 3.195678010376487919e+02 4.245715649572690040e+02
1.392877093666593282e+03 3.195678010376487919e+02 4.245715649572690040e+02
1.386334952068718621e+03 3.202307035548992644e+02 4.246398299939853018e+02
1.382253737738318932e+03 3.203322497088905720e+02 4.248861538362332908e+02
1.378026203827194649e+03 3.204931539103428122e+02 4.250769707950829570e+02
1.375852129067408441e+03 3.206285187672566508e+02 4.250557518316856545e+02
1.371695796683820845e+03 3.209453221536588217e+02 4.248993161220202524e+02
1.369527788825285143e+03 3.208166866322599731e+02 4.250902115527574097e+02
1.365314225821758555e+03 3.207350955767722098e+02 4.251059065827433301e+02
1.361188035646227036e+03 3.209343013925612240e+02 4.249962210620529390e+02
1.358964688327878548e+03 3.212150638639357680e+02 4.249173540722938469e+02
1.354974461197816936e+03 3.213061455206379833e+02 4.247122202853743715e+02
1.352799051468571633e+03 3.213627104872284121e+02 4.244889121767231472e+02
1.348569802605463337e+03 3.214968861130759592e+02 4.242372640884430552e+02
1.344362318953956446e+03 3.213168245773698004e+02 4.237334617265392467e+02
1.342285644363051688e+03 3.212594807790438836e+02 4.236761876956549600e+02
1.338237724206525854e+03 3.213928336340320584e+02 4.232017520726977864e+02
1.336080683606417779e+03 3.217172208700049509e+02 4.227206956576848143e+02
1.331885615885016023e+03 3.220026098757276145e+02 4.226457393641333624e+02
1.329783508486084656e+03 3.221328173223614613e+02 4.224634303854194286e+02
1.325588857684087316e+03 3.215596829532754555e+02 4.215240047618606241e+02
1.321491385584728732e+03 3.213162455776226807e+02 4.210229130781438585e+02
1.319561979085203802e+03 3.217590337270961527e+02 4.204600833907068136e+02
1.315622702928676745e+03 3.215882982031944266e+02 4.199183381414883343e+02
1.311636339325523750e+03 3.216225196198680010e+02 4.192759055117599587e+02
1.309139966401620313e+03 3.215441278788572390e+02 4.185310706150453370e+02
1.307795100175925427e+03 3.212809198804887956e+02 4.181114840857919148e+02
1.303315868283226109e+03 3.216869946714933235e+02 4.179339300119904692e+02
1.299388858860590517e+03 3.213059559004253742e+02 4.176159236003218211e+02
1.297426016008645320e+03 3.212413722304036128e+02 4.173935199277092352e+02
1.293470021770362791e+03 3.212248804832463520e+02 4.172481382597164838e+02
1.291256534347314528e+03 3.209194497682768770e+02 4.170801002125538730e+02
1.287284745586989175e+03 3.211756123785993964e+02 4.175987288817020726e+02
1.282839144588927866e+03 3.208627034459967149e+02 4.175202141544658048e+02
1.278892670428099109e+03 3.205922876330975555e+02 4.174973852222833557e+02
1.276765445456534280e+03 3.208543072537955823e+02 4.177380494755364566e+02
1.275319988236588188e+03 3.204135915069029465e+02 4.176037343400935811e+02
1.273169255413343762e+03 3.203829256218602950e+02 4.176514226910026082e+02
1.266633291996316530e+03 3.206680958390475098e+02 4.180870371345167200e+02
1.264440374682242236e+03 3.207824442903456088e+02 4.180077068805034060e+02
1.260356617228792857e+03 3.208092326900487592e+02 4.180860047359021792e+02
1.258008738171239202e+03 3.207135328429744732e+02 4.181610717775805597e+02
1.253360472158230777e+03 3.212640817071750234e+02 4.182992224611292045e+02
1.249160866809472282e+03 3.212674050398234726e+02 4.181305556002353114e+02
1.244568327876271269e+03 3.213315911461589280e+02 4.182066009425957418e+02
1.242560095183078374e+03 3.215979326871129729e+02 4.183542572155506605e+02
1.240038132853455863e+03 3.215223861142843589e+02 4.183115691917224694e+02
1.240038132853455863e+03 3.215223861142843589e+02 4.183115691917224694e+02
1.230721187136881554e+03 3.217951393026983169e+02 4.183056048892249805e+02
1.225820817571030148e+03 3.218669915655203795e+02 4.180807636436569510e+02
1.223368797182037952e+03 3.217744231043105287e+02 4.180778218173230130e+02
1.220992113020682382e+03 3.219517273297398674e+02 4.179789947518462441e+02
1.215990876738482939e+03 3.221023329722436870e+02 4.175155098431137048e+02
1.211179180476331339e+03 3.218847172221471737e+02 4.174195963733375834e+02
1.206155359817862518e+03 3.221999354550357566e+02 4.171033837691062445e+02
1.203808226824334952e+03 3.220648124868149580e+02 4.170733354183357733e+02
1.199102279409110679e+03 3.217287231470260167e+02 4.163707573925723295e+02
1.196573484136143406e+03 3.216793820593800319e+02 4.162653882261749914e+02
1.191704984420911160e+03 3.217781038692653510e+02 4.154116093112386920e+02
1.187089193151336758e+03 3.214780509860483448e+02 4.148990010903004872e+02
1.184762360642180738e+03 3.213483246917327847e+02 4.144790173204440293e+02
1.182351354215478068e+03 3.213708132068197187e+02 4.143435312265206107e+02
1.177634802005063648e+03 3.217444973181023329e+02 4.132827685695290825e+02
1.173096909652479326e+03 3.220481580701084567e+02 4.129438782796009946e+02
1.170408109178229779e+03 3.223384651756642256e+02 4.125977213361978784e+02
1.165819098657302220e+03 3.232313524453392120e+02 4.124043839089870858e+02
1.161185318773818608e+03 3.236581046800886270e+02 4.128642690885582169e+02
1.158929659910493683e+03 3.236802094897297479e+02 4.129682063469343802e+02
1.154193355015156840e+03 3.242731526272069686e+02 4.128946527300967659e+02
1.149701807126098629e+03 3.243072860963383732e+02 4.131417640760563472e+02
1.147330036150020533e+03 3.246275659642446385e+02 4.131267560602649382e+02
1.145131893223797988e+03 3.244711409667687008e+02 4.133809039848916314e+02
1.140648961665468050e+03 3.243921465522026324e+02 4.137580063808780437e+02
1.136005014985312755e+03 3.252405322841237307e+02 4.134753970301050572e+02
1.131456829708228724e+03 3.251775254252341369e+02 4.138658655623220852e+02
1.129155231538838279e+03 3.254114962980325458e+02 4.141892429721410736e+02
1.124579867364321672e+03 3.256288938270608355e+02 4.143004293216412748e+02
1.122294198928424976e+03 3.256762830029267093e+02 4.147828966388017875e+02
1.117521244367798772e+03 3.259813921820428391e+02 4.146724589259558797e+02
1.115500195845432700e+03 3.259254301808088030e+02 4.149987509230623459e+02
1.110823568563256003e+03 3.261284031541190416e+02 4.149975181222864649e+02
1.108399195448117098e+03 3.263671858677847126e+02 4.151902418937991683e+02
1.106146525650927970e+03 3.263883279585418222e+02 4.152331181130427353e+02
1.101375193009540681e+03 3.268526570655583896e+02 4.155202561219177824e+02
1.094091522722902710e+03 3.272388237609887938e+02 4.155770804146958994e+02
1.091706052037210611e+03 3.275121181337276539e+02 4.157237537547080706e+02
1.086767379225486366e+03 3.279323812908500031e+02 4.156592377315662930e+02
1.082014982781001208e+03 3.283176849572211040e+02 4.159445288161307985e+02
1.079499679343719208e+03 3.283999454699816170e+02 4.158552375178925899e+02
1.077131178214967804e+03 3.286037907772854396e+02 4.156990706395206416e+02
1.072078041141005542e+03 3.290364161931373701e+02 4.157260576015998481e+02
1.069678927796411472e+03 3.294794633641020027e+02 4.160326462220082249e+02
1.064536659836972603e+03 3.299582011223676545e+02 4.160337805006964800e+02
1.059691661804032947e+03 3.304115138123768816e+02 4.164460409726839316e+02
1.054619406208502824e+03 3.309803504264914977e+02 4.161704414958437042e+02
1.051983570755234041e+03 3.311967910773292942e+02 4.160729958091333742e+02
1.046985099945953380e+03 3.317208122928112175e+02 4.159905058732441603e+02
1.044538970204677980e+03 3.318567088963051219e+02 4.161819309713807797e+02
1.039485962034041449e+03 3.325415883269376423e+02 4.158474893454257426e+02
1.036919024417770288e+03 3.328357037022769305e+02 4.158436334283741758e+02
1.031797544098953495e+03 3.332502333255563371e+02 4.154329482990368660e+02
1.029188038750054830e+03 3.334893561532973081e+02 4.152012756894869767e+02
1.024392312521182475e+03 3.339939318091577434e+02 4.150139328748539356e+02
1.021899358342025153e+03 3.343012832405830181e+02 4.151445291780494813e+02
1.013821263939560026e+03 3.350679156260831064e+02 4.138916950239390076e+02
1.011790291355043450e+03 3.353787800070492153e+02 4.143066006079956765e+02
1.009421346299612878e+03 3.353830197044057400e+02 4.136071398089719082e+02
1.004379666300564850e+03 3.358448513166639486e+02 4.131760885989429539e+02
9.997623935736771728e+02 3.358180355818679459e+02 4.129382970696917710e+02
9.974935001186597674e+02 3.358573256988609614e+02 4.128949938360846659e+02
9.929495505979989503e+02 3.359185422547755024e+02 4.129774227942788229e+02
9.904843181732762787e+02 3.359803747169697772e+02 4.128067895166067842e+02
9.860405730235032706e+02 3.357611121965957750e+02 4.130738532610512834e+02
9.817843224255406085e+02 3.354549819991796085e+02 4.135150834227272298e+02
9.770647908575555221e+02 3.355132519099171304e+02 4.137454628896790609e+02
9.748801425446274607e+02 3.354538509390087597e+02 4.138930176583464799e+02
9.697936439762994496e+02 3.356551906114847270e+02 4.139979092641314082e+02
9.679951548903076173e+02 3.355306182675903983e+02 4.145955609187631694e+02
9.636569916334348136e+02 3.353952148592088633e+02 4.149297982344256752e+02
9.614264964767692163e+02 3.353128708852923410e+02 4.152726974929768176e+02
9.570112928455878318e+02 3.354141283744088469e+02 4.156898737278704061e+02
9.520398099493961581e+02 3.356529813166083045e+02 4.152717633501754904e+02
9.503451651211378248e+02 3.354638387464397056e+02 4.160319136143115202e+02
9.451852339327878099e+02 3.359262063837398955e+02 4.158624877640103250e+02
9.413525071833252014e+02 3.361381278604824274e+02 4.171759416108918685e+02
9.413525071833252014e+02 3.361381278604824274e+02 4.171759416108918685e+02
9.370884711672605363e+02 3.361796046921958805e+02 4.172882188303976250e+02
9.327443800609410118e+02 3.363960859110901538e+02 4.178416632379110069e+02
9.280007712580711541e+02 3.364589446198461360e+02 4.172623428397996577e+02
9.257718334607503721e+02 3.366112979174633324e+02 4.178204450580605567e+02
9.214522072324620012e+02 3.365091277575970139e+02 4.179901451847676412e+02
9.194341453534917719e+02 3.362354215502852526e+02 4.180248334037547124e+02
9.125908626280619274e+02 3.364743192862911769e+02 4.181827906414524136e+02
9.104685030227650486e+02 3.363145767657017586e+02 4.184442684919484918e+02
9.060312773696614386e+02 3.361420245652344647e+02 4.183049773186857010e+02
9.039274793078803896e+02 3.360723878329764034e+02 4.185724592024097888e+02
9.016583196744343240e+02 3.360632191923997993e+02 4.185999764003179280e+02
8.973688098887400884e+02 3.357751344250242482e+02 4.185612293445879573e+02
8.957027573072419955e+02 3.355320045751994940e+02 4.191831026163669094e+02
8.911757300627413088e+02 3.353283835022777453e+02 4.188309517822167436e+02
8.868077892058636280e+02 3.350412408711667922e+02 4.186912528365525077e+02
8.817039741592273003e+02 3.347907214164348488e+02 4.176919849911680558e+02
8.794777627985816935e+02 3.347987730524676522e+02 4.176255235198731270e+02
8.772595060148959192e+02 3.345733248087040579e+02 4.174192209526922284e+02
8.725836844590656938e+02 3.346203107573023772e+02 4.171510134115852111e+02
8.703567772973796082e+02 3.347256377378482171e+02 4.170756497453862721e+02
8.657388286289655071e+02 3.351179340713841839e+02 4.172568247449735850e+02
8.634893964308175782e+02 3.349954497434702034e+02 4.172966883748965188e+02
8.566320920411562838e+02 3.353565502849542099e+02 4.179126263067475406e+02
8.544342091292134000e+02 3.354368369538017305e+02 4.182407434473245189e+02
8.503151996689240377e+02 3.353310955422003303e+02 4.189337517593872349e+02
8.473627298944117001e+02 3.355613532798498113e+02 4.188907599105926352e+02
8.435479889537654117e+02 3.356521253243105889e+02 4.201519232092808807e+02
8.393497128640128722e+02 3.354842572966500143e+02 4.208079216918420116e+02
8.371975298706253170e+02 3.354569818309661855e+02 4.212497915393187782e+02
8.350610050354043778e+02 3.356105868131654688e+02 4.217079336329591683e+02
8.337338326236672401e+02 3.353351230254204438e+02 4.228160924545925354e+02
8.265940651043736125e+02 3.355529668005555095e+02 4.233884095913637111e+02
8.223565944679974109e+02 3.354789955160268846e+02 4.241904121559966825e+02
8.201527359101927459e+02 3.354154689910703269e+02 4.246088265186078274e+02
8.165281998834494743e+02 3.353111877990251628e+02 4.260358201814140102e+02
8.123978566343178045e+02 3.354260703368059922e+02 4.271114764493751181e+02
8.102257022430604820e+02 3.354214710299312969e+02 4.273131307501526521e+02
8.058877937558238500e+02 3.355206879345677748e+02 4.281751042768099751e+02
8.017059144390275378e+02 3.356305464491344424e+02 4.289940605547646442e+02
7.996545165230352268e+02 3.355997856101328125e+02 4.293970422299644270e+02
7.948437699876508304e+02 3.357169071075877014e+02 4.294427391038467476e+02
7.932849468870922465e+02 3.353580098331815407e+02 4.294774403643866094e+02
7.909074209378362639e+02 3.356619690409083319e+02 4.299942252420386808e+02
7.888285975529674943e+02 3.355968249041711715e+02 4.303305713290496328e+02
7.867258426559861846e+02 3.356107511440300186e+02 4.304935187673980863e+02
7.805364734367921073e+02 3.354573116801157084e+02 4.311915447195859201e+02
7.763022300319396436e+02 3.356039054160841602e+02 4.322196106753889353e+02
7.724156540655829986e+02 3.352668763969716679e+02 4.327133643598231174e+02
7.680724593985330557e+02 3.354041090830917824e+02 4.325600184944306079e+02
7.662018180881312901e+02 3.353064085197277677e+02 4.334590404226011628e+02
7.618249828249763596e+02 3.352924180219428649e+02 4.335190219225469264e+02
7.596735346132123823e+02 3.354909959697034765e+02 4.338493228539827555e+02
7.554965252180442121e+02 3.353350938322856791e+02 4.338195851149792475e+02
7.532196670469736546e+02 3.354761050807296101e+02 4.333130819498540518e+02
7.486559720944421770e+02 3.357862446551981179e+02 4.338434674896443539e+02
7.464812997194878790e+02 3.357023902668998971e+02 4.335259812868121685e+02
7.405232124271122984e+02 3.356844569005692733e+02 4.344722735091041841e+02
7.378737825350541470e+02 3.360679862234562734e+02 4.343754530191350227e+02
7.357990776133020745e+02 3.359522191114517113e+02 4.342531499599195399e+02
7.321462229249544862e+02 3.357827639703829163e+02 4.343228757899158268e+02
7.271807011505396758e+02 3.364029858133812922e+02 4.342518749896633494e+02
7.271807011505396758e+02 3.364029858133812922e+02 4.342518749896633494e+02
7.211125577584911071e+02 3.363003982182343066e+02 4.339834627872421038e+02
7.166084774994208146e+02 3.366717916243955528e+02 4.337140243555977008e+02
7.142995939594267156e+02 3.363350783577209313e+02 4.324733558301443281e+02
7.116716797633479246e+02 3.362975924180861966e+02 4.317430106950233153e+02
7.073759907172830026e+02 3.362041271625726608e+02 4.324292357557987430e+02
7.031913445968748420e+02 3.362748681933071566e+02 4.323796113503623246e+02
6.984804511536578957e+02 3.365750344458332393e+02 4.323954135420532339e+02
6.959256641122441351e+02 3.366266745272531011e+02 4.320017607495666425e+02
6.915857360215528615e+02 3.359359689246599601e+02 4.306858567072777646e+02
6.915857360215528615e+02 3.359359689246599601e+02 4.306858567072777646e+02
6.848915767815652771e+02 3.360239136800490201e+02 4.312682946037874103e+02
6.829644494460947044e+02 3.357260305830653806e+02 4.311457535124169453e+02
6.788033596862909462e+02 3.355126387225600979e+02 4.311559875302623936e+02
6.767313908818950949e+02 3.356942388849697636e+02 4.314386736852737840e+02
6.706432822259437216e+02 3.354689947105248393e+02 4.311115550531025633e+02
6.706432822259437216e+02 3.354689947105248393e+02 4.311115550531025633e+02
6.668885835327231462e+02 3.350479484462326241e+02 4.320775423414295346e+02
6.647283908010588220e+02 3.348858747793765929e+02 4.321521799155791541e+02
6.610550285654628624e+02 3.346529941276205591e+02 4.328344317465802646e+02
6.610550285654628624e+02 3.346529941276205591e+02 4.328344317465802646e+02
6.610550285654628624e+02 3.346529941276205591e+02 4.328344317465802646e+02
6.610550285654628624e+02 3.346529941276205591e+02 4.328344317465802646e+02
6.474364492645149767e+02 3.337352212489237786e+02 4.354055333374371344e+02
6.452007847920370978e+02 3.333596625066697356e+02 4.345739847079515812e+02
6.414188955889599129e+02 3.330079388669074660e+02 4.354502801230731848e+02
6.375079071264696040e+02 3.325938899564585540e+02 4.357512302845773888e+02
6.335357722752810332e+02 3.323405821112702370e+02 4.361131750790988804e+02
6.317966794590228119e+02 3.319745066659319832e+02 4.362482736047237495e+02
6.317966794590228119e+02 3.319745066659319832e+02 4.362482736047237495e+02
6.301161073163212905e+02 3.316296779531073184e+02 4.362223332089299106e+02
6.225722349390084673e+02 3.307763395074612731e+02 4.377672158015148511e+02
6.207282575563707496e+02 3.303654528963973576e+02 4.381938939676097107e+02
6.168521039411409674e+02 3.304604859950438254e+02 4.386922512779668182e+02
6.168521039411409674e+02 3.304604859950438254e+02 4.386922512779668182e+02
6.150754265719031082e+02 3.300614444216898278e+02 4.390414435204649521e+02
6.150754265719031082e+02 3.300614444216898278e+02 4.390414435204649521e+02
6.032022072808395023e+02 3.283858846115955998e+02 4.395185204512458768e+02
6.032022072808395023e+02 3.283858846115955998e+02 4.395185204512458768e+02
6.013205715812831613e+02 3.279249356733371883e+02 4.396400123456296001e+02
5.955825173291503916e+02 3.268966062278461777e+02 4.400101253200441533e+02
5.916183496270953128e+02 3.261575058643974785e+02 4.396635826132194893e+02
5.896233963533102269e+02 3.258711601713702635e+02 4.397164482719621219e+02
5.855840985843464068e+02 3.253544517255948563e+02 4.402506666693232091e+02
5.837541474775651977e+02 3.249085812955946722e+02 4.404979798092912233e+02
5.824703127842002459e+02 3.243535927056194623e+02 4.413358137410811537e+02
5.824703127842002459e+02 3.243535927056194623e+02 4.413358137410811537e+02
5.763861887955168868e+02 3.234278002075368477e+02 4.415986488638582728e+02
5.763861887955168868e+02 3.234278002075368477e+02 4.415986488638582728e+02
5.694165811509919877e+02 3.221685194201162972e+02 4.418129660426598093e+02
5.676191947072422863e+02 3.217128155411743364e+02 4.418643996381430838e+02
5.627738516126556760e+02 3.203917949728580652e+02 4.416321565859348652e+02
5.611570535555769084e+02 3.205985628360069200e+02 4.432712999791390303e+02
5.572977393675577105e+02 3.196626560732566986e+02 4.416527819100851957e+02
5.554225484796151022e+02 3.191390878941626852e+02 4.420858610365303321e+02
5.523462497080606681e+02 3.181307233210345089e+02 4.416188821054594769e+02
5.486619806069351171e+02 3.177309109460168770e+02 4.417168760226529116e+02
5.475598488896614526e+02 3.172444714177681817e+02 4.422814558407458208e+02
5.475598488896614526e+02 3.172444714177681817e+02 4.422814558407458208e+02
5.424055780548141001e+02 3.164905995301680264e+02 4.426751054862968431e+02
5.391211178948601628e+02 3.156866599737336401e+02 4.427695268934389787e+02
5.357352658799914025e+02 3.150901204534353610e+02 4.432572285350099719e+02
5.339518931149999617e+02 3.147874571358296407e+02 4.432688808541730623e+02
5.308203010222530338e+02 3.138699787129117453e+02 4.433857887389380608e+02
5.287269910061452265e+02 3.137713654492184787e+02 4.433370631423229042e+02
5.248915723447904611e+02 3.136541015898973228e+02 4.435721147202845600e+02
5.215888901127245845e+02 3.128555022240141739e+02 4.438220149404693871e+02
5.175609493779833201e+02 3.125377402348812552e+02 4.438288778508748464e+02
5.156664921866062059e+02 3.123025659947192594e+02 4.439167920954412239e+02
5.113429759724406836e+02 3.114774328363590712e+02 4.430375548377538735e+02
5.113429759724406836e+02 3.114774328363590712e+02 4.430375548377538735e+02
5.113429759724406836e+02 3.114774328363590712e+02 4.430375548377538735e+02
5.020803530742363137e+02 3.098972172538498171e+02 4.452045865628627439e+02
4.980702295035370071e+02 3.089719642019657613e+02 4.452030154422382680e+02
4.980702295035370071e+02 3.089719642019657613e+02 4.452030154422382680e+02
4.937712128420063777e+02 3.085489292024504948e+02 4.457232296816129633e+02
4.896092673855344515e+02 3.077971543980611386e+02 4.459960307159080912e+02
4.857104586319366035e+02 3.069705413318165483e+02 4.466852434892937254e+02
4.836415295094202520e+02 3.064476355058767467e+02 4.465368650163342181e+02
4.816208154069591956e+02 3.061066266032938188e+02 4.468112583490268435e+02
4.796074323275707911e+02 3.057350481887139608e+02 4.471509378189129507e+02
4.772517018797023525e+02 3.054200617643463147e+02 4.472413469748017860e+02
4.710298230503897230e+02 3.041811531944200055e+02 4.481302615341105025e+02
4.669037873286603144e+02 3.034098175499352692e+02 4.481301403251723627e+02
4.646935184200058870e+02 3.030099793909033110e+02 4.482046788709676548e+02
4.625068308088163462e+02 3.026627336851590258e+02 4.484020221294739486e+02
4.603803265522813035e+02 3.022324574320118700e+02 4.485772251524167586e+02
4.491696903503111571e+02 3.006958618912946122e+02 4.491077172180240495e+02
4.468260524504833029e+02 3.002513520144572112e+02 4.491806786344346278e+02
4.468260524504833029e+02 3.002513520144572112e+02 4.491806786344346278e+02
4.382308663977163405e+02 2.987142630028801591e+02 4.493406717231815719e+02
4.341165083378696750e+02 2.978135737933434370e+02 4.489697747040169702e+02
4.318785245140961138e+02 2.972411145058419493e+02 4.488370998458820509e+02
4.293665186432812106e+02 2.972385808008630761e+02 4.488650747537059260e+02
4.228749217517787997e+02 2.964074990569085912e+02 4.479804376038176770e+02
4.213264148471878343e+02 2.960611372317146106e+02 4.479574601412010679e+02
4.165861732944630944e+02 2.955564622462530906e+02 4.477651560555677293e+02
4.165861732944630944e+02 2.955564622462530906e+02 4.477651560555677293e+02
4.124633478691732762e+02 2.948081214526727081e+02 4.475148640031968057e+02
4.085796367875835813e+02 2.939146696916685642e+02 4.471213155963337726e+02
4.043032206851322030e+02 2.929924820368446490e+02 4.464075432884627617e+02
4.021813243608993957e+02 2.923641232139363524e+02 4.464042765226464553e+02
3.980288077488777390e+02 2.914261488312665165e+02 4.458419801315295103e+02
3.961418311079868317e+02 2.908038763247195106e+02 4.456484481610539774e+02
3.919556921730351746e+02 2.896891344558986816e+02 4.450134423525159946e+02
3.877946550935751020e+02 2.886888473936352852e+02 4.445139979939039563e+02
3.837198265196528268e+02 2.874918554896811997e+02 4.444169834226854050e+02
3.815941092341549847e+02 2.868146898834094713e+02 4.443228467987769363e+02
3.815941092341549847e+02 2.868146898834094713e+02 4.443228467987769363e+02
3.796730867315753812e+02 2.862844425995430129e+02 4.442480714353276881e+02
3.735091014454820311e+02 2.848794544328874849e+02 4.442276409403400521e+02
3.669707628938720063e+02 2.834016916019888868e+02 4.444215623853854709e+02
3.628481040447189230e+02 2.824306992125946749e+02 4.444101045259159832e+02
3.628481040447189230e+02 2.824306992125946749e+02 4.444101045259159832e+02
3.583071599004551899e+02 2.817010654796209792e+02 4.444015821382851641e+02
3.540770901118701204e+02 2.807887482978073876e+02 4.445308652880335103e+02
3.503299716717625074e+02 2.798311088301549603e+02 4.449184920735543756e+02
3.480067481171979011e+02 2.796337934018859528e+02 4.446432251100354165e+02
3.434050585284148269e+02 2.785021206774235907e+02 4.446611792431672256e+02
3.409897844305037324e+02 2.782546578977945728e+02 4.447649581245624404e+02
3.369203464365468221e+02 2.771834405768047418e+02 4.448209950157594221e+02
3.344183982709532188e+02 2.767516011947152492e+02 4.450815093420239918e+02
3.296888223006705516e+02 2.759941771581181911e+02 4.450405398862826019e+02
3.251290570932526975e+02 2.749027018317768238e+02 4.449037365444498278e+02
3.228218760811485595e+02 2.744485969508132257e+02 4.450271373912951844e+02
3.179650491101028820e+02 2.733941121205585318e+02 4.446739621643286000e+02
3.134256555290567121e+02 2.722481205918113574e+02 4.445868439775745742e+02
3.134256555290567121e+02 2.722481205918113574e+02 4.445868439775745742e+02
3.111330105817052072e+02 2.716338598186424065e+02 4.444205979801740796e+02
3.084839964435407182e+02 2.710859877018793327e+02 4.443016677223152442e+02
3.015728398964785129e+02 2.691858523470706928e+02 4.437529694803960183e+02
2.965562230733980300e+02 2.679184308595370112e+02 4.432740835263197710e+02
2.913274278251189457e+02 2.666051974570650032e+02 4.428805941088672853e+02
2.888009628397779238e+02 2.659441288928829863e+02 4.427254539404130469e+02
2.841770863688818167e+02 2.642330768861107799e+02 4.411442849230588195e+02
2.789831415521154554e+02 2.632578323564590050e+02 4.409978303353351521e+02
2.769286953186279447e+02 2.620822524241439737e+02 4.404832565945583838e+02
2.720119786346488695e+02 2.610246625481800606e+02 4.397694619967773519e+02
2.669339727023580622e+02 2.601789352671189022e+02 4.403337987128469422e+02
2.646382582927854514e+02 2.600479722855796467e+02 4.401709843438576399e+02
2.597485903696032210e+02 2.595237624633932683e+02 4.401813889805903841e+02
2.597485903696032210e+02 2.595237624633932683e+02 4.401813889805903841e+02
2.573120416073401202e+02 2.590131445114510598e+02 4.400670218278467587e+02
2.573120416073401202e+02 2.590131445114510598e+02 4.400670218278467587e+02
2.451638038666953889e+02 2.566571336219578825e+02 4.404475364941828275e+02
2.399980347833009375e+02 2.559701098612444241e+02 4.409371774017648136e+02
2.354978636481179990e+02 2.548292836811064603e+02 4.410725396765716368e+02
2.331110105734643412e+02 2.543527014686912651e+02 4.413412146544744132e+02
2.281514747209641598e+02 2.533585366530452063e+02 4.418789709984579304e+02
2.281514747209641598e+02 2.533585366530452063e+02 4.418789709984579304e+02
2.256675749880192541e+02 2.528534667653367762e+02 4.419376587187031760e+02
2.184604585325477331e+02 2.512347176847131891e+02 4.423341636883540104e+02
2.136794947895054122e+02 2.502939993270300363e+02 4.430248489276301029e+02
2.092794262712904469e+02 2.486901001713382584e+02 4.431954827879684444e+02
2.046203046090890041e+02 2.475332923222009356e+02 4.437914635663910303e+02
2.021474731817100690e+02 2.467462356898938651e+02 4.439136719712532226e+02
1.975784340552138474e+02 2.454956425539245117e+02 4.441840949297414340e+02
1.951637848862484361e+02 2.449892934382845340e+02 4.443819724981869399e+02
1.904357853193263566e+02 2.436022699878357400e+02 4.441326539448073731e+02
1.904357853193263566e+02 2.436022699878357400e+02 4.441326539448073731e+02
1.833465286721753102e+02 2.422615473793896115e+02 4.446580025165237657e+02
1.809356598135032073e+02 2.416154825314141021e+02 4.446803582742399499e+02
1.760547382830396828e+02 2.404181708902903836e+02 4.447079037727455102e+02
1.710843712338488558e+02 2.392237273830189395e+02 4.445601256951155733e+02
1.663313049022157202e+02 2.380056909098989877e+02 4.444549090470214310e+02
1.638379589581861353e+02 2.374858505646448066e+02 4.444356926148403204e+02
1.590454019850074303e+02 2.365719737406066940e+02 4.443526082976281941e+02
1.565401871342350546e+02 2.360943741373615978e+02 4.442890014521954640e+02
1.541078671981657067e+02 2.356674880997562980e+02 4.442300664893826934e+02
1.541078671981657067e+02 2.356674880997562980e+02 4.442300664893826934e+02
1.438923202841539819e+02 2.334368539993562308e+02 4.439693694623541660e+02
1.414768585818739552e+02 2.332088829952865012e+02 4.438880069567641158e+02
1.369340584190489096e+02 2.311520127080122791e+02 4.425118794843463661e+02
1.320514229717229853e+02 2.299898809441564822e+02 4.423193084668679376e+02
1.273725814649829147e+02 2.286305373397371170e+02 4.419387304023081242e+02
1.247742937991980625e+02 2.281770785608117933e+02 4.418673035341277568e+02
1.197529404843813552e+02 2.270022889949721900e+02 4.414249239639650568e+02
1.171621949957153674e+02 2.264609267719295929e+02 4.411692118291180122e+02
1.148323545286329335e+02 2.256482289249309190e+02 4.408094847032957659e+02
1.123443266889544532e+02 2.249679569391185794e+02 4.404998981581524617e+02
1.071361384059687083e+02 2.238687827933995607e+02 4.398194182814311262e+02
1.024804693242500377e+02 2.219610789966599498e+02 4.385704378813949802e+02
9.730862624553095941e+01 2.210480596605707717e+02 4.382793684512838013e+02
9.462672922185620905e+01 2.206000773004999189e+02 4.379606239433058477e+02
8.722537124065596004e+01 2.180430461438105851e+02 4.364349200778824525e+02
8.722537124065596004e+01 2.180430461438105851e+02 4.364349200778824525e+02
7.930490728633202480e+01 2.164405853068346062e+02 4.348471796989180689e+02
7.695243664189437993e+01 2.156642855433827322e+02 4.344906952913081568e+02
7.695243664189437993e+01 2.156642855433827322e+02 4.344906952913081568e+02
6.997480334913747413e+01 2.130601061325268972e+02 4.328818212801627965e+02
6.506473003201280392e+01 2.118277574341370553e+02 4.325355262363249835e+02
6.259576689635082403e+01 2.112966073830893379e+02 4.322790932854302355e+02
5.719865817949526132e+01 2.108373054802601416e+02 4.316283341868181651e+02
5.476696174621866930e+01 2.103413423496463110e+02 4.314843565036075574e+02
4.716771563008293811e+01 2.088976755688184994e+02 4.312930796460884721e+02
4.462526910020105220e+01 2.084624080322678594e+02 4.311587592778558360e+02
4.182445611770680216e+01 2.080211278169137188e+02 4.306889754556759726e+02
3.680775758637393835e+01 2.063327918895970186e+02 4.290734654508827930e+02
3.133872322236157260e+01 2.052041357891919233e+02 4.286279083009745818e+02
2.865594576629637658e+01 2.046950880897359184e+02 4.283918902583139925e+02
2.268856696839245046e+01 2.040195307665714495e+02 4.293110857837750132e+02
2.018446454420856284e+01 2.028163220329021499e+02 4.280388829227644578e+02
1.159544570202081815e+01 2.013522205516141241e+02 4.272883073873607600e+02
8.860316459894697516e+00 2.006267343184030381e+02 4.263392730876426526e+02
5.986542346504551304e+00 2.000364998567197858e+02 4.261094962950504055e+02
1.344006219330668994e-01 1.987584103219648739e+02 4.251568335609181304e+02
-6.042528815387370855e+00 1.973848428176815162e+02 4.242945842146356767e+02
-9.169604893287775838e+00 1.967783734000966831e+02 4.238101454081444217e+02
-1.543736699618750485e+01 1.953974727257757991e+02 4.222840236520644908e+02
-1.833081808813437164e+01 1.947240298212251730e+02 4.214271761212708043e+02
-2.432043815700428979e+01 1.930188284630296494e+02 4.209011101349067872e+02
-2.432043815700428979e+01 1.930188284630296494e+02 4.209011101349067872e+02
-2.432043815700428979e+01 1.930188284630296494e+02 4.209011101349067872e+02
-2.736890506988592620e+01 1.922049358641436356e+02 4.202652948436378892e+02
-4.203694606745028040e+01 1.880438283389112257e+02 4.171949544030678112e+02
-4.203694606745028040e+01 1.880438283389112257e+02 4.171949544030678112e+02
-4.766392852235154010e+01 1.863378161829485293e+02 4.160989259750999736e+02
-5.075328844997447675e+01 1.860788394953415832e+02 4.151440985519965352e+02
-5.075328844997447675e+01 1.860788394953415832e+02 4.151440985519965352e+02
-5.311736738069529906e+01 1.848954284860161863e+02 4.143240562483260305e+02
-6.653549922278700990e+01 1.827852735177104364e+02 4.138070120067293942e+02
-6.921637726875592023e+01 1.823030557545694705e+02 4.140621504839970726e+02
-7.458704087870428623e+01 1.813695033243899957e+02 4.143305810037716697e+02
-7.721662299053595291e+01 1.809326763576422081e+02 4.145281222461019297e+02
-8.492463018383232054e+01 1.789103908285613045e+02 4.147104775522109890e+02
-8.755485995397141608e+01 1.784802142847413791e+02 4.149818256249336059e+02
-9.261340959755068525e+01 1.774778993433992014e+02 4.151382462007234722e+02
-9.510448558881645909e+01 1.767158204127352690e+02 4.152233286797555820e+02
-1.023810963461124857e+02 1.745786143160666484e+02 4.160138622890089550e+02
-1.049010569968727822e+02 1.738485691288247494e+02 4.163231996555840624e+02
-1.099948531407703456e+02 1.724184761186777166e+02 4.170417260908263302e+02
-1.121773812508158130e+02 1.714109463694239537e+02 4.170478788307768809e+02
-1.173107795953918639e+02 1.703227414546017542e+02 4.179479578353207785e+02
-1.196094641604351096e+02 1.695875662781194251e+02 4.182610556926996423e+02
-1.246272457674313472e+02 1.683194715389282692e+02 4.191637902889186762e+02
-1.269971300384131609e+02 1.675139304592123892e+02 4.194266951607517626e+02
-1.319068549909106025e+02 1.661781903041788837e+02 4.200804113525086905e+02
-1.370005988748477250e+02 1.643750454568109092e+02 4.200208498851716286e+02
-1.420655608591073076e+02 1.630276691300730363e+02 4.207225861745166640e+02
-1.420655608591073076e+02 1.630276691300730363e+02 4.207225861745166640e+02
-1.420655608591073076e+02 1.630276691300730363e+02 4.207225861745166640e+02
-1.420655608591073076e+02 1.630276691300730363e+02 4.207225861745166640e+02
-1.525653287984882809e+02 1.606136002473140252e+02 4.230394370038670786e+02
-1.604546023703979358e+02 1.588321960161638060e+02 4.238021667975126547e+02
-1.657723643649150063e+02 1.576344209706154516e+02 4.244305699072683069e+02
-1.685341961089931146e+02 1.570582213450411473e+02 4.247313564801291932e+02
-1.738527108576271871e+02 1.559295998977658257e+02 4.256203059932131509e+02
-1.792879001131931602e+02 1.550094804514444604e+02 4.264703016819611321e+02
-1.820193553404846796e+02 1.544627713168934520e+02 4.268141810297061625e+02
-1.820193553404846796e+02 1.544627713168934520e+02 4.268141810297061625e+02
-1.820193553404846796e+02 1.544627713168934520e+02 4.268141810297061625e+02
-1.847141747453466962e+02 1.539271281616286160e+02 4.270811291104403722e+02
-2.009956678977957552e+02 1.506437051537594414e+02 4.288596220908621603e+02
-2.038972404051908143e+02 1.502740937414357916e+02 4.289067723578218647e+02
-2.094828126489184115e+02 1.492904724584781206e+02 4.287802824228704139e+02
-2.119071069219582455e+02 1.483208816195398754e+02 4.284430529658609998e+02
-2.168764235607380044e+02 1.471543605384184161e+02 4.287363746229992216e+02
-2.221142536688571454e+02 1.458522055161449202e+02 4.277966995241596351e+02
-2.248973410518302103e+02 1.452829110237390751e+02 4.283388394862365089e+02
-2.248973410518302103e+02 1.452829110237390751e+02 4.283388394862365089e+02
-2.275022747017507072e+02 1.448473395968804880e+02 4.279417526529487645e+02
-2.350283502404699334e+02 1.430478483898231730e+02 4.271117764854506618e+02
-2.396942407902567140e+02 1.417485459558590435e+02 4.264953527724277365e+02
-2.445085553254671709e+02 1.403532302839033719e+02 4.256111349003084001e+02
-2.491137728232441475e+02 1.390609290827870836e+02 4.252930697989419286e+02
-2.522895506953761924e+02 1.397792491482599075e+02 4.261606565750440723e+02
-2.546360971379905038e+02 1.390263086084500230e+02 4.259399542735266664e+02
-2.609307780202975664e+02 1.357990015890306097e+02 4.253773215529118374e+02
-2.609307780202975664e+02 1.357990015890306097e+02 4.253773215529118374e+02
-2.609307780202975664e+02 1.357990015890306097e+02 4.253773215529118374e+02
-2.702856917339453275e+02 1.332561597414793368e+02 4.258874244083692133e+02
-2.725909929821577862e+02 1.327832236935473418e+02 4.261665606069226442e+02
-2.772008314236357478e+02 1.317225638945637627e+02 4.266414191249410237e+02
-2.819673871328504333e+02 1.306338308939669446e+02 4.271364042414520554e+02
-2.866384874508311782e+02 1.295434266845110187e+02 4.275148804421693285e+02
-2.888837949746027789e+02 1.290320235079666134e+02 4.278892815462377825e+02
-2.935502727563072085e+02 1.282484445398628736e+02 4.285997149926719771e+02
-2.957703214627721877e+02 1.276860067093095381e+02 4.288652456906288535e+02
-2.957703214627721877e+02 1.276860067093095381e+02 4.288652456906288535e+02
-2.957703214627721877e+02 1.276860067093095381e+02 4.288652456906288535e+02
-2.980944968250427110e+02 1.273277165931124983e+02 4.291806932477335295e+02
-3.119924985032265567e+02 1.251882034670345689e+02 4.323471392465737608e+02
-3.169979964002292832e+02 1.245854405813365418e+02 4.332897438343725298e+02
-3.190132245171502063e+02 1.240445652657794113e+02 4.335135940045365714e+02
-3.234953185859383780e+02 1.228287913106792928e+02 4.338974486978556229e+02
-3.255818085300068674e+02 1.225037786686749683e+02 4.344095035468237143e+02
-3.324219263591926961e+02 1.211445292577318327e+02 4.351198078053732843e+02
-3.324219263591926961e+02 1.211445292577318327e+02 4.351198078053732843e+02
-3.344677335499487185e+02 1.204305988644677825e+02 4.349782310132824819e+02
-3.409621036920578945e+02 1.189854286809510882e+02 4.353564070792576217e+02
-3.449365832326492978e+02 1.174437893695668578e+02 4.339795248354336650e+02
-3.472993313561588593e+02 1.172008640721222861e+02 4.338870230427610863e+02
-3.514849572560634101e+02 1.159668862431994114e+02 4.337430011299570083e+02
-3.536405007553598239e+02 1.154409544728572712e+02 4.336278553791082118e+02
-3.578240642366881161e+02 1.143728393512956245e+02 4.332687995454787711e+02
-3.622909784493886605e+02 1.132938913543512029e+02 4.327461939769671631e+02
-3.645900098201624360e+02 1.127927888252603026e+02 4.325267023163434601e+02
-3.668770922385683662e+02 1.122441917967500871e+02 4.322876427029423780e+02
-3.713139024192673787e+02 1.111293378215876544e+02 4.316572750996578520e+02
-3.735389820377080241e+02 1.105907794606806078e+02 4.313808836450498347e+02
-3.784975636542061466e+02 1.099879867199017838e+02 4.322388189762307320e+02
-3.830881618611127806e+02 1.090274876652862730e+02 4.309508611974939072e+02
-3.877887110355197819e+02 1.084568716806427204e+02 4.310247960100006708e+02
-3.899392023812960133e+02 1.080082806746982840e+02 4.312411754720703243e+02
-3.944909164608463925e+02 1.077361010584519789e+02 4.318629248544970096e+02
-3.991247111888907284e+02 1.077074406758711405e+02 4.331621232115786029e+02
-4.012803134888727641e+02 1.074213787143750380e+02 4.334470866703916840e+02
-4.050780725675178360e+02 1.065875373239852735e+02 4.336982467961622092e+02
-4.094071263162621790e+02 1.058298202643819508e+02 4.350060106941903655e+02
-4.115298989306750741e+02 1.057729362058432088e+02 4.349386586918907938e+02
-4.152002824965151149e+02 1.050619410670750113e+02 4.356294640423673741e+02
-4.171549812022320793e+02 1.047727941955833444e+02 4.360748775367741814e+02
-4.210474047787535028e+02 1.042152347326686623e+02 4.369502867433511710e+02
-4.229858913309951163e+02 1.039545422950274087e+02 4.373828271282978903e+02
-4.270916704804513415e+02 1.034355654411073289e+02 4.384471363949774059e+02
-4.309277476889969307e+02 1.031351262222529783e+02 4.393602747893381206e+02
-4.329965827441715760e+02 1.028870664564818327e+02 4.399194139615534596e+02
-4.369614161367360339e+02 1.024880055447598295e+02 4.408238644935893262e+02
-4.407400285697196409e+02 1.021117701821208641e+02 4.417403916863449922e+02
-4.426500824958595217e+02 1.019984995093368383e+02 4.422529552309034102e+02
-4.464550440133554616e+02 1.017168938458101763e+02 4.429713902045276654e+02
-4.484305870055745800e+02 1.015513067669093203e+02 4.434355483599927084e+02
-4.525109402302064154e+02 1.013079787235606801e+02 4.446442472103775572e+02
-4.544772335549466789e+02 1.011444907488422018e+02 4.450413325183962456e+02
-4.585899600848194950e+02 1.010696428983735302e+02 4.457840805028147884e+02
-4.623662979627023333e+02 1.009135041376471094e+02 4.466355255556092629e+02
-4.662650102713917022e+02 1.004924263915893619e+02 4.475664834660898919e+02
-4.685884124014053782e+02 1.005670635646741431e+02 4.478853779001816520e+02
-4.702580840419484502e+02 1.003276553598086736e+02 4.483110176371791908e+02
-4.702580840419484502e+02 1.003276553598086736e+02 4.483110176371791908e+02
-4.784016520881926908e+02 9.999238747385413717e+01 4.498541950516772658e+02
-4.804590364931394220e+02 9.985664486695279152e+01 4.501166714453940472e+02
-4.845239398846840118e+02 9.982708862716107490e+01 4.506607304776808292e+02
-4.884597757246197034e+02 9.966649299309619892e+01 4.509922842522594237e+02
-4.904094999889666155e+02 9.967623733140742104e+01 4.510421270475113715e+02
-4.946583239310213003e+02 9.953817502905324943e+01 4.515917526995635853e+02
-4.987475431031788276e+02 9.944847920079280357e+01 4.519041227778681105e+02
-5.009320484101887700e+02 9.940035359106995827e+01 4.519825323228757270e+02
-5.009320484101887700e+02 9.940035359106995827e+01 4.519825323228757270e+02
-5.009320484101887700e+02 9.940035359106995827e+01 4.519825323228757270e+02
-5.108950276237671346e+02 9.914969492537103690e+01 4.522821543157410247e+02
-5.153287120609844578e+02 9.909684617949483254e+01 4.523530789241457342e+02
-5.172679361513978620e+02 9.924581569673904369e+01 4.528156488265281041e+02
-5.214375442152554569e+02 9.856386625088107678e+01 4.528858579140379561e+02
-5.214375442152554569e+02 9.856386625088107678e+01 4.528858579140379561e+02
-5.255337508502575474e+02 9.849954752661604118e+01 4.527236698110169186e+02
-5.295132625579973364e+02 9.835239355789251192e+01 4.520987181102441923e+02
-5.319167834374707127e+02 9.826766953745557487e+01 4.523116413716415423e+02
-5.361270956231753644e+02 9.799650782936912208e+01 4.522863140956134202e+02
-5.403161372712166894e+02 9.759383506194075153e+01 4.521065265353872178e+02
-5.446692385458986791e+02 9.732046619449576497e+01 4.519965245096380499e+02
-5.468038646362072086e+02 9.716301219704361358e+01 4.518146691946935789e+02
-5.510911813691431007e+02 9.694829407594174597e+01 4.515172181353597693e+02
-5.532192667116411258e+02 9.706098283222790712e+01 4.511542803828376691e+02
-5.598294050612399815e+02 9.672133060854218911e+01 4.508382400616254699e+02
-5.618516289386707285e+02 9.672432485631100008e+01 4.507649796875926427e+02
-5.661482911466293899e+02 9.684389724471762406e+01 4.500862094132188531e+02
-5.679990165622426730e+02 9.667472652096252261e+01 4.501487668801416930e+02
-5.723342011028421439e+02 9.663272992531004491e+01 4.499620275392578037e+02
-5.744911805899544106e+02 9.660998616672993933e+01 4.499703452659421146e+02
-5.785462338651726668e+02 9.665684039469945787e+01 4.498025438518932333e+02
-5.803423412078185493e+02 9.663902878619046533e+01 4.494068527124665025e+02
-5.847411229094338978e+02 9.696784772360781801e+01 4.493061692690595805e+02
-5.864944041420930034e+02 9.664172534024244499e+01 4.492122571354372553e+02
-5.903379206543619375e+02 9.649022083676899797e+01 4.492100040517312891e+02
-5.941553430496508099e+02 9.634681325281430020e+01 4.489211372128248740e+02
-5.960345635954116688e+02 9.618372445728715547e+01 4.488271565147155684e+02
-5.979959776117710817e+02 9.607015054715741087e+01 4.487840296165525729e+02
-5.999026870706230739e+02 9.591758921781789127e+01 4.487703081455283609e+02
-6.054725475476806196e+02 9.546182996479298311e+01 4.487048382007361056e+02
-6.094520339265505982e+02 9.515834768427717449e+01 4.490546120273650672e+02
-6.113487432020989445e+02 9.505391224695920016e+01 4.491102098318303888e+02
-6.152023945370260662e+02 9.479505727797327097e+01 4.494182958636692433e+02
-6.171132138283803670e+02 9.468872456929531722e+01 4.495768158012368758e+02
-6.208342621717750944e+02 9.458902611869845600e+01 4.495847613922023811e+02
-6.228217182678263271e+02 9.428518511079013820e+01 4.500683537556865303e+02
-6.266345460869622457e+02 9.399905656072017734e+01 4.504449341210898865e+02
-6.266345460869622457e+02 9.399905656072017734e+01 4.504449341210898865e+02
-6.320591829332041698e+02 9.359018516520649200e+01 4.510239166466569145e+02
-6.357010609825966867e+02 9.332133314073197994e+01 4.511396451167141208e+02
-6.394252876594130157e+02 9.297594114962946321e+01 4.515900783883849385e+02
-6.414785373114103777e+02 9.277203443285776530e+01 4.520555742399027963e+02
-6.451490074936032215e+02 9.233336874206958100e+01 4.524271214041932581e+02
-6.470614501639672653e+02 9.210213628374789607e+01 4.526733101001331647e+02
-6.510261921003371981e+02 9.176823463650259782e+01 4.530371319427368348e+02
-6.526396649686000728e+02 9.151441575290421326e+01 4.529958531504628922e+02
-6.562900581750712945e+02 9.091384038821414038e+01 4.535664698702103124e+02
-6.581054470770694707e+02 9.064578226517568282e+01 4.537951569373878442e+02
-6.638035982661286880e+02 9.012228072809730861e+01 4.543001139206722314e+02
-6.656674533550257138e+02 8.967762262374174043e+01 4.548575979892863757e+02
-6.693879948529499870e+02 8.915310552842495895e+01 4.553249748633531908e+02
-6.710546089862513099e+02 8.897670275342893831e+01 4.552292757625553463e+02
-6.764867228359984210e+02 8.810197025012361394e+01 4.557721720610690568e+02
-6.764867228359984210e+02 8.810197025012361394e+01 4.557721720610690568e+02
-6.803510996862283946e+02 8.753772578396832671e+01 4.564855452543105798e+02
-6.838324529417395752e+02 8.695664648872940461e+01 4.569018744702239019e+02
-6.871833162014789878e+02 8.641715283912085965e+01 4.570672917190956355e+02
-6.889288298427404698e+02 8.610268378268058598e+01 4.571435521392580199e+02
-6.922450884018866191e+02 8.555892841088400758e+01 4.573995983364420113e+02
-6.939498396810813574e+02 8.541220983418372725e+01 4.574445883579768974e+02
-6.973648069296089034e+02 8.490307041411850264e+01 4.574714529744163087e+02
-6.990629260049678351e+02 8.466393792210524794e+01 4.575029437596440971e+02
-7.024141713795480655e+02 8.391474935430491655e+01 4.578405153808775481e+02
-7.038979403319244739e+02 8.369446758539807263e+01 4.576911446894461051e+02
-7.071045580420123997e+02 8.308239036458569160e+01 4.577229668226627837e+02
-7.103848447345033037e+02 8.249886012812220315e+01 4.577067710104993239e+02
-7.135027578059567759e+02 8.186919663481374698e+01 4.575880892480246871e+02
-7.151319058871165453e+02 8.154591159378814780e+01 4.575283013351671570e+02
-7.182243051905219318e+02 8.101658916515796705e+01 4.572044264700856502e+02
-7.213129787355020426e+02 8.044423649790573450e+01 4.569087479765647117e+02
-7.229235383862296658e+02 8.008521100080608335e+01 4.568108520768387848e+02
-7.244485782142328389e+02 7.980669113105291501e+01 4.566967950150105935e+02
-7.274480105671894989e+02 7.929894708842971340e+01 4.562894096682193208e+02
-7.306151449773993818e+02 7.881941973234992815e+01 4.562958820451933661e+02
-7.320666769650192691e+02 7.848641549826724884e+01 4.561704064478825558e+02
-7.337126329902814632e+02 7.820624818520886379e+01 4.561859846978296105e+02
-7.387207601143699094e+02 7.750557797665025817e+01 4.562506354288421448e+02
-7.403927303555117305e+02 7.732185793798959139e+01 4.563823267068701171e+02
-7.421408849608437777e+02 7.712042687471134172e+01 4.564590401202071916e+02
-7.456606065509409973e+02 7.686246158227899627e+01 4.567500159816314635e+02
-7.510587201004194640e+02 7.642157826595399683e+01 4.574800981636284405e+02
-7.531130686491268307e+02 7.643058732961955570e+01 4.576222566039280650e+02
-7.548272929503197020e+02 7.616969450800341690e+01 4.580157089376430690e+02
-7.566298440302491599e+02 7.603200827209451518e+01 4.582619347021349654e+02
-7.605283873680203897e+02 7.573008002504859348e+01 4.589537994285482796e+02
-7.643807671940203363e+02 7.546417330177567351e+01 4.596507122685405307e+02
-7.663423013008715543e+02 7.529917281396345174e+01 4.600099686608664342e+02
-7.683220135406298823e+02 7.520718746548691058e+01 4.603587504684313103e+02
-7.702822650957592714e+02 7.511905801987532527e+01 4.607574079201366999e+02
-7.763225667983953144e+02 7.478446636726089025e+01 4.617891444717724880e+02
-7.804200668165825618e+02 7.443817773205933008e+01 4.624513896667959330e+02
-7.824531276388315746e+02 7.426982926675330532e+01 4.626558939149970229e+02
-7.865250444711078899e+02 7.389978751085784836e+01 4.631452472622887058e+02
-7.886509918080599846e+02 7.366470378208600778e+01 4.634035514908708251e+02
-7.927182047325874237e+02 7.321725748533411604e+01 4.637223621212730222e+02
-7.969139871320473958e+02 7.273625221774456406e+01 4.642544665559722148e+02
-8.011903457878390782e+02 7.245693909590231385e+01 4.646999792295785028e+02
-8.011903457878390782e+02 7.245693909590231385e+01 4.646999792295785028e+02
-8.054385696763038140e+02 7.193163069446140412e+01 4.649347431525106913e+02
-8.074060913877519852e+02 7.149732512082729841e+01 4.649139765946635521e+02
-8.138488999903943295e+02 7.047747166599123148e+01 4.651541274687246528e+02
-8.157559698078622432e+02 7.009589953596174894e+01 4.652360683113656705e+02
-8.201822365702249726e+02 6.961030534880460152e+01 4.653349866244786313e+02
-8.222896134950836995e+02 6.925278202676106787e+01 4.652962486069870920e+02
-8.267946873487693438e+02 6.881087540905022593e+01 4.653018222326908244e+02
-8.289437720624924850e+02 6.843221975844627991e+01 4.650157160814600275e+02
