1.752666141041301966e+09
1.752666141047424316e+09
1.752666141052334070e+09
1.752666141057970762e+09
1.752666141061640024e+09
1.752666141067378998e+09
1.752666141071195841e+09
1.752666141076106548e+09
1.752666141081358910e+09
1.752666141087468863e+09
1.752666141091943741e+09
1.752666141097588062e+09
1.752666141102119446e+09
1.752666141107415915e+09
1.752666141113132954e+09
1.752666141116126299e+09
1.752666141121494770e+09
1.752666141127427578e+09
1.752666141132290363e+09
1.752666141135821104e+09
1.752666141142378569e+09
1.752666141145986319e+09
1.752666141152175903e+09
1.752666141157398224e+09
1.752666141161258698e+09
1.752666141165653944e+09
1.752666141171412230e+09
1.752666141177718163e+09
1.752666141181284666e+09
1.752666141187605619e+09
1.752666141191226006e+09
1.752666141197757959e+09
1.752666141201514482e+09
1.752666141205662251e+09
1.752666141212536097e+09
1.752666141217520952e+09
1.752666141221420288e+09
1.752666141228163481e+09
1.752666141232149839e+09
1.752666141237452269e+09
1.752666141241281033e+09
1.752666141247930050e+09
1.752666141251610279e+09
1.752666141255805731e+09
1.752666141261368513e+09
1.752666141267686129e+09
1.752666141271317720e+09
1.752666141277369022e+09
1.752666141284518719e+09
1.752666141287688017e+09
1.752666141291501522e+09
1.752666141295723677e+09
1.752666141301303148e+09
1.752666141307478666e+09
1.752666141311496019e+09
1.752666141317777157e+09
1.752666141321337700e+09
1.752666141327464104e+09
1.752666141331935883e+09
1.752666141337487221e+09
1.752666141341204166e+09
1.752666141347708464e+09
1.752666141352111340e+09
1.752666141357382059e+09
1.752666141361330509e+09
1.752666141367604971e+09
1.752666141371281385e+09
1.752666141377531052e+09
1.752666141381440401e+09
1.752666141387693644e+09
1.752666141391248703e+09
1.752666141396152258e+09
1.752666141403384209e+09
1.752666141407385588e+09
1.752666141411579609e+09
1.752666141418263435e+09
1.752666141421855450e+09
1.752666141427531481e+09
1.752666141431350231e+09
1.752666141437613964e+09
1.752666141441459894e+09
1.752666141447647572e+09
1.752666141451214314e+09
1.752666141457641840e+09
1.752666141461321115e+09
1.752666141468151808e+09
1.752666141472521067e+09
1.752666141477349043e+09
1.752666141481279135e+09
1.752666141487789154e+09
1.752666141491687775e+09
1.752666141497756004e+09
1.752666141501395941e+09
1.752666141507644892e+09
1.752666141511284113e+09
1.752666141517562628e+09
1.752666141521266222e+09
1.752666141527525425e+09
1.752666141531137466e+09
1.752666141537279129e+09
1.752666141541283131e+09
1.752666141547512770e+09
1.752666141552307606e+09
1.752666141558922291e+09
1.752666141562759876e+09
1.752666141567416430e+09
1.752666141572439194e+09
1.752666141577986002e+09
1.752666141581283808e+09
1.752666141587611914e+09
1.752666141592404127e+09
1.752666141595695972e+09
1.752666141601292610e+09
1.752666141607444286e+09
1.752666141611258984e+09
1.752666141617597103e+09
1.752666141621546030e+09
1.752666141627977371e+09
1.752666141632467031e+09
1.752666141637633562e+09
1.752666141641349792e+09
1.752666141647778749e+09
1.752666141651257038e+09
1.752666141657452106e+09
1.752666141661264420e+09
1.752666141667324305e+09
1.752666141671166658e+09
1.752666141676058769e+09
1.752666141681428432e+09
1.752666141687898159e+09
1.752666141691374063e+09
1.752666141699890614e+09
1.752666141701430798e+09
1.752666141707633257e+09
1.752666141712502241e+09
1.752666141715665102e+09
1.752666141721415281e+09
1.752666141727498770e+09
1.752666141731193304e+09
1.752666141737710476e+09
1.752666141741366863e+09
1.752666141747735262e+09
1.752666141751340389e+09
1.752666141757828951e+09
1.752666141761350155e+09
1.752666141767711639e+09
1.752666141771605968e+09
1.752666141776568890e+09
1.752666141781370640e+09
1.752666141787824631e+09
1.752666141791291714e+09
1.752666141797849894e+09
1.752666141801452637e+09
1.752666141807697296e+09
1.752666141811151981e+09
1.752666141817349672e+09
1.752666141821266890e+09
1.752666141828463316e+09
1.752666141832897186e+09
1.752666141837631226e+09
1.752666141844681978e+09
1.752666141847737074e+09
1.752666141851315498e+09
1.752666141855623722e+09
1.752666141861383915e+09
1.752666141867730379e+09
1.752666141871305466e+09
1.752666141877615213e+09
1.752666141881386280e+09
1.752666141887840509e+09
1.752666141891507387e+09
1.752666141897771358e+09
1.752666141901354313e+09
1.752666141907703400e+09
1.752666141911911249e+09
1.752666141916415453e+09
1.752666141922636509e+09
1.752666141928054571e+09
1.752666141931930780e+09
1.752666141937333107e+09
1.752666141941231728e+09
1.752666141947711229e+09
1.752666141951495886e+09
1.752666141957712650e+09
1.752666141961349010e+09
1.752666141967709780e+09
1.752666141971295834e+09
1.752666141977642298e+09
1.752666141983076572e+09
1.752666141986170769e+09
1.752666141992377281e+09
1.752666141997398376e+09
1.752666142001279593e+09
1.752666142005793571e+09
1.752666142011552095e+09
1.752666142017533779e+09
1.752666142021320820e+09
1.752666142027631044e+09
1.752666142031372786e+09
1.752666142037424803e+09
1.752666142041561604e+09
1.752666142047741175e+09
1.752666142052201033e+09
1.752666142057640076e+09
1.752666142061327457e+09
1.752666142067669392e+09
1.752666142071298361e+09
1.752666142077243567e+09
1.752666142081521511e+09
1.752666142086171389e+09
1.752666142091151714e+09
1.752666142097670317e+09
1.752666142101481676e+09
1.752666142107938051e+09
1.752666142111139059e+09
1.752666142117724895e+09
1.752666142122280121e+09
1.752666142127617359e+09
1.752666142131231546e+09
1.752666142137586832e+09
1.752666142141350508e+09
1.752666142147643566e+09
1.752666142151291847e+09
1.752666142157696962e+09
1.752666142161360502e+09
1.752666142167286873e+09
1.752666142172564745e+09
1.752666142176039696e+09
1.752666142181226015e+09
1.752666142187421322e+09
1.752666142191444159e+09
1.752666142196126938e+09
1.752666142201421499e+09
1.752666142208051443e+09
1.752666142211270809e+09
1.752666142217412233e+09
1.752666142222500563e+09
1.752666142227878094e+09
1.752666142231126070e+09
1.752666142237389326e+09
1.752666142241418123e+09
1.752666142247459650e+09
1.752666142251364946e+09
1.752666142260007858e+09
1.752666142261395216e+09
1.752666142267186642e+09
1.752666142272181034e+09
1.752666142277197361e+09
1.752666142281360388e+09
1.752666142285808086e+09
1.752666142291342735e+09
1.752666142297250986e+09
1.752666142301214457e+09
1.752666142307867289e+09
1.752666142312667847e+09
1.752666142317879438e+09
1.752666142321388960e+09
1.752666142327373266e+09
1.752666142331827402e+09
1.752666142337380886e+09
1.752666142341314793e+09
1.752666142347634792e+09
1.752666142351329803e+09
1.752666142357219934e+09
1.752666142361186266e+09
1.752666142367488861e+09
1.752666142371188879e+09
1.752666142378037691e+09
1.752666142381497383e+09
1.752666142387758493e+09
1.752666142391167402e+09
1.752666142397893190e+09
1.752666142401764154e+09
1.752666142405835152e+09
1.752666142412426472e+09
1.752666142417685509e+09
1.752666142421259165e+09
1.752666142427821636e+09
1.752666142431344032e+09
1.752666142437649488e+09
1.752666142441282034e+09
1.752666142447952271e+09
1.752666142452201128e+09
1.752666142457797289e+09
1.752666142461294651e+09
1.752666142467509747e+09
1.752666142471315384e+09
1.752666142476145744e+09
1.752666142482125044e+09
1.752666142487752199e+09
1.752666142491565228e+09
1.752666142497562885e+09
1.752666142501324892e+09
1.752666142507567167e+09
1.752666142511275530e+09
1.752666142517964363e+09
1.752666142521325111e+09
1.752666142527588606e+09
1.752666142531334877e+09
1.752666142540094376e+09
1.752666142541322708e+09
1.752666142547547579e+09
1.752666142551367521e+09
1.752666142557876110e+09
1.752666142561636925e+09
1.752666142565821648e+09
1.752666142571360111e+09
1.752666142577700138e+09
1.752666142581525326e+09
1.752666142587665319e+09
1.752666142591326714e+09
1.752666142597513199e+09
1.752666142601391554e+09
1.752666142607243061e+09
1.752666142610853434e+09
1.752666142617873669e+09
1.752666142621282816e+09
1.752666142627604008e+09
1.752666142631044626e+09
1.752666142637260914e+09
1.752666142641422987e+09
1.752666142646083355e+09
1.752666142651235104e+09
1.752666142657603264e+09
1.752666142661256552e+09
1.752666142667176962e+09
1.752666142671426773e+09
1.752666142676337481e+09
1.752666142683563948e+09
1.752666142687376738e+09
1.752666142691253662e+09
1.752666142697667837e+09
1.752666142701565504e+09
1.752666142707607746e+09
1.752666142711195469e+09
1.752666142717579603e+09
1.752666142721353054e+09
1.752666142725732088e+09
1.752666142731570959e+09
1.752666142735675097e+09
1.752666142741364002e+09
1.752666142747319221e+09
1.752666142750917196e+09
1.752666142757401705e+09
1.752666142761250496e+09
1.752666142767830372e+09
1.752666142772210836e+09
1.752666142777651787e+09
1.752666142781260490e+09
1.752666142787585735e+09
1.752666142791576862e+09
1.752666142797885656e+09
1.752666142801385164e+09
1.752666142807747126e+09
1.752666142811374187e+09
1.752666142818338156e+09
1.752666142822465897e+09
1.752666142827663660e+09
1.752666142831405401e+09
1.752666142837590456e+09
1.752666142841282129e+09
1.752666142847820282e+09
1.752666142851416826e+09
1.752666142857648611e+09
1.752666142861285925e+09
1.752666142867741585e+09
1.752666142872049570e+09
1.752666142877598286e+09
1.752666142881373167e+09
1.752666142888132811e+09
1.752666142891183376e+09
1.752666142897565126e+09
1.752666142901076794e+09
1.752666142907613516e+09
1.752666142911305666e+09
1.752666142918254375e+09
1.752666142921355247e+09
1.752666142927691936e+09
1.752666142931357861e+09
1.752666142936045647e+09
1.752666142942169189e+09
1.752666142947418213e+09
1.752666142951414585e+09
1.752666142956356287e+09
1.752666142961802244e+09
1.752666142967502594e+09
1.752666142971100330e+09
1.752666142977475405e+09
1.752666142981287003e+09
1.752666142987755060e+09
1.752666142991412878e+09
1.752666142997751713e+09
1.752666143001269341e+09
1.752666143007429838e+09
1.752666143011491776e+09
1.752666143017850876e+09
1.752666143021408319e+09
1.752666143027546167e+09
1.752666143032573462e+09
1.752666143037749767e+09
1.752666143041297674e+09
1.752666143047754049e+09
1.752666143051485777e+09
1.752666143057636023e+09
1.752666143061170340e+09
1.752666143067752123e+09
1.752666143071292877e+09
1.752666143077193022e+09
1.752666143081218719e+09
1.752666143086257219e+09
1.752666143092075348e+09
1.752666143098232985e+09
1.752666143101282597e+09
1.752666143107437372e+09
1.752666143111075401e+09
1.752666143117731571e+09
1.752666143121281624e+09
1.752666143127652884e+09
1.752666143131277561e+09
1.752666143136168718e+09
1.752666143142680168e+09
1.752666143147442341e+09
1.752666143151143074e+09
1.752666143158130884e+09
1.752666143162443161e+09
1.752666143167606115e+09
1.752666143173164129e+09
1.752666143179433584e+09
1.752666143181038857e+09
1.752666143187461615e+09
1.752666143191208124e+09
1.752666143197891951e+09
1.752666143201277018e+09
1.752666143207471848e+09
1.752666143212203264e+09
1.752666143217727900e+09
1.752666143221422911e+09
1.752666143227765560e+09
1.752666143231317043e+09
1.752666143240130663e+09
1.752666143241539478e+09
1.752666143251099825e+09
1.752666143257310152e+09
1.752666143261303902e+09
1.752666143268085241e+09
1.752666143272377014e+09
1.752666143277423620e+09
1.752666143281389236e+09
1.752666143288090706e+09
1.752666143292225599e+09
1.752666143297360659e+09
1.752666143301106930e+09
1.752666143305623293e+09
1.752666143312471151e+09
1.752666143318042994e+09
1.752666143321444035e+09
1.752666143327551126e+09
1.752666143331053495e+09
1.752666143337319851e+09
1.752666143341405392e+09
1.752666143347654343e+09
1.752666143352821589e+09
1.752666143357360601e+09
1.752666143361082554e+09
1.752666143365707874e+09
1.752666143372552156e+09
1.752666143379781485e+09
1.752666143381272554e+09
1.752666143386065245e+09
1.752666143392005682e+09
1.752666143397379637e+09
1.752666143401243925e+09
1.752666143407881260e+09
1.752666143412214279e+09
1.752666143417693138e+09
1.752666143421314478e+09
1.752666143427767038e+09
1.752666143431415558e+09
1.752666143437675238e+09
1.752666143441336155e+09
1.752666143448120594e+09
1.752666143453225136e+09
1.752666143456049919e+09
1.752666143461423874e+09
1.752666143467887640e+09
1.752666143471397161e+09
1.752666143477380753e+09
1.752666143481278419e+09
1.752666143487689734e+09
1.752666143491200209e+09
1.752666143497826338e+09
1.752666143501295567e+09
1.752666143507638931e+09
1.752666143511287689e+09
1.752666143520685911e+09
1.752666143521460772e+09
1.752666143527766705e+09
1.752666143531363010e+09
1.752666143537217855e+09
1.752666143541111708e+09
1.752666143547506571e+09
1.752666143551489115e+09
1.752666143557743311e+09
1.752666143561096191e+09
1.752666143567516088e+09
1.752666143571365595e+09
1.752666143577576637e+09
1.752666143581565619e+09
1.752666143587852240e+09
1.752666143591425419e+09
1.752666143597572327e+09
1.752666143601251841e+09
1.752666143607333660e+09
1.752666143612427235e+09
1.752666143618167639e+09
1.752666143621283531e+09
1.752666143627341032e+09
1.752666143632499456e+09
1.752666143637928724e+09
1.752666143641400337e+09
1.752666143647707462e+09
1.752666143651318550e+09
1.752666143659577131e+09
1.752666143661252975e+09
1.752666143667395115e+09
1.752666143671297789e+09
1.752666143677643299e+09
1.752666143681802034e+09
1.752666143688104868e+09
1.752666143691098213e+09
1.752666143697658539e+09
1.752666143701440334e+09
1.752666143707632065e+09
1.752666143711152077e+09
1.752666143715657949e+09
1.752666143721373558e+09
1.752666143727210760e+09
1.752666143731296301e+09
1.752666143737825871e+09
1.752666143741264582e+09
1.752666143747649193e+09
1.752666143751341105e+09
1.752666143756061077e+09
1.752666143762558699e+09
1.752666143767411947e+09
1.752666143771060705e+09
1.752666143777355194e+09
1.752666143781065226e+09
1.752666143787966490e+09
1.752666143792770147e+09
1.752666143797955036e+09
1.752666143801176310e+09
1.752666143807606697e+09
1.752666143812391281e+09
1.752666143817437649e+09
1.752666143821284771e+09
1.752666143827930927e+09
1.752666143831362009e+09
1.752666143837722301e+09
1.752666143841263533e+09
1.752666143847628832e+09
1.752666143851329803e+09
1.752666143857985973e+09
1.752666143861510754e+09
1.752666143867458820e+09
1.752666143870898485e+09
1.752666143877468348e+09
1.752666143881190062e+09
1.752666143885969877e+09
1.752666143891178608e+09
1.752666143896040678e+09
1.752666143903338432e+09
1.752666143907268524e+09
1.752666143911046982e+09
1.752666143916583061e+09
1.752666143921540022e+09
1.752666143927421808e+09
1.752666143931098700e+09
1.752666143937652111e+09
1.752666143941580534e+09
1.752666143947499990e+09
1.752666143951308727e+09
1.752666143957654476e+09
1.752666143961251736e+09
1.752666143967655897e+09
1.752666143971158504e+09
1.752666143977410078e+09
1.752666143981251955e+09
1.752666143987698317e+09
1.752666143991294861e+09
1.752666143997581720e+09
1.752666144001374722e+09
1.752666144007474899e+09
1.752666144011553049e+09
1.752666144017770290e+09
1.752666144021363020e+09
1.752666144027415991e+09
1.752666144031128168e+09
1.752666144037437677e+09
1.752666144041261673e+09
1.752666144047344208e+09
1.752666144051193237e+09
1.752666144057918549e+09
1.752666144061408281e+09
1.752666144067444563e+09
1.752666144071051359e+09
1.752666144079536915e+09
1.752666144081779003e+09
1.752666144087355375e+09
1.752666144091283560e+09
1.752666144097687483e+09
1.752666144102703333e+09
1.752666144107690573e+09
1.752666144112086296e+09
1.752666144118273497e+09
1.752666144121241093e+09
1.752666144127567768e+09
1.752666144131139994e+09
1.752666144137701750e+09
1.752666144141225815e+09
1.752666144147940636e+09
1.752666144154253006e+09
1.752666144157557249e+09
1.752666144161274433e+09
1.752666144167998314e+09
1.752666144171968222e+09
1.752666144177553654e+09
1.752666144181360960e+09
1.752666144187863111e+09
1.752666144191426277e+09
1.752666144197445631e+09
1.752666144201481581e+09
1.752666144205663443e+09
1.752666144212423086e+09
1.752666144217716932e+09
1.752666144221540451e+09
1.752666144227373362e+09
1.752666144231338739e+09
1.752666144235765696e+09
1.752666144241015196e+09
1.752666144247830391e+09
1.752666144255291939e+09
1.752666144256088972e+09
1.752666144261567831e+09
1.752666144267682076e+09
1.752666144271237612e+09
1.752666144277797461e+09
1.752666144281382084e+09
1.752666144287802696e+09
1.752666144291984558e+09
1.752666144296964645e+09
1.752666144301386595e+09
1.752666144307973385e+09
1.752666144311069250e+09
1.752666144315938473e+09
1.752666144321634054e+09
1.752666144327476978e+09
1.752666144331120968e+09
1.752666144337759018e+09
1.752666144342200041e+09
1.752666144346937895e+09
1.752666144351051331e+09
1.752666144359401226e+09
1.752666144361311913e+09
1.752666144367965460e+09
1.752666144372193336e+09
1.752666144377463102e+09
1.752666144381118059e+09
1.752666144387676477e+09
1.752666144391330957e+09
1.752666144396030426e+09
1.752666144401328325e+09
1.752666144407494307e+09
1.752666144411056995e+09
1.752666144417449474e+09
1.752666144421524048e+09
1.752666144427946329e+09
1.752666144431186914e+09
1.752666144437415361e+09
1.752666144441166162e+09
1.752666144448041439e+09
1.752666144451343775e+09
1.752666144457371950e+09
1.752666144461065769e+09
1.752666144467849493e+09
1.752666144471326113e+09
1.752666144477459192e+09
1.752666144481303453e+09
1.752666144487447262e+09
1.752666144491303921e+09
1.752666144498621225e+09
1.752666144501460314e+09
1.752666144507529736e+09
1.752666144511150122e+09
1.752666144517618179e+09
1.752666144523723364e+09
1.752666144527746201e+09
1.752666144532090902e+09
1.752666144537576914e+09
1.752666144541312456e+09
1.752666144547494173e+09
1.752666144552102566e+09
1.752666144555839777e+09
1.752666144561355829e+09
1.752666144567515612e+09
1.752666144571203232e+09
1.752666144576066971e+09
1.752666144581359625e+09
1.752666144587579489e+09
1.752666144591230869e+09
1.752666144597475767e+09
1.752666144601360083e+09
1.752666144607467175e+09
1.752666144611330748e+09
1.752666144617873669e+09
1.752666144621357679e+09
1.752666144627208710e+09
1.752666144631041527e+09
1.752666144639231205e+09
1.752666144642096758e+09
1.752666144647509098e+09
1.752666144651377916e+09
1.752666144657456398e+09
1.752666144661237001e+09
1.752666144667586565e+09
1.752666144671031237e+09
1.752666144677432060e+09
1.752666144681316137e+09
1.752666144687712669e+09
1.752666144691152811e+09
1.752666144697358131e+09
1.752666144701244593e+09
1.752666144707651615e+09
1.752666144711383581e+09
1.752666144717983246e+09
1.752666144721282244e+09
1.752666144727237701e+09
1.752666144731310844e+09
1.752666144737491608e+09
1.752666144741318226e+09
1.752666144747737169e+09
1.752666144752613783e+09
1.752666144757390261e+09
1.752666144761537313e+09
1.752666144767859697e+09
1.752666144771386385e+09
1.752666144779828310e+09
1.752666144781264305e+09
1.752666144787727118e+09
1.752666144791473150e+09
1.752666144798061371e+09
1.752666144801412821e+09
1.752666144807667732e+09
1.752666144811087847e+09
1.752666144817396879e+09
1.752666144821821690e+09
1.752666144827777624e+09
1.752666144831064939e+09
1.752666144837516546e+09
1.752666144841276407e+09
1.752666144847413063e+09
1.752666144851548910e+09
1.752666144857890129e+09
1.752666144863395214e+09
1.752666144867593288e+09
1.752666144871347666e+09
1.752666144877738714e+09
1.752666144881451368e+09
1.752666144887346506e+09
1.752666144891284466e+09
1.752666144897567749e+09
1.752666144901291847e+09
1.752666144907451868e+09
1.752666144912107468e+09
1.752666144919536114e+09
1.752666144924622059e+09
1.752666144927834988e+09
1.752666144931235552e+09
1.752666144937364578e+09
1.752666144941395760e+09
1.752666144947741508e+09
1.752666144952038050e+09
1.752666144957398176e+09
1.752666144961310387e+09
1.752666144966098070e+09
1.752666144971219778e+09
1.752666144977373362e+09
1.752666144981654644e+09
1.752666144986077785e+09
1.752666144991335392e+09
1.752666144997402668e+09
1.752666145002124548e+09
1.752666145007377386e+09
1.752666145011418581e+09
1.752666145017750978e+09
1.752666145021339417e+09
1.752666145027540445e+09
1.752666145031345367e+09
1.752666145037462711e+09
1.752666145041613579e+09
