1.074535123602998965e+03 1.532451030347977166e+03 4.226856296102426995e+02
1.074511800518066593e+03 1.532368813469126280e+03 4.227287637073131350e+02
1.074146194425337399e+03 1.531996758809382527e+03 4.226944227120869755e+02
1.074473451402887804e+03 1.532489558295755160e+03 4.228481339297342174e+02
1.074605382066868287e+03 1.532703240203045198e+03 4.230333950674830135e+02
1.074795521192091655e+03 1.532994307592974110e+03 4.233183684276013423e+02
1.074597206456514641e+03 1.532952433586683128e+03 4.236149925755520371e+02
1.074046670813764877e+03 1.532616973381922435e+03 4.243198152515093398e+02
1.073828595027088113e+03 1.532515250841386205e+03 4.247812244294599395e+02
1.073271776755041174e+03 1.532181017412276333e+03 4.257825201247041491e+02
1.072686408059736095e+03 1.531796969149213282e+03 4.262837728656169816e+02
1.072505828075610680e+03 1.531743529046599633e+03 4.271830631235923192e+02
1.072080838185651601e+03 1.531377054114068869e+03 4.275920616966159287e+02
1.070956233435726290e+03 1.530456550824527994e+03 4.286615288619693729e+02
1.070522988663678234e+03 1.529993621725224557e+03 4.290485330460857654e+02
1.069579784791546217e+03 1.529034288435383132e+03 4.297310792171749085e+02
1.069148949357360380e+03 1.528448953859837047e+03 4.301794176019964198e+02
1.068072356361644552e+03 1.527279443027534626e+03 4.308602988497600563e+02
1.067438010340059236e+03 1.526588804375285918e+03 4.311511569234577337e+02
1.065774689296057204e+03 1.524856797000143615e+03 4.318264628334564463e+02
1.065158362814939892e+03 1.523647301606901692e+03 4.322693521987560530e+02
1.064477245006303974e+03 1.522945511379651180e+03 4.325003661491379603e+02
1.063729462796956796e+03 1.522132761109606008e+03 4.325340320097468521e+02
1.061757729792014970e+03 1.519449351435976496e+03 4.332495331075513150e+02
1.060649967545309437e+03 1.518272456620939920e+03 4.334174375957601910e+02
1.060242609817782750e+03 1.517620237591971318e+03 4.334716707655726395e+02
1.059047471985290258e+03 1.516066254237153544e+03 4.339755838192893407e+02
1.057289765719835259e+03 1.514111564917154510e+03 4.337656424339340333e+02
1.056454913684905478e+03 1.513204888635103771e+03 4.338984881507112163e+02
1.054874087614515247e+03 1.511535309533065856e+03 4.340324815742779379e+02
1.053925398413753101e+03 1.510742094245060343e+03 4.341663486978639526e+02
1.052249363410051046e+03 1.509059518710198972e+03 4.342462761013304089e+02
1.049427860764484421e+03 1.506519900819905160e+03 4.345702719177922404e+02
1.049360828274571986e+03 1.504542685483329024e+03 4.337015564344805512e+02
1.047431560131458355e+03 1.502924359522498207e+03 4.338302139874217005e+02
1.045755277557286036e+03 1.501552099959684483e+03 4.341755312296222087e+02
1.044865696442694571e+03 1.500801231169948551e+03 4.342955902893331199e+02
1.042955067144107488e+03 1.499286208842145697e+03 4.344729268555058184e+02
1.042136256240996090e+03 1.498585831366981665e+03 4.346895327475656359e+02
1.040177951268794686e+03 1.497072044574935262e+03 4.347936049122328086e+02
1.039237464808274808e+03 1.496311965288025021e+03 4.348483867937661103e+02
1.037503446863876206e+03 1.495020689794750979e+03 4.350950676983088670e+02
1.035764577091933916e+03 1.493887308358815972e+03 4.353126488026889547e+02
1.034369120875080625e+03 1.492861121394460952e+03 4.353159010371267073e+02
1.033063928456357189e+03 1.491669794024645398e+03 4.356600503460571758e+02
1.031369225583393700e+03 1.490494706185034147e+03 4.360445746707129615e+02
1.030284985120445299e+03 1.489851848276173087e+03 4.360610186126893382e+02
1.027823929963316459e+03 1.488634430831753889e+03 4.365858249465879908e+02
1.026267876483601412e+03 1.487558190947860339e+03 4.370068429279550628e+02
1.026211293429847046e+03 1.487446536724712132e+03 4.379916525491194079e+02
1.025196962547407338e+03 1.486930808366298379e+03 4.382409782731042469e+02
1.023324400944238164e+03 1.486026767970786977e+03 4.387269221642942512e+02
1.022349443983131437e+03 1.485609007432662793e+03 4.390303814919437855e+02
1.019420744115191496e+03 1.484454955653027127e+03 4.397814162142346959e+02
1.018425317585676453e+03 1.484100838526172765e+03 4.400645840798703716e+02
1.016360777342856750e+03 1.483267857121860516e+03 4.406460238468645798e+02
1.015233250847070053e+03 1.482859111551047135e+03 4.408847673487038037e+02
1.013162617589876504e+03 1.482069043115084696e+03 4.414293843571940101e+02
1.012205211126669269e+03 1.481623430554703873e+03 4.415116970261806273e+02
1.009898461809246555e+03 1.480725661590317031e+03 4.419593466414909813e+02
1.011911102855969830e+03 1.482615691500373487e+03 4.453920566139125867e+02
1.004513580687624767e+03 1.478603912566933332e+03 4.421668775401740845e+02
1.004513580687624767e+03 1.478603912566933332e+03 4.421668775401740845e+02
1.000901809963937467e+03 1.477339964179271647e+03 4.427496546596830740e+02
9.998100747502062404e+02 1.477009329168080967e+03 4.429758173056151804e+02
9.972226527884986353e+02 1.476121820296135411e+03 4.431304972898142296e+02
9.972226527884986353e+02 1.476121820296135411e+03 4.431304972898142296e+02
9.920560549052394208e+02 1.474519596315990839e+03 4.431724440585284128e+02
9.907133671898922103e+02 1.474103197114328623e+03 4.432500032153109828e+02
9.880792252551926822e+02 1.473120997733275772e+03 4.432308337717134350e+02
9.867988748039016400e+02 1.472628150334851398e+03 4.432905012985608550e+02
9.854882306289231337e+02 1.472109475873210840e+03 4.433684672929338149e+02
9.828577946499441396e+02 1.470986582377981222e+03 4.433832324043174253e+02
9.816630175680219281e+02 1.470483712798965826e+03 4.434791401227501524e+02
9.793571714090554678e+02 1.469419168080512009e+03 4.436366363731615934e+02
9.780243185530059691e+02 1.468725298206647722e+03 4.436259687068761650e+02
9.756164351666941457e+02 1.467415927463812068e+03 4.436872333200060439e+02
9.731526948829052799e+02 1.466033439050257584e+03 4.436591420439077638e+02
9.719061651771085053e+02 1.465341764085163959e+03 4.437394293421729117e+02
9.695481083655898829e+02 1.463986371078802904e+03 4.439695320783321222e+02
9.682002217914146058e+02 1.463212119042807217e+03 4.440268177165075940e+02
9.654846607170285324e+02 1.461918785302792230e+03 4.441749117748229310e+02
9.629263148183422345e+02 1.460122525433328747e+03 4.444163322555562559e+02
9.616354399444238652e+02 1.459278995982261222e+03 4.445812327980973464e+02
9.591301074390246413e+02 1.457583338284229740e+03 4.449383386519023134e+02
9.564373093686539278e+02 1.455846693037318573e+03 4.451780342296123649e+02
9.551717394149014808e+02 1.454923618469404346e+03 4.452605910045228939e+02
9.553488617172715749e+02 1.454207620066161098e+03 4.469148884645447311e+02
9.540195016491985598e+02 1.453290197807503091e+03 4.471303553004514697e+02
9.496165002397356147e+02 1.450621294126998237e+03 4.478531961915801958e+02
9.468945938737006145e+02 1.448537451665464005e+03 4.481396058115533378e+02
9.461876768850839881e+02 1.447789940588301761e+03 4.510231510372352091e+02
9.447575609835483874e+02 1.446691232686951253e+03 4.511545555825629776e+02
9.418198143267208025e+02 1.444571426618206942e+03 4.513138747427018984e+02
9.387388887652678022e+02 1.442527705015336778e+03 4.517333598198496247e+02
9.371594243469411367e+02 1.441367591476076541e+03 4.517274428669307440e+02
9.339677931451310542e+02 1.439011993388525980e+03 4.516924286486096207e+02
9.324604435233168260e+02 1.437940203035633203e+03 4.516172942187202466e+02
9.290944646183609166e+02 1.435546270499460434e+03 4.512876468674306807e+02
9.275708824319117412e+02 1.434370094921388727e+03 4.513118079482204621e+02
9.241327673585500406e+02 1.431743170990785075e+03 4.509405125554475831e+02
9.207672882883563261e+02 1.429297151897733556e+03 4.505094681359023525e+02
9.173015812974667824e+02 1.426684326826723236e+03 4.502362658455490418e+02
9.155808155259086334e+02 1.425304681313841002e+03 4.501254630466045228e+02
9.120889650540483444e+02 1.422589475189098039e+03 4.498367292279475578e+02
9.102888540263870709e+02 1.421222819358336665e+03 4.495952174509202450e+02
9.068497230987164812e+02 1.418528658767232628e+03 4.493903566615157956e+02
9.050192876192163567e+02 1.417215016574308493e+03 4.492993358922489620e+02
9.014771062051432864e+02 1.414555305072402234e+03 4.489713793634088006e+02
8.978923893767405389e+02 1.411864711896650306e+03 4.486592398826885528e+02
8.959699374553210873e+02 1.410302357255174229e+03 4.479864471317650327e+02
8.942382454051297600e+02 1.409064476825554948e+03 4.477991892135096350e+02
8.908171605755139808e+02 1.406563066550591884e+03 4.474073953934975520e+02
8.874288789432007434e+02 1.404119409923078820e+03 4.469907715737614353e+02
8.856969925677344690e+02 1.402931499634742522e+03 4.467141168538296938e+02
8.824529163360882649e+02 1.400606637368827705e+03 4.462721124470678546e+02
8.808518884760803758e+02 1.399482010735411905e+03 4.460779690456206481e+02
8.777105598411797018e+02 1.397347813694621664e+03 4.458183485590697046e+02
8.744340677308526892e+02 1.395126283508974211e+03 4.455899668532372857e+02
8.727378120194448456e+02 1.394003328941564632e+03 4.455132955041593164e+02
8.695101599998168922e+02 1.391788131281269671e+03 4.454113381889511061e+02
8.663245114673050011e+02 1.389569945845489428e+03 4.453397127956745862e+02
8.632245517800330390e+02 1.387550842503639615e+03 4.457130916382878354e+02
8.616627280815905578e+02 1.386475870504827071e+03 4.456667256444316649e+02
8.583729783122706749e+02 1.384248175115005097e+03 4.456088321992743317e+02
8.567590733038404096e+02 1.383174130398143689e+03 4.456195012143585927e+02
8.534658712142621653e+02 1.380935346044511107e+03 4.455625635661832575e+02
8.517600300024361104e+02 1.379810244883035693e+03 4.455776802285398048e+02
8.484186887046785159e+02 1.377649424608518075e+03 4.455584945617479775e+02
8.467359930576958504e+02 1.376542883815106961e+03 4.455509013993707299e+02
8.432668698292864065e+02 1.374245693918161578e+03 4.455142627938806186e+02
8.398393142518656305e+02 1.371989245708093222e+03 4.455333328937523447e+02
8.381645962671851748e+02 1.370939258662406246e+03 4.454500400902752517e+02
8.364356601766486392e+02 1.369779310235899175e+03 4.454404071641134237e+02
8.311614525386490868e+02 1.366623383220765390e+03 4.451838162404744139e+02
8.294752421720751272e+02 1.365250528519853788e+03 4.453257537136274777e+02
8.259511975774447592e+02 1.363182813565116476e+03 4.451041385352825159e+02
8.241816550854808838e+02 1.361877261835175432e+03 4.450384997667316043e+02
8.208056609732287825e+02 1.359535919637514780e+03 4.449105408761137141e+02
8.174602523024916536e+02 1.357138636452454648e+03 4.447793712192924431e+02
8.159154029702182243e+02 1.355839224260973197e+03 4.447969703108465751e+02
8.141243674015698844e+02 1.354755338620241446e+03 4.445948668681334084e+02
8.092251807015408076e+02 1.351129427030522947e+03 4.441253304462103983e+02
8.076900497742414018e+02 1.349895349837420781e+03 4.441099798397626728e+02
8.046188941437106905e+02 1.347491587772876528e+03 4.438228255881326731e+02
8.046188941437106905e+02 1.347491587772876528e+03 4.438228255881326731e+02
8.000413533444399263e+02 1.343813377839269378e+03 4.433760616529628464e+02
7.984417556987336866e+02 1.342539269194878443e+03 4.432720008484626533e+02
7.954319750960437432e+02 1.339962133539930619e+03 4.430362040122193434e+02
7.938557345822129037e+02 1.338606370116916878e+03 4.428922508845286075e+02
7.909586022897070734e+02 1.336136375487447822e+03 4.427820789602227478e+02
7.879443627301781135e+02 1.333604131338767957e+03 4.425862743285729266e+02
7.864768069406941322e+02 1.332331795746535363e+03 4.425398154960818715e+02
7.835837814158809351e+02 1.329794738196722619e+03 4.423710936254385047e+02
7.807128365843103666e+02 1.327245686377759284e+03 4.423777187875051027e+02
7.792507587877752258e+02 1.325954453948891341e+03 4.424289896609010952e+02
7.762834774779332747e+02 1.323288850371385706e+03 4.425922369352289252e+02
7.749384236318370540e+02 1.322028626713999302e+03 4.428480509592223484e+02
7.734427085316242483e+02 1.320653262099854828e+03 4.429388907156189816e+02
7.705045965310280280e+02 1.317885358497817833e+03 4.432865769379029075e+02
7.676349452323481728e+02 1.315032074383593226e+03 4.437050403631330937e+02
7.647156925141686088e+02 1.312068167547963185e+03 4.440310754201541954e+02
7.617799205485143830e+02 1.308945211993091107e+03 4.443754203545717019e+02
7.603558278703319502e+02 1.307375262471614860e+03 4.445396338636094242e+02
7.589369044898745642e+02 1.305753829815075278e+03 4.446579705792338473e+02
7.559377833262540207e+02 1.302406037712161833e+03 4.449203277015196818e+02
7.531081008817679958e+02 1.299006133957431530e+03 4.451915570884635258e+02
7.518136886444239053e+02 1.297203302648969384e+03 4.454008101254122494e+02
7.501999807963337616e+02 1.295582040956828678e+03 4.453450620188073117e+02
7.472069954964438239e+02 1.292039921716293520e+03 4.454299361275480464e+02
7.418043695865020482e+02 1.286577037637925514e+03 4.431831989425508596e+02
7.402863297836468064e+02 1.284786987025689768e+03 4.431812711656855868e+02
7.371757577275598123e+02 1.281270163242438230e+03 4.431054956076479812e+02
7.339685507915874041e+02 1.277744639057527820e+03 4.428609207709581028e+02
7.307302715047590027e+02 1.274290256935212255e+03 4.423905797538391198e+02
7.290255309773280032e+02 1.272747259612062862e+03 4.421821348076699678e+02
7.255924142178619149e+02 1.269257717072053993e+03 4.413959147790582733e+02
7.238684380172130659e+02 1.267490662930746112e+03 4.409950656137183955e+02
7.201251194492152763e+02 1.263948193389762764e+03 4.398399435903425569e+02
7.186228307065948684e+02 1.262289183530755963e+03 4.393004938262914152e+02
7.151911420891871103e+02 1.258570872825063589e+03 4.380178336650225788e+02
7.114535273376131954e+02 1.254722846043300251e+03 4.365535545696307622e+02
7.096659858496377637e+02 1.252561336671081563e+03 4.355213810293567462e+02
7.066684191899969392e+02 1.248742814788594615e+03 4.340616625308011862e+02
7.046654939661481194e+02 1.246575431657649233e+03 4.332421666446836070e+02
7.017945802533319011e+02 1.242728196768994621e+03 4.315271082871743147e+02
6.988814683732989579e+02 1.238802692159085382e+03 4.300417241675102105e+02
6.980023002599323263e+02 1.237043961015343712e+03 4.296492518824657623e+02
6.949306511649185722e+02 1.233111065415009989e+03 4.284588181053853191e+02
6.937021927788791800e+02 1.231297143702590120e+03 4.283077654930939957e+02
6.910393480762666059e+02 1.227701007032479765e+03 4.278492551450177643e+02
6.896827343312759240e+02 1.225925402077945137e+03 4.275301277869268688e+02
6.872305561033400636e+02 1.222591470256023740e+03 4.275619502327333521e+02
6.846998147061894997e+02 1.219598552371292953e+03 4.275818226951782890e+02
6.834092053157013424e+02 1.217857574569673488e+03 4.273584636382531698e+02
6.805209098010966500e+02 1.214791331066530120e+03 4.273204483102463769e+02
6.779546942313957061e+02 1.211347193108723104e+03 4.271111936733478274e+02
6.766005388607086388e+02 1.209767555357168931e+03 4.270884400907564213e+02
6.738670480069868063e+02 1.206445008657871085e+03 4.269687449271210653e+02
6.710632759797190374e+02 1.203037968926070789e+03 4.268687916070435335e+02
6.699776498965328528e+02 1.201372259498499943e+03 4.268866644937339174e+02
6.665768458230362512e+02 1.197852416737681779e+03 4.265607186336902146e+02
6.651840268585981448e+02 1.196087288015004333e+03 4.266110904100188463e+02
6.623101236157219773e+02 1.192577462243940090e+03 4.264828417197221029e+02
6.593581430448915626e+02 1.189093809607946469e+03 4.261259833026338129e+02
6.579110441671543867e+02 1.187300740656491143e+03 4.259554147794618757e+02
6.548960676319652521e+02 1.183640207449298714e+03 4.252388819039004488e+02
6.533184161150669524e+02 1.181812349859568712e+03 4.249944610912802432e+02
6.502349150217346505e+02 1.178124447492143645e+03 4.241342111884345627e+02
6.486786348794793184e+02 1.176310714700063045e+03 4.237324097563801502e+02
6.454557372373017188e+02 1.172641879408501836e+03 4.227452885229224080e+02
6.421058245248548246e+02 1.168872593380952594e+03 4.217922088648343788e+02
6.387544845108275240e+02 1.165198548884603497e+03 4.205953749439156013e+02
6.370698276231719319e+02 1.163339771513749611e+03 4.199239797031112289e+02
6.353571019995313236e+02 1.161627969862568762e+03 4.194738910703035799e+02
6.318629599095874028e+02 1.158256090008494766e+03 4.185078085413529152e+02
6.285110023352260669e+02 1.154977884409470789e+03 4.180640972328436646e+02
6.270893485459783960e+02 1.153436199007278447e+03 4.182131611349755076e+02
6.241808501974835508e+02 1.150300399401819959e+03 4.189752958848013691e+02
6.216698849593375371e+02 1.147330991444403026e+03 4.203605883726630168e+02
6.204437811931011311e+02 1.145725915085861971e+03 4.210926198605328636e+02
6.181254191868400767e+02 1.142547294783332063e+03 4.224741605057135985e+02
6.160385982176370590e+02 1.139555675958213669e+03 4.239014915086029873e+02
6.147216546748173869e+02 1.137939637063816917e+03 4.244030353085769320e+02
6.126934563322498661e+02 1.135314009851153287e+03 4.259673030111827075e+02
6.115320617409353190e+02 1.133734111510941830e+03 4.265955868578063814e+02
6.092245092759636691e+02 1.130701617381651431e+03 4.279964016638904241e+02
6.078541278312308123e+02 1.129116140024743345e+03 4.285482936963158522e+02
6.056068413492522495e+02 1.126558341403924942e+03 4.303349057359581025e+02
6.043743276240155637e+02 1.125176868294248834e+03 4.311395449660027452e+02
6.019083451782095153e+02 1.122572473947291655e+03 4.326865683220069627e+02
6.006343028804536743e+02 1.121304561412816838e+03 4.334564423702651652e+02
5.967060410079391204e+02 1.117608933908115660e+03 4.356426059404473676e+02
5.954094048421794696e+02 1.116433272286530837e+03 4.363733691515985811e+02
5.926918102591984052e+02 1.114073777609131412e+03 4.381130070633689684e+02
5.914482516738364666e+02 1.112979628486757292e+03 4.384644171220702447e+02
5.887927749167150751e+02 1.110716636626907530e+03 4.397870779314883976e+02
5.874552386322449138e+02 1.109530043291530319e+03 4.404598679557415153e+02
5.846183710730750818e+02 1.107009837863653047e+03 4.414956405838040041e+02
5.834109054968059809e+02 1.105938393150204320e+03 4.422410283410186480e+02
5.806765644235306354e+02 1.103429942146026633e+03 4.433820794772130398e+02
5.779905190401650543e+02 1.100965862935209088e+03 4.444022601149760590e+02
5.766427928998331254e+02 1.099706020180936093e+03 4.453457021057413954e+02
5.740630688744624877e+02 1.097207239008876059e+03 4.460301030978661174e+02
5.740630688744624877e+02 1.097207239008876059e+03 4.460301030978661174e+02
5.699099506705299518e+02 1.093460725111877082e+03 4.472538124773222421e+02
5.671993288284061236e+02 1.090983773224744027e+03 4.482626746488679146e+02
5.657008876739512289e+02 1.089629634037412643e+03 4.486190672975789653e+02
5.630124822256650532e+02 1.087027086005335605e+03 4.492408782553581545e+02
5.601833110380797507e+02 1.084423348479729611e+03 4.499945914550019097e+02
5.587431812208469637e+02 1.083254815179680008e+03 4.504769409961261317e+02
5.575851841685381487e+02 1.081975393484426377e+03 4.509657026133104978e+02
5.549849214739931540e+02 1.079289957979922292e+03 4.516762369700973636e+02
5.522262492672567760e+02 1.076854479073104585e+03 4.525859642473417352e+02
5.496036275364344874e+02 1.074155788435252134e+03 4.533061821945393604e+02
5.481846621278026532e+02 1.072808041159197728e+03 4.536523292358425579e+02
5.455230631699214427e+02 1.070092481512501308e+03 4.543262575889594928e+02
5.439508929245522495e+02 1.068719364898558524e+03 4.545252640382386744e+02
5.414418464121011993e+02 1.065965708928078811e+03 4.551635956415048554e+02
5.399185446504274069e+02 1.064678851193320725e+03 4.555805279013902123e+02
5.372607880426917291e+02 1.061805936416442364e+03 4.560018205871470514e+02
5.358372521990794439e+02 1.060453591255930633e+03 4.562120158201265099e+02
5.330659468655186402e+02 1.057716973024235131e+03 4.566874464791363835e+02
5.300309183877197938e+02 1.054876339749459476e+03 4.570575734223369864e+02
5.271856323847366639e+02 1.052164415817912641e+03 4.574654479849985478e+02
5.259510323359569384e+02 1.050667874321106865e+03 4.574914542120434930e+02
5.228565393376351267e+02 1.048167802969642253e+03 4.581219555651305768e+02
5.214244721391472694e+02 1.046686642780383636e+03 4.581505495466733464e+02
5.183771688232887982e+02 1.044034346652262002e+03 4.584271885527386416e+02
5.169362172281144012e+02 1.042680654314684261e+03 4.585731413478927720e+02
5.139652574646307812e+02 1.039943273829768259e+03 4.587395916052876146e+02
5.108786055280746723e+02 1.037205135916728068e+03 4.588389859845043475e+02
5.078761501284458291e+02 1.034397307372124033e+03 4.589690212955815127e+02
5.063194546129194009e+02 1.033010009069195348e+03 4.589404403926273517e+02
5.033614261775456953e+02 1.030148623884247627e+03 4.588930495281231288e+02
5.017360148441979959e+02 1.028709939980898298e+03 4.589201743299693703e+02
4.985487698703587398e+02 1.025936273597940044e+03 4.588240660780439839e+02
4.968372822170296104e+02 1.024574838147701485e+03 4.588484305890066821e+02
4.935857036600885408e+02 1.021646542602256886e+03 4.586711750134693943e+02
4.919406153628830225e+02 1.020110843416053854e+03 4.585347309747999702e+02
4.888290312326986395e+02 1.016940797809874880e+03 4.579018467859096404e+02
4.869359948681873220e+02 1.015627637300527340e+03 4.581538060574634983e+02
4.836742524226900741e+02 1.012650904343794878e+03 4.579099499634706376e+02
4.806241160078898815e+02 1.009729475461192692e+03 4.575996204099411671e+02
4.789534967821754208e+02 1.008390433317477573e+03 4.575019799175854018e+02
4.761870591500944556e+02 1.005658079154270240e+03 4.575144871626034160e+02
4.735628358476311632e+02 1.003159888124932309e+03 4.575073793623517986e+02
4.722303917451180268e+02 1.001979082436118460e+03 4.577550134350022972e+02
4.695249712187862769e+02 9.996719340166359871e+02 4.576975452153972697e+02
4.682900204741289372e+02 9.982575247241887837e+02 4.577270590287566847e+02
4.658962501739063100e+02 9.954298689636618747e+02 4.579301603295991185e+02
4.644624678326453591e+02 9.942328103024901793e+02 4.581812443034321518e+02
4.617145044547597763e+02 9.915274480722597445e+02 4.585661611870735896e+02
4.590950351221070491e+02 9.887142594218797740e+02 4.589765563369603001e+02
4.563405591472909464e+02 9.860167899747069669e+02 4.594075489122804470e+02
4.550241672930560526e+02 9.847221077855971316e+02 4.596190328417674209e+02
4.523283757457588763e+02 9.820814617831106261e+02 4.599226070769406078e+02
4.509712244130246859e+02 9.808680147638989411e+02 4.602146747667850946e+02
4.484654274246184968e+02 9.784209902838319977e+02 4.604782249565796519e+02
4.470888956979397335e+02 9.773451856487546365e+02 4.607570113064350039e+02
4.443450283869674422e+02 9.750929883220873080e+02 4.610714111565862936e+02
4.417902085901464488e+02 9.729129516226375927e+02 4.613941004017444811e+02
4.392888125396350461e+02 9.706667108827363109e+02 4.617136941988252374e+02
4.381189475246924871e+02 9.694629066483488486e+02 4.617558488436859534e+02
4.354618134149964135e+02 9.673272280140284920e+02 4.621609616127542495e+02
4.354618134149964135e+02 9.673272280140284920e+02 4.621609616127542495e+02
4.316035010319616845e+02 9.640002908407606128e+02 4.626449174362405756e+02
4.303783411937975529e+02 9.628269511352772270e+02 4.627131426610719700e+02
4.278976009460358227e+02 9.603262254213584583e+02 4.627837699121935771e+02
4.253577723746043375e+02 9.581600673500533958e+02 4.633572809241701407e+02
4.241220821817902902e+02 9.569071880410803033e+02 4.633078201670739986e+02
4.213837301512346016e+02 9.546901632180210981e+02 4.635774574908403451e+02
4.202212188631293088e+02 9.534194875509189160e+02 4.636097798206856737e+02
4.177688674899378611e+02 9.509561060325208928e+02 4.637475398239872106e+02
4.148492132842940805e+02 9.488517142682578651e+02 4.640292185284344555e+02
4.137329944335502319e+02 9.474728939219486392e+02 4.641493291288720116e+02
4.112218856871129447e+02 9.451048120520470093e+02 4.642914640976482588e+02
4.099889447416238113e+02 9.438367602211923213e+02 4.643121427940139938e+02
4.075329548038929488e+02 9.415561593705751875e+02 4.644682284086840127e+02
4.061059850827357423e+02 9.404474680972446095e+02 4.646141983587584150e+02
4.037624244584276880e+02 9.379916424912594266e+02 4.646819399991738919e+02
4.026770604354522334e+02 9.366701144741152802e+02 4.646486145429883550e+02
3.988345459553603405e+02 9.332085315715314664e+02 4.648098399867225794e+02
3.975975509985888721e+02 9.320071122566441773e+02 4.647555556308288942e+02
3.952268428414744790e+02 9.296192910561594545e+02 4.648118349270701515e+02
3.939245219665294258e+02 9.284297132122783296e+02 4.649301209896674436e+02
3.915237399220200132e+02 9.258093898771398926e+02 4.647880104769134846e+02
3.902536739359111380e+02 9.248462611220826375e+02 4.648080798677705729e+02
3.878859504645889729e+02 9.222983479899469330e+02 4.646814733592817674e+02
3.867147097405842260e+02 9.214342128587124989e+02 4.649047103274760389e+02
3.843634757324835505e+02 9.189194152365215587e+02 4.647148302139727321e+02
3.830144083362019956e+02 9.178013687860309346e+02 4.646644080247729676e+02
3.793029389728372962e+02 9.140835536542027739e+02 4.645575291401484606e+02
3.781823565931912299e+02 9.127766606160842002e+02 4.644490418410777011e+02
3.756583429430457386e+02 9.102354266095459252e+02 4.642635136864191168e+02
3.742788923365277469e+02 9.091040365553180891e+02 4.643652914319248453e+02
3.730456951033708606e+02 9.078748408133784551e+02 4.642818149947425468e+02
3.705722614076678383e+02 9.052144168953458347e+02 4.640000880851614511e+02
3.679788150318989892e+02 9.028094743594984948e+02 4.639372665576911459e+02
3.669119138675969793e+02 9.017665168158126789e+02 4.640070204782775249e+02
3.642477387476931767e+02 8.992135269684938521e+02 4.637697842588360686e+02
3.632115676801404334e+02 8.977959425242352154e+02 4.635849569738307991e+02
3.595203942141403672e+02 8.939970005496943486e+02 4.630840577820763997e+02
3.583384574741202755e+02 8.929298672901007876e+02 4.630652967528624231e+02
3.557825822276347481e+02 8.904234260842137019e+02 4.626687601350939758e+02
3.557825822276347481e+02 8.904234260842137019e+02 4.626687601350939758e+02
3.519818635893391843e+02 8.868937768523820750e+02 4.621274300982189516e+02
3.506878641016979259e+02 8.856504489690818218e+02 4.620359918661866345e+02
3.482013703793130617e+02 8.829022233694026909e+02 4.616076224112086379e+02
3.468970345050544779e+02 8.817607935878223770e+02 4.616921244123618067e+02
3.443406674030913450e+02 8.792703139891513047e+02 4.617061874447573473e+02
3.421397514061888501e+02 8.762768642535280605e+02 4.617829788472384962e+02
3.409233868130519909e+02 8.748450266170760869e+02 4.618887791866712291e+02
3.383335729473532183e+02 8.722731814117884142e+02 4.623046289591321170e+02
3.360609143114027120e+02 8.693704687419308357e+02 4.625046117001340917e+02
3.348241543991773597e+02 8.678877611811244606e+02 4.627859079858205860e+02
3.324039526725906626e+02 8.651122636046599155e+02 4.629372887099297031e+02
3.310792471519749256e+02 8.638820830938175277e+02 4.631984937329999639e+02
3.286561831643365963e+02 8.610439811490954298e+02 4.634257381755706433e+02
3.273586745040781807e+02 8.596564982667244976e+02 4.636085825344691216e+02
3.248623570328338701e+02 8.567460549749331449e+02 4.637912358327919833e+02
3.236723261300549552e+02 8.553306035541650090e+02 4.638886401012440501e+02
3.211597633207377385e+02 8.524694742468881259e+02 4.641579582810483657e+02
3.186255650125798979e+02 8.495390012374963362e+02 4.643509458815292419e+02
3.159270002034994604e+02 8.466511373859284504e+02 4.646209271114046828e+02
3.148567150239877037e+02 8.451281478833905112e+02 4.645580900556076926e+02
3.122291088400347121e+02 8.423502183486671129e+02 4.648259858370302027e+02
3.108971353394069865e+02 8.406597064119649758e+02 4.645208398880317304e+02
3.083207066413542066e+02 8.377963872436148449e+02 4.644920357603094203e+02
3.070863524357198457e+02 8.362214897867348782e+02 4.643881517080813524e+02
3.044451168059778183e+02 8.332527822905418589e+02 4.642546549718823599e+02
3.019636718770901780e+02 8.301422141997214794e+02 4.639900878153919166e+02
2.994278440575435525e+02 8.269302588738336226e+02 4.635433111366770049e+02
2.982961701470490539e+02 8.252317158595184310e+02 4.632439860157610951e+02
2.955496868793111389e+02 8.221787683435592271e+02 4.629214334361879537e+02
2.942581141333637902e+02 8.204677253247837143e+02 4.626193409730547614e+02
2.916026873562187802e+02 8.171771697601107007e+02 4.620700265304143954e+02
2.902524805942715602e+02 8.154442078742188187e+02 4.619047873986853574e+02
2.873843478966217049e+02 8.120815726969385651e+02 4.614517597646936338e+02
2.860649174589226504e+02 8.102876617244282897e+02 4.612256361308751593e+02
2.833057011594700043e+02 8.067571044439747538e+02 4.608951629272811488e+02
2.817262400287400510e+02 8.050070965195930057e+02 4.608185682342344762e+02
2.776118284051456726e+02 7.996688848196243953e+02 4.603100606454167973e+02
2.762880684444675126e+02 7.978424454824081522e+02 4.601927256321579875e+02
2.734222497622401988e+02 7.947203779541351878e+02 4.601430982311460411e+02
2.719631734492685950e+02 7.930599883222155313e+02 4.599409608526024726e+02
2.692135174709810030e+02 7.898741836967855079e+02 4.599513976659505943e+02
2.677768346871140466e+02 7.882647228841908600e+02 4.600125996535600734e+02
2.650621841623935779e+02 7.850399995311041721e+02 4.600767413521479625e+02
2.637370770725780176e+02 7.834138080296318094e+02 4.601258863333851536e+02
2.608615750900483476e+02 7.803431533229625074e+02 4.604101886335130871e+02
2.594366813073805247e+02 7.786079364962589580e+02 4.606135733971566992e+02
2.555476916206535236e+02 7.737130263007533131e+02 4.608187165227612923e+02
2.538701715639257657e+02 7.717519448274373417e+02 4.611278425865388613e+02
2.526516163997543174e+02 7.702628439458972025e+02 4.611389346213397289e+02
2.498611843277605828e+02 7.668404027674274630e+02 4.614263012921298355e+02
2.470540020644428409e+02 7.633781758977538630e+02 4.617459975963369629e+02
2.458521300756426626e+02 7.614103731869832927e+02 4.617539996016651003e+02
2.428268803007563008e+02 7.581546102396703191e+02 4.621028935616366766e+02
2.421937651114617154e+02 7.563682231138491261e+02 4.623668842148497902e+02
2.393985224883988678e+02 7.529886593337474778e+02 4.622087440851179849e+02
2.377772073729089470e+02 7.512599544878336246e+02 4.622693760604593081e+02
2.336695428093395890e+02 7.461768152713684685e+02 4.614765054254280585e+02
2.321862778767516602e+02 7.445106570921576576e+02 4.613514617271194993e+02
2.294190614971810476e+02 7.411706761206362444e+02 4.609691198645587065e+02
2.278822033013989596e+02 7.393491108035732395e+02 4.607565532908257069e+02
2.252469590177902035e+02 7.354531739847253675e+02 4.602220735187609648e+02
2.239633363385703149e+02 7.338575311575519891e+02 4.598770122489708001e+02
2.210945153473669791e+02 7.299990835636401698e+02 4.591959737066934508e+02
2.198529319311638233e+02 7.280888924580776802e+02 4.586669940646023065e+02
2.168911372355504170e+02 7.241831745992011520e+02 4.582479833408501122e+02
2.153046277517902070e+02 7.223656546391757729e+02 4.576920090804298979e+02
2.110178176298834956e+02 7.165410834854587847e+02 4.562853433610118827e+02
2.100643442665415819e+02 7.146404052919120886e+02 4.562008358178806589e+02
2.068338541961680335e+02 7.113131632837058760e+02 4.556270857291684138e+02
2.052530427405017406e+02 7.096645876809083120e+02 4.554933673799056351e+02
2.021218340263354207e+02 7.064178015707695977e+02 4.553281523929223908e+02
2.021218340263354207e+02 7.064178015707695977e+02 4.553281523929223908e+02
1.974918640510432510e+02 7.019506887394462638e+02 4.558309654559495243e+02
1.962082182495903453e+02 7.004453244934888971e+02 4.560337411545826285e+02
1.932639595183017889e+02 6.972615383580464368e+02 4.565408757312486046e+02
1.918401631783908385e+02 6.956652839296440334e+02 4.567668608033299051e+02
1.880185025273822532e+02 6.908893997753081067e+02 4.575788785878255567e+02
1.867676617704822775e+02 6.892733480277776152e+02 4.579032048330641373e+02
1.853097812086852230e+02 6.877916534494999041e+02 4.582527636954391141e+02
1.829754342780234708e+02 6.845409467168782385e+02 4.589087883295271695e+02
1.803044901963449149e+02 6.816567061131758010e+02 4.594328753543812809e+02
1.790146175969150875e+02 6.802155199475760128e+02 4.597578484360817583e+02
1.763734264352991659e+02 6.773988430716332232e+02 4.604732027692667771e+02
1.750146626901217815e+02 6.760096052831854649e+02 4.608129172872543222e+02
1.722950427371003173e+02 6.731664002059677614e+02 4.615353874642470942e+02
1.695831608156103982e+02 6.701615723963453775e+02 4.623120176181123497e+02
1.682529162334834041e+02 6.686185998503441397e+02 4.626923383424260692e+02
1.655041895117797424e+02 6.656307559013098398e+02 4.635302825970040885e+02
1.642174522298409158e+02 6.639758135107674661e+02 4.639333928081674685e+02
1.615054879442445781e+02 6.607076911601611755e+02 4.647349618665923572e+02
1.587802783127424675e+02 6.574416033253703517e+02 4.654545480455111601e+02
1.573657912520296520e+02 6.558422943312385769e+02 4.657522031367749946e+02
1.545693624303875424e+02 6.526815596166845808e+02 4.663059432822902863e+02
1.531977865682432025e+02 6.510652094433374941e+02 4.665579723693575147e+02
1.503571890255375365e+02 6.479736550143697968e+02 4.668906363290728905e+02
1.475870454506480201e+02 6.449284087695150447e+02 4.672481604946813718e+02
1.462213102165094369e+02 6.434049244644328382e+02 4.674202380037492048e+02
1.435157994117060696e+02 6.403411330190139097e+02 4.677309736835350122e+02
1.408572497925118228e+02 6.373393793528998685e+02 4.680438300929689603e+02
1.395240104500881273e+02 6.358762562711643795e+02 4.681240118188375163e+02
1.369552713380703040e+02 6.328137164766943670e+02 4.683391561228205546e+02
1.354654184595354423e+02 6.313195215029477367e+02 4.685168430191376956e+02
1.341172585296840509e+02 6.297814953646334288e+02 4.685914699312736502e+02
1.313823145842326028e+02 6.266693763360502771e+02 4.685999921027348023e+02
1.286560275909722861e+02 6.235374432387111483e+02 4.686949841802481842e+02
1.259050501576903685e+02 6.204294240672662681e+02 4.687750496207702327e+02
1.245442536948577157e+02 6.188644505131661617e+02 4.688884010524383257e+02
1.218777048095363824e+02 6.156726550835631997e+02 4.686510153043390687e+02
1.191409205508838767e+02 6.125971888880669667e+02 4.687061717225926714e+02
1.178350862359741313e+02 6.108696102777616943e+02 4.685185941220591417e+02
1.151576991270230366e+02 6.075774837829736725e+02 4.682887054419235255e+02
1.137330349787215056e+02 6.060462391390547054e+02 4.682564307157942380e+02
1.110104575708969463e+02 6.028209853485814165e+02 4.679986805596288377e+02
1.097526946709481734e+02 6.011730692418353783e+02 4.677461692433347480e+02
1.068938708504446424e+02 5.980153654547519864e+02 4.675143126627770016e+02
1.054258914322506229e+02 5.964331961645342517e+02 4.673858265130906489e+02
1.014808058187124402e+02 5.915380648495039395e+02 4.664155517512888878e+02
9.985238554199995065e+01 5.900039378859474937e+02 4.663395293659407344e+02
9.720240942713829213e+01 5.868610049538258409e+02 4.658352559703917564e+02
9.560131039903990313e+01 5.851478057588604997e+02 4.655530739507279350e+02
9.280401422340489148e+01 5.818323276011452663e+02 4.650483987628840623e+02
9.151076278603397895e+01 5.802646946874300511e+02 4.647637703273091461e+02
8.853299816900360497e+01 5.769851062461441416e+02 4.645392238377437479e+02
8.712357500778482233e+01 5.753870949555190464e+02 4.644758205798969470e+02
8.433891946842092580e+01 5.721144766037222098e+02 4.643919508486268910e+02
8.302907001467471559e+01 5.705199648839571864e+02 4.642696064981500967e+02
8.021624893546221813e+01 5.673209038743921155e+02 4.645160265908747874e+02
7.749075295400606933e+01 5.640270409752420164e+02 4.646913789698393202e+02
7.486665950804088254e+01 5.607650793634891215e+02 4.648153874434464683e+02
7.352274820838614744e+01 5.592923804669019319e+02 4.650102013057003774e+02
7.077366614157101310e+01 5.561614609010101731e+02 4.655300852259140925e+02
6.938882288033691736e+01 5.545995599885879983e+02 4.656888909374241052e+02
6.670287233960918627e+01 5.516857896682394085e+02 4.659714070283910701e+02
6.538968789957658601e+01 5.500484967800205141e+02 4.662135834328689157e+02
6.273489904790325511e+01 5.470389082055102108e+02 4.667150802751833112e+02
6.122828111965659303e+01 5.454169355749470469e+02 4.669821123432033119e+02
5.852195217782839620e+01 5.424211221435277821e+02 4.674710527112891327e+02
5.577340549974832129e+01 5.394795116689791712e+02 4.677782527474523135e+02
5.315940114233707448e+01 5.365148316922831100e+02 4.679976252677995490e+02
5.170226083908328008e+01 5.350706083943372278e+02 4.682392271095440606e+02
4.891622488466393293e+01 5.318856932489776455e+02 4.681745215005728369e+02
4.763005339518706194e+01 5.303210152582341834e+02 4.681264401838503204e+02
4.475131647432029780e+01 5.268276279730787337e+02 4.680045230187049015e+02
4.334820969035631322e+01 5.250266677602963910e+02 4.680450454656136117e+02
4.073472113453981791e+01 5.213170518956176238e+02 4.678617861113217486e+02
3.932882229210507319e+01 5.195597337437081933e+02 4.676541295190043002e+02
3.544410773080407751e+01 5.139260789969320058e+02 4.670906963374571319e+02
3.414950184830779989e+01 5.121362314170972923e+02 4.668513548587124546e+02
3.147742998969096462e+01 5.085699432429358922e+02 4.662884220423007378e+02
3.019496383474109891e+01 5.068967355456084078e+02 4.658810175822069937e+02
2.748555667209533837e+01 5.035247883438619283e+02 4.651705288389862289e+02
2.615669635767659784e+01 5.017845423716051982e+02 4.648196378479630084e+02
2.352002017213794005e+01 4.986531964125343848e+02 4.641142102023428038e+02
2.198051384031053956e+01 4.972680966406271068e+02 4.638148863747334190e+02
1.910996686744221762e+01 4.945408196353722019e+02 4.636851617693689604e+02
1.603054994470882733e+01 4.922348516973019628e+02 4.636016749262523717e+02
1.288098264524108849e+01 4.901425430164733257e+02 4.636213770040082522e+02
1.147585118144413663e+01 4.891076575521074119e+02 4.636585029805817157e+02
8.242468403898820739e+00 4.868002343932871554e+02 4.638015661081383314e+02
6.687017395289087673e+00 4.856377883684255039e+02 4.638422256843281843e+02
3.819652241573045170e+00 4.831018000348613555e+02 4.641225597379737451e+02
2.509596200242032005e+00 4.818152773055600733e+02 4.642549409619021503e+02
1.152015858587806668e-01 4.788864280766526349e+02 4.645529543284768579e+02
-1.095738269116744545e+00 4.773846943232423428e+02 4.647480137650878760e+02
-3.644409675067650678e+00 4.745259596003013485e+02 4.653846311631011190e+02
-4.524600798475908903e+00 4.727301248189186822e+02 4.655106247825563059e+02
-8.048980547952087505e+00 4.681603958208121981e+02 4.667053874557374229e+02
-9.514911819816767036e+00 4.667712699999366350e+02 4.672440362000973550e+02
-1.182898660255393786e+01 4.636307973327550371e+02 4.682322677584107282e+02
-1.304406655983756735e+01 4.621619932524552041e+02 4.684611649329492593e+02
-1.565089693952941019e+01 4.593583291365685000e+02 4.694106178400195972e+02
-1.696736755591301460e+01 4.580448003699254400e+02 4.697744418963102930e+02
-1.973405613485254051e+01 4.554457031495351771e+02 4.705603035759032196e+02
-2.102028148443071842e+01 4.542458720204632527e+02 4.710192666866931859e+02
-2.390789065927359758e+01 4.519072584171049130e+02 4.717203972591910883e+02
-2.516839995410751385e+01 4.505824616241998797e+02 4.720644500092710132e+02
-2.801419342183095296e+01 4.482391009004257398e+02 4.724714235690204873e+02
-3.072021813079502195e+01 4.458142197272180738e+02 4.731008084462236525e+02
-3.351920303530364720e+01 4.433477458089568586e+02 4.735780474231795552e+02
-3.496741582831563733e+01 4.421196059563674226e+02 4.738232702254948094e+02
-3.769691676537515690e+01 4.395289512282357123e+02 4.741903102228067155e+02
-3.917038111658293786e+01 4.383439807972853259e+02 4.743930032319424299e+02
-4.196662085423822219e+01 4.358448209187766338e+02 4.747273666188339689e+02
-4.325842085852463725e+01 4.345226997242242533e+02 4.749041738265461277e+02
-4.598082169614916381e+01 4.318098708771570386e+02 4.752364439481185059e+02
-4.743516949580070019e+01 4.305060278024315608e+02 4.753927889817870209e+02
-5.157354848641850964e+01 4.264418109446945095e+02 4.759022106021238869e+02
-5.297805702659924521e+01 4.251193498945587521e+02 4.760837760157631351e+02
-5.578448263635672788e+01 4.225165169001798517e+02 4.764311032035731728e+02
-5.717066362681911329e+01 4.211384980845922428e+02 4.766083392664467624e+02
-5.999701093384148010e+01 4.185682681656665522e+02 4.768770863274135081e+02
-6.124587701953981878e+01 4.171317502434894209e+02 4.768109415225644625e+02
-6.395105699358387596e+01 4.145594712954605825e+02 4.773733600013434852e+02
-6.522762725567078235e+01 4.133240311433730767e+02 4.772349773312906791e+02
-6.824653809827080408e+01 4.108700537393330592e+02 4.776251907521699991e+02
-7.075563386427973001e+01 4.081770084697567995e+02 4.777638398097543586e+02
-7.341206622610781096e+01 4.054607752105855525e+02 4.779351275844099405e+02
-7.486326222383704021e+01 4.041877680786754468e+02 4.780555577301516905e+02
-7.748442869712482661e+01 4.014913814132840457e+02 4.782799945093140082e+02
-7.879851943195576780e+01 4.001427163396398328e+02 4.783725788923822506e+02
-8.146681228970405186e+01 3.973185398099270174e+02 4.785063639423223663e+02
-8.283994610683197379e+01 3.960247570022467016e+02 4.786295153036263628e+02
-8.556245717493402481e+01 3.933482988605286437e+02 4.789969850754399658e+02
-8.678786154634465788e+01 3.918153296907986487e+02 4.788027935445030039e+02
-8.949192991124999708e+01 3.890586731428876988e+02 4.791919875086152842e+02
-9.206516287006691357e+01 3.861635517081340936e+02 4.791007545310300770e+02
-9.342631246117387889e+01 3.849199555084665576e+02 4.791614846688008811e+02
-9.612649063817663375e+01 3.819903518183293158e+02 4.792497262388631043e+02
-9.888849785183373342e+01 3.791978558832797717e+02 4.792989986953820676e+02
-1.001518199379374039e+02 3.778113441300118325e+02 4.793644609846723483e+02
-1.028921948682055643e+02 3.749622267020242816e+02 4.792945166314198673e+02
-1.041230179805063472e+02 3.735492155856490513e+02 4.791373607872957905e+02
-1.068415913313412773e+02 3.706044785767880967e+02 4.792614241834013455e+02
-1.082960469868304614e+02 3.693218426767517713e+02 4.790457473930825927e+02
-1.108799683415334840e+02 3.664125694699662859e+02 4.786801747897138171e+02
-1.123681570687943463e+02 3.648685762400241401e+02 4.787368418078303307e+02
-1.150598509597414960e+02 3.618691604054387767e+02 4.782717827134679283e+02
-1.178019282513093344e+02 3.590107464567232114e+02 4.777972141022631831e+02
-1.207635157470860889e+02 3.559167545163800810e+02 4.774931694541655816e+02
-1.221051726491335643e+02 3.543909385752730259e+02 4.771477878289566661e+02
-1.248309570119913730e+02 3.512979346750417449e+02 4.764278674381940277e+02
-1.264700585221698930e+02 3.497676641106057218e+02 4.762465174935081791e+02
-1.293185788753517329e+02 3.467442107226222561e+02 4.754481562577256000e+02
-1.307393414478755460e+02 3.451314324107503353e+02 4.751884488182884638e+02
-1.336262479924509421e+02 3.421169778931105157e+02 4.742529074582159296e+02
-1.349607608716404741e+02 3.405645544595790852e+02 4.737077756674524949e+02
-1.392153235558372444e+02 3.361036750402566327e+02 4.728863248709483855e+02
-1.406794061239998541e+02 3.345966291345633294e+02 4.725153183778929247e+02
-1.434567052940173255e+02 3.314311376118353110e+02 4.722698079456883988e+02
-1.446151562897993585e+02 3.299653230931712073e+02 4.719196222847909326e+02
-1.473237514971633288e+02 3.266711738537595693e+02 4.719552873502757393e+02
-1.487099144085680962e+02 3.251080208279532258e+02 4.720505794901868626e+02
-1.510691751400683813e+02 3.219919267736701727e+02 4.717653226694307591e+02
-1.523569873254979541e+02 3.205126811158771147e+02 4.717774282423570753e+02
-1.550421890161992451e+02 3.175026560112985976e+02 4.720212153474749357e+02
-1.562473014982944051e+02 3.158172886642730077e+02 4.721527735696398622e+02
-1.602116421939130362e+02 3.111413916921268310e+02 4.727015555240830622e+02
-1.614954238683008896e+02 3.096120377294898844e+02 4.728517194979252736e+02
-1.641506447587366608e+02 3.065013458805281630e+02 4.732553416808445945e+02
-1.654837609849771525e+02 3.048901927512349062e+02 4.734419307638164582e+02
-1.681306122693129907e+02 3.017869059269064564e+02 4.738108792956531374e+02
-1.695874262214613566e+02 3.004347994908853821e+02 4.740041133591586799e+02
-1.720173388303266506e+02 2.970841741628729551e+02 4.741771363276836837e+02
-1.734627063180720370e+02 2.956057058191477722e+02 4.743130137600956004e+02
-1.762638832121521091e+02 2.924490132747189364e+02 4.741539381823881740e+02
-1.790608037779197730e+02 2.889538836367094632e+02 4.741172546719116667e+02
-1.804969903348634546e+02 2.871136449575546976e+02 4.740609805697158663e+02
-1.830204927387081852e+02 2.832253663250847922e+02 4.738844748528445052e+02
-1.855635685485387683e+02 2.792672516522860064e+02 4.734115079127806212e+02
-1.868962972314354829e+02 2.775543614652173687e+02 4.730756985960281327e+02
-1.882674758406788840e+02 2.755550425461125883e+02 4.729687151313520417e+02
-1.906861993745838504e+02 2.716823780419886702e+02 4.722603514020968305e+02
-1.932177300878234405e+02 2.678583513534898657e+02 4.714907750505749959e+02
-1.944091339211481397e+02 2.660260215894186331e+02 4.711634355733108350e+02
-1.970736647587832806e+02 2.624354481844902125e+02 4.701639261076582557e+02
-1.985156708465219140e+02 2.606327833886330723e+02 4.697161787637764974e+02
-2.010049471451164891e+02 2.570567964631795803e+02 4.688858257544787307e+02
-2.036611610615918835e+02 2.535160173087544422e+02 4.679132422768506672e+02
-2.049270336731938471e+02 2.516881289866334441e+02 4.674962408508587828e+02
-2.077081788193689249e+02 2.483391355813907637e+02 4.670617261848685189e+02
-2.091565057387531681e+02 2.468644060369419719e+02 4.667254228213178635e+02
-2.120684069493678123e+02 2.438957712410513352e+02 4.665963839735162537e+02
-2.151648904756158913e+02 2.412232748148975361e+02 4.665116440805242064e+02
-2.166576070028351353e+02 2.396507501956128579e+02 4.666010248282551061e+02
-2.195591472496947745e+02 2.368042621014355973e+02 4.667156624765797233e+02
-2.210577957374644029e+02 2.353230717368617775e+02 4.669149478076633386e+02
-2.251737538329514337e+02 2.306405467286895430e+02 4.674689551214596577e+02
-2.265238732832433755e+02 2.290248063412397528e+02 4.676650585405871539e+02
-2.292209991320872575e+02 2.259492780536907048e+02 4.679138403015706444e+02
-2.305855995829874985e+02 2.243894568974894810e+02 4.682748748069385556e+02
-2.331432045830625555e+02 2.212442826829147862e+02 4.687273324111210968e+02
-2.344144871852916765e+02 2.197310827481823594e+02 4.688076030858815102e+02
-2.371225076530554361e+02 2.166779341869404618e+02 4.693805018863760665e+02
-2.384221589729002915e+02 2.151571687793558283e+02 4.695985019706359367e+02
-2.410585358513368419e+02 2.121213555643317079e+02 4.700229961200662956e+02
-2.436272515915459280e+02 2.090448584278599071e+02 4.705148157167700447e+02
-2.448396728121950048e+02 2.073912209875528561e+02 4.707664722381794036e+02
-2.476575617050089591e+02 2.046298094243798005e+02 4.710974663823703281e+02
-2.502358302906647793e+02 2.015213506892791884e+02 4.715526043124407352e+02
-2.516150416494379556e+02 2.000480888495087015e+02 4.718243396917659425e+02
-2.541962717073795659e+02 1.968343456536354381e+02 4.721603013131601756e+02
-2.570092461040979970e+02 1.938698830242323652e+02 4.727442193032558180e+02
-2.583942983555905357e+02 1.924335961314231156e+02 4.729777536712884398e+02
-2.597811740790244244e+02 1.910173359238592923e+02 4.732546302658381023e+02
-2.625241951841022114e+02 1.880614907795140596e+02 4.738194774314483197e+02
-2.639485880322903881e+02 1.864992294927580474e+02 4.740834080074031363e+02
-2.666883478967042720e+02 1.834255039965207459e+02 4.746663164397820083e+02
-2.694433297148545421e+02 1.802964180294528376e+02 4.752831212408826786e+02
-2.721065796504729519e+02 1.770009589756470234e+02 4.755219870284170725e+02
-2.736208156841025811e+02 1.754153775158840745e+02 4.760070124347969909e+02
-2.763019067977985515e+02 1.720430121309373135e+02 4.763337064911615357e+02
-2.776787173787807887e+02 1.703725919946778617e+02 4.765803562523454389e+02
-2.805072868973242635e+02 1.671646407125268468e+02 4.768459734243416506e+02
-2.818003729664311550e+02 1.653500261310919655e+02 4.770293616985741778e+02
-2.844939077604791464e+02 1.619829085268030155e+02 4.773513093561469987e+02
-2.859288288035076562e+02 1.602418861880339307e+02 4.775806233096506048e+02
-2.903246541812471264e+02 1.552735626745725597e+02 4.776652446604953752e+02
-2.917470123912389113e+02 1.535922089435728140e+02 4.775517537135568773e+02
-2.947047416636243042e+02 1.501853639058525118e+02 4.776887650046837734e+02
-2.960602295959834009e+02 1.484422051518891692e+02 4.777418500445536438e+02
-2.991031401797504259e+02 1.450803580913215569e+02 4.774713049943504757e+02
-3.006385593967617069e+02 1.433671135887688308e+02 4.773824534616309734e+02
-3.033936837787207423e+02 1.398994179916915357e+02 4.772518754588667775e+02
-3.049692382432928071e+02 1.382126110863715951e+02 4.770313167715919462e+02
-3.080250771791420448e+02 1.346598867377285274e+02 4.766766195634610312e+02
-3.097053214001971924e+02 1.327740024553487785e+02 4.762397058106644181e+02
-3.125659145135757058e+02 1.290552566473795082e+02 4.757004151258199158e+02
-3.155014489914365186e+02 1.254196425042480456e+02 4.750581807548778102e+02
-3.183612936064059227e+02 1.218425229894704955e+02 4.740864369097955091e+02
-3.197202731682105536e+02 1.201470712901653144e+02 4.735451159379924775e+02
-3.221919400656987591e+02 1.165492986148716170e+02 4.727449100466668597e+02
-3.221919400656987591e+02 1.165492986148716170e+02 4.727449100466668597e+02
-3.259862782946491961e+02 1.114870087329415895e+02 4.712794434764557536e+02
-3.270003555574630241e+02 1.097467344715515623e+02 4.711878595205720899e+02
-3.296707024606698155e+02 1.061755620665485083e+02 4.703991807507805447e+02
-3.307778838132368264e+02 1.042251783968398655e+02 4.703252882383225142e+02
-3.332147633408566776e+02 1.006201937047735697e+02 4.700103627017886652e+02
-3.357082235252972282e+02 9.725605274050602134e+01 4.697064533401049289e+02
-3.381416575823519679e+02 9.373676262637629009e+01 4.694108585190303415e+02
-3.394356222456581804e+02 9.210343374729185939e+01 4.692960528883876350e+02
-3.416497460209117207e+02 8.848701116425507962e+01 4.691191335677767711e+02
-3.429376496070963185e+02 8.694721655318515730e+01 4.691128733866236189e+02
-3.454146410391855397e+02 8.353219910425846706e+01 4.689169382383391280e+02
-3.467896839783472842e+02 8.207531139956122956e+01 4.687773336571364666e+02
-3.491172121400201149e+02 7.837588511181299111e+01 4.687583066640141851e+02
-3.517358328329323740e+02 7.485316589781749030e+01 4.686384161564349711e+02
-3.541565627895336661e+02 7.119695625653169202e+01 4.682346998484656524e+02
-3.555853421512589421e+02 6.944385836044858706e+01 4.678975745438202694e+02
-3.579518797072716438e+02 6.552361502155140727e+01 4.676998711801825266e+02
-3.594469063187115694e+02 6.352394231304543126e+01 4.671032880518252455e+02
-3.618407294841255180e+02 5.948844162202242813e+01 4.663206298215342827e+02
-3.633715941850339277e+02 5.766874725677528346e+01 4.661434546829623287e+02
-3.659116891104616798e+02 5.366387478902547770e+01 4.650100368497055001e+02
-3.672033232970674703e+02 5.173070450575222878e+01 4.645720747392399517e+02
-3.696725054770116685e+02 4.760780424958464607e+01 4.632980899234523235e+02
-3.723302144635331388e+02 4.344387121012540831e+01 4.623055167524847775e+02
-3.735868831268794565e+02 4.186267366422242731e+01 4.615184018165413136e+02
-3.766095881552584501e+02 3.816254340531887124e+01 4.603454691151592897e+02
-3.796942740004133725e+02 3.489397864987510900e+01 4.596605932932017140e+02
-3.810024894160150097e+02 3.329542815171114967e+01 4.595485257763504023e+02
-3.841239770677804586e+02 3.080940705476032093e+01 4.593012273354881927e+02
-3.856341623068980766e+02 2.953105371925262190e+01 4.595967865103406211e+02
-3.885760411530648071e+02 2.696580875637044272e+01 4.605251927177498601e+02
-3.899101222363336205e+02 2.566829264823080692e+01 4.608239214696101840e+02
-3.925609140438121472e+02 2.285311388193935755e+01 4.617225845460002347e+02
-3.949833761997783199e+02 1.971070658804184461e+01 4.622736768093685669e+02
-3.962514145599117796e+02 1.835873386570180799e+01 4.627390229923329343e+02
-3.984410172753298411e+02 1.531340909968750275e+01 4.638358798746504021e+02
-4.010883476044544409e+02 1.214340468342695623e+01 4.643844500706351255e+02
-4.023001383489426530e+02 1.044365540553174121e+01 4.646484196821962200e+02
-4.048327192020566372e+02 7.420265336001485856e+00 4.656607985194968364e+02
-4.060998383199826662e+02 5.787801630817611453e+00 4.661081187735445042e+02
-4.086878144165660842e+02 2.910326223824868830e+00 4.671239206131198785e+02
-4.101280001570993363e+02 1.475236498337821889e+00 4.674397902852517745e+02
-4.128679791209303289e+02 -1.438346100249451531e+00 4.682385319360419089e+02
-4.143471369418481913e+02 -2.694517404876866973e+00 4.687366397855147966e+02
-4.170435280871686814e+02 -5.329718556126968210e+00 4.693804493873883530e+02
-4.197853135423422941e+02 -8.060555153439043607e+00 4.700686928651269341e+02
-4.227180338861526820e+02 -1.068786169302840783e+01 4.706536675906968981e+02
-4.227180338861526820e+02 -1.068786169302840783e+01 4.706536675906968981e+02
-4.270480223179804398e+02 -1.469043754314726691e+01 4.719240741019009988e+02
-4.285288464185100565e+02 -1.589131975340049863e+01 4.721469447204918879e+02
-4.314507406778574818e+02 -1.867433998104997173e+01 4.727864856899515758e+02
-4.329281025766625817e+02 -2.017774404816180578e+01 4.728007282970252163e+02
-4.359367092595670101e+02 -2.297595916576248598e+01 4.735108322177711671e+02
-4.372699305500054265e+02 -2.438150220871546381e+01 4.736814560179411728e+02
-4.416250918869604334e+02 -2.882347720848206407e+01 4.742673976540185095e+02
-4.430499910276978994e+02 -3.029052503999826484e+01 4.743423654122543098e+02
-4.459438460926879202e+02 -3.329059983058972705e+01 4.747379221360665156e+02
-4.486858909094777346e+02 -3.620330249102214282e+01 4.749147949092199497e+02
-4.500396041089210826e+02 -3.770423076810951102e+01 4.748276547057990911e+02
-4.514594693189441728e+02 -3.914791204233103628e+01 4.749659792806050973e+02
-4.543117675358622023e+02 -4.209725154037054295e+01 4.752184203661839774e+02
-4.556242854013051442e+02 -4.348473039485413238e+01 4.755927227364958867e+02
-4.583666865240858783e+02 -4.623699654143106841e+01 4.759514436053275404e+02
-4.597266577441226332e+02 -4.749437629433928265e+01 4.760768500447635461e+02
-4.638024337946689002e+02 -5.191847093305579364e+01 4.767788650653498053e+02
-4.651608473687450100e+02 -5.343411544348976605e+01 4.768990763663944676e+02
-4.677413676342699773e+02 -5.621521371689285473e+01 4.776292451147268139e+02
-4.689938991192557864e+02 -5.770942646340989768e+01 4.779930588570138070e+02
-4.719180494332063063e+02 -6.085441886768889219e+01 4.784332520739026222e+02
-4.746921659365966093e+02 -6.376083574145913957e+01 4.792029441776896306e+02
-4.758921482160951655e+02 -6.528523224181058993e+01 4.793561997835170132e+02
-4.770860386409073612e+02 -6.653784465802428372e+01 4.798349820930241094e+02
-4.797255299230358219e+02 -6.976611525466307739e+01 4.803680074410972338e+02
-4.827347864086816003e+02 -7.286228865249333353e+01 4.807186875087260773e+02
-4.853985668739711059e+02 -7.576582280198057617e+01 4.811823563132302866e+02
-4.866306523556477259e+02 -7.723614435533509948e+01 4.815547301136201668e+02
-4.892410026332883604e+02 -8.039108213138314341e+01 4.818623284635700088e+02
-4.906489097779934241e+02 -8.182854659415593801e+01 4.821736277839048057e+02
-4.932926696060980021e+02 -8.477501985658425099e+01 4.824644756051034165e+02
-4.932926696060980021e+02 -8.477501985658425099e+01 4.824644756051034165e+02
-4.973194891939738227e+02 -8.925037509789089540e+01 4.828569535311906407e+02
-4.984835191036698916e+02 -9.064496023934246693e+01 4.832153007476868538e+02
-5.013777930240490264e+02 -9.383195270154654111e+01 4.829867183157205091e+02
-5.042325564356393670e+02 -9.660293152221544233e+01 4.831837754451113938e+02
-5.055206455030669304e+02 -9.820962939049356066e+01 4.832036133649103249e+02
-5.069767386452552387e+02 -9.965489115880264137e+01 4.830554446141864560e+02
-5.108152226014991584e+02 -1.040505675526342628e+02 4.832286863525014837e+02
-5.125580210981784148e+02 -1.056355496079041814e+02 4.830638935164947156e+02
-5.138420247014149709e+02 -1.071787015324643448e+02 4.829266803919471158e+02
-5.167058608493437077e+02 -1.101022886326677650e+02 4.826851643101845184e+02
-5.193303058132410115e+02 -1.129760442909129239e+02 4.824429669595483006e+02
-5.209154384932606945e+02 -1.146155799625462635e+02 4.820323418945845901e+02
-5.235848977790100207e+02 -1.172852838289128243e+02 4.818095998328466862e+02
-5.262632805145555039e+02 -1.201341570998337716e+02 4.811880372911383574e+02
-5.279353104606658462e+02 -1.217057710714744303e+02 4.806375078262198031e+02
-5.304756752945875178e+02 -1.244562769110304288e+02 4.801407042577227458e+02
-5.335059366105419940e+02 -1.275757094707323063e+02 4.794580214605186939e+02
-5.349157974813790588e+02 -1.289082649732736456e+02 4.795554853343440982e+02
-5.362915942913460867e+02 -1.303195462362608055e+02 4.793533536927751015e+02
-5.391795703105683515e+02 -1.331306486194626757e+02 4.791170409153721721e+02
-5.419215336475944014e+02 -1.362741879808410204e+02 4.790562082243833970e+02
-5.434130180738001172e+02 -1.375405808666212124e+02 4.790618413233190722e+02
-5.474867278127709369e+02 -1.421066334005219858e+02 4.791805269142344059e+02
-5.474867278127709369e+02 -1.421066334005219858e+02 4.791805269142344059e+02
-5.503022107586541551e+02 -1.449502063526144298e+02 4.796687936883880070e+02
-5.530588620438937824e+02 -1.478068484065265693e+02 4.797129860443161533e+02
-5.556656080578117098e+02 -1.506529071410865015e+02 4.800904055983656349e+02
-5.571152123570727781e+02 -1.520873047755933101e+02 4.802448991072357103e+02
-5.599306461599475142e+02 -1.549588777601048832e+02 4.808268231907206882e+02
-5.612606510928566195e+02 -1.561728580111099802e+02 4.810729182691114261e+02
-5.641077486085500823e+02 -1.594319095055153070e+02 4.815397916037964023e+02
-5.655800985426664056e+02 -1.606294998083731684e+02 4.814959826619911496e+02
-5.684099291795002955e+02 -1.633472508964266581e+02 4.818898503125734010e+02
-5.684099291795002955e+02 -1.633472508964266581e+02 4.818898503125734010e+02
-5.740048007077806460e+02 -1.690722435877996475e+02 4.822881496033357394e+02
-5.754445336375177931e+02 -1.704884985187170798e+02 4.825056049953297475e+02
-5.784913850691297057e+02 -1.740205478400366701e+02 4.820721349725528739e+02
-5.799605918607287549e+02 -1.757224093774372591e+02 4.820115522630168812e+02
-5.825981620650907189e+02 -1.793991948742303464e+02 4.818508103101514735e+02
-5.852621895673297558e+02 -1.828267962480722133e+02 4.816587974953756657e+02
-5.865619629928369250e+02 -1.847319652094442688e+02 4.814038630174400168e+02
-5.882839703125761162e+02 -1.865857465967318944e+02 4.812147542613744804e+02
-5.906586121665473001e+02 -1.901530304000756644e+02 4.807984935923706189e+02
-5.932648046263078641e+02 -1.937896845905374050e+02 4.803736943695551531e+02
-5.947247719148973601e+02 -1.958513365628378438e+02 4.799155707437576552e+02
-5.972667663157798188e+02 -1.994335537941482528e+02 4.793966880434074938e+02
-5.999058051441705857e+02 -2.029998741051080344e+02 4.787440517678700189e+02
-6.012524393956098265e+02 -2.048771789795745519e+02 4.784205160174534512e+02
-6.025468459150474700e+02 -2.067860939186439850e+02 4.782318227850107064e+02
-6.052271934244787417e+02 -2.102118857272465107e+02 4.775761125822000395e+02
-6.077924152078493307e+02 -2.138260982805031460e+02 4.770254114633707445e+02
-6.090813639803560591e+02 -2.156640703222189757e+02 4.766714036306391904e+02
-6.116924668644592202e+02 -2.189886357115639157e+02 4.760572428580398991e+02
-6.132737633174560870e+02 -2.204264340561315407e+02 4.758311873172938817e+02
-6.158362594344995387e+02 -2.235998626871174508e+02 4.754420228120466163e+02
-6.187698740562302646e+02 -2.265302064324996536e+02 4.752094545242243839e+02
-6.218342143366973005e+02 -2.291807526034051534e+02 4.749044934715349768e+02
-6.232139244614962763e+02 -2.306715164322006899e+02 4.749147315596820249e+02
-6.262052878449316040e+02 -2.337637029907155579e+02 4.746505638960207420e+02
-6.279301349365066471e+02 -2.353403059112697520e+02 4.748259191664696459e+02
-6.305347516657187725e+02 -2.384814679867071732e+02 4.748801901937177945e+02
-6.320909147067354752e+02 -2.403364023012171344e+02 4.749668110647103276e+02
-6.347933448234751950e+02 -2.436703304809236386e+02 4.751495687901245333e+02
-6.376854531673704969e+02 -2.471471193517600682e+02 4.754753444242242608e+02
-6.407723740891020725e+02 -2.505880313257195553e+02 4.755754554235246587e+02
-6.421308446995963095e+02 -2.524793232768205371e+02 4.759240894022178736e+02
-6.449181220514532242e+02 -2.559539073051966795e+02 4.760818826783092277e+02
-6.476431734671659797e+02 -2.594605579558406703e+02 4.763847609549963522e+02
-6.476431734671659797e+02 -2.594605579558406703e+02 4.763847609549963522e+02
-6.505126950764567937e+02 -2.630468981688401300e+02 4.769166396667974936e+02
-6.533241597257518833e+02 -2.666966471783013048e+02 4.773067934447562379e+02
-6.549645248697401030e+02 -2.685863220302439345e+02 4.774653582005416297e+02
-6.577970089489970178e+02 -2.721818355296637151e+02 4.779860414076540565e+02
-6.591740827988786577e+02 -2.740454218425503541e+02 4.781415043012804631e+02
-6.623723693664404664e+02 -2.780088918768211670e+02 4.785684603273216453e+02
-6.653687006354105051e+02 -2.816977793460407042e+02 4.788571305224299408e+02
-6.682573335426332051e+02 -2.855358918773006280e+02 4.792489570772742695e+02
-6.699811633517304017e+02 -2.873341239502426561e+02 4.794462495279618111e+02
-6.715472076022264218e+02 -2.894184310042203947e+02 4.792604242257467604e+02
-6.747436876371606331e+02 -2.932732990127563539e+02 4.796057335277241691e+02
-6.779302469326424898e+02 -2.971024625218059896e+02 4.793413184289297533e+02
-6.794198984092835190e+02 -2.992538201809099405e+02 4.793628744175606471e+02
-6.827064958185623027e+02 -3.032350475774487677e+02 4.791105713942395141e+02
-6.860074938131746194e+02 -3.075137835267027526e+02 4.789010063512375837e+02
-6.876131258846604624e+02 -3.095708418269939557e+02 4.786108579054748589e+02
-6.908224675705571372e+02 -3.137816487736416775e+02 4.784566124550387940e+02
-6.944253652050014125e+02 -3.180056149285636025e+02 4.773523973912173233e+02
-6.962219353901450631e+02 -3.200708901264433166e+02 4.769649738097911609e+02
-6.997448946995970118e+02 -3.243282484438541360e+02 4.763726414124314488e+02
-7.014021518013304330e+02 -3.265592444455402870e+02 4.760072209794506080e+02
-7.048366628149434518e+02 -3.310343663471797981e+02 4.750965822171997957e+02
-7.061625596870372874e+02 -3.332283257286721323e+02 4.743903815482578921e+02
-7.092731196247590333e+02 -3.380711304611883179e+02 4.734161372820405518e+02
-7.106967240970107014e+02 -3.403735790145686337e+02 4.727502046294393381e+02
-7.152280645237990484e+02 -3.465884897678597554e+02 4.701372538047037324e+02
-7.164118116235936213e+02 -3.488982369378753674e+02 4.693884612871054856e+02
-7.191343714739557527e+02 -3.531092416269183900e+02 4.677627373306544882e+02
-7.204277986509853235e+02 -3.545385163513370799e+02 4.653052421453415946e+02
-7.217072809739781860e+02 -3.566980470789800393e+02 4.649082577894953943e+02
-7.239338763276798545e+02 -3.610797970058000601e+02 4.633595591099784770e+02
-7.258090488404619691e+02 -3.654205583301629190e+02 4.619583523648059327e+02
-7.268712004733145022e+02 -3.673902005209314439e+02 4.610250448569738637e+02
-7.293006615998868938e+02 -3.711062021340035812e+02 4.581862184757950445e+02
-7.305733629998898095e+02 -3.732254302437062847e+02 4.574438426664840449e+02
-7.328258031830658865e+02 -3.775369973843530147e+02 4.553543794807338827e+02
-7.350328793597565209e+02 -3.822306678265870801e+02 4.539406823557196731e+02
-7.371706621572789118e+02 -3.865754451915215668e+02 4.517736686849535204e+02
-7.383153821875022231e+02 -3.887841205345453659e+02 4.507595839911615485e+02
-7.405745992258847537e+02 -3.922186222300348390e+02 4.474919544628949097e+02
-7.413103936970475161e+02 -3.943898703127402428e+02 4.457836244876128831e+02
-7.432093404522794344e+02 -3.980026390756069645e+02 4.421455064229570553e+02
-7.441400115631546441e+02 -3.999296843640483985e+02 4.404203416188256597e+02
-7.460044738501170514e+02 -4.035769383445295375e+02 4.365043046358690049e+02
-7.476237817611178116e+02 -4.076314091095553067e+02 4.322039574539164164e+02
-7.499355126385158883e+02 -4.108504434662289100e+02 4.270307519866410644e+02
-7.506237558764358937e+02 -4.129302897869081903e+02 4.246308582185966998e+02
-7.528481756032357453e+02 -4.170273222949186902e+02 4.206634793713074600e+02
-7.539709404049280010e+02 -4.189329745684944442e+02 4.187547937294182248e+02
-7.565783807867214819e+02 -4.223570992548663980e+02 4.154713238132674746e+02
-7.594408991968261944e+02 -4.256902650565849058e+02 4.133555454891091472e+02
-7.594408991968261944e+02 -4.256902650565849058e+02 4.133555454891091472e+02
-7.617002891537514415e+02 -4.291855468900388360e+02 4.125463928936591174e+02
-7.640123871964044611e+02 -4.323480937875346513e+02 4.118146853182556129e+02
-7.655173876120899195e+02 -4.334398632981634023e+02 4.112467325129985056e+02
-7.682508777834028706e+02 -4.384406999550997739e+02 4.106724598029288700e+02
-7.692583590844204764e+02 -4.397940568164381716e+02 4.103329414512167546e+02
-7.710704857247416157e+02 -4.426681377573268605e+02 4.102023375137098924e+02
-7.722843519186583308e+02 -4.439842071494015840e+02 4.104769629320916806e+02
-7.741281577153376929e+02 -4.467146678169515894e+02 4.108314695867634896e+02
-7.750800879981021581e+02 -4.478688196436251587e+02 4.111359984822570937e+02
-7.775178206676102945e+02 -4.501688685719368550e+02 4.125884923905210826e+02
-7.785733225222752480e+02 -4.513883484945922078e+02 4.133069109874526248e+02
-7.809057068206058148e+02 -4.534123851930511933e+02 4.148011264882817954e+02
-7.833870060994294136e+02 -4.558866233802360739e+02 4.169415377523023949e+02
-7.857621630036652505e+02 -4.580222729825687793e+02 4.182907183504406703e+02
-7.870457502717385978e+02 -4.590086779978281015e+02 4.193906737475901423e+02
-7.883841191431774860e+02 -4.599193816469806393e+02 4.203764250754629188e+02
-7.909945751048391003e+02 -4.620197930449093633e+02 4.221355234234568456e+02
-7.935569688967000275e+02 -4.639921089351503838e+02 4.238088030801376931e+02
-7.951237244695635127e+02 -4.649976467806915821e+02 4.246473757829065789e+02
-7.965272665513857646e+02 -4.657171209152883762e+02 4.254212866165032665e+02
-7.976961931170479829e+02 -4.668123119963075283e+02 4.262397491262585163e+02
-8.018385743265233714e+02 -4.694606482666576994e+02 4.281500277093272189e+02
-8.032419416758276611e+02 -4.703970385005775370e+02 4.289497593641215190e+02
-8.043943846975181486e+02 -4.715501561551243981e+02 4.292795972530705626e+02
-8.072066966356653666e+02 -4.736475142308709110e+02 4.301668726909952625e+02
-8.114497792274927406e+02 -4.766329661220679554e+02 4.315835273114694814e+02
-8.125072550057648186e+02 -4.780789230015295743e+02 4.319491538414968090e+02
-8.138887272812014544e+02 -4.793768181125490742e+02 4.326411525066320110e+02
-8.164688286139476077e+02 -4.818158500970134810e+02 4.335795526436402270e+02
-8.202970241853183779e+02 -4.854749851614298564e+02 4.346326948795750127e+02
-8.229471655768379605e+02 -4.880779168912580985e+02 4.353704919008866909e+02
-8.242179435211638747e+02 -4.893137541041844543e+02 4.355983822544630470e+02
-8.271950291742418813e+02 -4.917618959446443796e+02 4.365355373549785440e+02
-8.298450205431959148e+02 -4.943783995188659333e+02 4.369938732180270904e+02
-8.310993092656985937e+02 -4.959362467055299248e+02 4.374455305209112339e+02
-8.340381396088880592e+02 -4.983655950401324048e+02 4.379619089493987190e+02
-8.370156105155425621e+02 -5.011278924037119964e+02 4.387208286424679500e+02
-8.386848699765959054e+02 -5.022570493590320666e+02 4.391091718899642729e+02
-8.399475647234883127e+02 -5.037061615189099371e+02 4.392922438408660355e+02
-8.429917520652986695e+02 -5.059686022534852441e+02 4.398428651724041742e+02
-8.456161802751903451e+02 -5.086076839952197588e+02 4.401304093219146125e+02
-8.470651958703164155e+02 -5.098375973486384964e+02 4.403966409317237094e+02
-8.498387206185315108e+02 -5.122174359866496616e+02 4.410234725381914132e+02
-8.511166835905894459e+02 -5.133368727903672379e+02 4.412421242802459460e+02
-8.537657316079089469e+02 -5.158782324233939107e+02 4.417435033825946107e+02
-8.564476589243629405e+02 -5.184052841826180611e+02 4.426408234098917092e+02
-8.590721587659382976e+02 -5.207367558787650523e+02 4.431869001902271066e+02
-8.604325675382369809e+02 -5.220204772133494089e+02 4.432901718258840447e+02
-8.631431608598056755e+02 -5.241779897580790930e+02 4.437477172892015460e+02
-8.644412329155175030e+02 -5.252692943539407224e+02 4.438060660862325335e+02
-8.671129346687274619e+02 -5.273157019476279856e+02 4.435368843696386989e+02
-8.699589303193745309e+02 -5.294166263178469762e+02 4.441836893955710366e+02
-8.710453967056059810e+02 -5.308065034523229997e+02 4.444356919506935810e+02
-8.737382298642945671e+02 -5.329989327703964364e+02 4.448635683106365946e+02
-8.748744797610303294e+02 -5.342711386382059118e+02 4.449305872355946576e+02
-8.775877167619025840e+02 -5.365435638302245707e+02 4.454613906447493719e+02
-8.800542924326389311e+02 -5.390690915531802148e+02 4.458150416510624723e+02
-8.813793327489436251e+02 -5.401156380134810888e+02 4.461897272307484741e+02
-8.836466567002723878e+02 -5.431811813596294769e+02 4.469851456981443789e+02
-8.849599089850222526e+02 -5.443446103141088770e+02 4.472250347213637838e+02
-8.863258858487668022e+02 -5.454946315330109883e+02 4.473928898702871493e+02
-8.900756261218621148e+02 -5.489900316661982060e+02 4.475561691304654914e+02
-8.913721670383309856e+02 -5.502071872379965498e+02 4.477544701410295147e+02
-8.913721670383309856e+02 -5.502071872379965498e+02 4.477544701410295147e+02
-8.947937522665506549e+02 -5.542465298174763575e+02 4.483354470922487280e+02
-8.971122798443105921e+02 -5.571418067286333553e+02 4.492696028025903843e+02
-8.994799607082431976e+02 -5.596888942063020522e+02 4.495238099775189653e+02
-9.007827199760107533e+02 -5.605599597729121797e+02 4.492289939864859889e+02
-9.019525154121611195e+02 -5.618871539740466687e+02 4.494050281924521073e+02
-9.031826144619107026e+02 -5.630923216069033970e+02 4.495838820259286308e+02
-9.066258313439611811e+02 -5.669475503665353244e+02 4.500028171199555231e+02
-9.076958516019199124e+02 -5.686608099350914927e+02 4.507198915661836054e+02
-9.102991352698288665e+02 -5.708593211682856463e+02 4.508275273218072243e+02
-9.112642645100947902e+02 -5.721806775781486749e+02 4.506837822384160859e+02
-9.146646947319793526e+02 -5.761063754170708080e+02 4.511725372482182479e+02
-9.158117543106835683e+02 -5.773923534666984096e+02 4.513170607257837901e+02
-9.158117543106835683e+02 -5.773923534666984096e+02 4.513170607257837901e+02
-9.190149851317648881e+02 -5.816123205823913622e+02 4.522645039024387188e+02
-9.211775055006529556e+02 -5.841886091124686118e+02 4.525307938969698398e+02
-9.221983101713472024e+02 -5.856032775143381741e+02 4.528437486699675105e+02
-9.244081461106034112e+02 -5.880375346100122442e+02 4.530358192990149746e+02
-9.255457933917564333e+02 -5.893995241879126752e+02 4.532856387945379311e+02
-9.278144775062870622e+02 -5.920616902881376973e+02 4.535746622052434418e+02
-9.300535028639675375e+02 -5.948970236549487254e+02 4.541239362164925524e+02
-9.325042336364859921e+02 -5.972498930421896830e+02 4.541449427320010841e+02
-9.325042336364859921e+02 -5.972498930421896830e+02 4.541449427320010841e+02
-9.357387218598079244e+02 -6.016152908830756587e+02 4.545291841148042522e+02
-9.366937028952812625e+02 -6.034750245805794293e+02 4.551581162481597858e+02
-9.392376124839120166e+02 -6.059209169837715763e+02 4.553709927082095987e+02
-9.401520759049085427e+02 -6.074993466856135456e+02 4.550915011597525108e+02
-9.427359840205781438e+02 -6.101981302914441585e+02 4.553534475124493497e+02
-9.435421755967997797e+02 -6.122035671457540502e+02 4.555438337935554500e+02
-9.444110496487326145e+02 -6.142236605570100210e+02 4.558876716388131740e+02
-9.477595227131769207e+02 -6.188825050878530192e+02 4.559137381330243670e+02
-9.487321164368560176e+02 -6.206701454712701889e+02 4.560994949822457443e+02
-9.509593627537997236e+02 -6.236354230067238404e+02 4.562224490096069758e+02
-9.530844716405109693e+02 -6.266342718127065154e+02 4.562505317571171872e+02
-9.537971810576686948e+02 -6.284644648506298381e+02 4.561090183111352871e+02
-9.559215269915679301e+02 -6.313464724676223341e+02 4.561246380375538934e+02
-9.569950012748049630e+02 -6.325021073610777194e+02 4.558120117727978595e+02
-9.595279623827702835e+02 -6.352892239648371060e+02 4.561248338214923024e+02
-9.604246508800239326e+02 -6.371598370229382908e+02 4.563655132141399804e+02
-9.624913699843659742e+02 -6.406445624562736612e+02 4.568961020569776679e+02
-9.650349440609257954e+02 -6.434728445156441694e+02 4.570930750934309117e+02
-9.671663505996433514e+02 -6.469712499338569387e+02 4.573046327196923357e+02
-9.682066121217242198e+02 -6.490496949485030882e+02 4.580481439671943917e+02
-9.705545330681043197e+02 -6.524992709660790524e+02 4.585894005101527000e+02
-9.716701129664977543e+02 -6.543372603156201421e+02 4.589502846017527418e+02
-9.741922487028485875e+02 -6.576467476676486967e+02 4.593225447429219344e+02
-9.753625380815620929e+02 -6.594556766844384583e+02 4.596919759799004055e+02
-9.779141894397298529e+02 -6.625576758305483054e+02 4.598950426714882838e+02
-9.789292721336826162e+02 -6.643872411463055414e+02 4.599336997646190071e+02
-9.816898514676306604e+02 -6.678871523419344385e+02 4.605981889349188236e+02
-9.835892586131119515e+02 -6.717341252893252204e+02 4.605174082644704754e+02
-9.865480938472339858e+02 -6.752481259938110725e+02 4.610210957424772005e+02
-9.873825919600311636e+02 -6.774181212415663822e+02 4.608901096650597538e+02
-9.898940612681163884e+02 -6.813973331563295233e+02 4.613987951386145596e+02
-9.909879644676274211e+02 -6.834919450313316247e+02 4.614580020046750519e+02
-9.934085227332739123e+02 -6.873106527359984739e+02 4.615964200280295131e+02
-9.947770694698340321e+02 -6.891270903621455091e+02 4.618740361323552861e+02
-9.973537715878381960e+02 -6.925192947914752040e+02 4.613751479170839502e+02
-9.986438195798393735e+02 -6.945393054805294923e+02 4.612461510631528085e+02
-1.000875678249627185e+03 -6.984158116954343996e+02 4.611506259741504437e+02
-1.003485842456912451e+03 -7.027806503883665528e+02 4.609192463356948792e+02
-1.004911148477395614e+03 -7.046304422744316298e+02 4.608675118232223440e+02
-1.007544285312428769e+03 -7.086962272597112360e+02 4.604333224794957573e+02
-1.009930888830471986e+03 -7.129283107328419646e+02 4.600110854618879443e+02
-1.011514337067839051e+03 -7.140540075163546589e+02 4.592781087004905203e+02
-1.013488266533090723e+03 -7.184568660290815387e+02 4.595187135612507063e+02
-1.014840284333454974e+03 -7.208288351663629783e+02 4.599023165998243030e+02
-1.014840284333454974e+03 -7.208288351663629783e+02 4.599023165998243030e+02
-1.018435690745787838e+03 -7.263756121044100382e+02 4.603087382829809826e+02
-1.021009137568378264e+03 -7.296271722816537704e+02 4.607783297509832892e+02
-1.023046279940341606e+03 -7.333936421671165817e+02 4.612037870042027521e+02
-1.024262573709534308e+03 -7.351378446458224971e+02 4.614831919115374035e+02
-1.026682037383185389e+03 -7.384349954108855627e+02 4.623448368409421505e+02
-1.028912708829644544e+03 -7.420954543612593852e+02 4.629426182787677249e+02
-1.030196247495403895e+03 -7.436829314626932046e+02 4.634951458843831347e+02
-1.032727130476103639e+03 -7.463255852176575900e+02 4.635466599087027362e+02
-1.033305513165653110e+03 -7.488395034461594832e+02 4.643280132130882407e+02
-1.035746456910933603e+03 -7.520509186121605580e+02 4.652019220561180077e+02
-1.036947867817784072e+03 -7.536988965620307681e+02 4.655082752995443229e+02
-1.039113060221471414e+03 -7.575900213563028274e+02 4.661054719226233942e+02
-1.039113060221471414e+03 -7.575900213563028274e+02 4.661054719226233942e+02
-1.042478293784796278e+03 -7.623628770222903768e+02 4.668787015589060729e+02
-1.044758158285332684e+03 -7.662667761658435666e+02 4.668282754343771899e+02
-1.047792861481882937e+03 -7.692604170166113136e+02 4.670625847544731073e+02
-1.048729280687304254e+03 -7.714174072746453703e+02 4.673064846952697167e+02
-1.048729280687304254e+03 -7.714174072746453703e+02 4.673064846952697167e+02
-1.048729280687304254e+03 -7.714174072746453703e+02 4.673064846952697167e+02
-1.048729280687304254e+03 -7.714174072746453703e+02 4.673064846952697167e+02
-1.048729280687304254e+03 -7.714174072746453703e+02 4.673064846952697167e+02
-1.058074379065686344e+03 -7.908868830389913001e+02 4.667839036334699472e+02
-1.058074379065686344e+03 -7.908868830389913001e+02 4.667839036334699472e+02
-1.060896950435949066e+03 -7.976302178751458314e+02 4.662105600372066192e+02
-1.061589640433864361e+03 -8.002591492389611858e+02 4.658640307843597839e+02
-1.063585613258271678e+03 -8.045283774230277913e+02 4.653317771371000617e+02
-1.065661215662124960e+03 -8.085202656900748934e+02 4.648138399876420408e+02
-1.066660808309447248e+03 -8.105653824690840565e+02 4.645484620751632292e+02
-1.067967678492095047e+03 -8.127128517670372503e+02 4.643549770493936535e+02
-1.070029190381640774e+03 -8.164783588415155009e+02 4.639149956566486708e+02
-1.071086043624889044e+03 -8.185405007437334461e+02 4.635463414429490285e+02
-1.074697900184908576e+03 -8.238161327508257727e+02 4.631847977622256849e+02
-1.075999140160481602e+03 -8.255850427383193164e+02 4.631038461601158360e+02
-1.077303089369175495e+03 -8.270183422060777048e+02 4.633732111435187448e+02
-1.078511778245092273e+03 -8.289338239004765683e+02 4.632389206901065108e+02
-1.082289726757619974e+03 -8.340625020693302076e+02 4.637304487451221462e+02
-1.083299658223169899e+03 -8.361339666144654075e+02 4.636882943963569801e+02
-1.085596188873088977e+03 -8.398810224303391578e+02 4.643784831606997727e+02
-1.087754928294588353e+03 -8.437155028891537540e+02 4.649400632346158773e+02
-1.088957523340726539e+03 -8.454469075556826283e+02 4.652464278899642522e+02
-1.089937561072514654e+03 -8.473161928581208713e+02 4.656351203411202846e+02
-1.091787537674217447e+03 -8.512750571747789081e+02 4.661547222653487097e+02
-1.094211246029781250e+03 -8.546172193182572983e+02 4.671856872140637051e+02
-1.096113207070673752e+03 -8.579600954613014210e+02 4.677829406059428266e+02
-1.097077419316065516e+03 -8.596096563804144353e+02 4.680986727074634928e+02
-1.099120768284966289e+03 -8.631277832129446779e+02 4.687432295147405057e+02
-1.100515635371714552e+03 -8.647232058441665004e+02 4.691666866047482927e+02
-1.102178545632419400e+03 -8.677506395764603440e+02 4.700046492452256075e+02
-1.104534489204565716e+03 -8.711280008576088676e+02 4.709499283662507878e+02
-1.105657508319391582e+03 -8.728103948685983369e+02 4.713964328935129515e+02
-1.106544058417477800e+03 -8.744057159608528309e+02 4.717381496671112018e+02
-1.110007212369863964e+03 -8.796421304471533631e+02 4.731673224656235561e+02
-1.110952169836031544e+03 -8.812843709221674544e+02 4.735111206713148704e+02
-1.113446582414681416e+03 -8.845435076407600263e+02 4.744008336547916542e+02
-1.114200373632734454e+03 -8.864323723134003785e+02 4.748266972033870843e+02
-1.116532944476740568e+03 -8.900375279193862070e+02 4.755361788828456042e+02
-1.117419378903841562e+03 -8.916587289776845182e+02 4.758472551173965144e+02
-1.119706951148369626e+03 -8.952861901916188572e+02 4.764296200219979482e+02
-1.121112814273441700e+03 -8.970598183477605971e+02 4.768815775668854258e+02
-1.122965817444545564e+03 -9.007301770290379181e+02 4.771043336432295519e+02
-1.125242812874895435e+03 -9.040231114284653131e+02 4.778074360457033549e+02
-1.126314012843504543e+03 -9.058085204484717678e+02 4.780292702068594508e+02
-1.128537900063736970e+03 -9.093029696076838491e+02 4.783912965629304495e+02
-1.130783525753386812e+03 -9.128939669923897782e+02 4.787452575109358008e+02
-1.131928741418289974e+03 -9.147297237691090004e+02 4.788991621465575577e+02
-1.134178341965340451e+03 -9.182256780891597145e+02 4.790943840106551761e+02
-1.135358053190867395e+03 -9.200908215420022316e+02 4.791387889534339024e+02
-1.137771886196807827e+03 -9.236974397165333812e+02 4.792185423344811284e+02
-1.138945347393686916e+03 -9.254964341238704719e+02 4.791875545269049326e+02
-1.141254710883207736e+03 -9.292414733351196219e+02 4.793097887421617429e+02
-1.143625654860806208e+03 -9.329545025661600448e+02 4.792411456779876175e+02
-1.145157951010550505e+03 -9.353633069585745261e+02 4.794341962087589764e+02
-1.147402758586654045e+03 -9.392091313818475555e+02 4.790357426672898100e+02
-1.150240665937949643e+03 -9.428812085576191748e+02 4.790864572158846499e+02
-1.151454381854365920e+03 -9.446886676143369641e+02 4.789634531205734902e+02
-1.153953132370788353e+03 -9.484006624166559050e+02 4.785150452517646045e+02
-1.155061396773199249e+03 -9.501720667373659808e+02 4.782344567270910147e+02
-1.157478704882461443e+03 -9.538961375593474941e+02 4.776399855249326833e+02
-1.158681522466351680e+03 -9.559127889836709073e+02 4.774709602353976834e+02
-1.161097513730261880e+03 -9.598368507361307138e+02 4.770661864295079795e+02
-1.163694922938966783e+03 -9.634390763635341273e+02 4.767534834083143664e+02
-1.165694390172339126e+03 -9.673332017952894830e+02 4.767024957570171750e+02
-1.167006321479629605e+03 -9.695016365211347420e+02 4.768235994650308385e+02
-1.169297210577529540e+03 -9.730414320999159372e+02 4.771474130024628266e+02
-1.170499959866794143e+03 -9.748283334947668664e+02 4.772755786329146872e+02
-1.172407135234276211e+03 -9.783450524122943079e+02 4.776735182517085150e+02
-1.173438205304190205e+03 -9.800255588190174194e+02 4.778406952255633655e+02
-1.175648863468953323e+03 -9.833854605073395305e+02 4.783777520121564066e+02
-1.176760369025995260e+03 -9.849381674530626469e+02 4.785207329867545809e+02
-1.178755020802949502e+03 -9.884765261572987356e+02 4.791583166086725782e+02
-1.179784568957768897e+03 -9.899815960679748059e+02 4.792491732947240735e+02
-1.181891492122829277e+03 -9.932896823432718065e+02 4.799452385777407244e+02
-1.184069121344286032e+03 -9.964078596699664558e+02 4.806368506550365396e+02
-1.186342186889685536e+03 -9.995372526692575548e+02 4.812829943096344323e+02
-1.186792223528610521e+03 -1.001189887948207343e+03 4.809659173189537569e+02
-1.189507738402054429e+03 -1.004375726029515818e+03 4.822971173897190056e+02
-1.190453794132289431e+03 -1.005902028246921873e+03 4.823780044853077129e+02
-1.192242942955186436e+03 -1.009072901430002275e+03 4.823623805543592766e+02
-1.193640677284548929e+03 -1.010544949066232903e+03 4.828544310989531709e+02
-1.195459748865405572e+03 -1.013706888587423464e+03 4.833084088549459807e+02
-1.196602435936307074e+03 -1.015536326069259303e+03 4.834738729759015428e+02
-1.199590349747354367e+03 -1.020472352634320373e+03 4.831085387152388648e+02
-1.200637592402568089e+03 -1.022290404725877238e+03 4.833973045720272808e+02
-1.202695736413299755e+03 -1.026229710387506429e+03 4.834249701947887843e+02
-1.203665816897651439e+03 -1.028183036687441927e+03 4.833445513287629183e+02
-1.205566854087950787e+03 -1.032001816404588226e+03 4.829975749367161484e+02
-1.206453598756906331e+03 -1.034153213764603379e+03 4.827434163089329786e+02
-1.208355378021638899e+03 -1.038270276845076296e+03 4.826565548010305520e+02
-1.209376289250183618e+03 -1.040235907064357662e+03 4.824237093990483913e+02
-1.211330136754711020e+03 -1.044366330222030456e+03 4.821305168134513792e+02
-1.213180700767525650e+03 -1.048305233931212342e+03 4.818765142573909657e+02
-1.215180297121201420e+03 -1.051736629665921328e+03 4.813908178111908001e+02
-1.216335705452121374e+03 -1.053447833298849673e+03 4.813729954685163079e+02
-1.218361748757743271e+03 -1.056470469847123695e+03 4.817793376919890420e+02
-1.219634992589878948e+03 -1.058038736378808153e+03 4.821203092824414398e+02
-1.221835841869528167e+03 -1.060696493535680474e+03 4.822502809971054489e+02
-1.223563907595785167e+03 -1.062096346213232664e+03 4.828075463871370516e+02
-1.225721555018434628e+03 -1.064099620208507758e+03 4.835545121849754651e+02
-1.226614057272578066e+03 -1.065058579819657780e+03 4.836377743853133779e+02
-1.229595765711264221e+03 -1.068079087736737165e+03 4.841562044604129937e+02
-1.232161356978337608e+03 -1.070276803541841218e+03 4.847511814489334370e+02
-1.234383488463026424e+03 -1.073221974387443879e+03 4.850928994234473635e+02
-1.235350041197108112e+03 -1.074844537890716310e+03 4.853001336453404519e+02
-1.238007714002471403e+03 -1.077985871920910540e+03 4.856988717327589029e+02
-1.238431901992364374e+03 -1.079099181300048258e+03 4.857697655097584288e+02
-1.240667206449016930e+03 -1.082156546109052442e+03 4.860959883838356745e+02
-1.241755488518696211e+03 -1.083754674273772252e+03 4.864730830120631140e+02
-1.243901456666803369e+03 -1.086261356775391050e+03 4.865333579083730910e+02
-1.244705177630305343e+03 -1.087850728639174804e+03 4.864881422769789765e+02
-1.246508133665700143e+03 -1.090524886685497904e+03 4.864837973867529399e+02
-1.247435694022955204e+03 -1.092111349204454882e+03 4.868799565552881177e+02
-1.250554240449687086e+03 -1.096134271044163597e+03 4.870895812648993797e+02
-1.251547429697912094e+03 -1.097311619326846539e+03 4.872704488667128544e+02
-1.252592721257470657e+03 -1.098721250543551832e+03 4.877143264413558654e+02
-1.254741272795216673e+03 -1.101368530672181805e+03 4.883597904934841836e+02
-1.256087565079167916e+03 -1.104127498252737041e+03 4.895311239096635063e+02
-1.257181547263456196e+03 -1.105389618052903415e+03 4.899832022129572238e+02
-1.259199204923930665e+03 -1.107354777698869384e+03 4.898785380791323973e+02
-1.260545510174615629e+03 -1.108923798583487724e+03 4.903996938571243618e+02
-1.262764867703534946e+03 -1.111288327217434471e+03 4.909417095587444919e+02
-1.263963210936565019e+03 -1.112568906657918888e+03 4.913143451980658938e+02
-1.266512645239882431e+03 -1.115383225449176280e+03 4.918213821510830712e+02
-1.269551210058276865e+03 -1.118040399090550409e+03 4.916424709892952478e+02
-1.271702006920406347e+03 -1.120330180733637917e+03 4.916923493058828853e+02
-1.272570460405193671e+03 -1.121480713399177148e+03 4.915780488069274270e+02
-1.274971145661740138e+03 -1.124285949203354221e+03 4.919393848320582947e+02
-1.276613682044741154e+03 -1.126288046628246775e+03 4.924970281504543550e+02
-1.277995880551521623e+03 -1.127860917757915786e+03 4.923217380622001542e+02
-1.279279550541033586e+03 -1.129403749296303431e+03 4.925823746746051484e+02
-1.281033178298628854e+03 -1.132002431355708723e+03 4.923988499146435061e+02
-1.282471253717042146e+03 -1.133691682965697737e+03 4.932393572792343548e+02
-1.285575026285124295e+03 -1.137509684043800917e+03 4.936272449206774695e+02
-1.286468300745938905e+03 -1.138519036762562791e+03 4.931784514974313538e+02
-1.287702033600437744e+03 -1.139968533289320476e+03 4.934628156043251579e+02
-1.289845759322552794e+03 -1.142498536465325969e+03 4.934271590320349219e+02
-1.291893439485983436e+03 -1.145207814776554869e+03 4.936353279512113659e+02
-1.293091744488809809e+03 -1.146462877392820246e+03 4.936887286748915926e+02
-1.294989394145791721e+03 -1.149261732845206097e+03 4.942752220499295959e+02
-1.295459561669780669e+03 -1.148449382349863754e+03 4.961963477052036069e+02
-1.296941654503725658e+03 -1.153090993416836454e+03 4.961900527765918127e+02
-1.300658447469805424e+03 -1.156084266782489522e+03 4.945755936804629300e+02
-1.301968089150811466e+03 -1.157643176800091851e+03 4.948127000693347100e+02
-1.303273002886043741e+03 -1.158888662066891357e+03 4.974999684936476569e+02
-1.305396692612285506e+03 -1.160508715840041077e+03 4.971830790172674597e+02
-1.305860237083000811e+03 -1.163448718927909795e+03 4.963531257125320622e+02
-1.306812919636261313e+03 -1.165072948778089312e+03 4.966886895153339765e+02
-1.310198425015990551e+03 -1.169227200338861167e+03 4.968896868090273529e+02
-1.310198425015990551e+03 -1.169227200338861167e+03 4.968896868090273529e+02
-1.312290918750806895e+03 -1.172280106588949820e+03 4.975322674621543797e+02
-1.315277861386656468e+03 -1.175441309700836655e+03 4.967436879154084863e+02
-1.316574350335194140e+03 -1.178514041722371985e+03 4.971404328468829021e+02
-1.318988917413341369e+03 -1.181369502165499853e+03 4.972390098716718398e+02
-1.320008867355677239e+03 -1.182899643551476402e+03 4.971094356732830306e+02
-1.322429549172480392e+03 -1.185361416679367267e+03 4.979799805261909000e+02
-1.323620068537225507e+03 -1.186554188009361269e+03 4.975182912367667427e+02
-1.326342805220299169e+03 -1.189673112066602471e+03 4.980040750446863171e+02
-1.327361769273277332e+03 -1.191133541914376792e+03 4.979243213934880714e+02
-1.329950281997822913e+03 -1.193901492863316889e+03 4.972050999681846974e+02
-1.331049958426941430e+03 -1.195376947259344888e+03 4.970316935217029481e+02
-1.333318880036897554e+03 -1.198203614765508291e+03 4.965871557036545596e+02
-1.334831488441151123e+03 -1.199656980621857883e+03 4.967263281741132346e+02
-1.338447271516537285e+03 -1.204130369693477633e+03 4.950935492341386066e+02
-1.339705537975497464e+03 -1.205897291455250979e+03 4.951469121591309772e+02
-1.341045171953821182e+03 -1.207182328621045826e+03 4.946037874849102423e+02
-1.342007255318876560e+03 -1.208540772805611141e+03 4.940172095807494657e+02
-1.346272460402663910e+03 -1.213405794707996620e+03 4.937155631775542020e+02
-1.347272378541561693e+03 -1.214555030467013921e+03 4.934962948765974602e+02
-1.349498855196121440e+03 -1.217637918367387101e+03 4.932004726787728259e+02
-1.350709869435865585e+03 -1.219279316927012587e+03 4.932140467440610223e+02
-1.353243919009228875e+03 -1.222111035231696860e+03 4.925754199358838150e+02
-1.354306039830699774e+03 -1.223624573004187141e+03 4.926607722279096038e+02
-1.356495250908298658e+03 -1.226701839974009317e+03 4.924486238087999936e+02
-1.359749024279138666e+03 -1.230325873323926771e+03 4.928258790883887173e+02
-1.361468001511333114e+03 -1.232846136340385556e+03 4.925850201452782358e+02
-1.362381912328393810e+03 -1.234471014747325626e+03 4.929751783547587252e+02
-1.364980896157986763e+03 -1.237609804848817930e+03 4.930308949890192594e+02
-1.365926790237754176e+03 -1.239079908811409268e+03 4.930824359344654226e+02
-1.368497493088350438e+03 -1.242255623545739354e+03 4.934222891547819358e+02
-1.369813334066282550e+03 -1.243673744304417369e+03 4.937257798986469766e+02
-1.372340710623054065e+03 -1.246842663939566819e+03 4.937941092019197526e+02
-1.374375478655699908e+03 -1.249368158394132024e+03 4.934490826321852524e+02
-1.375868852670145770e+03 -1.251355774045375711e+03 4.939507743372458890e+02
-1.378134826256271708e+03 -1.254569340823617267e+03 4.936981563074963333e+02
-1.379578154126241543e+03 -1.256140087602196218e+03 4.932826677737930936e+02
-1.382500304122949274e+03 -1.259502176962524572e+03 4.935288488133739406e+02
-1.384797379222510699e+03 -1.263655935473673480e+03 4.930877279042410919e+02
-1.386309442853490509e+03 -1.265789543049177382e+03 4.930762808017866519e+02
-1.387551735606400371e+03 -1.267523012817068548e+03 4.926820957072762326e+02
-1.390752057584092654e+03 -1.273386517702471110e+03 4.920890442380958802e+02
