1.753174876116944075e+09
1.753174876157219887e+09
1.753174876157974243e+09
1.753174876175942421e+09
1.753174876176777124e+09
1.753174876179267645e+09
1.753174876180029392e+09
1.753174876203515530e+09
1.753174876204556227e+09
1.753174876205656767e+09
1.753174876206453800e+09
1.753174876218420267e+09
1.753174876219354868e+09
1.753174876220491409e+09
1.753174876221384525e+09
1.753174876236042261e+09
1.753174876236932039e+09
1.753174876238058567e+09
1.753174876238896847e+09
1.753174876250116825e+09
1.753174876250987291e+09
1.753174876252041817e+09
1.753174876252820015e+09
1.753174876262682915e+09
1.753174876263467789e+09
1.753174876264413357e+09
1.753174876265185356e+09
1.753174876277158976e+09
1.753174876278047323e+09
1.753174876279113054e+09
1.753174876279948950e+09
1.753174876290893316e+09
1.753174876291726351e+09
1.753174876292763472e+09
1.753174876293551445e+09
1.753174876304161072e+09
1.753174876305005550e+09
1.753174876306015730e+09
1.753174876306791782e+09
1.753174876317163467e+09
1.753174876317981720e+09
1.753174876318947077e+09
1.753174876319706202e+09
1.753174876329771519e+09
1.753174876330700636e+09
1.753174876331830025e+09
1.753174876332698107e+09
1.753174876343321562e+09
1.753174876344131947e+09
1.753174876345161915e+09
1.753174876345936060e+09
1.753174876358687639e+09
1.753174876359524727e+09
1.753174876360532761e+09
1.753174876361297846e+09
1.753174876372023582e+09
1.753174876372885466e+09
1.753174876373916626e+09
1.753174876374720812e+09
1.753174876386195660e+09
1.753174876387170315e+09
1.753174876388229370e+09
1.753174876389001846e+09
1.753174876400926828e+09
1.753174876402057171e+09
1.753174876403395653e+09
1.753174876404424906e+09
1.753174876416925907e+09
1.753174876417814970e+09
1.753174876418861628e+09
1.753174876419661522e+09
1.753174876429817438e+09
1.753174876430646420e+09
1.753174876431693554e+09
1.753174876432492733e+09
1.753174876442502975e+09
1.753174876443397522e+09
1.753174876444415092e+09
1.753174876445261478e+09
1.753174876454422712e+09
1.753174876455224037e+09
1.753174876456439495e+09
1.753174876457257271e+09
1.753174876467767715e+09
1.753174876468691349e+09
1.753174876469707012e+09
1.753174876470537424e+09
1.753174876479949713e+09
1.753174876480877876e+09
1.753174876481912136e+09
1.753174876482693672e+09
1.753174876492808819e+09
1.753174876493662834e+09
1.753174876494716644e+09
1.753174876495507956e+09
1.753174876506409645e+09
1.753174876507349253e+09
1.753174876508730173e+09
1.753174876509731770e+09
1.753174876520429134e+09
1.753174876521285057e+09
1.753174876522341013e+09
1.753174876523256779e+09
1.753174876534226179e+09
1.753174876535324812e+09
1.753174876536628485e+09
1.753174876537694931e+09
1.753174876550359488e+09
1.753174876551245451e+09
1.753174876552330017e+09
1.753174876553179741e+09
1.753174876563574314e+09
1.753174876564435720e+09
1.753174876565493584e+09
1.753174876566306114e+09
1.753174876576716661e+09
1.753174876577678442e+09
1.753174876578880548e+09
1.753174876579899073e+09
1.753174876590708017e+09
1.753174876591579437e+09
1.753174876592648268e+09
1.753174876593502522e+09
1.753174876604253292e+09
1.753174876605116129e+09
1.753174876606206417e+09
1.753174876607025623e+09
1.753174876618267298e+09
1.753174876619363785e+09
1.753174876620716333e+09
1.753174876621785164e+09
1.753174876633883715e+09
1.753174876634793997e+09
1.753174876635795593e+09
1.753174876636620998e+09
1.753174876647083282e+09
1.753174876648005009e+09
1.753174876649162054e+09
1.753174876650179386e+09
1.753174876663488150e+09
1.753174876664599657e+09
1.753174876665624619e+09
1.753174876666445732e+09
1.753174876676350832e+09
1.753174876677162170e+09
1.753174876678176880e+09
1.753174876678963184e+09
1.753174876689396620e+09
1.753174876690499544e+09
1.753174876691964388e+09
1.753174876692995071e+09
1.753174876704046011e+09
1.753174876704880238e+09
1.753174876705896854e+09
1.753174876706721783e+09
1.753174876716898203e+09
1.753174876717726707e+09
1.753174876718763828e+09
1.753174876719555616e+09
1.753174876730393648e+09
1.753174876733277798e+09
1.753174876734632492e+09
1.753174876735720396e+09
1.753174876749308348e+09
1.753174876750404596e+09
1.753174876751721382e+09
1.753174876752739906e+09
1.753174876768127203e+09
1.753174876769327879e+09
1.753174876770668030e+09
1.753174876771708250e+09
1.753174876784501076e+09
1.753174876785350561e+09
1.753174876786390781e+09
1.753174876787209511e+09
1.753174876797538042e+09
1.753174876798416853e+09
1.753174876799444914e+09
1.753174876800250292e+09
1.753174876810350418e+09
1.753174876811168671e+09
1.753174876812296867e+09
1.753174876813083172e+09
1.753174876822922468e+09
1.753174876823760986e+09
1.753174876824774027e+09
1.753174876825596809e+09
1.753174876839312077e+09
1.753174876840200663e+09
1.753174876841232061e+09
1.753174876842015982e+09
1.753174876851385832e+09
1.753174876852216482e+09
1.753174876853248596e+09
1.753174876854024410e+09
1.753174876868564367e+09
1.753174876869540930e+09
1.753174876870563507e+09
1.753174876871398926e+09
1.753174876881234169e+09
1.753174876882104635e+09
1.753174876883103848e+09
1.753174876883918285e+09
1.753174876897190809e+09
1.753174876898237228e+09
1.753174876899309158e+09
1.753174876900157452e+09
1.753174876910214663e+09
1.753174876911046982e+09
1.753174876912020922e+09
1.753174876912862539e+09
1.753174876922777414e+09
1.753174876923624277e+09
1.753174876924872398e+09
1.753174876925889015e+09
1.753174876940831423e+09
1.753174876941632032e+09
1.753174876942669392e+09
1.753174876943513393e+09
1.753174876953346252e+09
1.753174876954209566e+09
1.753174876955253839e+09
1.753174876956071615e+09
1.753174876966614246e+09
1.753174876967498302e+09
1.753174876968551874e+09
1.753174876969398737e+09
1.753174876979917049e+09
1.753174876980895281e+09
1.753174876981955528e+09
1.753174876982787848e+09
1.753174876992667437e+09
1.753174876993579626e+09
1.753174876994674444e+09
1.753174876995534420e+09
1.753174877007156849e+09
1.753174877008031607e+09
1.753174877009104013e+09
1.753174877009936571e+09
1.753174877019403458e+09
1.753174877020291328e+09
1.753174877021330118e+09
1.753174877022140741e+09
1.753174877033550262e+09
1.753174877034445047e+09
1.753174877035514355e+09
1.753174877036340714e+09
1.753174877046299219e+09
1.753174877047203779e+09
1.753174877048266411e+09
1.753174877049150229e+09
1.753174877059158087e+09
1.753174877060029745e+09
1.753174877061109066e+09
1.753174877061919451e+09
1.753174877072330236e+09
1.753174877073173523e+09
1.753174877074227095e+09
1.753174877075026512e+09
1.753174877084874153e+09
1.753174877085709095e+09
1.753174877086781502e+09
1.753174877087619305e+09
1.753174877097155333e+09
1.753174877100845337e+09
1.753174877101944685e+09
1.753174877102748394e+09
1.753174877112783432e+09
1.753174877113646507e+09
1.753174877114689112e+09
1.753174877115521431e+09
1.753174877124915123e+09
1.753174877125777721e+09
1.753174877126848459e+09
1.753174877127681732e+09
1.753174877138761044e+09
1.753174877139679670e+09
1.753174877140812874e+09
1.753174877141732454e+09
1.753174877151439905e+09
1.753174877152357340e+09
1.753174877153433084e+09
1.753174877154302359e+09
1.753174877164843082e+09
1.753174877166284561e+09
1.753174877167319775e+09
1.753174877168164253e+09
1.753174877178324223e+09
1.753174877179205656e+09
1.753174877180269241e+09
1.753174877181094408e+09
1.753174877190836906e+09
1.753174877191704750e+09
1.753174877192756653e+09
1.753174877193594217e+09
1.753174877204583406e+09
1.753174877205440760e+09
1.753174877206505537e+09
1.753174877207338572e+09
1.753174877217306614e+09
1.753174877218352795e+09
1.753174877219398260e+09
1.753174877220220566e+09
1.753174877233066082e+09
1.753174877234014034e+09
1.753174877235096693e+09
1.753174877235907078e+09
1.753174877246130705e+09
1.753174877247025013e+09
1.753174877248052597e+09
1.753174877248849630e+09
1.753174877258289337e+09
1.753174877259460926e+09
1.753174877260769129e+09
1.753174877261849642e+09
1.753174877275585651e+09
1.753174877276806831e+09
1.753174877278179169e+09
1.753174877279282331e+09
1.753174877292267799e+09
1.753174877293400526e+09
1.753174877294726372e+09
1.753174877295815706e+09
1.753174877309630871e+09
1.753174877310773134e+09
1.753174877312146664e+09
1.753174877313261271e+09
1.753174877325013161e+09
1.753174877325913906e+09
1.753174877326983452e+09
1.753174877327841043e+09
1.753174877337923527e+09
1.753174877338782549e+09
1.753174877339907169e+09
1.753174877343844414e+09
1.753174877353985548e+09
1.753174877354892969e+09
1.753174877355961561e+09
1.753174877356819391e+09
1.753174877366866350e+09
1.753174877367758989e+09
1.753174877368774891e+09
1.753174877369639874e+09
1.753174877383413315e+09
1.753174877384299517e+09
1.753174877385386229e+09
1.753174877386270046e+09
1.753174877396302700e+09
1.753174877397171497e+09
1.753174877398228884e+09
1.753174877399088144e+09
1.753174877410390854e+09
1.753174877413527966e+09
1.753174877414605141e+09
1.753174877415461063e+09
1.753174877425416708e+09
1.753174877426301718e+09
1.753174877427383661e+09
1.753174877428250790e+09
1.753174877437819719e+09
1.753174877438902617e+09
1.753174877443051100e+09
1.753174877443910122e+09
1.753174877454606533e+09
1.753174877455494642e+09
1.753174877456569672e+09
1.753174877457452536e+09
1.753174877467118502e+09
1.753174877467980146e+09
1.753174877468985081e+09
1.753174877469803333e+09
1.753174877480560064e+09
1.753174877481412649e+09
1.753174877482451677e+09
1.753174877483353376e+09
1.753174877493002653e+09
1.753174877493840218e+09
1.753174877494904995e+09
1.753174877495771885e+09
1.753174877509207964e+09
1.753174877510162592e+09
1.753174877511264801e+09
1.753174877512084007e+09
1.753174877523175716e+09
1.753174877524322033e+09
1.753174877525662422e+09
1.753174877526764393e+09
1.753174877543398380e+09
1.753174877544556856e+09
1.753174877545929670e+09
1.753174877547104359e+09
1.753174877559141636e+09
1.753174877559991598e+09
1.753174877561021090e+09
1.753174877561898470e+09
1.753174877571717978e+09
1.753174877572673321e+09
1.753174877577799320e+09
1.753174877578916550e+09
1.753174877599686146e+09
1.753174877600674391e+09
1.753174877601894855e+09
1.753174877602903366e+09
1.753174877617849350e+09
1.753174877618683338e+09
1.753174877619745731e+09
1.753174877620595217e+09
1.753174877630665541e+09
1.753174877631736517e+09
1.753174877633816719e+09
1.753174877634671211e+09
1.753174877645199537e+09
1.753174877646073103e+09
1.753174877647188663e+09
1.753174877648028612e+09
1.753174877657468319e+09
1.753174877658336878e+09
1.753174877659404278e+09
1.753174877660216570e+09
1.753174877673078775e+09
1.753174877673967361e+09
1.753174877675001144e+09
1.753174877675803185e+09
1.753174877685933352e+09
1.753174877686818600e+09
1.753174877687849283e+09
1.753174877688710928e+09
1.753174877703483105e+09
1.753174877704763412e+09
1.753174877706176996e+09
1.753174877707014084e+09
1.753174877716789007e+09
1.753174877717659712e+09
1.753174877718727112e+09
1.753174877719546556e+09
1.753174877729570150e+09
1.753174877730453253e+09
1.753174877731606007e+09
1.753174877735260010e+09
1.753174877744985580e+09
1.753174877745890379e+09
1.753174877746974230e+09
1.753174877747877121e+09
1.753174877757820606e+09
1.753174877758707762e+09
1.753174877759774923e+09
1.753174877760601521e+09
1.753174877770609379e+09
1.753174877771511078e+09
1.753174877772605419e+09
1.753174877773471832e+09
1.753174877783835173e+09
1.753174877784773827e+09
1.753174877785815716e+09
1.753174877786705732e+09
1.753174877797606230e+09
1.753174877799287319e+09
1.753174877800611734e+09
1.753174877802074194e+09
1.753174877813358068e+09
1.753174877814290285e+09
1.753174877815366507e+09
1.753174877816266298e+09
1.753174877825740576e+09
1.753174877826604605e+09
1.753174877827681780e+09
1.753174877828573465e+09
1.753174877840168238e+09
1.753174877841037512e+09
1.753174877842125416e+09
1.753174877843033075e+09
1.753174877852795601e+09
1.753174877853707552e+09
1.753174877854776621e+09
1.753174877855673790e+09
1.753174877866078138e+09
1.753174877869335413e+09
1.753174877870506287e+09
1.753174877871402264e+09
1.753174877881805658e+09
1.753174877882697105e+09
1.753174877883771896e+09
1.753174877884622097e+09
1.753174877894731760e+09
1.753174877895618200e+09
1.753174877896752119e+09
1.753174877897595167e+09
1.753174877913746357e+09
1.753174877914928198e+09
1.753174877916400433e+09
1.753174877917632103e+09
1.753174877929760695e+09
1.753174877930702925e+09
1.753174877931784868e+09
1.753174877932714701e+09
1.753174877945304155e+09
1.753174877946241379e+09
1.753174877947315454e+09
1.753174877948210001e+09
1.753174877958332062e+09
1.753174877959244728e+09
1.753174877960315704e+09
1.753174877961165428e+09
1.753174877970386267e+09
1.753174877971346378e+09
1.753174877972612619e+09
1.753174877973638058e+09
1.753174877992104530e+09
1.753174877992991447e+09
1.753174877994065762e+09
1.753174877994889736e+09
1.753174878004171848e+09
1.753174878005131960e+09
1.753174878006206989e+09
1.753174878007277012e+09
1.753174878019843817e+09
1.753174878020770550e+09
1.753174878021922350e+09
1.753174878022835493e+09
1.753174878032394409e+09
1.753174878033287525e+09
1.753174878034420252e+09
1.753174878035271406e+09
1.753174878048986673e+09
1.753174878049961567e+09
1.753174878051065445e+09
1.753174878051939011e+09
1.753174878061477661e+09
1.753174878062367201e+09
1.753174878063459635e+09
1.753174878064365864e+09
1.753174878075104713e+09
1.753174878076275826e+09
1.753174878077565432e+09
1.753174878078565359e+09
1.753174878088102579e+09
1.753174878088965654e+09
1.753174878090029478e+09
1.753174878090915442e+09
1.753174878100988150e+09
1.753174878101863861e+09
1.753174878102926493e+09
1.753174878103807688e+09
1.753174878114123344e+09
1.753174878115029812e+09
1.753174878116110802e+09
1.753174878116950750e+09
1.753174878126674175e+09
1.753174878127538919e+09
1.753174878128573656e+09
1.753174878129401445e+09
1.753174878139028549e+09
1.753174878143153906e+09
1.753174878144291639e+09
1.753174878145173311e+09
1.753174878155515432e+09
1.753174878156433582e+09
1.753174878157501459e+09
1.753174878158354521e+09
1.753174878167646885e+09
1.753174878168566704e+09
1.753174878169660330e+09
1.753174878170549393e+09
1.753174878181691885e+09
1.753174878182619095e+09
1.753174878183686972e+09
1.753174878184567690e+09
1.753174878194268465e+09
1.753174878195159435e+09
1.753174878196226597e+09
1.753174878197079897e+09
1.753174878207475185e+09
1.753174878208431244e+09
1.753174878209530115e+09
1.753174878210457087e+09
1.753174878220323801e+09
1.753174878221206188e+09
1.753174878222275019e+09
1.753174878223179579e+09
1.753174878232828379e+09
1.753174878233693600e+09
1.753174878234786749e+09
1.753174878235644817e+09
1.753174878248917818e+09
1.753174878249820948e+09
1.753174878250919580e+09
1.753174878251805067e+09
1.753174878261916399e+09
1.753174878262881279e+09
1.753174878264052391e+09
1.753174878264919281e+09
1.753174878274957657e+09
1.753174878276219606e+09
1.753174878277351618e+09
1.753174878278287649e+09
1.753174878288461208e+09
1.753174878289372921e+09
1.753174878290463209e+09
1.753174878291336775e+09
1.753174878300780535e+09
1.753174878301680803e+09
1.753174878302803516e+09
1.753174878303669453e+09
1.753174878316061258e+09
1.753174878317015886e+09
1.753174878318121195e+09
1.753174878318960190e+09
1.753174878328240395e+09
1.753174878329244375e+09
1.753174878330338240e+09
1.753174878331152439e+09
1.753174878343265057e+09
1.753174878344626904e+09
1.753174878345884323e+09
1.753174878346753836e+09
1.753174878356487513e+09
1.753174878357456207e+09
1.753174878358542442e+09
1.753174878359418154e+09
1.753174878371284485e+09
1.753174878372410059e+09
1.753174878373576164e+09
1.753174878374624014e+09
1.753174878385760784e+09
1.753174878386922121e+09
1.753174878388230562e+09
1.753174878389252186e+09
1.753174878400537014e+09
1.753174878401447773e+09
1.753174878402576685e+09
1.753174878403513908e+09
1.753174878416153431e+09
1.753174878417026758e+09
1.753174878418168545e+09
1.753174878419061184e+09
1.753174878430083990e+09
1.753174878430990934e+09
1.753174878432062387e+09
1.753174878432915211e+09
1.753174878447990417e+09
1.753174878448855877e+09
1.753174878449967861e+09
1.753174878450836658e+09
1.753174878461190462e+09
1.753174878462120295e+09
1.753174878463226318e+09
1.753174878464123964e+09
1.753174878475298882e+09
1.753174878476225376e+09
1.753174878477369785e+09
1.753174878478364944e+09
1.753174878488620281e+09
1.753174878489498377e+09
1.753174878490596533e+09
1.753174878491470098e+09
1.753174878501054049e+09
1.753174878501976490e+09
1.753174878503113508e+09
1.753174878504009008e+09
1.753174878515547991e+09
1.753174878516470671e+09
1.753174878517532825e+09
1.753174878518363476e+09
1.753174878527798414e+09
1.753174878528703690e+09
1.753174878529795408e+09
1.753174878530678272e+09
1.753174878543276548e+09
1.753174878544194460e+09
1.753174878545310974e+09
1.753174878546205521e+09
1.753174878555747032e+09
1.753174878556635618e+09
1.753174878557726860e+09
1.753174878558629036e+09
1.753174878570021868e+09
1.753174878571246862e+09
1.753174878572659731e+09
1.753174878577194214e+09
1.753174878589267969e+09
1.753174878590220213e+09
1.753174878591343164e+09
1.753174878592270613e+09
1.753174878603518724e+09
1.753174878604721308e+09
1.753174878606112957e+09
1.753174878607278585e+09
1.753174878619349003e+09
1.753174878620315552e+09
1.753174878621411562e+09
1.753174878622291088e+09
1.753174878632325888e+09
1.753174878633232117e+09
1.753174878634406567e+09
1.753174878635291100e+09
1.753174878648553133e+09
1.753174878649454117e+09
1.753174878650507450e+09
1.753174878651389599e+09
1.753174878661757469e+09
1.753174878662668943e+09
1.753174878663733721e+09
1.753174878664665461e+09
1.753174878674827814e+09
1.753174878675909281e+09
1.753174878677047968e+09
1.753174878678082705e+09
1.753174878688210011e+09
1.753174878689108372e+09
1.753174878690236568e+09
1.753174878691149473e+09
1.753174878700547695e+09
1.753174878701486826e+09
1.753174878702585697e+09
1.753174878703529119e+09
1.753174878715568304e+09
1.753174878716545343e+09
1.753174878717696190e+09
1.753174878718666077e+09
1.753174878728491068e+09
1.753174878729460955e+09
1.753174878730542183e+09
1.753174878731460094e+09
1.753174878746255875e+09
1.753174878747254848e+09
1.753174878748439789e+09
1.753174878749355793e+09
1.753174878760293722e+09
1.753174878761308670e+09
1.753174878762384653e+09
1.753174878763265848e+09
1.753174878776385307e+09
1.753174878777358294e+09
1.753174878778482199e+09
1.753174878779393196e+09
1.753174878790576458e+09
1.753174878791538954e+09
1.753174878792619228e+09
1.753174878793550014e+09
1.753174878806557655e+09
1.753174878810273170e+09
1.753174878811538219e+09
1.753174878812429667e+09
1.753174878823436022e+09
1.753174878824396610e+09
1.753174878825518131e+09
1.753174878826385736e+09
1.753174878837615252e+09
1.753174878838585138e+09
1.753174878839864969e+09
1.753174878840936661e+09
1.753174878854779959e+09
1.753174878855853558e+09
1.753174878857115746e+09
1.753174878858136892e+09
1.753174878870229721e+09
1.753174878871497393e+09
1.753174878872988224e+09
1.753174878874085426e+09
1.753174878886649370e+09
1.753174878887653589e+09
1.753174878888910055e+09
1.753174878889882326e+09
1.753174878901725769e+09
1.753174878902697563e+09
1.753174878903831244e+09
1.753174878904727459e+09
1.753174878916786671e+09
1.753174878917703152e+09
1.753174878918789864e+09
1.753174878919734955e+09
1.753174878932344675e+09
1.753174878933581829e+09
1.753174878935048103e+09
1.753174878936278582e+09
1.753174878951285362e+09
1.753174878952561140e+09
1.753174878954066277e+09
1.753174878955333710e+09
1.753174878968947649e+09
1.753174878969880581e+09
1.753174878971150875e+09
1.753174878972153902e+09
1.753174878984012604e+09
1.753174878985013962e+09
1.753174878986131430e+09
1.753174878987058163e+09
1.753174878998269796e+09
1.753174878999192715e+09
1.753174879000314951e+09
1.753174879001252174e+09
1.753174879012990475e+09
1.753174879013931036e+09
1.753174879015104055e+09
1.753174879016035080e+09
1.753174879027387857e+09
1.753174879028337717e+09
1.753174879029469728e+09
1.753174879030335903e+09
1.753174879044298172e+09
1.753174879045225143e+09
