-3.181425350325637301e-03 1.396160822077261408e-02 -4.184855035331121187e-02 9.990213465496903256e-01
-2.986357561062316646e-03 1.391938314746382285e-02 -4.213049195140617514e-02 9.990106876751840836e-01
-2.827888788364175780e-03 1.391841142570391168e-02 -4.222524900643084139e-02 9.990071617434633788e-01
-2.827888788364175780e-03 1.391841142570391168e-02 -4.222524900643084139e-02 9.990071617434633788e-01
-2.750410036013980434e-03 1.387916955905339582e-02 -4.229021183695961389e-02 9.990051761025915411e-01
-2.761957955815990805e-03 1.384705768674492250e-02 -4.229368628827974430e-02 9.990054427688664918e-01
-2.761957955815990805e-03 1.384705768674492250e-02 -4.229368628827974430e-02 9.990054427688664918e-01
-2.919358194305382483e-03 1.393969551303624044e-02 -4.235737883919574870e-02 9.990010083551518205e-01
-2.919358194305382483e-03 1.393969551303624044e-02 -4.235737883919574870e-02 9.990010083551518205e-01
-2.675556119692084744e-03 1.393249342533093953e-02 -4.230854534935503397e-02 9.990038608618212468e-01
-2.751966147349022094e-03 1.393893348543946697e-02 -4.230249958646400965e-02 9.990038194843650077e-01
-2.751966147349022094e-03 1.393893348543946697e-02 -4.230249958646400965e-02 9.990038194843650077e-01
-2.649180466676999673e-03 1.393205660899986438e-02 -4.238103489165411658e-02 9.990008646257575453e-01
-2.654432932369444643e-03 1.596047049122746933e-02 -4.326105468568757634e-02 9.989327797779929963e-01
-2.654432932369444643e-03 1.596047049122746933e-02 -4.326105468568757634e-02 9.989327797779929963e-01
-5.811819994042065861e-04 1.510338123415507633e-02 -4.260102222735184796e-02 9.989778290872945998e-01
-4.914184141949789640e-04 1.521275295332704357e-02 -4.269615863083844193e-02 9.989721561153211971e-01
-4.914184141949789640e-04 1.521275295332704357e-02 -4.269615863083844193e-02 9.989721561153211971e-01
-4.137163533375327971e-04 1.519425413591254589e-02 -4.273567433712412850e-02 9.989707831658459769e-01
-3.490290494106476605e-04 1.536206697463399738e-02 -4.271599193394805261e-02 9.989690831602789922e-01
-3.490290494106476605e-04 1.536206697463399738e-02 -4.271599193394805261e-02 9.989690831602789922e-01
-4.032362687071306697e-04 1.531108766823448264e-02 -4.267613804362244134e-02 9.989715487623304080e-01
-4.032362687071306697e-04 1.531108766823448264e-02 -4.267613804362244134e-02 9.989715487623304080e-01
-4.219442276434783924e-04 1.535957277642392357e-02 -4.271794914100567747e-02 9.989690096836743027e-01
-4.219442276434783924e-04 1.535957277642392357e-02 -4.271794914100567747e-02 9.989690096836743027e-01
-4.944127573150633708e-04 1.538063534029953695e-02 -4.274209654654113205e-02 9.989676194929244524e-01
-5.606227508192275239e-04 1.533791593276494225e-02 -4.271091934023813624e-02 9.989695748150102528e-01
-8.565144342118971837e-04 1.530834196849521246e-02 -4.275097485530457431e-02 9.989681051956167401e-01
-6.244061400938307263e-04 1.514807532480929968e-02 -4.265958721016450961e-02 9.989746270801799222e-01
-6.244061400938307263e-04 1.514807532480929968e-02 -4.265958721016450961e-02 9.989746270801799222e-01
-6.244061400938307263e-04 1.514807532480929968e-02 -4.265958721016450961e-02 9.989746270801799222e-01
-6.852966201589222144e-04 1.527829827739542873e-02 -4.264534575091508128e-02 9.989732120813221705e-01
-6.852966201589222144e-04 1.527829827739542873e-02 -4.264534575091508128e-02 9.989732120813221705e-01
-6.679540755500514666e-04 1.536776865549791850e-02 -4.268822284872411665e-02 9.989700201477128561e-01
-6.679540755500514666e-04 1.536776865549791850e-02 -4.268822284872411665e-02 9.989700201477128561e-01
-8.141964226961298295e-04 1.545658704083224116e-02 -4.261137270561527607e-02 9.989718223840838851e-01
-8.141964226961298295e-04 1.545658704083224116e-02 -4.261137270561527607e-02 9.989718223840838851e-01
-2.794362940240849909e-03 1.641511530609609734e-02 -4.326875021737180277e-02 9.989246972519363332e-01
-2.733796113976682835e-03 1.645343398951925121e-02 -4.330464599681358578e-02 9.989226789415938113e-01
-2.733796113976682835e-03 1.645343398951925121e-02 -4.330464599681358578e-02 9.989226789415938113e-01
-2.775735412525820889e-03 1.644715846939871426e-02 -4.327501878930239965e-02 9.989239505688046750e-01
-6.624063639044873138e-04 1.563963705746616514e-02 -4.254628808918435590e-02 9.989718596338698076e-01
-6.624063639044873138e-04 1.563963705746616514e-02 -4.254628808918435590e-02 9.989718596338698076e-01
-5.359523544209975629e-04 1.570082759156342378e-02 -4.257476899706204992e-02 9.989697622114799280e-01
-4.925094102176556582e-04 1.572913551068686605e-02 -4.248553708385585659e-02 9.989731382120661252e-01
-4.925094102176556582e-04 1.572913551068686605e-02 -4.248553708385585659e-02 9.989731382120661252e-01
-6.551460653187035762e-04 1.574970003916752181e-02 -4.264036301963064490e-02 9.989661241372820299e-01
-6.551460653187035762e-04 1.574970003916752181e-02 -4.264036301963064490e-02 9.989661241372820299e-01
-7.411502014768639370e-04 1.580782329651235496e-02 -4.257347195702763237e-02 9.989679989391698767e-01
-5.081076278917033041e-04 1.585401981681632683e-02 -4.254919437807554855e-02 9.989684469191523197e-01
-5.081076278917033041e-04 1.585401981681632683e-02 -4.254919437807554855e-02 9.989684469191523197e-01
-5.779394617645778253e-04 1.596008442499358831e-02 -4.248786401624528308e-02 9.989693304113308470e-01
-5.021884242890411673e-04 1.598956698001594706e-02 -4.249795254038827436e-02 9.989684707659461926e-01
-5.021884242890411673e-04 1.598956698001594706e-02 -4.249795254038827436e-02 9.989684707659461926e-01
-5.021884242890411673e-04 1.598956698001594706e-02 -4.249795254038827436e-02 9.989684707659461926e-01
-4.851100808998885360e-04 1.605127190832023043e-02 -4.249319926881253706e-02 9.989676918470564715e-01
-5.872031329394038516e-04 1.619953109445571374e-02 -4.249230742798300320e-02 9.989652817762217918e-01
-2.916138965941935030e-04 1.626760960628388306e-02 -4.247952831811734054e-02 9.989648489876423731e-01
-3.786014270952626419e-04 1.628586055343021061e-02 -4.249847456387036149e-02 9.989637165917176764e-01
-3.786014270952626419e-04 1.628586055343021061e-02 -4.249847456387036149e-02 9.989637165917176764e-01
-4.965627303552567215e-04 1.620154300728880378e-02 -4.241172761890314724e-02 9.989687226285004495e-01
-4.965627303552567215e-04 1.620154300728880378e-02 -4.241172761890314724e-02 9.989687226285004495e-01
-1.918883041174474825e-04 1.633008756156090202e-02 -4.246020420483727353e-02 9.989646752903698079e-01
-3.385501832309274089e-04 1.638983487988319998e-02 -4.252390260402506145e-02 9.989609483877269769e-01
-3.385501832309274089e-04 1.638983487988319998e-02 -4.252390260402506145e-02 9.989609483877269769e-01
-2.304065645066717704e-04 1.640648911059296861e-02 -4.251546182919128947e-02 9.989610650737743569e-01
-1.458674344749662493e-04 1.638563361036090432e-02 -4.241480223056239701e-02 9.989657022568997347e-01
-1.458674344749662493e-04 1.638563361036090432e-02 -4.241480223056239701e-02 9.989657022568997347e-01
-1.421517986083045422e-04 1.640543202490324023e-02 -4.246273186129461558e-02 9.989633416676600985e-01
-1.421517986083045422e-04 1.640543202490324023e-02 -4.246273186129461558e-02 9.989633416676600985e-01
1.700763191000298700e-05 1.641265767994358818e-02 -4.243442715655487002e-02 9.989644356885366561e-01
7.349498938951386413e-05 1.646293200461712916e-02 -4.238788247931799674e-02 9.989655819332403652e-01
7.349498938951386413e-05 1.646293200461712916e-02 -4.238788247931799674e-02 9.989655819332403652e-01
1.774354522248701113e-04 1.652711100685584286e-02 -4.246090664973440482e-02 9.989614079257066459e-01
-2.113253546760473548e-05 1.655358905662374785e-02 -4.243083589427974756e-02 9.989622627547414258e-01
-2.113253546760473548e-05 1.655358905662374785e-02 -4.243083589427974756e-02 9.989622627547414258e-01
1.809536839611938341e-04 1.646944926436329226e-02 -4.240127609688422450e-02 9.989648924171703470e-01
4.326788510694402163e-04 1.644437840680111271e-02 -4.242254731386375238e-02 9.989643250322950419e-01
4.326788510694402163e-04 1.644437840680111271e-02 -4.242254731386375238e-02 9.989643250322950419e-01
3.570836491112865953e-04 1.650165253514074976e-02 -4.252108439302908910e-02 9.989592210580560128e-01
5.340412672940718234e-04 1.659524420225291785e-02 -4.246682632624520365e-02 9.989598997615314335e-01
5.340412672940718234e-04 1.659524420225291785e-02 -4.246682632624520365e-02 9.989598997615314335e-01
3.583078784093969614e-04 1.661738760511883087e-02 -4.254853763436215741e-02 9.989561331659277954e-01
3.583078784093969614e-04 1.661738760511883087e-02 -4.254853763436215741e-02 9.989561331659277954e-01
3.670203394169214550e-04 1.657863219763516804e-02 -4.256386548304955803e-02 9.989561209611095283e-01
2.029563516279184730e-04 1.656498852625665555e-02 -4.257893268263999997e-02 9.989557520007839031e-01
2.029563516279184730e-04 1.656498852625665555e-02 -4.257893268263999997e-02 9.989557520007839031e-01
3.762796668980829609e-04 1.661120133064080198e-02 -4.257224217906879771e-02 9.989552195167769044e-01
4.429354916631246964e-04 1.665264458148762311e-02 -4.271489780554987847e-02 9.989484124528424935e-01
4.429354916631246964e-04 1.665264458148762311e-02 -4.271489780554987847e-02 9.989484124528424935e-01
5.786752188643287447e-04 1.673954848430565107e-02 -4.270437785015101378e-02 9.989473403357977954e-01
1.437516170775286284e-04 1.668578677068290744e-02 -4.273093687643711447e-02 9.989472613151195723e-01
1.437516170775286284e-04 1.668578677068290744e-02 -4.273093687643711447e-02 9.989472613151195723e-01
2.768409660462132246e-04 1.671792672766496748e-02 -4.275976488712917439e-02 9.989454623710973813e-01
2.768409660462132246e-04 1.671792672766496748e-02 -4.275976488712917439e-02 9.989454623710973813e-01
2.297352963128533316e-04 1.682747876621059485e-02 -4.285261635838837763e-02 9.989396560610191989e-01
3.222631965969908986e-04 1.686492070410478689e-02 -4.288542775070530721e-02 9.989375909849000923e-01
