-2.263037471164961074e-03 6.429399462322325093e-03 -7.627182852769289791e-03 9.999476824142793374e-01
-2.263037471164961074e-03 6.429399462322325093e-03 -7.627182852769289791e-03 9.999476824142793374e-01
-4.280023501319742650e-03 7.235564569700930412e-03 -7.957701313408225771e-03 9.999329992524461641e-01
-4.280023501319742650e-03 7.235564569700930412e-03 -7.957701313408225771e-03 9.999329992524461641e-01
-2.694020274460925436e-03 6.966501470937819067e-03 -8.331220201327262445e-03 9.999373984815115302e-01
-2.694020274460925436e-03 6.966501470937819067e-03 -8.331220201327262445e-03 9.999373984815115302e-01
-2.692326916444678486e-03 7.097468772436416919e-03 -8.237080853753830575e-03 9.999372619378718019e-01
-2.692326916444678486e-03 7.097468772436416919e-03 -8.237080853753830575e-03 9.999372619378718019e-01
-2.964064192129623604e-03 7.081954670213490288e-03 -8.176702490431907860e-03 9.999370989106749485e-01
-2.964064192129623604e-03 7.081954670213490288e-03 -8.176702490431907860e-03 9.999370989106749485e-01
-2.633987461765001630e-03 7.467638818553876991e-03 -8.705332525307715383e-03 9.999307544356013100e-01
-2.633987461765001630e-03 7.467638818553876991e-03 -8.705332525307715383e-03 9.999307544356013100e-01
-2.633987461765001630e-03 7.467638818553876991e-03 -8.705332525307715383e-03 9.999307544356013100e-01
-3.234826799362211947e-03 7.098441969673150408e-03 -8.276901586882066952e-03 9.999353183667943901e-01
-2.901691553470837816e-03 7.205797906370156776e-03 -8.553796367862810321e-03 9.999332423868897424e-01
-3.079186319890300262e-03 7.153070635288797351e-03 -8.461824579560942375e-03 9.999338726720276016e-01
-3.079186319890300262e-03 7.153070635288797351e-03 -8.461824579560942375e-03 9.999338726720276016e-01
-3.094673378159155507e-03 7.172399394992959656e-03 -8.634469272201808487e-03 9.999322105142871564e-01
-3.094673378159155507e-03 7.172399394992959656e-03 -8.634469272201808487e-03 9.999322105142871564e-01
-2.894982550075366704e-03 7.004145870054915950e-03 -8.674079405595542733e-03 9.999336584809670470e-01
-3.152419628793682108e-03 6.923986515447813801e-03 -8.747095699846069855e-03 9.999328022312478081e-01
-3.044839941654681453e-03 6.945398535558625422e-03 -8.681247370948719233e-03 9.999335609594250940e-01
-3.044839941654681453e-03 6.945398535558625422e-03 -8.681247370948719233e-03 9.999335609594250940e-01
-2.984707281272010095e-03 7.011129315326957746e-03 -8.667661657794400662e-03 9.999334013970905266e-01
-3.067086973569369338e-03 6.950649774564532889e-03 -8.523548944640767233e-03 9.999348131546357266e-01
-3.067086973569369338e-03 6.950649774564532889e-03 -8.523548944640767233e-03 9.999348131546357266e-01
-3.405589784880127570e-03 6.908467864457129744e-03 -8.446679050379433604e-03 9.999346621869865670e-01
-3.405589784880127570e-03 6.908467864457129744e-03 -8.446679050379433604e-03 9.999346621869865670e-01
-2.875167124982714369e-03 7.054012770351559582e-03 -8.374372912704769120e-03 9.999359200449586815e-01
-2.875167124982714369e-03 7.054012770351559582e-03 -8.374372912704769120e-03 9.999359200449586815e-01
-4.019567924212237922e-03 7.473047040247968176e-03 -8.117355356412744513e-03 9.999310502147908952e-01
-2.098551385585691997e-03 6.997890935641031332e-03 -7.772302505000548353e-03 9.999431068407370615e-01
-4.443329524972969811e-03 7.477672062250174077e-03 -8.110518819647891814e-03 9.999292778630587408e-01
-4.443329524972969811e-03 7.477672062250174077e-03 -8.110518819647891814e-03 9.999292778630587408e-01
-4.443329524972969811e-03 7.477672062250174077e-03 -8.110518819647891814e-03 9.999292778630587408e-01
-5.291969539828949437e-03 7.371348035794060213e-03 -8.074054038677556597e-03 9.999262312480382553e-01
-5.072409868589380921e-03 7.453728801946452563e-03 -8.088807061054005543e-03 9.999266392017972516e-01
-3.567689612777664304e-03 7.440264036947329129e-03 -8.401685546195657162e-03 9.999306604669497833e-01
-3.669973930857397659e-03 7.685916599370305226e-03 -8.545723574138981010e-03 9.999272116439119618e-01
-3.669973930857397659e-03 7.685916599370305226e-03 -8.545723574138981010e-03 9.999272116439119618e-01
-3.669973930857397659e-03 7.685916599370305226e-03 -8.545723574138981010e-03 9.999272116439119618e-01
-3.669973930857397659e-03 7.685916599370305226e-03 -8.545723574138981010e-03 9.999272116439119618e-01
-3.669973930857397659e-03 7.685916599370305226e-03 -8.545723574138981010e-03 9.999272116439119618e-01
-3.278640117854632070e-03 7.915262211479418344e-03 -8.490765766178055840e-03 9.999272503736484907e-01
-3.414793722366677494e-03 7.828226114130745414e-03 -8.489481156654571370e-03 9.999274907559200232e-01
-3.414793722366677494e-03 7.828226114130745414e-03 -8.489481156654571370e-03 9.999274907559200232e-01
-3.414793722366677494e-03 7.828226114130745414e-03 -8.489481156654571370e-03 9.999274907559200232e-01
-3.414793722366677494e-03 7.828226114130745414e-03 -8.489481156654571370e-03 9.999274907559200232e-01
-3.283310750358934063e-03 7.929736098386867826e-03 -8.482778296895310266e-03 9.999271881633643444e-01
-3.625079268849541389e-03 7.918247636512708645e-03 -8.389510828172831725e-03 9.999268854584946187e-01
-3.625079268849541389e-03 7.918247636512708645e-03 -8.389510828172831725e-03 9.999268854584946187e-01
-3.625079268849541389e-03 7.918247636512708645e-03 -8.389510828172831725e-03 9.999268854584946187e-01
-3.488728265982759657e-03 7.862431758846360336e-03 -8.336321740710812833e-03 9.999282557672620753e-01
-3.488728265982759657e-03 7.862431758846360336e-03 -8.336321740710812833e-03 9.999282557672620753e-01
-3.410227050659149235e-03 8.072594754903622896e-03 -8.346647619666150431e-03 9.999267658378283574e-01
-3.410227050659149235e-03 8.072594754903622896e-03 -8.346647619666150431e-03 9.999267658378283574e-01
-3.410227050659149235e-03 8.072594754903622896e-03 -8.346647619666150431e-03 9.999267658378283574e-01
-3.410227050659149235e-03 8.072594754903622896e-03 -8.346647619666150431e-03 9.999267658378283574e-01
-3.410227050659149235e-03 8.072594754903622896e-03 -8.346647619666150431e-03 9.999267658378283574e-01
-3.410227050659149235e-03 8.072594754903622896e-03 -8.346647619666150431e-03 9.999267658378283574e-01
-3.410227050659149235e-03 8.072594754903622896e-03 -8.346647619666150431e-03 9.999267658378283574e-01
-3.616029551058004554e-03 8.051875736868482902e-03 -8.413131537255423217e-03 9.999256526588068406e-01
-3.619330430789572447e-03 8.519411752116175934e-03 -8.433070088257938260e-03 9.999215986263708666e-01
-3.482944006643208090e-03 8.588425739241626472e-03 -8.456115550344145415e-03 9.999212979800796708e-01
-3.482944006643208090e-03 8.588425739241626472e-03 -8.456115550344145415e-03 9.999212979800796708e-01
-3.431324191241164317e-03 8.562988234601290327e-03 -8.368783434341026117e-03 9.999224293467058322e-01
-3.431324191241164317e-03 8.562988234601290327e-03 -8.368783434341026117e-03 9.999224293467058322e-01
-3.026553351657185111e-03 8.731399906584419446e-03 -8.375527290071406797e-03 9.999222235619599219e-01
-3.026553351657185111e-03 8.731399906584419446e-03 -8.375527290071406797e-03 9.999222235619599219e-01
-3.026553351657185111e-03 8.731399906584419446e-03 -8.375527290071406797e-03 9.999222235619599219e-01
-4.830387352194339887e-03 8.875550912354052829e-03 -8.598496018985832615e-03 9.999119750359236614e-01
-4.891046896608635883e-03 9.048004691002656252e-03 -8.663099695469189676e-03 9.999095768993480071e-01
-4.891046896608635883e-03 9.048004691002656252e-03 -8.663099695469189676e-03 9.999095768993480071e-01
-4.891046896608635883e-03 9.048004691002656252e-03 -8.663099695469189676e-03 9.999095768993480071e-01
-4.891046896608635883e-03 9.048004691002656252e-03 -8.663099695469189676e-03 9.999095768993480071e-01
-4.604153592990374404e-03 9.102501769398451889e-03 -8.517331816822208343e-03 9.999116967462439165e-01
-4.615609016000557334e-03 9.131580397920743483e-03 -8.570064928968187598e-03 9.999109282230898010e-01
-3.051812735862419277e-03 8.699862248398979384e-03 -8.922565278240660036e-03 9.999176899448972700e-01
-3.051812735862419277e-03 8.699862248398979384e-03 -8.922565278240660036e-03 9.999176899448972700e-01
-4.449432918791178249e-03 9.137395692639946679e-03 -8.482595734473430751e-03 9.999123742189927055e-01
-4.449432918791178249e-03 9.137395692639946679e-03 -8.482595734473430751e-03 9.999123742189927055e-01
-3.256658146704915959e-03 8.866049364155201631e-03 -8.901534559568604135e-03 9.999157714672135544e-01
-3.100665047183603223e-03 8.937146964965256984e-03 -8.803439173013394986e-03 9.999165028836752844e-01
-3.100665047183603223e-03 8.937146964965256984e-03 -8.803439173013394986e-03 9.999165028836752844e-01
-3.216668745073188694e-03 8.914504791635712022e-03 -8.892248272321587321e-03 9.999155527179122149e-01
-3.216668745073188694e-03 8.914504791635712022e-03 -8.892248272321587321e-03 9.999155527179122149e-01
-2.954400708023524180e-03 9.015221195466674442e-03 -8.942590303611842525e-03 9.999150100793141593e-01
-3.122146211816151113e-03 9.017306635496581679e-03 -8.925460590871349756e-03 9.999146346250334938e-01
-3.122146211816151113e-03 9.017306635496581679e-03 -8.925460590871349756e-03 9.999146346250334938e-01
-4.395490321395227433e-03 9.526778544685894981e-03 -8.142680926646966855e-03 9.999118045621433470e-01
-3.163239101570425663e-03 9.250719326599453340e-03 -8.279204493106089024e-03 9.999179330741538863e-01
-3.163239101570425663e-03 9.250719326599453340e-03 -8.279204493106089024e-03 9.999179330741538863e-01
-3.274743199004294912e-03 9.246036281304643653e-03 -8.156007372200129932e-03 9.999186298963581576e-01
-3.090171850036087589e-03 9.379807582117326986e-03 -8.273263182052820186e-03 9.999170081381655306e-01
-3.090171850036087589e-03 9.379807582117326986e-03 -8.273263182052820186e-03 9.999170081381655306e-01
-3.148800830288758963e-03 9.168611439786488598e-03 -8.389163593974346966e-03 9.999178183989877455e-01
-3.148800830288758963e-03 9.168611439786488598e-03 -8.389163593974346966e-03 9.999178183989877455e-01
-3.368306366821331287e-03 9.251292571165165013e-03 -8.344320844242554894e-03 9.999167167357640995e-01
-2.855045538682459381e-03 9.295463280569994657e-03 -8.432490754134639235e-03 9.999171646576795469e-01
