-4.131949405735810613e-03 1.680320111824407450e-02 -3.765856324888634116e-02 9.991408369395767819e-01
-4.131949405735810613e-03 1.680320111824407450e-02 -3.765856324888634116e-02 9.991408369395767819e-01
-4.131949405735810613e-03 1.680320111824407450e-02 -3.765856324888634116e-02 9.991408369395767819e-01
-4.131949405735810613e-03 1.680320111824407450e-02 -3.765856324888634116e-02 9.991408369395767819e-01
-4.131949405735810613e-03 1.680320111824407450e-02 -3.765856324888634116e-02 9.991408369395767819e-01
-3.862973564823726433e-03 1.688947060625554941e-02 -3.683023665245023504e-02 9.991713351002432519e-01
-5.304118193859352209e-03 1.676669167028509155e-02 -3.754440198463575989e-02 9.991402115119956129e-01
-2.531934005175983781e-03 1.695837955723927468e-02 -3.680370242272176795e-02 9.991754051021101146e-01
-6.018595212145138110e-03 1.647655723757729049e-02 -3.688515784741036585e-02 9.991655441936740933e-01
-6.018595212145138110e-03 1.647655723757729049e-02 -3.688515784741036585e-02 9.991655441936740933e-01
-5.658517818404249812e-03 1.656784891302352097e-02 -3.694855528897376257e-02 9.991637962919551752e-01
-5.658517818404249812e-03 1.656784891302352097e-02 -3.694855528897376257e-02 9.991637962919551752e-01
-6.127707345109712975e-03 1.673803272924578867e-02 -3.759098463835406495e-02 9.991342288886746470e-01
-6.587676457677277796e-03 1.685862942480332097e-02 -3.771317003985515809e-02 9.991246698677553884e-01
-6.587676457677277796e-03 1.685862942480332097e-02 -3.771317003985515809e-02 9.991246698677553884e-01
-6.579269501992082887e-03 1.692655190077831800e-02 -3.753501704108681142e-02 9.991302855730557209e-01
-6.579269501992082887e-03 1.692655190077831800e-02 -3.753501704108681142e-02 9.991302855730557209e-01
-2.368005467953298356e-03 1.729130249678980172e-02 -3.654290477365304546e-02 9.991796732914316470e-01
-2.368005467953298356e-03 1.729130249678980172e-02 -3.654290477365304546e-02 9.991796732914316470e-01
-2.368005467953298356e-03 1.729130249678980172e-02 -3.654290477365304546e-02 9.991796732914316470e-01
-2.368005467953298356e-03 1.729130249678980172e-02 -3.654290477365304546e-02 9.991796732914316470e-01
-5.769869396108175293e-03 1.687658606439904757e-02 -3.677178374721005311e-02 9.991645136662987703e-01
-2.356166915170086664e-03 1.731236323075199118e-02 -3.641350926724395975e-02 9.991840605712636325e-01
-5.070590844110099346e-03 1.704703832275600642e-02 -3.662454499975980465e-02 9.991708213796451910e-01
-5.274356453866476530e-03 1.716222418232543623e-02 -3.647552315020681502e-02 9.991732459568920532e-01
-5.274356453866476530e-03 1.716222418232543623e-02 -3.647552315020681502e-02 9.991732459568920532e-01
-6.340968419711368737e-03 1.694222270296967189e-02 -3.702745271607010835e-02 9.991504996519505744e-01
-3.903249903715103747e-03 1.732750154276714583e-02 -3.670005441512497885e-02 9.991684684458379540e-01
-3.903249903715103747e-03 1.732750154276714583e-02 -3.670005441512497885e-02 9.991684684458379540e-01
-2.953013513684891924e-03 1.804531660550027020e-02 -3.718651069659526659e-02 9.991410359313680489e-01
-2.953013513684891924e-03 1.804531660550027020e-02 -3.718651069659526659e-02 9.991410359313680489e-01
-3.908493838244071240e-03 1.781021746286689383e-02 -3.715828941609933267e-02 9.991430234743728933e-01
-3.624587004200108004e-03 1.827916669103617220e-02 -3.673731339770379412e-02 9.991511918816137205e-01
-3.732132852857324677e-03 1.838304674215757856e-02 -3.676965727603866141e-02 9.991477003329622963e-01
-3.732132852857324677e-03 1.838304674215757856e-02 -3.676965727603866141e-02 9.991477003329622963e-01
-3.469061119100885250e-03 1.850994638702497044e-02 -3.682866653204156654e-02 9.991441321557030797e-01
-3.469061119100885250e-03 1.850994638702497044e-02 -3.682866653204156654e-02 9.991441321557030797e-01
-2.708599459616635886e-03 1.827390826530761112e-02 -3.654208168775884696e-02 9.991613503491835191e-01
-3.221021545879707015e-03 1.775927554778919740e-02 -3.578591075221348311e-02 9.991964780481631392e-01
-3.221021545879707015e-03 1.775927554778919740e-02 -3.578591075221348311e-02 9.991964780481631392e-01
-3.561522563551278685e-03 1.788801449236914615e-02 -3.576806412485890319e-02 9.991936649535515524e-01
-3.561522563551278685e-03 1.788801449236914615e-02 -3.576806412485890319e-02 9.991936649535515524e-01
-2.845003675162220864e-03 1.801989602963650905e-02 -3.585232404746598739e-02 9.991905724943390688e-01
-2.845003675162220864e-03 1.801989602963650905e-02 -3.585232404746598739e-02 9.991905724943390688e-01
-2.845003675162220864e-03 1.801989602963650905e-02 -3.585232404746598739e-02 9.991905724943390688e-01
-3.386440545871839593e-03 1.866216700447978494e-02 -3.640706631311161484e-02 9.991570352380044762e-01
-3.386440545871839593e-03 1.866216700447978494e-02 -3.640706631311161484e-02 9.991570352380044762e-01
-2.832099481921251417e-03 1.828043596484826491e-02 -3.558027556074534747e-02 9.991956009032870734e-01
-2.832099481921251417e-03 1.828043596484826491e-02 -3.558027556074534747e-02 9.991956009032870734e-01
-2.832099481921251417e-03 1.828043596484826491e-02 -3.558027556074534747e-02 9.991956009032870734e-01
-2.741569847682669842e-03 1.820102906001690168e-02 -3.547372985164769926e-02 9.992010912856025273e-01
-2.741569847682669842e-03 1.820102906001690168e-02 -3.547372985164769926e-02 9.992010912856025273e-01
-7.952698558057496496e-04 1.864926086850409240e-02 -3.546699196286159927e-02 9.991965097497195192e-01
-2.502358695940462476e-03 1.846996679859308488e-02 -3.554001124928099498e-02 9.991944285912610635e-01
-2.502358695940462476e-03 1.846996679859308488e-02 -3.554001124928099498e-02 9.991944285912610635e-01
-2.502358695940462476e-03 1.846996679859308488e-02 -3.554001124928099498e-02 9.991944285912610635e-01
-2.812740231579384347e-03 1.844457369261294152e-02 -3.577532377734127939e-02 9.991856746382595800e-01
-3.618186399929796977e-03 1.907399102713059486e-02 -3.651250320266340860e-02 9.991445984958071680e-01
-3.618186399929796977e-03 1.907399102713059486e-02 -3.651250320266340860e-02 9.991445984958071680e-01
-5.721184392446042495e-03 1.860082527557194165e-02 -3.665481619781416067e-02 9.991384797903241077e-01
-4.543767568095940720e-03 1.911224639493640937e-02 -3.694575766666883393e-02 9.991241600544259471e-01
-4.543767568095940720e-03 1.911224639493640937e-02 -3.694575766666883393e-02 9.991241600544259471e-01
-3.294679279263361144e-03 1.936964759897414137e-02 -3.592341676692611258e-02 9.991613833451171711e-01
-3.294679279263361144e-03 1.936964759897414137e-02 -3.592341676692611258e-02 9.991613833451171711e-01
-3.294679279263361144e-03 1.936964759897414137e-02 -3.592341676692611258e-02 9.991613833451171711e-01
-3.294679279263361144e-03 1.936964759897414137e-02 -3.592341676692611258e-02 9.991613833451171711e-01
-3.294679279263361144e-03 1.936964759897414137e-02 -3.592341676692611258e-02 9.991613833451171711e-01
-4.058566970181744400e-03 1.940081571021069415e-02 -3.681039383347154553e-02 9.991256834301437406e-01
-4.258325974512286276e-03 1.949972756633296805e-02 -3.679615223874935226e-02 9.991234510635592647e-01
-4.258325974512286276e-03 1.949972756633296805e-02 -3.679615223874935226e-02 9.991234510635592647e-01
-4.089571015212594383e-03 1.962385325769515007e-02 -3.637983399589059946e-02 9.991369713260856988e-01
-4.089571015212594383e-03 1.962385325769515007e-02 -3.637983399589059946e-02 9.991369713260856988e-01
-4.535965533462858398e-03 1.962034262546909213e-02 -3.683735817229307624e-02 9.991183494535693654e-01
-6.314046274479257273e-03 1.901266187719242648e-02 -3.745836560838048529e-02 9.990973537918795833e-01
-5.812748209496407595e-03 1.922070515622305298e-02 -3.729651534094917398e-02 9.991024704178109728e-01
-5.812748209496407595e-03 1.922070515622305298e-02 -3.729651534094917398e-02 9.991024704178109728e-01
-5.789984187907036041e-03 1.945516591944168247e-02 -3.671312380746974413e-02 9.991196720826029942e-01
-6.157384078681851086e-03 1.965433829359629000e-02 -3.679214133164534356e-02 9.991106705184269465e-01
-6.157384078681851086e-03 1.965433829359629000e-02 -3.679214133164534356e-02 9.991106705184269465e-01
-5.740051975798171786e-03 1.982991161603265759e-02 -3.690996083957646251e-02 9.991053403918109810e-01
-5.740051975798171786e-03 1.982991161603265759e-02 -3.690996083957646251e-02 9.991053403918109810e-01
-5.765172788153800736e-03 1.947904882372940641e-02 -3.659131002675936745e-02 9.991238188884153937e-01
-5.384624636361124567e-03 1.985659969738731712e-02 -3.679251931485399280e-02 9.991111208411451727e-01
-5.416420197699320371e-03 1.983659986928396415e-02 -3.697346038306355276e-02 9.991046666516826269e-01
-5.416420197699320371e-03 1.983659986928396415e-02 -3.697346038306355276e-02 9.991046666516826269e-01
-5.635552942547880292e-03 1.997462956153072886e-02 -3.746534734137822731e-02 9.990823802197200676e-01
-5.635552942547880292e-03 1.997462956153072886e-02 -3.746534734137822731e-02 9.990823802197200676e-01
-6.257631796118931673e-03 1.987355502963645063e-02 -3.787278152587385260e-02 9.990653313343835773e-01
-5.276462262981953047e-03 2.006659187172439573e-02 -3.746446613148502608e-02 9.990825314327760331e-01
-5.276462262981953047e-03 2.006659187172439573e-02 -3.746446613148502608e-02 9.990825314327760331e-01
-5.230648683848865624e-03 2.002891968065233577e-02 -3.681427689796915037e-02 9.991076977519750546e-01
-4.635740094389924869e-03 2.006614322817316248e-02 -3.687587988064288530e-02 9.991076164721957031e-01
-4.635740094389924869e-03 2.006614322817316248e-02 -3.687587988064288530e-02 9.991076164721957031e-01
-1.326336169889409406e-03 2.072192479072878374e-02 -3.692056555390929584e-02 9.991024544582559619e-01
-1.326336169889409406e-03 2.072192479072878374e-02 -3.692056555390929584e-02 9.991024544582559619e-01
-9.863710462833632023e-04 2.063675061717019227e-02 -3.686889229634105619e-02 9.991065190343643154e-01
-4.399328188132937273e-03 2.028308860281864343e-02 -3.677904897509221699e-02 9.991078739479091197e-01
-4.399328188132937273e-03 2.028308860281864343e-02 -3.677904897509221699e-02 9.991078739479091197e-01
