6.281592420923038517e-03 7.093295492424429687e-03 -2.420010863480350286e-02 9.996622337058543861e-01
6.281592420923038517e-03 7.093295492424429687e-03 -2.420010863480350286e-02 9.996622337058543861e-01
6.281592420923038517e-03 7.093295492424429687e-03 -2.420010863480350286e-02 9.996622337058543861e-01
4.279922888018397771e-03 6.690028222420513204e-03 -2.457571340009353025e-02 9.996664244103291574e-01
3.395739087361900315e-03 6.281670847479937404e-03 -2.428220733844221879e-02 9.996796406720441786e-01
3.395739087361900315e-03 6.281670847479937404e-03 -2.428220733844221879e-02 9.996796406720441786e-01
3.395739087361900315e-03 6.281670847479937404e-03 -2.428220733844221879e-02 9.996796406720441786e-01
3.395739087361900315e-03 6.281670847479937404e-03 -2.428220733844221879e-02 9.996796406720441786e-01
3.395739087361900315e-03 6.281670847479937404e-03 -2.428220733844221879e-02 9.996796406720441786e-01
3.395739087361900315e-03 6.281670847479937404e-03 -2.428220733844221879e-02 9.996796406720441786e-01
3.395739087361900315e-03 6.281670847479937404e-03 -2.428220733844221879e-02 9.996796406720441786e-01
4.912102582906354049e-03 6.777922593363592228e-03 -2.475357899091393254e-02 9.996585373719738543e-01
6.223165161747811445e-03 6.815961526830526841e-03 -2.442407380897061372e-02 9.996590816385396705e-01
5.887711338567281315e-03 6.824247647660173187e-03 -2.442541248527434899e-02 9.996610244098552700e-01
5.799035061215465116e-03 7.042992845897991065e-03 -2.441203941630241264e-02 9.996603522075226955e-01
8.160412584469610431e-03 6.015701798182573889e-03 -2.242916698688228114e-02 9.996970298378410336e-01
8.160412584469610431e-03 6.015701798182573889e-03 -2.242916698688228114e-02 9.996970298378410336e-01
5.318392446773254588e-03 5.802362688047651984e-03 -2.271349416286858394e-02 9.997110304842754536e-01
5.318392446773254588e-03 5.802362688047651984e-03 -2.271349416286858394e-02 9.997110304842754536e-01
3.273750650206926245e-03 6.928325331957740744e-03 -2.509106593736072643e-02 9.996558004007688458e-01
3.152283614128043206e-03 7.043665608071107524e-03 -2.469092490886705057e-02 9.996653480590204088e-01
3.152283614128043206e-03 7.043665608071107524e-03 -2.469092490886705057e-02 9.996653480590204088e-01
3.041805835637815311e-03 6.878831199965288433e-03 -2.480604227454508148e-02 9.996639882306725955e-01
-1.125305221485814987e-03 5.924240767520513179e-03 -2.357675306091880363e-02 9.997038430328211156e-01
-1.125305221485814987e-03 5.924240767520513179e-03 -2.357675306091880363e-02 9.997038430328211156e-01
1.281752189341041912e-03 4.504750408547601205e-03 -2.129826954747116030e-02 9.997621957492517364e-01
1.281752189341041912e-03 4.504750408547601205e-03 -2.129826954747116030e-02 9.997621957492517364e-01
6.716361602484049315e-03 5.736877697729226427e-03 -2.084366172977009796e-02 9.997437274055791523e-01
5.005046283363133279e-03 7.295322140896142761e-03 -2.438536238297420861e-02 9.996634843226059886e-01
5.005046283363133279e-03 7.295322140896142761e-03 -2.438536238297420861e-02 9.996634843226059886e-01
5.005046283363133279e-03 7.295322140896142761e-03 -2.438536238297420861e-02 9.996634843226059886e-01
5.005046283363133279e-03 7.295322140896142761e-03 -2.438536238297420861e-02 9.996634843226059886e-01
5.005046283363133279e-03 7.295322140896142761e-03 -2.438536238297420861e-02 9.996634843226059886e-01
5.005046283363133279e-03 7.295322140896142761e-03 -2.438536238297420861e-02 9.996634843226059886e-01
5.005046283363133279e-03 7.295322140896142761e-03 -2.438536238297420861e-02 9.996634843226059886e-01
5.012348106316131917e-03 7.481549901378220860e-03 -2.461108264610436733e-02 9.996565397117757046e-01
5.642512815186564654e-03 8.078815503470653664e-03 -2.465532512337422280e-02 9.996474427178074773e-01
5.642512815186564654e-03 8.078815503470653664e-03 -2.465532512337422280e-02 9.996474427178074773e-01
5.527389400744643806e-03 8.265876498324879751e-03 -2.483904162906219043e-02 9.996420085526002142e-01
5.527389400744643806e-03 8.265876498324879751e-03 -2.483904162906219043e-02 9.996420085526002142e-01
5.337309966595810487e-03 8.283796227473888205e-03 -2.485090086542599691e-02 9.996425984163335166e-01
2.409876908085627992e-03 9.909545292064177169e-03 -2.280383289309848363e-02 9.996879406148581060e-01
1.817060437388751636e-03 9.654611018445093118e-03 -2.220660087364644333e-02 9.997051333543747198e-01
-3.245317481434553631e-04 7.579887180296574975e-03 -2.404672053221824229e-02 9.996820470635270350e-01
-3.245317481434553631e-04 7.579887180296574975e-03 -2.404672053221824229e-02 9.996820470635270350e-01
7.106112426268282323e-04 5.914459405783533893e-03 -2.141977594422936337e-02 9.997528231518519881e-01
7.106112426268282323e-04 5.914459405783533893e-03 -2.141977594422936337e-02 9.997528231518519881e-01
1.245550323297325325e-03 5.967028265709150084e-03 -2.173921969272788260e-02 9.997450922636328396e-01
5.734426154114758648e-04 5.961245281589309594e-03 -2.158189736727637864e-02 9.997491467484670435e-01
5.734426154114758648e-04 5.961245281589309594e-03 -2.158189736727637864e-02 9.997491467484670435e-01
7.705870918209630806e-03 7.472170739516340726e-03 -2.259022558999242841e-02 9.996871850362115675e-01
5.866963510436151025e-03 8.867111971796511755e-03 -2.457792658451226492e-02 9.996413749886772226e-01
5.866963510436151025e-03 8.867111971796511755e-03 -2.457792658451226492e-02 9.996413749886772226e-01
5.462013184771758595e-03 8.738315486072029820e-03 -2.459733735563998311e-02 9.996443263728596040e-01
5.625954883662168463e-03 8.472713653715664706e-03 -2.451329909432578558e-02 9.996477679275341810e-01
5.625954883662168463e-03 8.472713653715664706e-03 -2.451329909432578558e-02 9.996477679275341810e-01
4.726592579668987236e-03 8.665421391859058631e-03 -2.482871455495792162e-02 9.996429886355607808e-01
4.726592579668987236e-03 8.665421391859058631e-03 -2.482871455495792162e-02 9.996429886355607808e-01
4.337486331510025800e-03 8.718709266323926288e-03 -2.482677275282947280e-02 9.996443375899913830e-01
5.402816680573964761e-03 8.785248289210480926e-03 -2.447461156665262094e-02 9.996472489698926545e-01
5.402816680573964761e-03 8.785248289210480926e-03 -2.447461156665262094e-02 9.996472489698926545e-01
5.435116340670398394e-03 8.919289700174698118e-03 -2.459389896794085539e-02 9.996429592185214208e-01
5.435116340670398394e-03 8.919289700174698118e-03 -2.459389896794085539e-02 9.996429592185214208e-01
5.435116340670398394e-03 8.919289700174698118e-03 -2.459389896794085539e-02 9.996429592185214208e-01
5.435116340670398394e-03 8.919289700174698118e-03 -2.459389896794085539e-02 9.996429592185214208e-01
5.435116340670398394e-03 8.919289700174698118e-03 -2.459389896794085539e-02 9.996429592185214208e-01
5.435116340670398394e-03 8.919289700174698118e-03 -2.459389896794085539e-02 9.996429592185214208e-01
5.606969571300681084e-03 8.990085445271630421e-03 -2.463571580067198952e-02 9.996403462060251544e-01
6.084100164849865801e-03 9.297439783267153618e-03 -2.452589793778556584e-02 9.996374451114794502e-01
6.084100164849865801e-03 9.297439783267153618e-03 -2.452589793778556584e-02 9.996374451114794502e-01
5.917324799442173766e-03 9.449733552779580881e-03 -2.448961313387928648e-02 9.996379077703848592e-01
5.917324799442173766e-03 9.449733552779580881e-03 -2.448961313387928648e-02 9.996379077703848592e-01
6.647294381004077886e-03 9.652167669912290263e-03 -2.469816220804790102e-02 9.996262551174960320e-01
6.170157727593078567e-03 9.532082423665632839e-03 -2.443542770659607594e-02 9.996369233031965340e-01
6.170157727593078567e-03 9.532082423665632839e-03 -2.443542770659607594e-02 9.996369233031965340e-01
6.518231550738250342e-03 9.842491778064923341e-03 -2.452724968643205106e-02 9.996294573670131411e-01
6.518231550738250342e-03 9.842491778064923341e-03 -2.452724968643205106e-02 9.996294573670131411e-01
8.666124005582037312e-03 1.051778677101836840e-02 -2.367607153646036910e-02 9.996267894033050716e-01
5.802332767543464005e-03 9.714532066204990823e-03 -2.445239418968708431e-02 9.996369547088490570e-01
6.174094004426688813e-03 1.004384293994460206e-02 -2.467428957753170157e-02 9.996260206777664026e-01
6.174094004426688813e-03 1.004384293994460206e-02 -2.467428957753170157e-02 9.996260206777664026e-01
6.174094004426688813e-03 1.004384293994460206e-02 -2.467428957753170157e-02 9.996260206777664026e-01
6.516491989119231089e-03 1.011889595302678524e-02 -2.467858710133815150e-02 9.996229842373219876e-01
6.364257244121295128e-03 9.997038335912242224e-03 -2.474118748036044368e-02 9.996236437261288854e-01
6.399093231424806197e-03 9.993293200225683570e-03 -2.464743490346652660e-02 9.996257748025054735e-01
6.399093231424806197e-03 9.993293200225683570e-03 -2.464743490346652660e-02 9.996257748025054735e-01
6.254119620462217019e-03 9.876416590689525779e-03 -2.466225313292929114e-02 9.996274884443241415e-01
6.254119620462217019e-03 9.876416590689525779e-03 -2.466225313292929114e-02 9.996274884443241415e-01
6.471315377225286651e-03 1.011618330768839988e-02 -2.456736741486083633e-02 9.996260447641793778e-01
5.997083671464398247e-03 9.821400131444387588e-03 -2.463228546103916200e-02 9.996303444773280145e-01
5.997083671464398247e-03 9.821400131444387588e-03 -2.463228546103916200e-02 9.996303444773280145e-01
5.985571754736988478e-03 9.927208869177155462e-03 -2.461846448250668354e-02 9.996297087728837072e-01
3.554948805671070272e-03 9.656372909470660112e-03 -2.502160331177928632e-02 9.996339510885623447e-01
3.554948805671070272e-03 9.656372909470660112e-03 -2.502160331177928632e-02 9.996339510885623447e-01
3.711865061140315423e-03 9.804515394675443127e-03 -2.506306970019359093e-02 9.996308999189884581e-01
6.159681857797223194e-03 9.961592253776426972e-03 -2.457194541525521345e-02 9.996294535965264405e-01
6.159681857797223194e-03 9.961592253776426972e-03 -2.457194541525521345e-02 9.996294535965264405e-01
3.476011111222741291e-03 9.591664618439396661e-03 -2.468370489778283494e-02 9.996432523801285219e-01
