1.752592546650011301e+09
1.752592546656289101e+09
1.752592546659705162e+09
1.752592546666198492e+09
1.752592546672072172e+09
1.752592546676213980e+09
1.752592546679695129e+09
1.752592546685961485e+09
1.752592546693102121e+09
1.752592546696211338e+09
1.752592546699732304e+09
1.752592546705577374e+09
1.752592546711502314e+09
1.752592546716094732e+09
1.752592546719673395e+09
1.752592546726163387e+09
1.752592546731572628e+09
1.752592546735959530e+09
1.752592546739934683e+09
1.752592546746506929e+09
1.752592546751728058e+09
1.752592546755918264e+09
1.752592546760795116e+09
1.752592546765398741e+09
1.752592546772317886e+09
1.752592546776297569e+09
1.752592546779521942e+09
1.752592546786148071e+09
1.752592546791830301e+09
1.752592546795698881e+09
1.752592546799929142e+09
1.752592546806157589e+09
1.752592546812150955e+09
1.752592546816599607e+09
1.752592546820203066e+09
1.752592546826319933e+09
1.752592546834329844e+09
1.752592546835318089e+09
1.752592546839595318e+09
1.752592546846271753e+09
1.752592546851808310e+09
1.752592546855957270e+09
1.752592546859525681e+09
1.752592546866617918e+09
1.752592546871691465e+09
1.752592546875944376e+09
1.752592546881988525e+09
1.752592546886495590e+09
1.752592546892232180e+09
1.752592546896003723e+09
1.752592546901230335e+09
1.752592546906068087e+09
1.752592546912247658e+09
1.752592546916447639e+09
1.752592546919689655e+09
1.752592546925747395e+09
1.752592546931361437e+09
1.752592546936418533e+09
1.752592546940226555e+09
1.752592546945901632e+09
1.752592546951719999e+09
1.752592546955901384e+09
1.752592546961303711e+09
1.752592546966086626e+09
1.752592546972673178e+09
1.752592546976897240e+09
1.752592546980195045e+09
1.752592546985958338e+09
1.752592546991655827e+09
1.752592546996093750e+09
1.752592547001699686e+09
1.752592547005914927e+09
1.752592547011979103e+09
1.752592547016347647e+09
1.752592547019771814e+09
1.752592547026152611e+09
1.752592547031871796e+09
1.752592547036082506e+09
1.752592547041198492e+09
1.752592547046045065e+09
1.752592547051900625e+09
1.752592547056174517e+09
1.752592547061452389e+09
1.752592547066296816e+09
1.752592547072506189e+09
1.752592547076338530e+09
1.752592547079703331e+09
1.752592547086030245e+09
1.752592547091886282e+09
1.752592547096087694e+09
1.752592547101619005e+09
1.752592547106119156e+09
1.752592547110277891e+09
1.752592547116109848e+09
1.752592547121690035e+09
1.752592547126323223e+09
1.752592547132083654e+09
1.752592547136003494e+09
1.752592547141836643e+09
1.752592547146204233e+09
1.752592547151906013e+09
1.752592547156101942e+09
1.752592547161330938e+09
1.752592547165324211e+09
1.752592547171569347e+09
1.752592547175904751e+09
1.752592547179955482e+09
1.752592547186315298e+09
1.752592547191935539e+09
1.752592547196201801e+09
1.752592547199516535e+09
1.752592547206310034e+09
1.752592547212103844e+09
1.752592547216138124e+09
1.752592547221613407e+09
1.752592547225502491e+09
1.752592547229968071e+09
1.752592547236191273e+09
1.752592547239917278e+09
1.752592547245767355e+09
1.752592547251307964e+09
1.752592547255579233e+09
1.752592547259524345e+09
1.752592547266195297e+09
1.752592547271869183e+09
1.752592547275952101e+09
1.752592547279775381e+09
1.752592547286397696e+09
1.752592547292003870e+09
1.752592547296254873e+09
1.752592547299502611e+09
1.752592547305555344e+09
1.752592547311939478e+09
1.752592547315413475e+09
1.752592547321490765e+09
1.752592547326320410e+09
1.752592547332028389e+09
1.752592547336020708e+09
1.752592547339967251e+09
1.752592547346325159e+09
1.752592547351745129e+09
1.752592547355287552e+09
1.752592547361504078e+09
1.752592547365764856e+09
1.752592547375554800e+09
1.752592547381083727e+09
1.752592547385605097e+09
1.752592547392955542e+09
1.752592547395586491e+09
1.752592547401630878e+09
1.752592547408889294e+09
1.752592547412345648e+09
1.752592547416174650e+09
1.752592547422034502e+09
1.752592547426151991e+09
1.752592547431872845e+09
1.752592547436223984e+09
1.752592547440038919e+09
1.752592547446432352e+09
1.752592547451929092e+09
1.752592547456018448e+09
1.752592547461674690e+09
1.752592547465859413e+09
1.752592547472257853e+09
1.752592547475674868e+09
1.752592547480003357e+09
1.752592547486112356e+09
1.752592547491959333e+09
1.752592547496259212e+09
1.752592547499694109e+09
1.752592547508630037e+09
1.752592547512189388e+09
1.752592547516388416e+09
1.752592547519639254e+09
1.752592547526269674e+09
1.752592547532649517e+09
1.752592547536365986e+09
1.752592547542122602e+09
1.752592547546034098e+09
1.752592547551826954e+09
1.752592547556250095e+09
1.752592547559773922e+09
1.752592547566193819e+09
1.752592547572165012e+09
1.752592547576242447e+09
1.752592547579671621e+09
1.752592547585971594e+09
1.752592547592017651e+09
1.752592547596387386e+09
1.752592547602228403e+09
1.752592547606109142e+09
1.752592547611980438e+09
1.752592547616210461e+09
1.752592547621481895e+09
1.752592547626125336e+09
1.752592547632232904e+09
1.752592547636157513e+09
1.752592547639808178e+09
1.752592547646249533e+09
1.752592547651963949e+09
1.752592547656282187e+09
1.752592547659959078e+09
1.752592547666354179e+09
1.752592547672933578e+09
1.752592547675479412e+09
1.752592547679944754e+09
1.752592547686268330e+09
1.752592547691970587e+09
1.752592547696009874e+09
1.752592547699773073e+09
1.752592547706214428e+09
1.752592547711874485e+09
1.752592547716139555e+09
1.752592547719606876e+09
1.752592547726306915e+09
1.752592547732004642e+09
1.752592547736135483e+09
1.752592547741199255e+09
1.752592547745330572e+09
1.752592547751909018e+09
1.752592547756280661e+09
1.752592547759534121e+09
1.752592547765863419e+09
1.752592547771896362e+09
1.752592547776092529e+09
1.752592547782057047e+09
1.752592547786445618e+09
1.752592547791900873e+09
1.752592547796235800e+09
1.752592547799693108e+09
1.752592547806190729e+09
1.752592547811433077e+09
1.752592547816405058e+09
1.752592547819576502e+09
1.752592547826131344e+09
1.752592547831698656e+09
1.752592547836086512e+09
1.752592547839799643e+09
1.752592547846088409e+09
1.752592547852472067e+09
1.752592547857491255e+09
1.752592547861329556e+09
1.752592547865771055e+09
1.752592547871696472e+09
1.752592547877000809e+09
1.752592547882641315e+09
1.752592547885983229e+09
1.752592547891685724e+09
1.752592547895444393e+09
1.752592547899729729e+09
1.752592547906159878e+09
1.752592547911958933e+09
1.752592547915282965e+09
1.752592547921386003e+09
1.752592547925920010e+09
1.752592547931987524e+09
1.752592547936429262e+09
1.752592547942531586e+09
1.752592547945858240e+09
1.752592547952857971e+09
1.752592547956173897e+09
1.752592547960004330e+09
1.752592547966191530e+09
1.752592547972100973e+09
1.752592547976314068e+09
1.752592547979642391e+09
1.752592547985682487e+09
1.752592547991389275e+09
1.752592547995940208e+09
1.752592547999522448e+09
1.752592548006328821e+09
1.752592548010185003e+09
1.752592548016339302e+09
1.752592548021202087e+09
1.752592548026211023e+09
1.752592548032035112e+09
1.752592548036169052e+09
1.752592548039951086e+09
1.752592548046483278e+09
1.752592548052134752e+09
1.752592548056003809e+09
1.752592548061422110e+09
1.752592548066159248e+09
1.752592548072080374e+09
1.752592548076248169e+09
1.752592548079549074e+09
1.752592548086092472e+09
1.752592548091899633e+09
1.752592548100005150e+09
1.752592548106058598e+09
1.752592548111354351e+09
1.752592548116081476e+09
1.752592548121936083e+09
1.752592548126072407e+09
1.752592548132034779e+09
1.752592548136191607e+09
1.752592548139977932e+09
1.752592548146206379e+09
1.752592548152288914e+09
1.752592548156451225e+09
1.752592548161459684e+09
1.752592548165716171e+09
1.752592548170129299e+09
1.752592548176525831e+09
1.752592548181310654e+09
1.752592548185539722e+09
1.752592548190173149e+09
1.752592548196278095e+09
1.752592548201386929e+09
1.752592548206217051e+09
1.752592548213723183e+09
1.752592548216189384e+09
1.752592548221405983e+09
1.752592548225830555e+09
1.752592548230421066e+09
1.752592548237484694e+09
1.752592548240026474e+09
1.752592548246040821e+09
1.752592548251844406e+09
1.752592548256021738e+09
1.752592548259495020e+09
1.752592548266200781e+09
1.752592548271692753e+09
1.752592548276674986e+09
1.752592548281582832e+09
1.752592548286000013e+09
1.752592548291881323e+09
1.752592548296176910e+09
1.752592548301917791e+09
1.752592548306362867e+09
1.752592548311989784e+09
1.752592548315996408e+09
1.752592548319563627e+09
1.752592548326160908e+09
1.752592548331813335e+09
1.752592548336323023e+09
1.752592548340083599e+09
1.752592548346263885e+09
1.752592548351853132e+09
1.752592548356175423e+09
1.752592548359573603e+09
1.752592548366131783e+09
1.752592548372235537e+09
1.752592548376156569e+09
1.752592548381610155e+09
1.752592548385985374e+09
1.752592548390179873e+09
1.752592548396027327e+09
1.752592548399711132e+09
1.752592548405432463e+09
1.752592548412095070e+09
1.752592548416409016e+09
1.752592548421569109e+09
1.752592548425820589e+09
1.752592548431772709e+09
1.752592548436407804e+09
1.752592548441743374e+09
1.752592548445988417e+09
1.752592548451914787e+09
1.752592548456099033e+09
1.752592548459974051e+09
1.752592548466048717e+09
1.752592548471824408e+09
1.752592548476400375e+09
1.752592548480011940e+09
1.752592548486160040e+09
1.752592548491977930e+09
1.752592548496145248e+09
1.752592548499552488e+09
1.752592548506631374e+09
1.752592548510204315e+09
1.752592548516489506e+09
1.752592548519813538e+09
1.752592548525976658e+09
1.752592548531968594e+09
1.752592548535964251e+09
1.752592548540039778e+09
1.752592548546145439e+09
1.752592548552053928e+09
1.752592548555802584e+09
1.752592548561283588e+09
1.752592548566162586e+09
1.752592548571739197e+09
1.752592548575400352e+09
1.752592548581345320e+09
1.752592548586735725e+09
1.752592548589966059e+09
1.752592548596011162e+09
1.752592548599737644e+09
1.752592548606297970e+09
1.752592548610457420e+09
1.752592548616088152e+09
1.752592548621501684e+09
1.752592548624963999e+09
1.752592548631515741e+09
1.752592548636070251e+09
1.752592548641546965e+09
1.752592548646299124e+09
1.752592548653207541e+09
1.752592548656181812e+09
1.752592548659534931e+09
1.752592548666097164e+09
1.752592548672353506e+09
1.752592548676213503e+09
1.752592548681595802e+09
1.752592548686039209e+09
1.752592548691890001e+09
1.752592548696091413e+09
1.752592548702013016e+09
1.752592548706218004e+09
1.752592548711798668e+09
1.752592548716329098e+09
1.752592548721663713e+09
1.752592548725958824e+09
1.752592548732456446e+09
1.752592548736400843e+09
1.752592548739570141e+09
1.752592548746326685e+09
1.752592548752321720e+09
1.752592548755863667e+09
1.752592548760215759e+09
1.752592548766238451e+09
1.752592548771825552e+09
1.752592548775942564e+09
1.752592548779582739e+09
1.752592548786100149e+09
1.752592548794510841e+09
1.752592548794858217e+09
1.752592548799578190e+09
1.752592548806178808e+09
1.752592548811873674e+09
1.752592548816078901e+09
1.752592548821834087e+09
1.752592548825517416e+09
1.752592548831858397e+09
1.752592548835981369e+09
1.752592548840075970e+09
1.752592548846220732e+09
1.752592548851580620e+09
1.752592548855649948e+09
1.752592548861704350e+09
1.752592548866252661e+09
1.752592548871855021e+09
1.752592548876280308e+09
1.752592548880239010e+09
1.752592548886420012e+09
1.752592548891615629e+09
1.752592548895742893e+09
1.752592548899925470e+09
1.752592548906259060e+09
1.752592548912130356e+09
1.752592548916520596e+09
1.752592548919757128e+09
1.752592548926138639e+09
1.752592548933702230e+09
1.752592548935517073e+09
1.752592548940243959e+09
1.752592548946503878e+09
1.752592548951950073e+09
1.752592548956084251e+09
1.752592548959992647e+09
1.752592548967811584e+09
1.752592548971467495e+09
1.752592548975920677e+09
1.752592548982380390e+09
1.752592548986249924e+09
1.752592548990052700e+09
1.752592548995979071e+09
1.752592549004555941e+09
1.752592549005167007e+09
1.752592549012118101e+09
1.752592549016292334e+09
1.752592549019644737e+09
1.752592549025987148e+09
1.752592549031789780e+09
1.752592549035849333e+09
1.752592549040549278e+09
1.752592549046195269e+09
1.752592549052274704e+09
1.752592549055979252e+09
1.752592549059951544e+09
1.752592549065783262e+09
1.752592549072424412e+09
1.752592549075028658e+09
1.752592549081379890e+09
1.752592549086348295e+09
1.752592549089983940e+09
1.752592549096111536e+09
1.752592549099809170e+09
1.752592549106219053e+09
1.752592549111913681e+09
1.752592549117813349e+09
1.752592549121660948e+09
1.752592549125808239e+09
1.752592549131442547e+09
1.752592549136247158e+09
1.752592549142640114e+09
1.752592549146648884e+09
1.752592549151793242e+09
1.752592549156648397e+09
1.752592549160080671e+09
1.752592549165889978e+09
1.752592549171822548e+09
1.752592549176627874e+09
1.752592549179940939e+09
1.752592549186178446e+09
1.752592549191933393e+09
1.752592549195535183e+09
1.752592549201417685e+09
1.752592549206232548e+09
1.752592549210214853e+09
1.752592549215850353e+09
1.752592549221551895e+09
1.752592549226197481e+09
1.752592549231805086e+09
1.752592549236103773e+09
1.752592549239953756e+09
1.752592549246296406e+09
1.752592549251790524e+09
1.752592549256173372e+09
1.752592549259572268e+09
1.752592549265991926e+09
1.752592549271768570e+09
1.752592549276087999e+09
1.752592549281767607e+09
1.752592549286257267e+09
1.752592549291490555e+09
1.752592549295707941e+09
1.752592549299935818e+09
1.752592549306202888e+09
1.752592549311872005e+09
1.752592549316084385e+09
1.752592549320030689e+09
1.752592549326139450e+09
1.752592549331978321e+09
1.752592549336117983e+09
1.752592549339812756e+09
1.752592549346359968e+09
1.752592549354967833e+09
1.752592549359654903e+09
1.752592549366222143e+09
1.752592549371304750e+09
1.752592549375294447e+09
1.752592549380153656e+09
1.752592549386173248e+09
1.752592549391618490e+09
1.752592549395777941e+09
1.752592549399745941e+09
1.752592549406528950e+09
1.752592549412426710e+09
1.752592549416097164e+09
1.752592549421477079e+09
1.752592549426271677e+09
1.752592549431902647e+09
1.752592549436293364e+09
1.752592549440274239e+09
1.752592549446337461e+09
1.752592549452171564e+09
1.752592549456326723e+09
1.752592549459517241e+09
1.752592549465567589e+09
1.752592549472568750e+09
1.752592549477702856e+09
1.752592549481065035e+09
1.752592549485321760e+09
1.752592549493908167e+09
1.752592549496553421e+09
1.752592549499726057e+09
1.752592549505825520e+09
1.752592549511366844e+09
1.752592549516516447e+09
1.752592549519949913e+09
1.752592549525840044e+09
1.752592549531636715e+09
1.752592549536295414e+09
1.752592549540007591e+09
1.752592549546082735e+09
1.752592549552033424e+09
1.752592549556121826e+09
1.752592549561731815e+09
1.752592549565888166e+09
1.752592549571737528e+09
1.752592549576362848e+09
1.752592549582282305e+09
1.752592549586263657e+09
1.752592549592108965e+09
1.752592549596347094e+09
1.752592549601573467e+09
1.752592549606154442e+09
1.752592549611821651e+09
1.752592549616250515e+09
1.752592549619679213e+09
1.752592549626315594e+09
1.752592549632592201e+09
1.752592549636369944e+09
1.752592549640003443e+09
1.752592549646233320e+09
1.752592549651854753e+09
1.752592549655499935e+09
1.752592549659883499e+09
1.752592549665789127e+09
1.752592549671384573e+09
1.752592549676493406e+09
1.752592549679957151e+09
1.752592549686209202e+09
1.752592549691900730e+09
1.752592549696008921e+09
1.752592549700465441e+09
1.752592549706531525e+09
1.752592549712442875e+09
1.752592549718755722e+09
1.752592549723026752e+09
1.752592549726495028e+09
1.752592549731602907e+09
1.752592549735843420e+09
1.752592549740092993e+09
1.752592549746546984e+09
1.752592549751874447e+09
1.752592549755868673e+09
1.752592549759935379e+09
1.752592549766319275e+09
1.752592549773997068e+09
1.752592549774739504e+09
1.752592549781502724e+09
1.752592549785887480e+09
1.752592549791497469e+09
1.752592549795770645e+09
1.752592549799968481e+09
1.752592549806594610e+09
1.752592549811665297e+09
1.752592549816071987e+09
1.752592549820010662e+09
1.752592549826534748e+09
1.752592549831457138e+09
1.752592549835790634e+09
1.752592549841635227e+09
1.752592549846446991e+09
1.752592549852215528e+09
1.752592549856283426e+09
1.752592549861744642e+09
1.752592549866054773e+09
1.752592549871948957e+09
1.752592549876290321e+09
1.752592549879539490e+09
1.752592549886038303e+09
1.752592549891944170e+09
1.752592549896203995e+09
1.752592549901849031e+09
1.752592549906126261e+09
1.752592549914559841e+09
1.752592549914991856e+09
1.752592549921531200e+09
1.752592549926198721e+09
1.752592549931974411e+09
1.752592549936501503e+09
1.752592549939725637e+09
1.752592549946181059e+09
1.752592549952386141e+09
1.752592549956620693e+09
1.752592549959867716e+09
1.752592549965688229e+09
1.752592549972186089e+09
1.752592549976735115e+09
1.752592549981254339e+09
1.752592549985943317e+09
1.752592549992250443e+09
1.752592549996476412e+09
1.752592549999997616e+09
1.752592550005801678e+09
1.752592550011964321e+09
1.752592550015937090e+09
1.752592550021475315e+09
1.752592550026183605e+09
1.752592550031803846e+09
1.752592550035283566e+09
1.752592550041322231e+09
1.752592550046253204e+09
1.752592550053636551e+09
1.752592550056190014e+09
1.752592550059698105e+09
1.752592550066516399e+09
1.752592550072282553e+09
1.752592550075955868e+09
1.752592550081587553e+09
1.752592550086208344e+09
1.752592550090497971e+09
1.752592550096048117e+09
1.752592550101629496e+09
1.752592550106108665e+09
1.752592550110194921e+09
1.752592550115942478e+09
1.752592550122009754e+09
1.752592550126147270e+09
1.752592550132158279e+09
1.752592550136061430e+09
1.752592550139748573e+09
1.752592550146111965e+09
1.752592550152168989e+09
1.752592550156184435e+09
1.752592550159966230e+09
1.752592550166459799e+09
1.752592550171741247e+09
1.752592550176448584e+09
1.752592550181939125e+09
1.752592550185514450e+09
1.752592550192036867e+09
1.752592550198054314e+09
1.752592550201273918e+09
1.752592550206304312e+09
1.752592550212033749e+09
1.752592550215495110e+09
1.752592550219673634e+09
1.752592550226090670e+09
1.752592550231453657e+09
1.752592550235792160e+09
1.752592550239979267e+09
1.752592550246236324e+09
1.752592550252321005e+09
1.752592550256410122e+09
1.752592550260835886e+09
1.752592550266035557e+09
1.752592550272080898e+09
1.752592550276891232e+09
1.752592550280640841e+09
1.752592550286126852e+09
1.752592550290189743e+09
1.752592550296222448e+09
1.752592550299960375e+09
1.752592550305897474e+09
1.752592550312029600e+09
1.752592550316121578e+09
1.752592550319576502e+09
1.752592550326182127e+09
1.752592550334190130e+09
1.752592550334732533e+09
1.752592550340165615e+09
1.752592550346185446e+09
1.752592550350223780e+09
1.752592550356009483e+09
1.752592550361727238e+09
1.752592550366083860e+09
1.752592550372003794e+09
1.752592550376507998e+09
1.752592550379743814e+09
1.752592550386065722e+09
1.752592550391927481e+09
1.752592550396144152e+09
1.752592550401643038e+09
1.752592550406294107e+09
1.752592550412288427e+09
1.752592550416108847e+09
1.752592550419538736e+09
1.752592550426195860e+09
1.752592550432090044e+09
1.752592550436123371e+09
1.752592550441957951e+09
1.752592550446232319e+09
1.752592550451927185e+09
1.752592550456170321e+09
1.752592550459566593e+09
1.752592550465772390e+09
1.752592550474738359e+09
1.752592550481267929e+09
1.752592550486328840e+09
1.752592550490140200e+09
1.752592550496011019e+09
1.752592550502139568e+09
1.752592550506200790e+09
1.752592550511831284e+09
1.752592550515311956e+09
1.752592550521453142e+09
1.752592550526290417e+09
1.752592550530570984e+09
1.752592550536256075e+09
1.752592550541517735e+09
1.752592550546177864e+09
1.752592550551933289e+09
1.752592550555426121e+09
1.752592550562101364e+09
1.752592550566245079e+09
1.752592550571793318e+09
1.752592550576294184e+09
1.752592550581607103e+09
1.752592550586205244e+09
1.752592550592031717e+09
1.752592550596090794e+09
1.752592550601575136e+09
1.752592550605997801e+09
1.752592550614980698e+09
1.752592550621729851e+09
1.752592550626362085e+09
1.752592550629966259e+09
1.752592550636541605e+09
1.752592550639723778e+09
1.752592550646161079e+09
1.752592550652494431e+09
1.752592550656215191e+09
1.752592550659964085e+09
1.752592550666211843e+09
1.752592550672092915e+09
1.752592550676169634e+09
1.752592550681294680e+09
1.752592550686128139e+09
1.752592550692101717e+09
1.752592550696158648e+09
1.752592550699940681e+09
1.752592550705888987e+09
1.752592550711970806e+09
1.752592550716275454e+09
1.752592550721636295e+09
1.752592550725859880e+09
1.752592550732131958e+09
1.752592550736124277e+09
1.752592550739768267e+09
1.752592550747125864e+09
1.752592550752104044e+09
1.752592550756608486e+09
1.752592550761388779e+09
1.752592550765937805e+09
1.752592550772493601e+09
1.752592550776585817e+09
1.752592550781716108e+09
1.752592550785916090e+09
1.752592550790232182e+09
1.752592550795984745e+09
1.752592550799921989e+09
1.752592550806346893e+09
1.752592550812084913e+09
1.752592550816089392e+09
1.752592550819862843e+09
1.752592550824975967e+09
1.752592550832327366e+09
1.752592550836848497e+09
1.752592550840002298e+09
1.752592550845932007e+09
1.752592550852221012e+09
1.752592550856459856e+09
1.752592550860060453e+09
1.752592550866001129e+09
1.752592550872410297e+09
1.752592550876414061e+09
1.752592550880034208e+09
1.752592550886051416e+09
1.752592550894811630e+09
1.752592550895297527e+09
1.752592550900116920e+09
1.752592550906077862e+09
1.752592550912477255e+09
1.752592550914856911e+09
1.752592550920066595e+09
1.752592550926461220e+09
1.752592550932346821e+09
1.752592550936191320e+09
1.752592550939831257e+09
1.752592550946023941e+09
1.752592550951932192e+09
1.752592550956345081e+09
1.752592550961647987e+09
1.752592550966110468e+09
1.752592550971800327e+09
1.752592550976230145e+09
1.752592550979985952e+09
1.752592550986130476e+09
1.752592550992271423e+09
1.752592550996163368e+09
1.752592551001585007e+09
1.752592551006264925e+09
1.752592551011972189e+09
1.752592551016148806e+09
1.752592551019832850e+09
1.752592551025867701e+09
1.752592551033769131e+09
1.752592551036316872e+09
1.752592551039937973e+09
1.752592551046371698e+09
1.752592551052238703e+09
1.752592551056127310e+09
1.752592551059560776e+09
1.752592551065948963e+09
1.752592551071470022e+09
1.752592551076468229e+09
1.752592551081994534e+09
1.752592551086200237e+09
1.752592551091922998e+09
1.752592551096205473e+09
1.752592551099958181e+09
1.752592551104941607e+09
1.752592551112108946e+09
1.752592551116258383e+09
1.752592551119976997e+09
1.752592551126185417e+09
1.752592551131830931e+09
1.752592551136107683e+09
1.752592551140165091e+09
1.752592551146445274e+09
1.752592551152107000e+09
1.752592551156419754e+09
1.752592551160104513e+09
1.752592551166511774e+09
1.752592551171941042e+09
1.752592551177582502e+09
1.752592551180286884e+09
1.752592551185968876e+09
1.752592551192071438e+09
1.752592551196048737e+09
1.752592551201891661e+09
1.752592551207282782e+09
1.752592551210206747e+09
1.752592551216022491e+09
1.752592551221434116e+09
1.752592551226048470e+09
1.752592551232233047e+09
1.752592551236433506e+09
1.752592551240116119e+09
1.752592551244779110e+09
1.752592551251877546e+09
1.752592551256230116e+09
1.752592551262349606e+09
1.752592551266504288e+09
1.752592551271991968e+09
1.752592551276337862e+09
1.752592551279924631e+09
1.752592551286090136e+09
1.752592551291897535e+09
1.752592551296092987e+09
1.752592551301905870e+09
1.752592551306079149e+09
1.752592551311410904e+09
1.752592551316679716e+09
1.752592551319644690e+09
1.752592551326512337e+09
1.752592551331927538e+09
1.752592551336045742e+09
1.752592551339953184e+09
1.752592551346234560e+09
1.752592551351971388e+09
1.752592551356187105e+09
1.752592551359998465e+09
1.752592551365945578e+09
1.752592551372357130e+09
1.752592551376797438e+09
1.752592551379567862e+09
1.752592551385114431e+09
1.752592551391819000e+09
1.752592551396273851e+09
1.752592551399948120e+09
1.752592551406149626e+09
1.752592551411969185e+09
1.752592551416410685e+09
1.752592551421934605e+09
1.752592551425884485e+09
1.752592551432008982e+09
1.752592551435972214e+09
1.752592551439764500e+09
1.752592551446270466e+09
1.752592551453824043e+09
1.752592551456233501e+09
1.752592551459509850e+09
1.752592551466103077e+09
1.752592551471961975e+09
1.752592551476404667e+09
1.752592551479650021e+09
1.752592551486408234e+09
1.752592551491930962e+09
1.752592551496143103e+09
1.752592551501534700e+09
1.752592551506643295e+09
1.752592551510390759e+09
1.752592551514785051e+09
1.752592551521639824e+09
1.752592551527641296e+09
1.752592551531972647e+09
1.752592551536197901e+09
1.752592551539948702e+09
1.752592551546309710e+09
1.752592551551954508e+09
1.752592551556069136e+09
1.752592551561647892e+09
1.752592551566215515e+09
1.752592551572480440e+09
1.752592551576859713e+09
1.752592551581490278e+09
1.752592551585940123e+09
1.752592551594949722e+09
1.752592551599547386e+09
1.752592551606413841e+09
1.752592551611788034e+09
1.752592551616077662e+09
1.752592551620082855e+09
1.752592551625850201e+09
1.752592551631604195e+09
1.752592551635915995e+09
1.752592551642089844e+09
1.752592551646681547e+09
1.752592551650231361e+09
1.752592551655885220e+09
1.752592551662274837e+09
1.752592551666124582e+09
1.752592551672053337e+09
1.752592551676257849e+09
1.752592551680065393e+09
1.752592551686347485e+09
1.752592551692107201e+09
1.752592551695979834e+09
1.752592551699947119e+09
1.752592551705438375e+09
1.752592551711997271e+09
1.752592551716146231e+09
1.752592551719755411e+09
1.752592551726090193e+09
1.752592551733608484e+09
1.752592551736588001e+09
1.752592551739721298e+09
1.752592551746302605e+09
1.752592551751969099e+09
1.752592551756283045e+09
1.752592551760167360e+09
1.752592551766282558e+09
1.752592551771956444e+09
1.752592551776200771e+09
1.752592551779969931e+09
1.752592551785899162e+09
1.752592551792237759e+09
1.752592551796463013e+09
1.752592551799763203e+09
1.752592551807207823e+09
1.752592551810629129e+09
1.752592551816584349e+09
1.752592551819967747e+09
1.752592551826156378e+09
1.752592551831724405e+09
1.752592551835798025e+09
1.752592551839747667e+09
1.752592551846818447e+09
1.752592551852164745e+09
1.752592551856248617e+09
1.752592551861548185e+09
1.752592551865870237e+09
1.752592551874633312e+09
1.752592551875520706e+09
1.752592551882541656e+09
1.752592551885946274e+09
1.752592551891797543e+09
1.752592551896281004e+09
1.752592551899967670e+09
1.752592551905918360e+09
1.752592551911898613e+09
1.752592551915910244e+09
1.752592551919536591e+09
1.752592551926376343e+09
1.752592551932288408e+09
1.752592551935929298e+09
1.752592551939601183e+09
1.752592551945505619e+09
1.752592551952664137e+09
1.752592551957247496e+09
1.752592551960250616e+09
1.752592551965881109e+09
1.752592551971654177e+09
1.752592551975429773e+09
1.752592551981502771e+09
1.752592551986310959e+09
1.752592551990008593e+09
1.752592551996091604e+09
1.752592552001512051e+09
1.752592552006513357e+09
1.752592552012512684e+09
1.752592552016655684e+09
1.752592552019542456e+09
1.752592552026101589e+09
1.752592552031984091e+09
1.752592552036131382e+09
1.752592552039794683e+09
1.752592552046279669e+09
1.752592552052115440e+09
1.752592552056430340e+09
1.752592552060265779e+09
1.752592552064593554e+09
1.752592552071735382e+09
1.752592552076411486e+09
1.752592552079578638e+09
1.752592552085893393e+09
1.752592552090478420e+09
1.752592552095956802e+09
1.752592552101460218e+09
1.752592552105983496e+09
1.752592552110148191e+09
1.752592552116214514e+09
1.752592552121889830e+09
1.752592552126477242e+09
1.752592552131587744e+09
1.752592552135861874e+09
1.752592552141312599e+09
1.752592552146295309e+09
1.752592552152244806e+09
1.752592552156796217e+09
1.752592552159970045e+09
1.752592552166512489e+09
1.752592552171649933e+09
1.752592552175834894e+09
1.752592552181783915e+09
1.752592552186359406e+09
1.752592552192013979e+09
1.752592552196036339e+09
1.752592552201577663e+09
1.752592552206203938e+09
1.752592552211645365e+09
1.752592552215966940e+09
1.752592552220060349e+09
1.752592552225794792e+09
1.752592552231643677e+09
1.752592552235987186e+09
1.752592552241853237e+09
1.752592552246242762e+09
1.752592552251988649e+09
1.752592552256353855e+09
1.752592552259562731e+09
1.752592552266148806e+09
1.752592552271619081e+09
1.752592552276091337e+09
1.752592552280350447e+09
1.752592552286265850e+09
1.752592552290248156e+09
1.752592552298335314e+09
1.752592552300185680e+09
1.752592552306152105e+09
1.752592552312153816e+09
1.752592552316157103e+09
1.752592552319944143e+09
1.752592552326170921e+09
1.752592552332630157e+09
1.752592552336842299e+09
1.752592552341875792e+09
1.752592552345749617e+09
1.752592552352537870e+09
1.752592552356581926e+09
1.752592552359933376e+09
1.752592552367878914e+09
1.752592552372634172e+09
1.752592552376587868e+09
1.752592552379716873e+09
1.752592552386011600e+09
1.752592552392284155e+09
1.752592552396040440e+09
1.752592552401567698e+09
1.752592552406683922e+09
1.752592552409991741e+09
1.752592552415955782e+09
1.752592552421376705e+09
1.752592552426337242e+09
1.752592552432337761e+09
1.752592552435507059e+09
1.752592552439956903e+09
1.752592552446395397e+09
1.752592552451838493e+09
1.752592552456103086e+09
1.752592552461961985e+09
1.752592552466233492e+09
1.752592552472057343e+09
1.752592552476253271e+09
1.752592552479750156e+09
1.752592552486226797e+09
1.752592552492248774e+09
1.752592552495309353e+09
1.752592552501440525e+09
1.752592552506608963e+09
1.752592552511161327e+09
1.752592552516314268e+09
1.752592552519763708e+09
1.752592552526259184e+09
1.752592552532036066e+09
1.752592552536272049e+09
1.752592552539747953e+09
1.752592552546593904e+09
1.752592552552587509e+09
1.752592552556180954e+09
1.752592552559595108e+09
1.752592552566155434e+09
1.752592552571559191e+09
1.752592552576943874e+09
1.752592552580008268e+09
1.752592552586055756e+09
1.752592552591940880e+09
1.752592552596023798e+09
1.752592552599754810e+09
1.752592552606087208e+09
1.752592552611922741e+09
1.752592552615478277e+09
1.752592552619792938e+09
1.752592552625773907e+09
1.752592552631402731e+09
1.752592552636310816e+09
1.752592552639971256e+09
1.752592552646994114e+09
1.752592552650994539e+09
1.752592552656342983e+09
1.752592552659567118e+09
1.752592552666068792e+09
1.752592552671828270e+09
1.752592552676161051e+09
1.752592552679867983e+09
1.752592552686390877e+09
1.752592552690174580e+09
1.752592552696137428e+09
1.752592552701662540e+09
1.752592552705997229e+09
1.752592552712759256e+09
1.752592552717183590e+09
1.752592552719611168e+09
1.752592552725852966e+09
1.752592552731668949e+09
1.752592552736095428e+09
1.752592552740108252e+09
1.752592552745469093e+09
1.752592552751973152e+09
1.752592552756113768e+09
1.752592552761603832e+09
1.752592552765811443e+09
1.752592552771552801e+09
1.752592552776178122e+09
1.752592552779965878e+09
1.752592552787666798e+09
1.752592552791765690e+09
1.752592552795423031e+09
1.752592552800201178e+09
1.752592552806144953e+09
1.752592552811517239e+09
1.752592552815830231e+09
1.752592552819800854e+09
1.752592552826232910e+09
1.752592552831783772e+09
1.752592552836078644e+09
1.752592552839964390e+09
1.752592552846468687e+09
1.752592552851879835e+09
1.752592552854774475e+09
1.752592552859942198e+09
1.752592552864750624e+09
1.752592552871429920e+09
1.752592552876013279e+09
1.752592552879943371e+09
1.752592552886226654e+09
1.752592552891984940e+09
1.752592552895503759e+09
1.752592552901554585e+09
1.752592552906253338e+09
1.752592552911416292e+09
1.752592552915828943e+09
1.752592552919561625e+09
1.752592552925768375e+09
1.752592552931708097e+09
1.752592552935990572e+09
1.752592552940001726e+09
1.752592552946210623e+09
1.752592552951853514e+09
1.752592552955866575e+09
1.752592552959570169e+09
1.752592552966016531e+09
1.752592552971668243e+09
1.752592552975735664e+09
1.752592552980123043e+09
1.752592552986317158e+09
1.752592552991623402e+09
1.752592552996162891e+09
1.752592553001749754e+09
1.752592553006506681e+09
1.752592553012056828e+09
1.752592553016316175e+09
1.752592553022284269e+09
1.752592553026463985e+09
1.752592553031687021e+09
1.752592553035987377e+09
1.752592553039795637e+09
1.752592553046390057e+09
1.752592553051917315e+09
1.752592553056189775e+09
1.752592553059789419e+09
1.752592553065863132e+09
1.752592553070852280e+09
1.752592553076087713e+09
1.752592553080108404e+09
1.752592553086291552e+09
1.752592553091969967e+09
1.752592553096272707e+09
1.752592553101584435e+09
1.752592553106178999e+09
1.752592553112001419e+09
1.752592553116336107e+09
1.752592553121731043e+09
1.752592553126090050e+09
1.752592553131820917e+09
1.752592553137036562e+09
1.752592553140351295e+09
1.752592553145476103e+09
1.752592553151916742e+09
1.752592553156210661e+09
1.752592553159557104e+09
1.752592553166252851e+09
1.752592553172236443e+09
1.752592553176226616e+09
1.752592553181749344e+09
1.752592553188040018e+09
1.752592553191181660e+09
1.752592553195049763e+09
1.752592553200006962e+09
1.752592553208583593e+09
1.752592553211755514e+09
1.752592553215764046e+09
1.752592553219952106e+09
1.752592553226278067e+09
1.752592553231949329e+09
1.752592553236292839e+09
1.752592553239708424e+09
1.752592553246279240e+09
1.752592553251903057e+09
1.752592553256242990e+09
1.752592553261937380e+09
1.752592553266255856e+09
1.752592553271999598e+09
1.752592553279985428e+09
1.752592553286091566e+09
1.752592553290159941e+09
1.752592553302405119e+09
1.752592553305821896e+09
1.752592553312505245e+09
1.752592553317468166e+09
1.752592553325108051e+09
1.752592553326396942e+09
1.752592553331695557e+09
1.752592553336227179e+09
1.752592553340067148e+09
1.752592553345318317e+09
1.752592553352284670e+09
1.752592553355909109e+09
1.752592553361504316e+09
1.752592553366661787e+09
1.752592553370169401e+09
1.752592553376200676e+09
1.752592553379727840e+09
1.752592553385461569e+09
1.752592553392249346e+09
1.752592553396161318e+09
1.752592553401858568e+09
1.752592553406184196e+09
1.752592553411833525e+09
1.752592553414979696e+09
1.752592553421175480e+09
1.752592553428341150e+09
1.752592553430225372e+09
1.752592553436040878e+09
1.752592553441574097e+09
1.752592553445645094e+09
1.752592553452362299e+09
1.752592553456039667e+09
1.752592553459772110e+09
1.752592553466016293e+09
1.752592553471971750e+09
1.752592553476480722e+09
1.752592553480213404e+09
1.752592553486089468e+09
1.752592553492763281e+09
1.752592553496300220e+09
1.752592553501853943e+09
1.752592553506179094e+09
1.752592553511892080e+09
1.752592553516069174e+09
1.752592553519747257e+09
1.752592553526216507e+09
1.752592553532005072e+09
1.752592553536302567e+09
1.752592553540038347e+09
1.752592553546658993e+09
1.752592553552264929e+09
1.752592553555454731e+09
1.752592553559822559e+09
1.752592553566284895e+09
1.752592553572316170e+09
1.752592553576115608e+09
1.752592553579700232e+09
1.752592553586180687e+09
1.752592553591868162e+09
1.752592553596008301e+09
1.752592553601893187e+09
1.752592553605626822e+09
1.752592553611859083e+09
1.752592553616124392e+09
1.752592553621811867e+09
1.752592553626368046e+09
1.752592553631681681e+09
1.752592553636017084e+09
1.752592553641603470e+09
1.752592553645859241e+09
1.752592553651654482e+09
