3.127623781609010969e-03 1.824641261739754633e-02 -1.764020983741158149e-02 9.996730012323873371e-01
-1.348071137513464973e-03 1.758111850546157859e-02 -1.833275058436378488e-02 9.996764462726510647e-01
-3.189837832856117893e-03 1.711893690525674930e-02 -1.797316039827768358e-02 9.996868171778258150e-01
-3.189837832856117893e-03 1.711893690525674930e-02 -1.797316039827768358e-02 9.996868171778258150e-01
-3.870770780832271610e-03 1.692793021915177387e-02 -1.799471883032666142e-02 9.996872773053958605e-01
-4.889356033867427176e-03 1.742882138325252753e-02 -1.937660154391915995e-02 9.996483770283294268e-01
-4.889356033867427176e-03 1.742882138325252753e-02 -1.937660154391915995e-02 9.996483770283294268e-01
-5.303236563110378006e-03 1.748121891258722083e-02 -1.785963565803692921e-02 9.996736047738022934e-01
-5.303236563110378006e-03 1.748121891258722083e-02 -1.785963565803692921e-02 9.996736047738022934e-01
-3.237173816919305513e-03 1.693783084505833675e-02 -1.786305408664101355e-02 9.996917234280980891e-01
-3.895283753746614855e-03 1.708491558086318307e-02 -1.804529253441181785e-02 9.996835998661877110e-01
-3.895283753746614855e-03 1.708491558086318307e-02 -1.804529253441181785e-02 9.996835998661877110e-01
-2.882793090013923646e-03 1.724164845961324508e-02 -1.784136383110754981e-02 9.996880017280598274e-01
-2.841203994456311180e-03 1.725008004034402770e-02 -1.785516445999594040e-02 9.996877289436787439e-01
-2.841203994456311180e-03 1.725008004034402770e-02 -1.785516445999594040e-02 9.996877289436787439e-01
-3.864570465522832420e-03 1.730281298434363513e-02 -1.755799466311632959e-02 9.996886488208995836e-01
-3.498344048577044750e-03 1.731882880864664756e-02 -1.768168462438821087e-02 9.996875400776276122e-01
-3.498344048577044750e-03 1.731882880864664756e-02 -1.768168462438821087e-02 9.996875400776276122e-01
-3.314876884697561758e-03 1.731714870242442514e-02 -1.751562092477848900e-02 9.996911177837266571e-01
-3.314876884697561758e-03 1.731714870242442514e-02 -1.751562092477848900e-02 9.996911177837266571e-01
-5.855096373003917422e-03 1.839625459836192328e-02 -1.928263089495523344e-02 9.996276685891523073e-01
-3.692210519741782621e-03 1.723951186374724637e-02 -1.724695840604785133e-02 9.996958083526796823e-01
-3.692210519741782621e-03 1.723951186374724637e-02 -1.724695840604785133e-02 9.996958083526796823e-01
-3.970302979972986646e-03 1.728718309089830735e-02 -1.738841799249012457e-02 9.996914688616420630e-01
-3.970302979972986646e-03 1.728718309089830735e-02 -1.738841799249012457e-02 9.996914688616420630e-01
-3.970302979972986646e-03 1.728718309089830735e-02 -1.738841799249012457e-02 9.996914688616420630e-01
-2.572858805798677699e-03 1.741611234029875541e-02 -1.727852143052775041e-02 9.996957097665720715e-01
-2.572858805798677699e-03 1.741611234029875541e-02 -1.727852143052775041e-02 9.996957097665720715e-01
-3.104011550202015728e-03 1.756343214003477579e-02 -1.763212923077101327e-02 9.996854500204291893e-01
-4.641215735411030434e-03 1.778145183114402880e-02 -1.842175288677039974e-02 9.996614017295321064e-01
-4.641215735411030434e-03 1.778145183114402880e-02 -1.842175288677039974e-02 9.996614017295321064e-01
-3.757159371347447083e-03 1.770266469165433787e-02 -1.715652504435751305e-02 9.996890281806015688e-01
-3.337997081828065690e-03 1.769095558613382677e-02 -1.710164682184390703e-02 9.996916632351757759e-01
-3.337997081828065690e-03 1.769095558613382677e-02 -1.710164682184390703e-02 9.996916632351757759e-01
-2.634393212673588006e-03 1.774903892127184871e-02 -1.684340746439420486e-02 9.996971197391540942e-01
-2.634393212673588006e-03 1.774903892127184871e-02 -1.684340746439420486e-02 9.996971197391540942e-01
-2.683187387972200445e-03 1.802227432509931684e-02 -1.739773160606169697e-02 9.996826081654893725e-01
-2.683187387972200445e-03 1.802227432509931684e-02 -1.739773160606169697e-02 9.996826081654893725e-01
-2.681626116129326963e-03 1.823633977060880665e-02 -1.754208178838151388e-02 9.996762076590969270e-01
-2.836631671522745011e-03 1.822888663328680117e-02 -1.710189340033010583e-02 9.996835431550300521e-01
-3.101217900707378336e-03 1.831201303127951222e-02 -1.688060307494620299e-02 9.996849993203362761e-01
-3.101217900707378336e-03 1.831201303127951222e-02 -1.688060307494620299e-02 9.996849993203362761e-01
-3.274275201309751956e-03 1.821811031940888739e-02 -1.713014646526370144e-02 9.996819182421849970e-01
-3.514618420395216204e-03 1.833236968981877268e-02 -1.720249558646711613e-02 9.996777709964909109e-01
-3.514618420395216204e-03 1.833236968981877268e-02 -1.720249558646711613e-02 9.996777709964909109e-01
-6.353413813939785826e-03 2.006396982988842975e-02 -1.883851851547707276e-02 9.996010111378020868e-01
-4.203318188875366027e-03 1.891775043255247007e-02 -1.758397252983618167e-02 9.996575687428393975e-01
-4.203318188875366027e-03 1.891775043255247007e-02 -1.758397252983618167e-02 9.996575687428393975e-01
-3.861277760983956170e-03 1.903498830068552430e-02 -1.757116320447256116e-02 9.996569481467565410e-01
-4.084799489544413756e-03 1.917640148169719519e-02 -1.778428665596481009e-02 9.996495881995258737e-01
-4.084799489544413756e-03 1.917640148169719519e-02 -1.778428665596481009e-02 9.996495881995258737e-01
-4.230166419013797231e-03 1.923071665639934300e-02 -1.748387065670822457e-02 9.996532396265258580e-01
-4.230166419013797231e-03 1.923071665639934300e-02 -1.748387065670822457e-02 9.996532396265258580e-01
-4.472949870208384887e-03 1.939552368224644469e-02 -1.775101369801017695e-02 9.996442906820621754e-01
-4.333433487393617035e-03 1.958293970095422928e-02 -1.762896106332063895e-02 9.996434112015679663e-01
-3.798851494760663652e-03 1.969744847329028825e-02 -1.783918221505443810e-02 9.996396064726832398e-01
-3.798851494760663652e-03 1.969744847329028825e-02 -1.783918221505443810e-02 9.996396064726832398e-01
-4.210249131481238333e-03 1.959975650752865395e-02 -1.779015343285090742e-02 9.996407523645343129e-01
-4.210249131481238333e-03 1.959975650752865395e-02 -1.779015343285090742e-02 9.996407523645343129e-01
-3.840985297864452606e-03 1.969826299485390175e-02 -1.783682373958254269e-02 9.996394715025064270e-01
-3.308313683358085188e-03 2.048252910905615579e-02 -1.798131730268224052e-02 9.996230255901119577e-01
-3.308313683358085188e-03 2.048252910905615579e-02 -1.798131730268224052e-02 9.996230255901119577e-01
-3.791571350002373095e-03 1.983793070560576494e-02 -1.764639744562328944e-02 9.996402778746005247e-01
-3.791571350002373095e-03 1.983793070560576494e-02 -1.764639744562328944e-02 9.996402778746005247e-01
-3.501835195632753504e-03 1.993325738572218966e-02 -1.738629804056092062e-02 9.996439961509807626e-01
-3.677885549095433280e-03 1.986573625771058740e-02 -1.741050110251076907e-02 9.996442868001529369e-01
-3.677885549095433280e-03 1.986573625771058740e-02 -1.741050110251076907e-02 9.996442868001529369e-01
-4.090161780292400281e-03 1.989114111462000206e-02 -1.755937183094640613e-02 9.996395758185406821e-01
-3.934304283123399304e-03 2.003407105029460580e-02 -1.775982558631940614e-02 9.996338058719819175e-01
-3.934304283123399304e-03 2.003407105029460580e-02 -1.775982558631940614e-02 9.996338058719819175e-01
-3.516621797891521673e-03 2.013277783739839122e-02 -1.761076563545008189e-02 9.996360165387269126e-01
-3.803075160935605065e-03 2.019744945837696065e-02 -1.768797759265726410e-02 9.996322999500257822e-01
-3.803075160935605065e-03 2.019744945837696065e-02 -1.768797759265726410e-02 9.996322999500257822e-01
-3.842623172453349216e-03 2.018534238871525638e-02 -1.773983351827267130e-02 9.996314743476962805e-01
-3.842623172453349216e-03 2.018534238871525638e-02 -1.773983351827267130e-02 9.996314743476962805e-01
-4.039410121119729052e-03 2.006173857031357671e-02 -1.771852821542360332e-02 9.996335646472106484e-01
-4.039410121119729052e-03 2.006173857031357671e-02 -1.771852821542360332e-02 9.996335646472106484e-01
-3.600827995997264285e-03 2.021513150360798247e-02 -1.771850974686460523e-02 9.996321507976748677e-01
-3.493701351912509648e-03 2.033870462548172109e-02 -1.776783003247149606e-02 9.996291489152155929e-01
-3.852820287440699137e-03 2.036104480749524256e-02 -1.766596642400887832e-02 9.996291798764608272e-01
-3.899409065995240037e-03 2.024662865137770440e-02 -1.758714918787575299e-02 9.996327129604316575e-01
-3.899409065995240037e-03 2.024662865137770440e-02 -1.758714918787575299e-02 9.996327129604316575e-01
-3.807376323600637508e-03 2.039995777841877023e-02 -1.763670668296488109e-02 9.996290773009498531e-01
-3.807376323600637508e-03 2.039995777841877023e-02 -1.763670668296488109e-02 9.996290773009498531e-01
-3.813370641805985482e-03 2.039038701443595183e-02 -1.767931626390081834e-02 9.996284970418714000e-01
-3.813370641805985482e-03 2.039038701443595183e-02 -1.767931626390081834e-02 9.996284970418714000e-01
-3.994602643937925426e-03 2.047233858396027215e-02 -1.771362324925126325e-02 9.996255069044629460e-01
-4.002241559020622459e-03 2.049479100417914840e-02 -1.773969596156960843e-02 9.996245539158136184e-01
-3.971997686398161080e-03 2.042469442546707842e-02 -1.767734592663560561e-02 9.996272137817155956e-01
-3.971997686398161080e-03 2.042469442546707842e-02 -1.767734592663560561e-02 9.996272137817155956e-01
-4.123706486862701616e-03 2.053895662990871604e-02 -1.762665369713209418e-02 9.996251534374304137e-01
-4.123706486862701616e-03 2.053895662990871604e-02 -1.762665369713209418e-02 9.996251534374304137e-01
-4.081377340340869818e-03 2.065155407262681334e-02 -1.778739900071710581e-02 9.996201599158455187e-01
-4.355243274436838667e-03 2.058910096666936862e-02 -1.769493624249239908e-02 9.996219335372643622e-01
-4.355243274436838667e-03 2.058910096666936862e-02 -1.769493624249239908e-02 9.996219335372643622e-01
-4.140252004048303874e-03 2.049534493838114577e-02 -1.765115673024584067e-02 9.996255478004172357e-01
-4.032732023954675726e-03 2.069996019711854707e-02 -1.761118340847424302e-02 9.996224762074999992e-01
