1.757069340644187979e-03 1.685910002094005364e-02 -2.047109149290982436e-02 9.996467465394488494e-01
1.586327817831561593e-03 1.701348732558486884e-02 -2.030246697051062837e-02 9.996478553210564888e-01
1.586327817831561593e-03 1.701348732558486884e-02 -2.030246697051062837e-02 9.996478553210564888e-01
1.586960833774284747e-03 1.722515490908961555e-02 -2.066380999905530896e-02 9.996368253270749848e-01
-1.631331545649153045e-02 1.018443507304510331e-02 -2.441377508955394626e-02 9.995169436317409284e-01
-1.631331545649153045e-02 1.018443507304510331e-02 -2.441377508955394626e-02 9.995169436317409284e-01
-1.622046551586896895e-02 1.033231905623034630e-02 -2.445465766298087276e-02 9.995159375417458358e-01
-1.705007448934981601e-02 1.015721525619627322e-02 -2.463158882804357061e-02 9.994995801749759767e-01
-1.705007448934981601e-02 1.015721525619627322e-02 -2.463158882804357061e-02 9.994995801749759767e-01
-1.715191919712096696e-02 9.020157920442840871e-03 -2.421933860759586596e-02 9.995188202612076411e-01
-1.715191919712096696e-02 9.020157920442840871e-03 -2.421933860759586596e-02 9.995188202612076411e-01
-1.678456936808018357e-02 9.278809077120791365e-03 -2.454503801772531593e-02 9.995147437841759297e-01
-1.673275098613973347e-02 9.546318301792739922e-03 -2.437707691434546839e-02 9.995172039401967190e-01
-1.673275098613973347e-02 9.546318301792739922e-03 -2.437707691434546839e-02 9.995172039401967190e-01
-1.684216284908495939e-02 9.636061303730882044e-03 -2.459059524716072226e-02 9.995092748436634755e-01
-1.572243987346426050e-02 9.874454614928696028e-03 -2.440162166595554252e-02 9.995298199106190662e-01
-1.572243987346426050e-02 9.874454614928696028e-03 -2.440162166595554252e-02 9.995298199106190662e-01
-1.685745024095996678e-02 1.083713467739162543e-02 -2.490247445543404547e-02 9.994889942612446010e-01
6.264901638385790214e-03 1.593389343041200570e-02 -2.314413978569678995e-02 9.995855195235622270e-01
6.264901638385790214e-03 1.593389343041200570e-02 -2.314413978569678995e-02 9.995855195235622270e-01
5.970444312315339487e-03 1.620992320746367926e-02 -2.391411873135918659e-02 9.995647588373772763e-01
5.977385064609189516e-03 1.615112894723061410e-02 -2.375322388839560747e-02 9.995695054654414324e-01
6.011549201686947237e-03 1.634074842658012755e-02 -2.377217360831589479e-02 9.995657682108721742e-01
6.011549201686947237e-03 1.634074842658012755e-02 -2.377217360831589479e-02 9.995657682108721742e-01
6.243102014568370321e-03 1.614082342691499847e-02 -2.321497896584654580e-02 9.995806932148860735e-01
6.243102014568370321e-03 1.614082342691499847e-02 -2.321497896584654580e-02 9.995806932148860735e-01
6.766402591606326782e-03 1.619117868433050944e-02 -2.318472338086230086e-02 9.995771756750617687e-01
6.766402591606326782e-03 1.619117868433050944e-02 -2.318472338086230086e-02 9.995771756750617687e-01
6.723589797263659906e-03 1.631384321078328814e-02 -2.312939424727107618e-02 9.995767519213751839e-01
6.620904624966821722e-03 1.647103062903313223e-02 -2.310933814603640182e-02 9.995753234561248757e-01
6.620904624966821722e-03 1.647103062903313223e-02 -2.310933814603640182e-02 9.995753234561248757e-01
6.588618799457377113e-03 1.643951741829541638e-02 -2.286915684120694944e-02 9.995815794795046560e-01
6.588618799457377113e-03 1.643951741829541638e-02 -2.286915684120694944e-02 9.995815794795046560e-01
6.822089115655957832e-03 1.655816781179950473e-02 -2.293532930595871752e-02 9.995765387645118016e-01
9.585928558134105626e-04 1.852826774454721312e-02 -2.154920225362838213e-02 9.995956263791651031e-01
2.373081687705139772e-03 1.882240691188246523e-02 -2.080565259156108571e-02 9.996035265551969085e-01
2.373081687705139772e-03 1.882240691188246523e-02 -2.080565259156108571e-02 9.996035265551969085e-01
2.373081687705139772e-03 1.882240691188246523e-02 -2.080565259156108571e-02 9.996035265551969085e-01
3.673837266872417504e-03 2.018635670454131323e-02 -1.992584157045533544e-02 9.995909037003302133e-01
1.576192200318375647e-02 1.802192954480391976e-02 -2.197701386205966334e-02 9.994717518429195868e-01
1.576192200318375647e-02 1.802192954480391976e-02 -2.197701386205966334e-02 9.994717518429195868e-01
1.595637935515745176e-02 1.820111282412086723e-02 -2.207668780974139655e-02 9.994632225875993425e-01
1.596132139756172713e-02 1.812336146722014901e-02 -2.200281537590147510e-02 9.994661855730319067e-01
2.380155339574178963e-02 1.891962476058208290e-02 -1.984808931696462400e-02 9.993405761827817146e-01
2.380155339574178963e-02 1.891962476058208290e-02 -1.984808931696462400e-02 9.993405761827817146e-01
2.319664328919625665e-02 1.922040973773813180e-02 -2.050137094023867304e-02 9.993358721567029423e-01
2.319664328919625665e-02 1.922040973773813180e-02 -2.050137094023867304e-02 9.993358721567029423e-01
2.308803471639392021e-02 1.926145621594998678e-02 -2.034712971034443457e-02 9.993407493292395527e-01
2.307794845494305289e-02 1.950987625501061223e-02 -2.053503600237732360e-02 9.993323197615526787e-01
2.307794845494305289e-02 1.950987625501061223e-02 -2.053503600237732360e-02 9.993323197615526787e-01
2.312493889231163890e-02 1.961516582184549828e-02 -2.117382773143181712e-02 9.993158417088203738e-01
2.280764672070614493e-02 1.962830068164369418e-02 -2.045313820672761337e-02 9.993378859029167227e-01
2.280764672070614493e-02 1.962830068164369418e-02 -2.045313820672761337e-02 9.993378859029167227e-01
2.239752553399944682e-02 1.951478434975721307e-02 -2.063192574413243857e-02 9.993457097930750210e-01
2.232002733541530934e-02 1.963347712260855860e-02 -2.043878618712620734e-02 9.993490876440620507e-01
2.232002733541530934e-02 1.963347712260855860e-02 -2.043878618712620734e-02 9.993490876440620507e-01
2.256614145249999717e-02 1.979341065272177680e-02 -2.041556621878181862e-02 9.993408801858578716e-01
2.218442683242854638e-02 1.984941495105648282e-02 -2.047375978431768481e-02 9.993471254236495627e-01
2.218442683242854638e-02 1.984941495105648282e-02 -2.047375978431768481e-02 9.993471254236495627e-01
2.220306932038603603e-02 1.973970706579730033e-02 -2.037126926506896071e-02 9.993509789189385373e-01
2.208825700844636863e-02 1.983758924647323688e-02 -2.053132273794216339e-02 9.993483095206834310e-01
2.208825700844636863e-02 1.983758924647323688e-02 -2.053132273794216339e-02 9.993483095206834310e-01
2.407432113588335934e-02 2.016828165662062217e-02 -1.945358486122844913e-02 9.993173797712679995e-01
2.407432113588335934e-02 2.016828165662062217e-02 -1.945358486122844913e-02 9.993173797712679995e-01
2.226935898260710284e-02 1.991533597788578552e-02 -2.060023274740694840e-02 9.993413258012221467e-01
2.395158868197021229e-02 2.009278205405832032e-02 -1.939597644744400079e-02 9.993229696182250876e-01
2.395158868197021229e-02 2.009278205405832032e-02 -1.939597644744400079e-02 9.993229696182250876e-01
2.246763952680934720e-02 2.019654622793261994e-02 -2.065128235109879931e-02 9.993301902933842129e-01
1.924353325208796178e-02 2.185693215039060527e-02 -1.866783720930260265e-02 9.994015573326249235e-01
1.924353325208796178e-02 2.185693215039060527e-02 -1.866783720930260265e-02 9.994015573326249235e-01
1.966586991760931394e-02 2.210047725680045275e-02 -1.867452586695941830e-02 9.993878549137215073e-01
1.966586991760931394e-02 2.210047725680045275e-02 -1.867452586695941830e-02 9.993878549137215073e-01
1.941422018593563781e-02 2.205587095573544390e-02 -1.869893337544779877e-02 9.993933042108980036e-01
1.947772045717243231e-02 2.210737935824905187e-02 -1.862554916625057400e-02 9.993923009018822468e-01
1.947772045717243231e-02 2.210737935824905187e-02 -1.862554916625057400e-02 9.993923009018822468e-01
1.936973740765129265e-02 2.243097807024051552e-02 -1.866001572587604532e-02 9.993865459914302862e-01
2.007040182345021587e-02 2.246532526355795104e-02 -1.877009837096781097e-02 9.993698872482560391e-01
2.007040182345021587e-02 2.246532526355795104e-02 -1.877009837096781097e-02 9.993698872482560391e-01
7.022617106941482674e-03 1.882006431786425668e-02 -2.289150502838046761e-02 9.995361259232086182e-01
7.196272965796301525e-03 1.876780660593999062e-02 -2.273239678480643705e-02 9.995395045854975624e-01
7.196272965796301525e-03 1.876780660593999062e-02 -2.273239678480643705e-02 9.995395045854975624e-01
7.187658251619465262e-03 1.883761585896336771e-02 -2.285965408369812837e-02 9.995353510570708089e-01
8.472712858030242641e-03 1.833337858072753984e-02 -2.264386182753221760e-02 9.995395719470924201e-01
8.472712858030242641e-03 1.833337858072753984e-02 -2.264386182753221760e-02 9.995395719470924201e-01
8.472712858030242641e-03 1.833337858072753984e-02 -2.264386182753221760e-02 9.995395719470924201e-01
8.472712858030242641e-03 1.833337858072753984e-02 -2.264386182753221760e-02 9.995395719470924201e-01
8.472712858030242641e-03 1.833337858072753984e-02 -2.264386182753221760e-02 9.995395719470924201e-01
8.472712858030242641e-03 1.833337858072753984e-02 -2.264386182753221760e-02 9.995395719470924201e-01
7.070494540558390668e-03 1.883887836495968734e-02 -2.288186668069243715e-02 9.995356546647594653e-01
7.868734196034501624e-03 1.841565573823420593e-02 -2.235030647572638224e-02 9.995496037947912971e-01
-1.239044954828121860e-02 2.870466453283784802e-02 -2.770551005934032696e-02 9.991270808592872532e-01
-1.239044954828121860e-02 2.870466453283784802e-02 -2.770551005934032696e-02 9.991270808592872532e-01
-1.236668273822421824e-02 2.865362233722892893e-02 -2.768274323132437209e-02 9.991294714961601597e-01
-1.112609512741155951e-02 2.929952842452412248e-02 -2.939738419950884210e-02 9.990763441517083177e-01
-1.112609512741155951e-02 2.929952842452412248e-02 -2.939738419950884210e-02 9.990763441517083177e-01
-5.492199003069128845e-03 2.899851294950534994e-02 -2.867320709628002132e-02 9.991530259132691549e-01
-1.334945500155456516e-02 2.987132454288291689e-02 -2.896956805133947196e-02 9.990446737499449892e-01
