1.752592230424118996e+09
1.752592230428756952e+09
1.752592230433671236e+09
1.752592230436931372e+09
1.752592230443233728e+09
1.752592230446988583e+09
1.752592230453387499e+09
1.752592230457051992e+09
1.752592230463534594e+09
1.752592230466958046e+09
1.752592230471469641e+09
1.752592230477238178e+09
1.752592230483444691e+09
1.752592230487069607e+09
1.752592230493427038e+09
1.752592230497124910e+09
1.752592230503480673e+09
1.752592230506959677e+09
1.752592230513285398e+09
1.752592230517772913e+09
1.752592230523506165e+09
1.752592230526961088e+09
1.752592230533323526e+09
1.752592230536870003e+09
1.752592230543463707e+09
1.752592230547017813e+09
1.752592230551536560e+09
1.752592230557178259e+09
1.752592230563724995e+09
1.752592230566836119e+09
1.752592230572983742e+09
1.752592230576861143e+09
1.752592230583455563e+09
1.752592230586971760e+09
1.752592230593548775e+09
1.752592230597738504e+09
1.752592230603477716e+09
1.752592230606899261e+09
1.752592230613523483e+09
1.752592230617215157e+09
1.752592230623475552e+09
1.752592230626947165e+09
1.752592230634734631e+09
1.752592230637465954e+09
1.752592230643652678e+09
1.752592230647000313e+09
1.752592230653367043e+09
1.752592230656985998e+09
1.752592230663449764e+09
1.752592230666985035e+09
1.752592230671817303e+09
1.752592230677268505e+09
1.752592230683395624e+09
1.752592230686870575e+09
1.752592230693839550e+09
1.752592230697432756e+09
1.752592230703563690e+09
1.752592230708483219e+09
1.752592230713467121e+09
1.752592230717167616e+09
1.752592230723391294e+09
1.752592230726858854e+09
1.752592230733775139e+09
1.752592230737433910e+09
1.752592230743561029e+09
1.752592230747027874e+09
1.752592230753210783e+09
1.752592230756972551e+09
1.752592230763434172e+09
1.752592230766956568e+09
1.752592230773764849e+09
1.752592230777037382e+09
1.752592230783659458e+09
1.752592230787129879e+09
1.752592230794580698e+09
1.752592230797125101e+09
1.752592230803229094e+09
1.752592230806866407e+09
1.752592230813244104e+09
1.752592230818021774e+09
1.752592230823428631e+09
1.752592230827394962e+09
1.752592230833094597e+09
1.752592230838050604e+09
1.752592230843868732e+09
1.752592230847011566e+09
1.752592230853257656e+09
1.752592230857724905e+09
1.752592230863767862e+09
1.752592230867095232e+09
1.752592230873323202e+09
1.752592230876835108e+09
1.752592230883457899e+09
1.752592230887026548e+09
1.752592230893123865e+09
1.752592230897140026e+09
1.752592230903611183e+09
1.752592230906895161e+09
1.752592230915328026e+09
1.752592230917280197e+09
1.752592230923614264e+09
1.752592230926878214e+09
1.752592230933315516e+09
1.752592230937020779e+09
1.752592230943449497e+09
1.752592230947153807e+09
1.752592230953306198e+09
1.752592230956936359e+09
1.752592230963239908e+09
1.752592230966840267e+09
1.752592230973218203e+09
1.752592230977370262e+09
1.752592230984658241e+09
1.752592230988008738e+09
1.752592230993112803e+09
1.752592230997138500e+09
1.752592231003956318e+09
1.752592231006933212e+09
1.752592231013048649e+09
1.752592231017096519e+09
1.752592231023598909e+09
1.752592231026818037e+09
1.752592231033500195e+09
1.752592231036955595e+09
1.752592231042605400e+09
1.752592231047238111e+09
1.752592231055655241e+09
1.752592231056409836e+09
1.752592231063392162e+09
1.752592231066935301e+09
1.752592231073498726e+09
1.752592231076945066e+09
1.752592231083695889e+09
1.752592231087100983e+09
1.752592231093246937e+09
1.752592231096904516e+09
1.752592231103585482e+09
1.752592231106984138e+09
1.752592231113580942e+09
1.752592231116985083e+09
1.752592231123489380e+09
1.752592231128201008e+09
1.752592231133427620e+09
1.752592231137108326e+09
1.752592231143443108e+09
1.752592231146910191e+09
1.752592231153620720e+09
1.752592231156993389e+09
1.752592231163605213e+09
1.752592231167048454e+09
1.752592231173362017e+09
1.752592231176844120e+09
1.752592231183483839e+09
1.752592231186870337e+09
1.752592231194945097e+09
1.752592231197504520e+09
1.752592231203159332e+09
1.752592231206939459e+09
1.752592231213613749e+09
1.752592231218090057e+09
1.752592231223329782e+09
1.752592231227124929e+09
1.752592231233663321e+09
1.752592231237353563e+09
1.752592231242768049e+09
1.752592231246885061e+09
1.752592231253108740e+09
1.752592231256964445e+09
1.752592231263471603e+09
1.752592231269418478e+09
1.752592231273337126e+09
1.752592231276834011e+09
1.752592231283491135e+09
1.752592231287107229e+09
1.752592231293285847e+09
1.752592231296972513e+09
1.752592231303468466e+09
1.752592231306896448e+09
1.752592231313472509e+09
1.752592231317140579e+09
1.752592231323239326e+09
1.752592231326836586e+09
1.752592231333444834e+09
1.752592231337377071e+09
1.752592231343612909e+09
1.752592231346977234e+09
1.752592231353371143e+09
1.752592231356956482e+09
1.752592231363440990e+09
1.752592231366836786e+09
1.752592231373340368e+09
1.752592231376875877e+09
1.752592231383291245e+09
1.752592231386870861e+09
1.752592231393022776e+09
1.752592231396821022e+09
1.752592231403180122e+09
1.752592231407045841e+09
1.752592231413617611e+09
1.752592231416948318e+09
1.752592231423332691e+09
1.752592231426842213e+09
1.752592231433008909e+09
1.752592231437004089e+09
1.752592231443658829e+09
1.752592231448034048e+09
1.752592231453583956e+09
1.752592231456922054e+09
1.752592231463322878e+09
1.752592231468172312e+09
1.752592231472031832e+09
1.752592231477847576e+09
1.752592231483233452e+09
1.752592231486939430e+09
1.752592231493321896e+09
1.752592231497030258e+09
1.752592231503708363e+09
1.752592231506891251e+09
1.752592231513345957e+09
1.752592231517040014e+09
1.752592231523478746e+09
1.752592231526824474e+09
1.752592231533693075e+09
1.752592231536949873e+09
1.752592231543412924e+09
1.752592231548731565e+09
1.752592231553359985e+09
1.752592231556885958e+09
1.752592231563487053e+09
1.752592231566958666e+09
1.752592231573269129e+09
1.752592231576943636e+09
1.752592231583502531e+09
1.752592231586963654e+09
1.752592231593299627e+09
1.752592231596972942e+09
1.752592231603393316e+09
1.752592231607995749e+09
1.752592231615593910e+09
1.752592231616886854e+09
1.752592231623505354e+09
1.752592231627118349e+09
1.752592231633373022e+09
1.752592231636916637e+09
1.752592231645162582e+09
1.752592231646840096e+09
1.752592231653051615e+09
1.752592231656901360e+09
1.752592231663593292e+09
1.752592231667083025e+09
1.752592231673148155e+09
1.752592231676970720e+09
1.752592231683745384e+09
1.752592231688950300e+09
1.752592231693116903e+09
1.752592231696956635e+09
1.752592231702747107e+09
1.752592231706906319e+09
1.752592231713745117e+09
1.752592231717298985e+09
1.752592231723639011e+09
1.752592231727138281e+09
1.752592231733187914e+09
1.752592231736898899e+09
1.752592231743793249e+09
1.752592231747679234e+09
1.752592231753509521e+09
1.752592231759387970e+09
1.752592231763479710e+09
1.752592231766875505e+09
1.752592231773385525e+09
1.752592231777362108e+09
1.752592231783370495e+09
1.752592231786949635e+09
1.752592231793307066e+09
1.752592231796992064e+09
1.752592231803514481e+09
1.752592231807168722e+09
1.752592231813566685e+09
1.752592231817024946e+09
1.752592231823660851e+09
1.752592231826971531e+09
1.752592231833458185e+09
1.752592231836887360e+09
1.752592231843485117e+09
1.752592231846842289e+09
1.752592231853308916e+09
1.752592231856963396e+09
1.752592231863393784e+09
1.752592231866895676e+09
1.752592231871813536e+09
1.752592231876926184e+09
1.752592231883375406e+09
1.752592231889032125e+09
1.752592231892180443e+09
1.752592231897151470e+09
1.752592231903740168e+09
1.752592231907860756e+09
1.752592231913168907e+09
1.752592231916911364e+09
1.752592231924009562e+09
1.752592231927972555e+09
1.752592231933637142e+09
1.752592231936925650e+09
1.752592231943578005e+09
1.752592231948069572e+09
1.752592231953022957e+09
1.752592231958053112e+09
1.752592231964496136e+09
1.752592231968538046e+09
1.752592231973019838e+09
1.752592231976998091e+09
1.752592231983566046e+09
1.752592231986895561e+09
1.752592231993449450e+09
1.752592231996880293e+09
1.752592232003385544e+09
1.752592232006850719e+09
1.752592232013280630e+09
1.752592232017134666e+09
1.752592232023409605e+09
1.752592232026851892e+09
1.752592232034645081e+09
1.752592232037183285e+09
1.752592232043408155e+09
1.752592232047040939e+09
1.752592232053708076e+09
1.752592232056992292e+09
1.752592232063511610e+09
1.752592232066948652e+09
1.752592232074986219e+09
1.752592232078254938e+09
1.752592232083419323e+09
1.752592232086883307e+09
1.752592232093575716e+09
1.752592232096840858e+09
1.752592232103626013e+09
1.752592232109251022e+09
1.752592232113507271e+09
1.752592232117015123e+09
1.752592232123296499e+09
1.752592232126934767e+09
1.752592232133822918e+09
1.752592232137085438e+09
1.752592232143279314e+09
1.752592232146892071e+09
1.752592232153503895e+09
1.752592232156977654e+09
1.752592232163521767e+09
1.752592232166922569e+09
1.752592232174415588e+09
1.752592232177594662e+09
1.752592232183472872e+09
1.752592232186828852e+09
1.752592232193299055e+09
1.752592232196998596e+09
1.752592232203469753e+09
1.752592232207088947e+09
1.752592232213284969e+09
1.752592232217088461e+09
1.752592232223918915e+09
1.752592232227130175e+09
1.752592232233251095e+09
1.752592232237225056e+09
1.752592232243258715e+09
1.752592232246644497e+09
1.752592232253305674e+09
1.752592232256820202e+09
1.752592232264012337e+09
1.752592232268143177e+09
1.752592232273314714e+09
1.752592232276865721e+09
1.752592232283706903e+09
1.752592232287152052e+09
1.752592232293292284e+09
1.752592232297153711e+09
1.752592232303250313e+09
1.752592232306865692e+09
1.752592232316261292e+09
1.752592232317026377e+09
1.752592232323580503e+09
1.752592232326859951e+09
1.752592232333342314e+09
1.752592232336855412e+09
1.752592232343103409e+09
1.752592232346849203e+09
1.752592232353464842e+09
1.752592232357017279e+09
1.752592232363252163e+09
1.752592232368130445e+09
1.752592232373974323e+09
1.752592232376829147e+09
1.752592232383303881e+09
1.752592232386861801e+09
1.752592232391692877e+09
1.752592232396941423e+09
1.752592232403369665e+09
1.752592232407204628e+09
1.752592232413504601e+09
1.752592232417062998e+09
1.752592232423450947e+09
1.752592232426844597e+09
1.752592232433259249e+09
1.752592232436918020e+09
1.752592232443593740e+09
1.752592232447148323e+09
1.752592232455708265e+09
1.752592232456962585e+09
1.752592232463291645e+09
1.752592232466850519e+09
1.752592232473326921e+09
1.752592232476866245e+09
1.752592232483486176e+09
1.752592232486929417e+09
1.752592232493190289e+09
1.752592232496842146e+09
1.752592232503260851e+09
1.752592232508095026e+09
1.752592232513817310e+09
1.752592232516874313e+09
1.752592232523093939e+09
1.752592232526946068e+09
1.752592232533210516e+09
1.752592232536975384e+09
1.752592232544245958e+09
1.752592232546882868e+09
1.752592232553079844e+09
1.752592232557729721e+09
1.752592232563637495e+09
1.752592232567127705e+09
1.752592232573710680e+09
1.752592232576883554e+09
1.752592232583352327e+09
1.752592232586967230e+09
1.752592232595478296e+09
1.752592232596911669e+09
1.752592232603468895e+09
1.752592232607067823e+09
1.752592232613500357e+09
1.752592232618138313e+09
1.752592232623578787e+09
1.752592232627085209e+09
1.752592232633695126e+09
1.752592232636881590e+09
1.752592232643170595e+09
1.752592232646846533e+09
1.752592232653584957e+09
1.752592232657098293e+09
1.752592232663328409e+09
1.752592232667951584e+09
1.752592232673265696e+09
1.752592232676822424e+09
1.752592232683779001e+09
1.752592232687747240e+09
1.752592232693138599e+09
1.752592232696956396e+09
1.752592232703219414e+09
1.752592232707083225e+09
1.752592232713478565e+09
1.752592232716963291e+09
1.752592232723492622e+09
1.752592232727095127e+09
1.752592232735208750e+09
1.752592232738368511e+09
1.752592232743602037e+09
1.752592232746887445e+09
1.752592232753040075e+09
1.752592232757182121e+09
1.752592232763613701e+09
1.752592232766855001e+09
1.752592232773269653e+09
1.752592232776887178e+09
1.752592232783532619e+09
1.752592232787441730e+09
1.752592232793312311e+09
1.752592232797015667e+09
1.752592232803507805e+09
1.752592232808314562e+09
1.752592232813410759e+09
1.752592232817489147e+09
1.752592232823667288e+09
1.752592232826997280e+09
1.752592232833489656e+09
1.752592232836899519e+09
1.752592232843398094e+09
1.752592232847203493e+09
1.752592232853310823e+09
1.752592232856967449e+09
1.752592232863458633e+09
1.752592232867154121e+09
1.752592232874172926e+09
1.752592232877762794e+09
1.752592232883234024e+09
1.752592232886829376e+09
1.752592232893701077e+09
1.752592232897084236e+09
1.752592232903034449e+09
1.752592232907148838e+09
1.752592232913315058e+09
1.752592232916898966e+09
1.752592232923137188e+09
1.752592232926812649e+09
1.752592232933707952e+09
1.752592232937303305e+09
1.752592232943232536e+09
1.752592232948288679e+09
1.752592232953307152e+09
1.752592232956914186e+09
1.752592232963257790e+09
1.752592232966844559e+09
1.752592232973477364e+09
1.752592232976846218e+09
1.752592232983564615e+09
1.752592232986910582e+09
1.752592232993581533e+09
1.752592232996994019e+09
1.752592233003531218e+09
1.752592233006850004e+09
1.752592233013318539e+09
1.752592233018600225e+09
1.752592233023351192e+09
1.752592233026853085e+09
1.752592233033676863e+09
1.752592233038083792e+09
1.752592233043560505e+09
1.752592233046929359e+09
1.752592233053225756e+09
1.752592233056850195e+09
1.752592233063286543e+09
1.752592233067152023e+09
1.752592233074017525e+09
1.752592233076910257e+09
1.752592233083473921e+09
1.752592233089968681e+09
1.752592233093162537e+09
1.752592233096951008e+09
1.752592233103725195e+09
1.752592233106851578e+09
1.752592233113346815e+09
1.752592233116941214e+09
1.752592233123305559e+09
1.752592233126924753e+09
1.752592233133255005e+09
1.752592233138111830e+09
1.752592233143644333e+09
1.752592233146892309e+09
1.752592233154179335e+09
1.752592233157121420e+09
1.752592233163140297e+09
1.752592233168017864e+09
1.752592233173451662e+09
1.752592233176976919e+09
1.752592233183615208e+09
1.752592233186933279e+09
1.752592233193259239e+09
1.752592233197077513e+09
1.752592233203414440e+09
1.752592233207018852e+09
1.752592233213362694e+09
1.752592233217127562e+09
1.752592233223457336e+09
1.752592233230057240e+09
1.752592233233008862e+09
1.752592233237994909e+09
1.752592233244032860e+09
1.752592233246942759e+09
1.752592233253363371e+09
1.752592233256923676e+09
1.752592233263400555e+09
1.752592233267045975e+09
1.752592233273666143e+09
1.752592233276931763e+09
1.752592233283368111e+09
1.752592233287008286e+09
1.752592233294770479e+09
1.752592233297919989e+09
1.752592233303419113e+09
1.752592233306876183e+09
1.752592233313062191e+09
1.752592233316996336e+09
1.752592233323498011e+09
1.752592233327068329e+09
1.752592233333416462e+09
1.752592233336912155e+09
1.752592233343478441e+09
1.752592233346830130e+09
1.752592233353075027e+09
1.752592233357224464e+09
1.752592233364067316e+09
1.752592233367074966e+09
1.752592233373121500e+09
1.752592233377101660e+09
1.752592233383602142e+09
1.752592233386919022e+09
1.752592233393444538e+09
1.752592233396965265e+09
1.752592233403852701e+09
1.752592233406904221e+09
1.752592233413411617e+09
1.752592233417717695e+09
1.752592233423734188e+09
1.752592233426867962e+09
1.752592233433468342e+09
1.752592233438035250e+09
1.752592233442725658e+09
1.752592233447027206e+09
1.752592233453313589e+09
1.752592233456874847e+09
1.752592233463400126e+09
1.752592233466801643e+09
1.752592233473089933e+09
1.752592233476930141e+09
1.752592233483332872e+09
1.752592233487004995e+09
1.752592233493586063e+09
1.752592233498170853e+09
1.752592233503594637e+09
1.752592233509422302e+09
1.752592233513046741e+09
1.752592233516765594e+09
1.752592233523538589e+09
1.752592233526938438e+09
1.752592233533342361e+09
1.752592233536918640e+09
1.752592233543386221e+09
1.752592233547456026e+09
1.752592233553126335e+09
1.752592233556826115e+09
1.752592233563776255e+09
1.752592233568066120e+09
1.752592233573295355e+09
1.752592233578023195e+09
1.752592233583615541e+09
1.752592233586976528e+09
1.752592233593515158e+09
1.752592233597122192e+09
1.752592233603534698e+09
1.752592233607305765e+09
1.752592233613348722e+09
1.752592233616899729e+09
1.752592233623474121e+09
1.752592233626997948e+09
1.752592233633687019e+09
1.752592233637082100e+09
1.752592233643003464e+09
1.752592233648113251e+09
1.752592233653472662e+09
1.752592233657717228e+09
1.752592233663410187e+09
1.752592233666896105e+09
1.752592233673559189e+09
1.752592233677145481e+09
1.752592233683424234e+09
1.752592233686995745e+09
1.752592233693296671e+09
1.752592233697022438e+09
1.752592233703786135e+09
1.752592233707121849e+09
1.752592233713404894e+09
1.752592233716857672e+09
1.752592233722319603e+09
1.752592233726978779e+09
1.752592233733522654e+09
1.752592233736956358e+09
1.752592233743377209e+09
1.752592233747048140e+09
1.752592233753391981e+09
1.752592233757041693e+09
1.752592233763684511e+09
1.752592233766878366e+09
1.752592233773273230e+09
1.752592233776938438e+09
1.752592233783571005e+09
1.752592233789298534e+09
1.752592233793380022e+09
1.752592233796891212e+09
1.752592233803304911e+09
1.752592233807182074e+09
1.752592233811699867e+09
1.752592233817007780e+09
1.752592233823454618e+09
1.752592233827300549e+09
1.752592233833608389e+09
1.752592233836867571e+09
1.752592233843209743e+09
1.752592233847183943e+09
1.752592233853936195e+09
1.752592233856993437e+09
1.752592233863458633e+09
1.752592233867037296e+09
1.752592233873369932e+09
1.752592233878019571e+09
1.752592233883685112e+09
1.752592233886999607e+09
1.752592233893186569e+09
1.752592233897116423e+09
1.752592233903449297e+09
1.752592233906952143e+09
1.752592233913348198e+09
1.752592233917261124e+09
1.752592233923499346e+09
1.752592233929457664e+09
1.752592233933115959e+09
1.752592233936854124e+09
1.752592233942857742e+09
1.752592233947235346e+09
1.752592233953409910e+09
1.752592233957083225e+09
1.752592233963479757e+09
1.752592233966818333e+09
1.752592233973254919e+09
1.752592233977328777e+09
1.752592233983651638e+09
1.752592233987725973e+09
1.752592233993216276e+09
1.752592233996969461e+09
1.752592234002409220e+09
1.752592234007325411e+09
1.752592234013003349e+09
1.752592234016821146e+09
1.752592234023806810e+09
1.752592234028084040e+09
1.752592234033333302e+09
1.752592234037285089e+09
1.752592234043470621e+09
1.752592234046849489e+09
1.752592234053331375e+09
1.752592234056941032e+09
1.752592234063454628e+09
1.752592234069941044e+09
1.752592234073588371e+09
1.752592234076930761e+09
1.752592234083432436e+09
1.752592234086872816e+09
1.752592234093368053e+09
1.752592234097104073e+09
1.752592234103399515e+09
1.752592234106882095e+09
1.752592234113489151e+09
1.752592234116938829e+09
1.752592234122312546e+09
1.752592234128939152e+09
1.752592234133017302e+09
1.752592234136878252e+09
1.752592234142100573e+09
1.752592234147002935e+09
1.752592234152103662e+09
1.752592234157002211e+09
1.752592234163168907e+09
1.752592234168064356e+09
1.752592234173786163e+09
1.752592234176970720e+09
1.752592234183372974e+09
1.752592234186917305e+09
1.752592234193047285e+09
1.752592234198332787e+09
1.752592234203652382e+09
1.752592234210099697e+09
1.752592234213112593e+09
1.752592234217165470e+09
1.752592234223694801e+09
1.752592234226848841e+09
1.752592234233304501e+09
1.752592234236863852e+09
1.752592234242941380e+09
1.752592234247913837e+09
1.752592234253312349e+09
1.752592234257041454e+09
1.752592234263451815e+09
1.752592234266946077e+09
1.752592234273456335e+09
1.752592234277045965e+09
1.752592234283199549e+09
1.752592234286890745e+09
1.752592234293114185e+09
1.752592234296863556e+09
1.752592234303404093e+09
1.752592234308010340e+09
1.752592234313714981e+09
1.752592234317172050e+09
1.752592234323349237e+09
1.752592234326920033e+09
1.752592234333205700e+09
1.752592234336900234e+09
1.752592234343532562e+09
1.752592234350095272e+09
1.752592234353627682e+09
1.752592234356917620e+09
1.752592234363500118e+09
1.752592234366822243e+09
1.752592234373018742e+09
1.752592234377057076e+09
1.752592234383688450e+09
1.752592234386814356e+09
1.752592234393111706e+09
1.752592234398169756e+09
1.752592234403759718e+09
1.752592234406923771e+09
1.752592234413099527e+09
1.752592234417781591e+09
1.752592234423123360e+09
