1.295022666454315186e-04 -6.073477720747177955e-08 3.783175945281982422e-01
2.494808286428451538e-04 1.345021792076295242e-05 3.716664016246795654e-01
2.763047814369201660e-04 5.554808376473374665e-05 3.652636408805847168e-01
1.890826970338821411e-04 1.374757266603410244e-04 3.596040606498718262e-01
-1.440197229385375977e-05 2.489601029083132744e-04 3.545664548873901367e-01
-1.883842051029205322e-04 3.828307380899786949e-04 3.499658107757568359e-01
-2.414658665657043457e-04 5.286987870931625366e-04 3.456731140613555908e-01
-1.791846007108688354e-04 6.826072931289672852e-04 3.417080640792846680e-01
-2.894550561904907227e-06 8.419905207119882107e-04 3.380870521068572998e-01
2.856235951185226440e-04 1.005827216431498528e-03 3.347598910331726074e-01
6.836503744125366211e-04 1.173658762127161026e-03 3.317061662673950195e-01
1.188822090625762939e-03 1.344450400210916996e-03 3.289355635643005371e-01
1.798518002033233643e-03 1.518032979220151901e-03 3.264636695384979248e-01
2.513788640499114990e-03 1.689388300292193890e-03 3.242294788360595703e-01
3.333264961838722229e-03 1.855797017924487591e-03 3.222069740295410156e-01
4.254417493939399719e-03 2.016373677179217339e-03 3.204016089439392090e-01
5.274526774883270264e-03 2.172130392864346504e-03 3.188281357288360596e-01
6.387373432517051697e-03 2.319854218512773514e-03 3.174512386322021484e-01
7.587032392621040344e-03 2.456279005855321884e-03 3.162473142147064209e-01
8.870976045727729797e-03 2.581609878689050674e-03 3.152276277542114258e-01
1.023803092539310455e-02 2.696554875001311302e-03 3.143993020057678223e-01
1.168076880276203156e-02 2.797273686155676842e-03 3.137335479259490967e-01
1.319381780922412872e-02 2.881891326978802681e-03 3.132162690162658691e-01
1.477590203285217285e-02 2.951194066554307938e-03 3.128515481948852539e-01
1.642551645636558533e-02 3.005747683346271515e-03 3.126410841941833496e-01
1.813852041959762573e-02 3.045627148821949959e-03 3.125617206096649170e-01
1.991172879934310913e-02 3.071369603276252747e-03 3.125998079776763916e-01
2.174415998160839081e-02 3.083643503487110138e-03 3.127549290657043457e-01
2.363537251949310303e-02 3.083023941144347191e-03 3.130262792110443115e-01
2.558244764804840088e-02 3.071446670219302177e-03 3.133975863456726074e-01
2.758359722793102264e-02 3.050351981073617935e-03 3.138571083545684814e-01
2.963816374540328979e-02 3.020423231646418571e-03 3.144035041332244873e-01
3.174600005149841309e-02 2.981804776936769485e-03 3.150314986705780029e-01
3.390455245971679688e-02 2.936675911769270897e-03 3.157333731651306152e-01
3.611201792955398560e-02 2.886289032176136971e-03 3.165011405944824219e-01
3.836828842759132385e-02 2.831362653523683548e-03 3.173299431800842285e-01
4.067295789718627930e-02 2.771859755739569664e-03 3.182139694690704346e-01
4.302357509732246399e-02 2.709612017497420311e-03 3.191503286361694336e-01
4.541821777820587158e-02 2.645668340846896172e-03 3.201347291469573975e-01
4.785676300525665283e-02 2.580604050308465958e-03 3.211603164672851562e-01
5.033874511718750000e-02 2.514436142519116402e-03 3.222191631793975830e-01
5.286146700382232666e-02 2.448839368298649788e-03 3.233137428760528564e-01
5.542286857962608337e-02 2.384735736995935440e-03 3.244419097900390625e-01
5.802271515130996704e-02 2.322610933333635330e-03 3.255950808525085449e-01
6.066043302416801453e-02 2.262455644086003304e-03 3.267636299133300781e-01
6.333328783512115479e-02 2.205469412729144096e-03 3.279549479484558105e-01
6.603920459747314453e-02 2.152294851839542389e-03 3.291693031787872314e-01
6.877781450748443604e-02 2.103401580825448036e-03 3.303965330123901367e-01
7.154820114374160767e-02 2.058799145743250847e-03 3.316252827644348145e-01
7.434725761413574219e-02 2.018455881625413895e-03 3.328680098056793213e-01
7.717280834913253784e-02 1.982476795092225075e-03 3.341276645660400391e-01
8.002404868602752686e-02 1.951684011146426201e-03 3.353936374187469482e-01
8.289997279644012451e-02 1.927162520587444305e-03 3.366562724113464355e-01
8.579634875059127808e-02 1.907570753246545792e-03 3.379330933094024658e-01
8.871029317378997803e-02 1.893388805910944939e-03 3.392304778099060059e-01
9.164094924926757812e-02 1.886719604954123497e-03 3.405352830886840820e-01
9.458743035793304443e-02 1.889278879389166832e-03 3.418351113796234131e-01
9.754588454961776733e-02 1.897824695333838463e-03 3.431478142738342285e-01
1.005149036645889282e-01 1.913080457597970963e-03 3.444750308990478516e-01
1.034944280982017517e-01 1.937591703608632088e-03 3.458029031753540039e-01
1.064840406179428101e-01 1.973645761609077454e-03 3.471159636974334717e-01
1.094815433025360107e-01 2.024469664320349693e-03 3.484129607677459717e-01
1.124860644340515137e-01 2.094106050208210945e-03 3.496866226196289062e-01
1.154973432421684265e-01 2.184430602937936783e-03 3.509245812892913818e-01
1.185153275728225708e-01 2.296590246260166168e-03 3.521144688129425049e-01
1.215263009071350098e-01 2.447046572342514992e-03 3.532465398311614990e-01
1.245359331369400024e-01 2.637688070535659790e-03 3.543286621570587158e-01
1.275556832551956177e-01 2.861612243577837944e-03 3.553672432899475098e-01
1.305918693542480469e-01 3.116372507065534592e-03 3.563534319400787354e-01
1.336451917886734009e-01 3.386665135622024536e-03 3.573050498962402344e-01
1.367223560810089111e-01 3.664983669295907021e-03 3.582421541213989258e-01
1.398273110389709473e-01 3.954455722123384476e-03 3.591419160366058350e-01
1.429636180400848389e-01 4.258011002093553543e-03 3.599812984466552734e-01
1.461446434259414673e-01 4.575490020215511322e-03 3.607917726039886475e-01
1.493736058473587036e-01 4.907844588160514832e-03 3.615596294403076172e-01
1.526475250720977783e-01 5.256092641502618790e-03 3.622543513774871826e-01
1.559621542692184448e-01 5.618489347398281097e-03 3.628907799720764160e-01
1.593198776245117188e-01 5.972902756184339523e-03 3.635317981243133545e-01
1.627070009708404541e-01 6.311152596026659012e-03 3.641982972621917725e-01
1.661204248666763306e-01 6.639133673161268234e-03 3.648691773414611816e-01
1.695526391267776489e-01 6.955891381949186325e-03 3.655515611171722412e-01
1.729678660631179810e-01 7.259289268404245377e-03 3.661989867687225342e-01
1.763650625944137573e-01 7.551807444542646408e-03 3.668246865272521973e-01
1.797653734683990479e-01 7.832513190805912018e-03 3.674625456333160400e-01
1.831786632537841797e-01 8.103247731924057007e-03 3.681200146675109863e-01
1.865904927253723145e-01 8.373020216822624207e-03 3.687737286090850830e-01
1.900052130222320557e-01 8.641993626952171326e-03 3.694284260272979736e-01
1.934365183115005493e-01 8.906195871531963348e-03 3.700868189334869385e-01
1.968930661678314209e-01 9.162695147097110748e-03 3.707401454448699951e-01
2.003644108772277832e-01 9.413499385118484497e-03 3.713857233524322510e-01
2.038495689630508423e-01 9.656830690801143646e-03 3.720196783542633057e-01
2.073578685522079468e-01 9.890074841678142548e-03 3.726275265216827393e-01
2.108972072601318359e-01 1.011171285063028336e-02 3.731944859027862549e-01
2.144628465175628662e-01 1.032059174031019211e-02 3.737375736236572266e-01
2.180560827255249023e-01 1.051610149443149567e-02 3.742541074752807617e-01
2.216852754354476929e-01 1.069818623363971710e-02 3.747244775295257568e-01
2.253574728965759277e-01 1.086741778999567032e-02 3.751353025436401367e-01
2.290656864643096924e-01 1.102217007428407669e-02 3.755172491073608398e-01
2.328108847141265869e-01 1.116270758211612701e-02 3.758693039417266846e-01
2.366009652614593506e-01 1.128997653722763062e-02 3.761720359325408936e-01
2.404400110244750977e-01 1.140565332025289536e-02 3.764173090457916260e-01
2.443093359470367432e-01 1.151295378804206848e-02 3.766489923000335693e-01
2.482003271579742432e-01 1.161428075283765793e-02 3.768829107284545898e-01
2.521139681339263916e-01 1.171049196273088455e-02 3.771126270294189453e-01
2.560498714447021484e-01 1.180228497833013535e-02 3.773355484008789062e-01
2.600023150444030762e-01 1.189678255468606949e-02 3.775838613510131836e-01
2.639648020267486572e-01 1.199607457965612411e-02 3.778745234012603760e-01
2.679325938224792480e-01 1.209797896444797516e-02 3.782066404819488525e-01
2.719063460826873779e-01 1.220236066728830338e-02 3.785696327686309814e-01
2.758958935737609863e-01 1.231312379240989685e-02 3.789814412593841553e-01
2.799057960510253906e-01 1.243247929960489273e-02 3.794409036636352539e-01
2.839348912239074707e-01 1.256027352064847946e-02 3.799372613430023193e-01
2.879811525344848633e-01 1.269645243883132935e-02 3.804615437984466553e-01
2.920351326465606689e-01 1.284339372068643570e-02 3.809728026390075684e-01
2.960933446884155273e-01 1.300482451915740967e-02 3.814398050308227539e-01
3.001573085784912109e-01 1.318306289613246918e-02 3.818573951721191406e-01
3.042225241661071777e-01 1.337928231805562973e-02 3.822467923164367676e-01
3.082694709300994873e-01 1.358282379806041718e-02 3.826225101947784424e-01
3.122943639755249023e-01 1.378775201737880707e-02 3.829831182956695557e-01
3.162996470928192139e-01 1.399369351565837860e-02 3.833355903625488281e-01
3.202854692935943604e-01 1.420019846409559250e-02 3.836774230003356934e-01
3.242349922657012939e-01 1.440042071044445038e-02 3.839748203754425049e-01
3.281511068344116211e-01 1.459094136953353882e-02 3.842366039752960205e-01
3.320434987545013428e-01 1.477246545255184174e-02 3.844817876815795898e-01
3.359179198741912842e-01 1.494576036930084229e-02 3.847180008888244629e-01
3.397727310657501221e-01 1.511167827993631363e-02 3.849326670169830322e-01
3.436123132705688477e-01 1.527074351906776428e-02 3.851272165775299072e-01
3.474434614181518555e-01 1.542315352708101273e-02 3.853091299533843994e-01
3.512710630893707275e-01 1.556903310120105743e-02 3.854803144931793213e-01
3.550914227962493896e-01 1.570983976125717163e-02 3.856334388256072998e-01
3.589061796665191650e-01 1.584629900753498077e-02 3.857679069042205811e-01
3.627212345600128174e-01 1.597844436764717102e-02 3.858869969844818115e-01
3.665417730808258057e-01 1.610645093023777008e-02 3.859903812408447266e-01
3.703605830669403076e-01 1.623247005045413971e-02 3.860784769058227539e-01
3.741769492626190186e-01 1.635711826384067535e-02 3.861533403396606445e-01
3.779973983764648438e-01 1.647968031466007233e-02 3.862155377864837646e-01
3.818271160125732422e-01 1.659974642097949982e-02 3.862638175487518311e-01
3.856607973575592041e-01 1.671834662556648254e-02 3.863005042076110840e-01
3.894982933998107910e-01 1.683583855628967285e-02 3.863245844841003418e-01
3.933457434177398682e-01 1.695176400244235992e-02 3.863321542739868164e-01
3.972082138061523438e-01 1.706586591899394989e-02 3.863204121589660645e-01
4.010828733444213867e-01 1.717961393296718597e-02 3.863018453121185303e-01
4.049707651138305664e-01 1.729325950145721436e-02 3.862752616405487061e-01
4.088774323463439941e-01 1.740617677569389343e-02 3.862329423427581787e-01
4.128071963787078857e-01 1.751792803406715393e-02 3.861702680587768555e-01
4.167570173740386963e-01 1.762982457876205444e-02 3.861016929149627686e-01
4.207282066345214844e-01 1.774182915687561035e-02 3.860241770744323730e-01
4.247252047061920166e-01 1.785329729318618774e-02 3.859279155731201172e-01
4.287509322166442871e-01 1.796374097466468811e-02 3.858082294464111328e-01
4.327997565269470215e-01 1.807252503931522369e-02 3.856805562973022461e-01
4.368720352649688721e-01 1.817956008017063141e-02 3.855414092540740967e-01
4.409667253494262695e-01 1.828412152826786041e-02 3.853869438171386719e-01
4.450766444206237793e-01 1.838508434593677521e-02 3.852338790893554688e-01
4.491924047470092773e-01 1.847551949322223663e-02 3.851060271263122559e-01
4.533044695854187012e-01 1.855287142097949982e-02 3.850219845771789551e-01
4.574108421802520752e-01 1.861848682165145874e-02 3.849797546863555908e-01
4.615128934383392334e-01 1.867250725626945496e-02 3.849699497222900391e-01
4.656165242195129395e-01 1.871050521731376648e-02 3.850087225437164307e-01
4.697259068489074707e-01 1.873095892369747162e-02 3.850942552089691162e-01
4.738414287567138672e-01 1.873528212308883667e-02 3.852200210094451904e-01
4.779618084430694580e-01 1.872462593019008636e-02 3.853801488876342773e-01
4.820929169654846191e-01 1.870158314704895020e-02 3.855763375759124756e-01
4.862390458583831787e-01 1.866706833243370056e-02 3.857937157154083252e-01
4.903985857963562012e-01 1.862085238099098206e-02 3.860183954238891602e-01
4.945622682571411133e-01 1.856406964361667633e-02 3.862797021865844727e-01
4.987084269523620605e-01 1.850816421210765839e-02 3.865571320056915283e-01
5.028259754180908203e-01 1.845803111791610718e-02 3.868311643600463867e-01
5.069149732589721680e-01 1.841337606310844421e-02 3.871011137962341309e-01
5.109744668006896973e-01 1.837388239800930023e-02 3.873691856861114502e-01
5.149962306022644043e-01 1.834336854517459869e-02 3.875911533832550049e-01
5.189892053604125977e-01 1.832036301493644714e-02 3.877743482589721680e-01
5.229639410972595215e-01 1.830114237964153290e-02 3.879455029964447021e-01
5.269261002540588379e-01 1.828322932124137878e-02 3.881141841411590576e-01
5.308706164360046387e-01 1.826734282076358795e-02 3.882670104503631592e-01
5.348007082939147949e-01 1.825254969298839569e-02 3.884077370166778564e-01
5.387226939201354980e-01 1.823700964450836182e-02 3.885436356067657471e-01
5.426415801048278809e-01 1.821970380842685699e-02 3.886766135692596436e-01
5.465540289878845215e-01 1.820368506014347076e-02 3.887943029403686523e-01
5.504615902900695801e-01 1.818905211985111237e-02 3.888912200927734375e-01
5.543704032897949219e-01 1.817381568253040314e-02 3.889679312705993652e-01
5.582852363586425781e-01 1.815663464367389679e-02 3.890228569507598877e-01
5.621975660324096680e-01 1.813769899308681488e-02 3.890533149242401123e-01
5.661072134971618652e-01 1.811640150845050812e-02 3.890572786331176758e-01
5.700211524963378906e-01 1.809187233448028564e-02 3.890326619148254395e-01
5.739455819129943848e-01 1.806363835930824280e-02 3.889774084091186523e-01
5.778728127479553223e-01 1.802994124591350555e-02 3.889014124870300293e-01
5.818027853965759277e-01 1.799034141004085541e-02 3.888080120086669922e-01
5.857431888580322266e-01 1.794530451297760010e-02 3.886913061141967773e-01
5.897004604339599609e-01 1.789541542530059814e-02 3.885482251644134521e-01
5.936694145202636719e-01 1.783845014870166779e-02 3.883948624134063721e-01
5.976520180702209473e-01 1.777409948408603668e-02 3.882316052913665771e-01
6.016548275947570801e-01 1.770368963479995728e-02 3.880495727062225342e-01
6.056838631629943848e-01 1.762841269373893738e-02 3.878448009490966797e-01
6.097337007522583008e-01 1.754706539213657379e-02 3.876321315765380859e-01
6.138055324554443359e-01 1.745918393135070801e-02 3.874089121818542480e-01
6.179057955741882324e-01 1.736573316156864166e-02 3.871646821498870850e-01
6.220338344573974609e-01 1.726782135665416718e-02 3.869085311889648438e-01
6.261714696884155273e-01 1.716979034245014191e-02 3.866737782955169678e-01
6.303097009658813477e-01 1.707424595952033997e-02 3.864732384681701660e-01
6.344461441040039062e-01 1.698275469243526459e-02 3.863073885440826416e-01
6.385779976844787598e-01 1.689664274454116821e-02 3.861809372901916504e-01
6.427048444747924805e-01 1.682047173380851746e-02 3.861061036586761475e-01
6.468295454978942871e-01 1.675659790635108948e-02 3.860763311386108398e-01
6.509520411491394043e-01 1.670485362410545349e-02 3.860863447189331055e-01
6.550721526145935059e-01 1.666541397571563721e-02 3.861333131790161133e-01
6.591954231262207031e-01 1.663863286375999451e-02 3.862242102622985840e-01
6.633252501487731934e-01 1.662563160061836243e-02 3.863548040390014648e-01
6.674601435661315918e-01 1.662725955247879028e-02 3.865189850330352783e-01
6.715988516807556152e-01 1.664434187114238739e-02 3.867126107215881348e-01
6.757327914237976074e-01 1.668133400380611420e-02 3.868943750858306885e-01
6.798588037490844727e-01 1.674267277121543884e-02 3.870363533496856689e-01
6.839795112609863281e-01 1.683034189045429230e-02 3.871404528617858887e-01
6.880970597267150879e-01 1.694549620151519775e-02 3.872123658657073975e-01
6.921972036361694336e-01 1.707848720252513885e-02 3.872655928134918213e-01
6.962769627571105957e-01 1.721936091780662537e-02 3.873402476310729980e-01
7.003380656242370605e-01 1.736728101968765259e-02 3.874343633651733398e-01
7.043827176094055176e-01 1.752236858010292053e-02 3.875474035739898682e-01
7.083960175514221191e-01 1.767778210341930389e-02 3.876364827156066895e-01
7.123778462409973145e-01 1.783031411468982697e-02 3.876991868019104004e-01
7.163347005844116211e-01 1.798054389655590057e-02 3.877516388893127441e-01
7.202708721160888672e-01 1.812892779707908630e-02 3.878004252910614014e-01
7.241848707199096680e-01 1.827475801110267639e-02 3.878321945667266846e-01
7.280805706977844238e-01 1.841790042817592621e-02 3.878473043441772461e-01
7.319650053977966309e-01 1.855888403952121735e-02 3.878557682037353516e-01
7.358430027961730957e-01 1.869819499552249908e-02 3.878597021102905273e-01
7.397116422653198242e-01 1.883738115429878235e-02 3.878518044948577881e-01
7.435729503631591797e-01 1.897726021707057953e-02 3.878311216831207275e-01
7.474334239959716797e-01 1.911797933280467987e-02 3.878002762794494629e-01
7.512983083724975586e-01 1.925943046808242798e-02 3.877603709697723389e-01
7.551619410514831543e-01 1.940319687128067017e-02 3.877087235450744629e-01
7.590248584747314453e-01 1.955010555684566498e-02 3.876461386680603027e-01
7.628935575485229492e-01 1.969990134239196777e-02 3.875724077224731445e-01
7.667734026908874512e-01 1.985232718288898468e-02 3.874863386154174805e-01
7.706604003906250000e-01 2.000779658555984497e-02 3.873930573463439941e-01
7.745547890663146973e-01 2.016673795878887177e-02 3.872899115085601807e-01
7.784626483917236328e-01 2.032910659909248352e-02 3.871721327304840088e-01
7.823894023895263672e-01 2.049480564892292023e-02 3.870370090007781982e-01
7.863318920135498047e-01 2.066489867866039276e-02 3.868973553180694580e-01
7.902910709381103516e-01 2.083951979875564575e-02 3.867509663105010986e-01
7.942723631858825684e-01 2.101830951869487762e-02 3.865896463394165039e-01
7.982800006866455078e-01 2.120101265609264374e-02 3.864094913005828857e-01
8.023101687431335449e-01 2.138736657798290253e-02 3.862233161926269531e-01
8.063637614250183105e-01 2.157717198133468628e-02 3.860273063182830811e-01
8.104454278945922852e-01 2.177064865827560425e-02 3.858121931552886963e-01
8.145543336868286133e-01 2.196751907467842102e-02 3.855826556682586670e-01
8.186736702919006348e-01 2.216044254601001740e-02 3.853711485862731934e-01
8.227945566177368164e-01 2.234610915184020996e-02 3.851894140243530273e-01
8.269149661064147949e-01 2.252480201423168182e-02 3.850390613079071045e-01
8.310325145721435547e-01 2.269646711647510529e-02 3.849239945411682129e-01
8.351462483406066895e-01 2.285400964319705963e-02 3.848588168621063232e-01
8.392573595046997070e-01 2.299455739557743073e-02 3.848408758640289307e-01
8.433661460876464844e-01 2.311958558857440948e-02 3.848665952682495117e-01
8.474727272987365723e-01 2.323016338050365448e-02 3.849314749240875244e-01
8.515821099281311035e-01 2.332571148872375488e-02 3.850406706333160400e-01
8.556973338127136230e-01 2.340619079768657684e-02 3.851882815361022949e-01
8.598187565803527832e-01 2.347223460674285889e-02 3.853678107261657715e-01
8.639454245567321777e-01 2.352422848343849182e-02 3.855729103088378906e-01
8.680794239044189453e-01 2.356204949319362640e-02 3.857967257499694824e-01
8.722229599952697754e-01 2.358462475240230560e-02 3.860197067260742188e-01
8.763748407363891602e-01 2.359087951481342316e-02 3.862275183200836182e-01
8.805274367332458496e-01 2.358194813132286072e-02 3.864192068576812744e-01
8.846499323844909668e-01 2.356664836406707764e-02 3.865939974784851074e-01
8.887342810630798340e-01 2.355005405843257904e-02 3.867478966712951660e-01
8.927867412567138672e-01 2.353242784738540649e-02 3.868892490863800049e-01
8.968107700347900391e-01 2.351388148963451385e-02 3.870290815830230713e-01
9.008024334907531738e-01 2.350129932165145874e-02 3.871417045593261719e-01
9.047691822052001953e-01 2.349513210356235504e-02 3.872359097003936768e-01
9.087195992469787598e-01 2.349175512790679932e-02 3.873305022716522217e-01
9.126591682434082031e-01 2.348865568637847900e-02 3.874321877956390381e-01
9.165851473808288574e-01 2.348763309419155121e-02 3.875288367271423340e-01
9.205009937286376953e-01 2.348802238702774048e-02 3.876197040081024170e-01
9.244123101234436035e-01 2.348737232387065887e-02 3.877085149288177490e-01
9.283241033554077148e-01 2.348413690924644470e-02 3.877948820590972900e-01
9.322301745414733887e-01 2.347976900637149811e-02 3.878667652606964111e-01
9.361316561698913574e-01 2.347391657531261444e-02 3.879189491271972656e-01
9.400353431701660156e-01 2.346513420343399048e-02 3.879518210887908936e-01
9.439464211463928223e-01 2.345257252454757690e-02 3.879636824131011963e-01
9.478569626808166504e-01 2.343618683516979218e-02 3.879550099372863770e-01
9.517660737037658691e-01 2.341549657285213470e-02 3.879255354404449463e-01
9.556811451911926270e-01 2.339006960391998291e-02 3.878722190856933594e-01
9.596084356307983398e-01 2.335990965366363525e-02 3.877928853034973145e-01
9.635423421859741211e-01 2.332327514886856079e-02 3.876985609531402588e-01
9.674839973449707031e-01 2.327979914844036102e-02 3.875905871391296387e-01
9.714401364326477051e-01 2.323026955127716064e-02 3.874617516994476318e-01
9.754164814949035645e-01 2.317553572356700897e-02 3.873086869716644287e-01
9.794081449508666992e-01 2.311412058770656586e-02 3.871456682682037354e-01
9.834163188934326172e-01 2.304577082395553589e-02 3.869711160659790039e-01
9.874480366706848145e-01 2.297152206301689148e-02 3.867754936218261719e-01
9.915080666542053223e-01 2.289229258894920349e-02 3.865554630756378174e-01
9.955902099609375000e-01 2.280756831169128418e-02 3.863250315189361572e-01
9.996929764747619629e-01 2.271714434027671814e-02 3.860882222652435303e-01
1.003807425498962402e+00 2.262387797236442566e-02 3.858645856380462646e-01
1.007935166358947754e+00 2.252948284149169922e-02 3.856541812419891357e-01
1.012066364288330078e+00 2.243882976472377777e-02 3.854753971099853516e-01
1.016192317008972168e+00 2.235464192926883698e-02 3.853403031826019287e-01
1.020310044288635254e+00 2.227771654725074768e-02 3.852500915527343750e-01
1.024419546127319336e+00 2.220885641872882843e-02 3.851983547210693359e-01
1.028526186943054199e+00 2.215036936104297638e-02 3.851918280124664307e-01
1.032634615898132324e+00 2.210375107824802399e-02 3.852299153804779053e-01
1.036743760108947754e+00 2.206914499402046204e-02 3.853070139884948730e-01
1.040852785110473633e+00 2.204661071300506592e-02 3.854201734066009521e-01
1.044966459274291992e+00 2.203714102506637573e-02 3.855719566345214844e-01
1.049086213111877441e+00 2.204225398600101471e-02 3.857563138008117676e-01
1.053210735321044922e+00 2.206287905573844910e-02 3.859660923480987549e-01
1.057337641716003418e+00 2.209995314478874207e-02 3.861970901489257812e-01
1.061457753181457520e+00 2.215899899601936340e-02 3.864077925682067871e-01
1.065570235252380371e+00 2.224423550069332123e-02 3.865750432014465332e-01
1.069675683975219727e+00 2.235663123428821564e-02 3.866990506649017334e-01
1.073771238327026367e+00 2.249711193144321442e-02 3.867980241775512695e-01
1.077848315238952637e+00 2.264925464987754822e-02 3.868948221206665039e-01
1.081905603408813477e+00 2.280543558299541473e-02 3.869962990283966064e-01
1.085945844650268555e+00 2.296576835215091705e-02 3.871054649353027344e-01
1.089970350265502930e+00 2.313024178147315979e-02 3.872236013412475586e-01
1.093964815139770508e+00 2.329286187887191772e-02 3.873143196105957031e-01
1.097929000854492188e+00 2.345130033791065216e-02 3.873799741268157959e-01
1.101870417594909668e+00 2.360655553638935089e-02 3.874366879463195801e-01
1.105793237686157227e+00 2.375938184559345245e-02 3.874907195568084717e-01
1.109696269035339355e+00 2.390995807945728302e-02 3.875322937965393066e-01
1.113584041595458984e+00 2.405847609043121338e-02 3.875616788864135742e-01
1.117462754249572754e+00 2.420531958341598511e-02 3.875864446163177490e-01
1.121337294578552246e+00 2.435086667537689209e-02 3.876076638698577881e-01
1.125204205513000488e+00 2.449709177017211914e-02 3.876185417175292969e-01
1.129064917564392090e+00 2.464510500431060791e-02 3.876183629035949707e-01
1.132926225662231445e+00 2.479470148682594299e-02 3.876093327999114990e-01
1.136793494224548340e+00 2.494558319449424744e-02 3.875919282436370850e-01
1.140661120414733887e+00 2.509937435388565063e-02 3.875631988048553467e-01
1.144529342651367188e+00 2.525685913860797882e-02 3.875224590301513672e-01
1.148405194282531738e+00 2.541762962937355042e-02 3.874686658382415771e-01
1.152293801307678223e+00 2.558135055005550385e-02 3.874001502990722656e-01
1.156190872192382812e+00 2.574872039258480072e-02 3.873243033885955811e-01
1.160097837448120117e+00 2.592008933424949646e-02 3.872386813163757324e-01
1.164020061492919922e+00 2.609524503350257874e-02 3.871372044086456299e-01
1.167962431907653809e+00 2.627399191260337830e-02 3.870165646076202393e-01
1.171922802925109863e+00 2.645732648670673370e-02 3.868898153305053711e-01
1.175901174545288086e+00 2.664530463516712189e-02 3.867540955543518066e-01
1.179903268814086914e+00 2.683764882385730743e-02 3.866007924079895020e-01
1.183933258056640625e+00 2.703413739800453186e-02 3.864257037639617920e-01
1.187986612319946289e+00 2.723404578864574432e-02 3.862418532371520996e-01
1.192063808441162109e+00 2.743729762732982635e-02 3.860447108745574951e-01
1.196165084838867188e+00 2.764387428760528564e-02 3.858348727226257324e-01
1.200285077095031738e+00 2.785215526819229126e-02 3.856278359889984131e-01
1.204411149024963379e+00 2.805432304739952087e-02 3.854447007179260254e-01
1.208533883094787598e+00 2.824670635163784027e-02 3.853020071983337402e-01
1.212649822235107422e+00 2.842962555587291718e-02 3.852019309997558594e-01
1.216758608818054199e+00 2.860305085778236389e-02 3.851378262042999268e-01
1.220865845680236816e+00 2.876203507184982300e-02 3.851196169853210449e-01
1.224972248077392578e+00 2.890446409583091736e-02 3.851478397846221924e-01
1.229078769683837891e+00 2.903160266578197479e-02 3.852170705795288086e-01
1.233186006546020508e+00 2.914446033537387848e-02 3.853227496147155762e-01
1.237297654151916504e+00 2.924243919551372528e-02 3.854684531688690186e-01
1.241416454315185547e+00 2.932529896497726440e-02 3.856469094753265381e-01
1.245541930198669434e+00 2.939347922801971436e-02 3.858501315116882324e-01
1.249673604965209961e+00 2.944719232618808746e-02 3.860715925693511963e-01
1.253810286521911621e+00 2.948697470128536224e-02 3.862923979759216309e-01
1.257954001426696777e+00 2.951117232441902161e-02 3.864811658859252930e-01
1.262091279029846191e+00 2.952096238732337952e-02 3.866504728794097900e-01
1.266213774681091309e+00 2.951466292142868042e-02 3.868357539176940918e-01
1.270301938056945801e+00 2.950332872569561005e-02 3.869746327400207520e-01
1.274355053901672363e+00 2.949270978569984436e-02 3.870815634727478027e-01
1.278382182121276855e+00 2.948224171996116638e-02 3.871792554855346680e-01
1.282387495040893555e+00 2.947120927274227142e-02 3.872789740562438965e-01
1.286366343498229980e+00 2.946408279240131378e-02 3.873631060123443604e-01
1.290325164794921875e+00 2.946092002093791962e-02 3.874391317367553711e-01
1.294270396232604980e+00 2.945894002914428711e-02 3.875200152397155762e-01
1.298207163810729980e+00 2.945622056722640991e-02 3.876096308231353760e-01
1.302133917808532715e+00 2.945516258478164673e-02 3.876948654651641846e-01
1.306052923202514648e+00 2.945522405207157135e-02 3.877708017826080322e-01
1.309970378875732422e+00 2.945413254201412201e-02 3.878399729728698730e-01
1.313890933990478516e+00 2.945027686655521393e-02 3.879009187221527100e-01
1.317807078361511230e+00 2.944474294781684875e-02 3.879440128803253174e-01
1.321720123291015625e+00 2.943701855838298798e-02 3.879648745059967041e-01
1.325635552406311035e+00 2.942568436264991760e-02 3.879625499248504639e-01
1.329560518264770508e+00 2.941001579165458679e-02 3.879356384277343750e-01
1.333485603332519531e+00 2.938938140869140625e-02 3.878871202468872070e-01
1.337410569190979004e+00 2.936336211860179901e-02 3.878185451030731201e-01
1.341343402862548828e+00 2.933183126151561737e-02 3.877259492874145508e-01
1.345290064811706543e+00 2.929491735994815826e-02 3.876064717769622803e-01
1.349245190620422363e+00 2.925083972513675690e-02 3.874734044075012207e-01
1.353209614753723145e+00 2.919921278953552246e-02 3.873274624347686768e-01
1.357190847396850586e+00 2.914110384881496429e-02 3.871612548828125000e-01
1.361194968223571777e+00 2.907751128077507019e-02 3.869709074497222900e-01
1.365215897560119629e+00 2.900724671781063080e-02 3.867715895175933838e-01
1.369255661964416504e+00 2.893007174134254456e-02 3.865606784820556641e-01
1.373320221900939941e+00 2.884694933891296387e-02 3.863290250301361084e-01
1.377415776252746582e+00 2.875871211290359497e-02 3.860726952552795410e-01
1.381532192230224609e+00 2.866555936634540558e-02 3.858112096786499023e-01
1.385655403137207031e+00 2.856932953000068665e-02 3.855736553668975830e-01
1.389785051345825195e+00 2.847232855856418610e-02 3.853603601455688477e-01
1.393921375274658203e+00 2.837599068880081177e-02 3.851734399795532227e-01
1.398056387901306152e+00 2.828605473041534424e-02 3.850293457508087158e-01
1.402184009552001953e+00 2.820536680519580841e-02 3.849376142024993896e-01
1.406303405761718750e+00 2.813452295958995819e-02 3.848888278007507324e-01
1.410417675971984863e+00 2.807356417179107666e-02 3.848769664764404297e-01
1.414531230926513672e+00 2.802396751940250397e-02 3.849129676818847656e-01
1.418648123741149902e+00 2.798679657280445099e-02 3.849934935569763184e-01
1.422767996788024902e+00 2.796230651438236237e-02 3.851139247417449951e-01
1.426889896392822266e+00 2.795076742768287659e-02 3.852703571319580078e-01
1.431015729904174805e+00 2.795445732772350311e-02 3.854538202285766602e-01
1.435145378112792969e+00 2.797578088939189911e-02 3.856506645679473877e-01
1.439277172088623047e+00 2.801598608493804932e-02 3.858550488948822021e-01
1.443408489227294922e+00 2.807617187500000000e-02 3.860618472099304199e-01
1.447530269622802734e+00 2.816043794155120850e-02 3.862370848655700684e-01
1.451643466949462891e+00 2.827180363237857819e-02 3.863644301891326904e-01
1.455745935440063477e+00 2.841095067560672760e-02 3.864765167236328125e-01
1.459836244583129883e+00 2.857212722301483154e-02 3.865948319435119629e-01
1.463902354240417480e+00 2.874048799276351929e-02 3.867004215717315674e-01
1.467940092086791992e+00 2.890800312161445618e-02 3.867953419685363770e-01
1.471950888633728027e+00 2.907495759427547455e-02 3.868819177150726318e-01
1.475935220718383789e+00 2.924145199358463287e-02 3.869595229625701904e-01
1.479884982109069824e+00 2.940272353589534760e-02 3.870067596435546875e-01
1.483804106712341309e+00 2.955786138772964478e-02 3.870335519313812256e-01
1.487701058387756348e+00 2.970847859978675842e-02 3.870567679405212402e-01
1.491581201553344727e+00 2.985578216612339020e-02 3.870833516120910645e-01
1.495445013046264648e+00 3.000134043395519257e-02 3.871029913425445557e-01
1.499295711517333984e+00 3.014586307108402252e-02 3.871154189109802246e-01
1.503140211105346680e+00 3.028963692486286163e-02 3.871249556541442871e-01
1.506983160972595215e+00 3.043263219296932220e-02 3.871320188045501709e-01
1.510820269584655762e+00 3.057686798274517059e-02 3.871305584907531738e-01
1.514652848243713379e+00 3.072349913418292999e-02 3.871200084686279297e-01
1.518487691879272461e+00 3.087212331593036652e-02 3.871028125286102295e-01
1.522330284118652344e+00 3.102251328527927399e-02 3.870778977870941162e-01
1.526174783706665039e+00 3.117598593235015869e-02 3.870435953140258789e-01
1.530022144317626953e+00 3.133323043584823608e-02 3.869982063770294189e-01
1.533878445625305176e+00 3.149389103055000305e-02 3.869396746158599854e-01
1.537749528884887695e+00 3.165757283568382263e-02 3.868668079376220703e-01
1.541630983352661133e+00 3.182511776685714722e-02 3.867879807949066162e-01
1.545524120330810547e+00 3.199674561619758606e-02 3.867017328739166260e-01
1.549434781074523926e+00 3.217221423983573914e-02 3.866009116172790527e-01
1.553367376327514648e+00 3.235129639506340027e-02 3.864820599555969238e-01
1.557319164276123047e+00 3.253477811813354492e-02 3.863574564456939697e-01
1.561291456222534180e+00 3.272272273898124695e-02 3.862247169017791748e-01
1.565289616584777832e+00 3.291492164134979248e-02 3.860741853713989258e-01
1.569316506385803223e+00 3.311119601130485535e-02 3.859016597270965576e-01
1.573367357254028320e+00 3.331035375595092773e-02 3.857201635837554932e-01
1.577442169189453125e+00 3.351233899593353271e-02 3.855274021625518799e-01
1.581533908843994141e+00 3.371614962816238403e-02 3.853395879268646240e-01
1.585641741752624512e+00 3.392043709754943848e-02 3.851595222949981689e-01
1.589753627777099609e+00 3.411685302853584290e-02 3.850107491016387939e-01
1.593859195709228516e+00 3.430167958140373230e-02 3.849124610424041748e-01
1.597956895828247070e+00 3.447534516453742981e-02 3.848586380481719971e-01
1.602048873901367188e+00 3.463822975754737854e-02 3.848403096199035645e-01
1.606139302253723145e+00 3.478648141026496887e-02 3.848694264888763428e-01
1.610231995582580566e+00 3.491856157779693604e-02 3.849445879459381104e-01
1.614327192306518555e+00 3.503576666116714478e-02 3.850595355033874512e-01
1.618424654006958008e+00 3.513910248875617981e-02 3.852094709873199463e-01
1.622528195381164551e+00 3.522796556353569031e-02 3.853962421417236328e-01
1.626640677452087402e+00 3.530200570821762085e-02 3.856121301651000977e-01
1.630761623382568359e+00 3.536161407828330994e-02 3.858473300933837891e-01
1.634889602661132812e+00 3.540679439902305603e-02 3.860946893692016602e-01
1.639021635055541992e+00 3.543945774435997009e-02 3.863271474838256836e-01
1.643152236938476562e+00 3.545978292822837830e-02 3.865011036396026611e-01
1.647269368171691895e+00 3.546491637825965881e-02 3.866831958293914795e-01
1.651367783546447754e+00 3.545670211315155029e-02 3.868741095066070557e-01
1.655431866645812988e+00 3.544590249657630920e-02 3.870144188404083252e-01
1.659465432167053223e+00 3.543754294514656067e-02 3.871201872825622559e-01
1.663476943969726562e+00 3.543030098080635071e-02 3.872144818305969238e-01
1.667471170425415039e+00 3.542307391762733459e-02 3.873088359832763672e-01
1.671442747116088867e+00 3.541953861713409424e-02 3.873900771141052246e-01
1.675395250320434570e+00 3.541961684823036194e-02 3.874649703502655029e-01
1.679335832595825195e+00 3.542070090770721436e-02 3.875446617603302002e-01
1.683269619941711426e+00 3.542102128267288208e-02 3.876318037509918213e-01
1.687193512916564941e+00 3.542292490601539612e-02 3.877131938934326172e-01
1.691110849380493164e+00 3.542600944638252258e-02 3.877839148044586182e-01
1.695026636123657227e+00 3.542811423540115356e-02 3.878453969955444336e-01
1.698946237564086914e+00 3.542781248688697815e-02 3.878964483737945557e-01
1.702861785888671875e+00 3.542590513825416565e-02 3.879289031028747559e-01
1.706773638725280762e+00 3.542186692357063293e-02 3.879391252994537354e-01
1.710689067840576172e+00 3.541447967290878296e-02 3.879262208938598633e-01
1.714613437652587891e+00 3.540308400988578796e-02 3.878880739212036133e-01
1.718539357185363770e+00 3.538675978779792786e-02 3.878302872180938721e-01
1.722466468811035156e+00 3.536505997180938721e-02 3.877540528774261475e-01
1.726401567459106445e+00 3.533812984824180603e-02 3.876549899578094482e-01
1.730351686477661133e+00 3.530634194612503052e-02 3.875302672386169434e-01
1.734311461448669434e+00 3.526764363050460815e-02 3.873930573463439941e-01
1.738281607627868652e+00 3.522178158164024353e-02 3.872440159320831299e-01
1.742269515991210938e+00 3.516991809010505676e-02 3.870755434036254883e-01
1.746281385421752930e+00 3.511319309473037720e-02 3.868838548660278320e-01
1.750310897827148438e+00 3.505032882094383240e-02 3.866833448410034180e-01
1.754360437393188477e+00 3.498110175132751465e-02 3.864718377590179443e-01
1.758435606956481934e+00 3.490649163722991943e-02 3.862399458885192871e-01
1.762542724609375000e+00 3.482729569077491760e-02 3.859837055206298828e-01
1.766666054725646973e+00 3.474412113428115845e-02 3.857330679893493652e-01
1.770792484283447266e+00 3.465945646166801453e-02 3.855134248733520508e-01
1.774923086166381836e+00 3.457508608698844910e-02 3.853231370449066162e-01
1.779055476188659668e+00 3.449248895049095154e-02 3.851650953292846680e-01
1.783186078071594238e+00 3.441757708787918091e-02 3.850542902946472168e-01
1.787309646606445312e+00 3.435304388403892517e-02 3.849950134754180908e-01
1.791427969932556152e+00 3.429930284619331360e-02 3.849753737449645996e-01
1.795541048049926758e+00 3.425617143511772156e-02 3.849934637546539307e-01
1.799654722213745117e+00 3.422478586435317993e-02 3.850575983524322510e-01
1.803772449493408203e+00 3.420609608292579651e-02 3.851654231548309326e-01
1.807893753051757812e+00 3.420049697160720825e-02 3.853116333484649658e-01
1.812017798423767090e+00 3.420833498239517212e-02 3.854924738407135010e-01
1.816143751144409180e+00 3.423286229372024536e-02 3.856894075870513916e-01
1.820271372795104980e+00 3.427721187472343445e-02 3.858844935894012451e-01
1.824398159980773926e+00 3.434275835752487183e-02 3.860716521739959717e-01
1.828520894050598145e+00 3.443069010972976685e-02 3.862458765506744385e-01
1.832632064819335938e+00 3.454351425170898438e-02 3.863807618618011475e-01
1.836732625961303711e+00 3.468377515673637390e-02 3.864692151546478271e-01
1.840822696685791016e+00 3.484977409243583679e-02 3.865594267845153809e-01
1.844900727272033691e+00 3.503611683845520020e-02 3.866661787033081055e-01
1.848953843116760254e+00 3.522808849811553955e-02 3.867569863796234131e-01
1.852975726127624512e+00 3.541747108101844788e-02 3.868329823017120361e-01
1.856969237327575684e+00 3.560412675142288208e-02 3.868995904922485352e-01
1.860935926437377930e+00 3.578818961977958679e-02 3.869611620903015137e-01
1.864870071411132812e+00 3.596639633178710938e-02 3.869983851909637451e-01
1.868776082992553711e+00 3.613867610692977905e-02 3.870174586772918701e-01
1.872661352157592773e+00 3.630647435784339905e-02 3.870338201522827148e-01
1.876531124114990234e+00 3.647100925445556641e-02 3.870533108711242676e-01
1.880386233329772949e+00 3.663402423262596130e-02 3.870661258697509766e-01
1.884229302406311035e+00 3.679624572396278381e-02 3.870714902877807617e-01
1.888067483901977539e+00 3.695800527930259705e-02 3.870730102062225342e-01
1.891905069351196289e+00 3.711920976638793945e-02 3.870713114738464355e-01
1.895738244056701660e+00 3.728180006146430969e-02 3.870613574981689453e-01
1.899566531181335449e+00 3.744691610336303711e-02 3.870432972908020020e-01
1.903398394584655762e+00 3.761415183544158936e-02 3.870189189910888672e-01
1.907238483428955078e+00 3.778330609202384949e-02 3.869871199131011963e-01
1.911081433296203613e+00 3.795544058084487915e-02 3.869463801383972168e-01
1.914928078651428223e+00 3.813125193119049072e-02 3.868948817253112793e-01
1.918784379959106445e+00 3.831048309803009033e-02 3.868298828601837158e-01
1.922655940055847168e+00 3.849283233284950256e-02 3.867501616477966309e-01
1.926539421081542969e+00 3.867908939719200134e-02 3.866651356220245361e-01
1.930435180664062500e+00 3.886949643492698669e-02 3.865733146667480469e-01
1.934349179267883301e+00 3.906377777457237244e-02 3.864673674106597900e-01
1.938286781311035156e+00 3.926176950335502625e-02 3.863434791564941406e-01
1.942245006561279297e+00 3.946403041481971741e-02 3.862141966819763184e-01
1.946223616600036621e+00 3.967060148715972900e-02 3.860766291618347168e-01
1.950228214263916016e+00 3.988132253289222717e-02 3.859212994575500488e-01
1.954263210296630859e+00 4.009607806801795959e-02 3.857441246509552002e-01
1.958321928977966309e+00 4.031339287757873535e-02 3.855579793453216553e-01
1.962401628494262695e+00 4.053279384970664978e-02 3.853670656681060791e-01
1.966494917869567871e+00 4.075275361537933350e-02 3.851882815361022949e-01
1.970602631568908691e+00 4.097243770956993103e-02 3.850208818912506104e-01
1.974712610244750977e+00 4.118288680911064148e-02 3.848892152309417725e-01
1.978814840316772461e+00 4.138021916151046753e-02 3.848103582859039307e-01
1.982909798622131348e+00 4.156493023037910461e-02 3.847734034061431885e-01
1.986998915672302246e+00 4.173791408538818359e-02 3.847735226154327393e-01
1.991086602210998535e+00 4.189570993185043335e-02 3.848206400871276855e-01
1.995177745819091797e+00 4.203725233674049377e-02 3.849125206470489502e-01
1.999271631240844727e+00 4.216383770108222961e-02 3.850430250167846680e-01
2.003368139266967773e+00 4.227629676461219788e-02 3.852071762084960938e-01
2.007470607757568359e+00 4.237404465675354004e-02 3.854060769081115723e-01
2.011583566665649414e+00 4.245663061738014221e-02 3.856309652328491211e-01
2.015704393386840820e+00 4.252426698803901672e-02 3.858721554279327393e-01
2.019832134246826172e+00 4.257695749402046204e-02 3.861214816570281982e-01
2.023961305618286133e+00 4.261753335595130920e-02 3.863462805747985840e-01
2.028083086013793945e+00 4.264714941382408142e-02 3.865120410919189453e-01
2.032188177108764648e+00 4.266227781772613525e-02 3.867042660713195801e-01
2.036276578903198242e+00 4.266519844532012939e-02 3.868968784809112549e-01
2.040332078933715820e+00 4.266723245382308960e-02 3.870452642440795898e-01
2.044357776641845703e+00 4.267311468720436096e-02 3.871569931507110596e-01
2.048362731933593750e+00 4.268085584044456482e-02 3.872571289539337158e-01
2.052351474761962891e+00 4.268884658813476562e-02 3.873562812805175781e-01
2.056318521499633789e+00 4.270027577877044678e-02 3.874432742595672607e-01
2.060268878936767578e+00 4.271488264203071594e-02 3.875243365764617920e-01
2.064207792282104492e+00 4.273006692528724670e-02 3.876087665557861328e-01
2.068140506744384766e+00 4.274414107203483582e-02 3.876989185810089111e-01
2.072063922882080078e+00 4.275934770703315735e-02 3.877817392349243164e-01
2.075980424880981445e+00 4.277545213699340820e-02 3.878523409366607666e-01
2.079896450042724609e+00 4.279041290283203125e-02 3.879125416278839111e-01
2.083816289901733398e+00 4.280287772417068481e-02 3.879604041576385498e-01
2.087732076644897461e+00 4.281357675790786743e-02 3.879891633987426758e-01
2.091644763946533203e+00 4.282204061746597290e-02 3.879955708980560303e-01
2.095560073852539062e+00 4.282715916633605957e-02 3.879787027835845947e-01
2.099485397338867188e+00 4.282839596271514893e-02 3.879365921020507812e-01
2.103412151336669922e+00 4.282457008957862854e-02 3.878752589225769043e-01
2.107341051101684570e+00 4.281524568796157837e-02 3.877961039543151855e-01
2.111278057098388672e+00 4.280067980289459229e-02 3.876944780349731445e-01
2.115230798721313477e+00 4.278137534856796265e-02 3.875675797462463379e-01
2.119194030761718750e+00 4.275524243712425232e-02 3.874289691448211670e-01
2.123168706893920898e+00 4.272197186946868896e-02 3.872784376144409180e-01
2.127161502838134766e+00 4.268278926610946655e-02 3.871082067489624023e-01
2.131178379058837891e+00 4.263895377516746521e-02 3.869146704673767090e-01
2.135214567184448242e+00 4.258921742439270020e-02 3.867125809192657471e-01
2.139270544052124023e+00 4.253325983881950378e-02 3.864988386631011963e-01
2.143353700637817383e+00 4.247201979160308838e-02 3.862641751766204834e-01
2.147468090057373047e+00 4.240639880299568176e-02 3.860057890415191650e-01
2.151594638824462891e+00 4.233808815479278564e-02 3.857618272304534912e-01
2.155722618103027344e+00 4.226953536272048950e-02 3.855489790439605713e-01
2.159853458404541016e+00 4.220237210392951965e-02 3.853668868541717529e-01
2.163984060287475586e+00 4.213798418641090393e-02 3.852191567420959473e-01
2.168109893798828125e+00 4.208196327090263367e-02 3.851222991943359375e-01
2.172229528427124023e+00 4.203690215945243835e-02 3.850760757923126221e-01
2.176344394683837891e+00 4.200306162238121033e-02 3.850682079792022705e-01
2.180454969406127930e+00 4.198026284575462341e-02 3.850982785224914551e-01
2.184566497802734375e+00 4.196937382221221924e-02 3.851744234561920166e-01
2.188683032989501953e+00 4.197131469845771790e-02 3.852933049201965332e-01
2.192803382873535156e+00 4.198656603693962097e-02 3.854497373104095459e-01
2.196926832199096680e+00 4.201562702655792236e-02 3.856395781040191650e-01
2.201051950454711914e+00 4.206230491399765015e-02 3.858402967453002930e-01
2.205175399780273438e+00 4.213003069162368774e-02 3.860302865505218506e-01
2.209295988082885742e+00 4.222026839852333069e-02 3.862033486366271973e-01
2.213410615921020508e+00 4.233422875404357910e-02 3.863548040390014648e-01
2.217513084411621094e+00 4.247308149933815002e-02 3.864623010158538818e-01
2.221602678298950195e+00 4.263875260949134827e-02 3.865313827991485596e-01
2.225680112838745117e+00 4.282700270414352417e-02 3.866178095340728760e-01
2.229745149612426758e+00 4.303410276770591736e-02 3.867181539535522461e-01
2.233783960342407227e+00 4.324594512581825256e-02 3.868037760257720947e-01
2.237790584564208984e+00 4.345436394214630127e-02 3.868751823902130127e-01
2.241769552230834961e+00 4.365957528352737427e-02 3.869399130344390869e-01
2.245722055435180664e+00 4.386189952492713928e-02 3.870025575160980225e-01
2.249643802642822266e+00 4.405898600816726685e-02 3.870433866977691650e-01
2.253539562225341797e+00 4.425092041492462158e-02 3.870662748813629150e-01
2.257416486740112305e+00 4.443898797035217285e-02 3.870852887630462646e-01
2.261280298233032227e+00 4.462422430515289307e-02 3.871058821678161621e-01
2.265129804611206055e+00 4.480824247002601624e-02 3.871189653873443604e-01
2.268969535827636719e+00 4.499189183115959167e-02 3.871226012706756592e-01
2.272804498672485352e+00 4.517547786235809326e-02 3.871204853057861328e-01
2.276641607284545898e+00 4.535897821187973022e-02 3.871127367019653320e-01
2.280474185943603516e+00 4.554422944784164429e-02 3.870960474014282227e-01
2.284303188323974609e+00 4.573231562972068787e-02 3.870708942413330078e-01
2.288136005401611328e+00 4.592293873429298401e-02 3.870385885238647461e-01
2.291978836059570312e+00 4.611589014530181885e-02 3.869976997375488281e-01
2.295824527740478516e+00 4.631208255887031555e-02 3.869476020336151123e-01
2.299674510955810547e+00 4.651207849383354187e-02 3.868866264820098877e-01
2.303536415100097656e+00 4.671572521328926086e-02 3.868118822574615479e-01
2.307414770126342773e+00 4.692287743091583252e-02 3.867214322090148926e-01
2.311305522918701172e+00 4.713429883122444153e-02 3.866257071495056152e-01
2.315209865570068359e+00 4.735023528337478638e-02 3.865233659744262695e-01
2.319133281707763672e+00 4.757037386298179626e-02 3.864071071147918701e-01
2.323081493377685547e+00 4.779451712965965271e-02 3.862731158733367920e-01
2.327049732208251953e+00 4.802316427230834961e-02 3.861336708068847656e-01
2.331040382385253906e+00 4.825627058744430542e-02 3.859855830669403076e-01
2.335057973861694336e+00 4.849370196461677551e-02 3.858197331428527832e-01
2.339106082916259766e+00 4.873539507389068604e-02 3.856321573257446289e-01
2.343178749084472656e+00 4.897955060005187988e-02 3.854353129863739014e-01
2.347265958786010742e+00 4.922490566968917847e-02 3.852494060993194580e-01
2.351364374160766602e+00 4.946930333971977234e-02 3.850801885128021240e-01
2.355472803115844727e+00 4.971228539943695068e-02 3.849282264709472656e-01
2.359581470489501953e+00 4.994459822773933411e-02 3.848172426223754883e-01
2.363681793212890625e+00 5.016221106052398682e-02 3.847582340240478516e-01
2.367777109146118164e+00 5.036599561572074890e-02 3.847398459911346436e-01
2.371866464614868164e+00 5.055684596300125122e-02 3.847594261169433594e-01
2.375954866409301758e+00 5.073225498199462891e-02 3.848251402378082275e-01
2.380047559738159180e+00 5.089160799980163574e-02 3.849341273307800293e-01
2.384144306182861328e+00 5.103599280118942261e-02 3.850796818733215332e-01
2.388243913650512695e+00 5.116615816950798035e-02 3.852575123310089111e-01
2.392350196838378906e+00 5.128142610192298889e-02 3.854673802852630615e-01
2.396465778350830078e+00 5.138113722205162048e-02 3.856993913650512695e-01
2.400590181350708008e+00 5.146535113453865051e-02 3.859435617923736572e-01
2.404721260070800781e+00 5.153398960828781128e-02 3.861913681030273438e-01
2.408850431442260742e+00 5.159085616469383240e-02 3.864035606384277344e-01
2.412961721420288086e+00 5.163779109716415405e-02 3.865746259689331055e-01
2.417053937911987305e+00 5.167211219668388367e-02 3.867637515068054199e-01
2.421129465103149414e+00 5.169568583369255066e-02 3.869535923004150391e-01
2.425172328948974609e+00 5.171993002295494080e-02 3.871012032032012939e-01
2.429185867309570312e+00 5.174885317683219910e-02 3.872123956680297852e-01
2.433179855346679688e+00 5.177988111972808838e-02 3.873130083084106445e-01
2.437159061431884766e+00 5.181100219488143921e-02 3.874136209487915039e-01
2.441119432449340820e+00 5.184482783079147339e-02 3.875033557415008545e-01
2.445063352584838867e+00 5.188088119029998779e-02 3.875870406627655029e-01
2.448997735977172852e+00 5.191668123006820679e-02 3.876729309558868408e-01
2.452927112579345703e+00 5.195062980055809021e-02 3.877626061439514160e-01
2.456849098205566406e+00 5.198486521840095520e-02 3.878431022167205811e-01
2.460764169692993164e+00 5.201924219727516174e-02 3.879098892211914062e-01
2.464679241180419922e+00 5.205184593796730042e-02 3.879638016223907471e-01
2.468598604202270508e+00 5.208152905106544495e-02 3.880034089088439941e-01
2.472515106201171875e+00 5.210892483592033386e-02 3.880234956741333008e-01
2.476427555084228516e+00 5.213357880711555481e-02 3.880215585231781006e-01
2.480344057083129883e+00 5.215458571910858154e-02 3.879964947700500488e-01
2.484270095825195312e+00 5.217134952545166016e-02 3.879459202289581299e-01
2.488199234008789062e+00 5.218257755041122437e-02 3.878771960735321045e-01
2.492130756378173828e+00 5.218782275915145874e-02 3.877918422222137451e-01
2.496072530746459961e+00 5.218752473592758179e-02 3.876844644546508789e-01
2.500030279159545898e+00 5.218230932950973511e-02 3.875523805618286133e-01
2.503999233245849609e+00 5.217005684971809387e-02 3.874087631702423096e-01
2.507980585098266602e+00 5.215056613087654114e-02 3.872534334659576416e-01
2.511981487274169922e+00 5.212503671646118164e-02 3.870781362056732178e-01
2.516007661819458008e+00 5.209477245807647705e-02 3.868797421455383301e-01
2.520053863525390625e+00 5.205855146050453186e-02 3.866719901561737061e-01
2.524121284484863281e+00 5.201606452465057373e-02 3.864522278308868408e-01
2.528215646743774414e+00 5.196813493967056274e-02 3.862108886241912842e-01
2.532336711883544922e+00 5.191610753536224365e-02 3.859564960002899170e-01
2.536467313766479492e+00 5.186374858021736145e-02 3.857201337814331055e-01
2.540597677230834961e+00 5.181328207254409790e-02 3.855143189430236816e-01
2.544725894927978516e+00 5.176601931452751160e-02 3.853402435779571533e-01
2.548851966857910156e+00 5.172319337725639343e-02 3.852027058601379395e-01
2.552971601486206055e+00 5.168933048844337463e-02 3.851167559623718262e-01
2.557086944580078125e+00 5.166669934988021851e-02 3.850774168968200684e-01
2.561198472976684570e+00 5.165527015924453735e-02 3.850778937339782715e-01
2.565306186676025391e+00 5.165519937872886658e-02 3.851166367530822754e-01
2.569414615631103516e+00 5.166701227426528931e-02 3.852006793022155762e-01
2.573528051376342773e+00 5.169168114662170410e-02 3.853276371955871582e-01
2.577647209167480469e+00 5.172988027334213257e-02 3.854919075965881348e-01
2.581768035888671875e+00 5.178225412964820862e-02 3.856897056102752686e-01
2.585889577865600586e+00 5.185301974415779114e-02 3.858917057514190674e-01
2.590008497238159180e+00 5.194614827632904053e-02 3.860731720924377441e-01
2.594121694564819336e+00 5.206321552395820618e-02 3.862279355525970459e-01
2.598225593566894531e+00 5.220551416277885437e-02 3.863516151905059814e-01
2.602315902709960938e+00 5.237148702144622803e-02 3.864290118217468262e-01
2.606389284133911133e+00 5.256060883402824402e-02 3.865046501159667969e-01
2.610449552536010742e+00 5.276691168546676636e-02 3.865959346294403076e-01
2.614497900009155273e+00 5.298930406570434570e-02 3.867029845714569092e-01
2.618518114089965820e+00 5.321525409817695618e-02 3.867953419685363770e-01
2.622507095336914062e+00 5.343781411647796631e-02 3.868698179721832275e-01
2.626468896865844727e+00 5.365735664963722229e-02 3.869366645812988281e-01
2.630406618118286133e+00 5.387421697378158569e-02 3.870008289813995361e-01
2.634315967559814453e+00 5.408664792776107788e-02 3.870445191860198975e-01
2.638202428817749023e+00 5.429461225867271423e-02 3.870700597763061523e-01
2.642073154449462891e+00 5.449921637773513794e-02 3.870901465415954590e-01
2.645933628082275391e+00 5.470138415694236755e-02 3.871090710163116455e-01
2.649781703948974609e+00 5.490267276763916016e-02 3.871182501316070557e-01
2.653621196746826172e+00 5.510405078530311584e-02 3.871161639690399170e-01
2.657458782196044922e+00 5.530569329857826233e-02 3.871062695980072021e-01
2.661298513412475586e+00 5.550770834088325500e-02 3.870889246463775635e-01
2.665135383605957031e+00 5.571186169981956482e-02 3.870614469051361084e-01
2.668970108032226562e+00 5.591916292905807495e-02 3.870248496532440186e-01
2.672808885574340820e+00 5.612937361001968384e-02 3.869795501232147217e-01
2.676658391952514648e+00 5.634223297238349915e-02 3.869251310825347900e-01
2.680512666702270508e+00 5.655839294195175171e-02 3.868621587753295898e-01
2.684372663497924805e+00 5.677837878465652466e-02 3.867885470390319824e-01
2.688245058059692383e+00 5.700217559933662415e-02 3.867007493972778320e-01
2.692134141921997070e+00 5.722967907786369324e-02 3.865961730480194092e-01
2.696038484573364258e+00 5.746174976229667664e-02 3.864871561527252197e-01
2.699958086013793945e+00 5.769863352179527283e-02 3.863722085952758789e-01
2.703897237777709961e+00 5.794005841016769409e-02 3.862435519695281982e-01
2.707862377166748047e+00 5.818583071231842041e-02 3.860961794853210449e-01
2.711850166320800781e+00 5.843608453869819641e-02 3.859436810016632080e-01
2.715860128402709961e+00 5.869072303175926208e-02 3.857829868793487549e-01
2.719897508621215820e+00 5.894982069730758667e-02 3.856044709682464600e-01
2.723966360092163086e+00 5.921342223882675171e-02 3.854030668735504150e-01
2.728056430816650391e+00 5.947860702872276306e-02 3.852003216743469238e-01
2.732153177261352539e+00 5.974241718649864197e-02 3.850235044956207275e-01
2.736257553100585938e+00 6.000391021370887756e-02 3.848699927330017090e-01
2.740366935729980469e+00 6.026248633861541748e-02 3.847417235374450684e-01
2.744474411010742188e+00 6.050863116979598999e-02 3.846608996391296387e-01
2.748576402664184570e+00 6.073819845914840698e-02 3.846292197704315186e-01
2.752674818038940430e+00 6.095272675156593323e-02 3.846385478973388672e-01
2.756768226623535156e+00 6.115315482020378113e-02 3.846859037876129150e-01
2.760863065719604492e+00 6.133804842829704285e-02 3.847778737545013428e-01
2.764962434768676758e+00 6.150716543197631836e-02 3.849112093448638916e-01
2.769067049026489258e+00 6.166144832968711853e-02 3.850793242454528809e-01
2.773175477981567383e+00 6.180160120129585266e-02 3.852759003639221191e-01
2.777291774749755859e+00 6.192674115300178528e-02 3.855007886886596680e-01
2.781416654586791992e+00 6.203609332442283630e-02 3.857409358024597168e-01
2.785550355911254883e+00 6.212943047285079956e-02 3.859851360321044922e-01
2.789690971374511719e+00 6.220636889338493347e-02 3.862253725528717041e-01
2.793821573257446289e+00 6.227363273501396179e-02 3.864129483699798584e-01
2.797925949096679688e+00 6.233274564146995544e-02 3.865890204906463623e-01
2.802000999450683594e+00 6.238429993391036987e-02 3.867710232734680176e-01
2.806049585342407227e+00 6.242915615439414978e-02 3.869439065456390381e-01
2.810063600540161133e+00 6.247713044285774231e-02 3.870735466480255127e-01
2.814049720764160156e+00 6.253071129322052002e-02 3.871690630912780762e-01
2.818017005920410156e+00 6.258665025234222412e-02 3.872564733028411865e-01
2.821972131729125977e+00 6.264254450798034668e-02 3.873457908630371094e-01
2.825911283493041992e+00 6.270037591457366943e-02 3.874268233776092529e-01
2.829836606979370117e+00 6.275952607393264771e-02 3.875025212764739990e-01
2.833755254745483398e+00 6.281765550374984741e-02 3.875790238380432129e-01
2.837671279907226562e+00 6.287331879138946533e-02 3.876577317714691162e-01
2.841579675674438477e+00 6.292834132909774780e-02 3.877260386943817139e-01
2.845483303070068359e+00 6.298258155584335327e-02 3.877791166305541992e-01
2.849387168884277344e+00 6.303443014621734619e-02 3.878177404403686523e-01
2.853297710418701172e+00 6.308299303054809570e-02 3.878402709960937500e-01
2.857205152511596680e+00 6.312862783670425415e-02 3.878445029258728027e-01
2.861109972000122070e+00 6.317088007926940918e-02 3.878292739391326904e-01
2.865019321441650391e+00 6.320910155773162842e-02 3.877924084663391113e-01
2.868939638137817383e+00 6.324307620525360107e-02 3.877316415309906006e-01
2.872864246368408203e+00 6.327116489410400391e-02 3.876556158065795898e-01
2.876793861389160156e+00 6.329304724931716919e-02 3.875656127929687500e-01
2.880735397338867188e+00 6.330941617488861084e-02 3.874557912349700928e-01
2.884695291519165039e+00 6.332108378410339355e-02 3.873231112957000732e-01
2.888669252395629883e+00 6.332605332136154175e-02 3.871801793575286865e-01
2.892656087875366211e+00 6.332416832447052002e-02 3.870255053043365479e-01
2.896665334701538086e+00 6.331673264503479004e-02 3.868513703346252441e-01
2.900700569152832031e+00 6.330487877130508423e-02 3.866542875766754150e-01
2.904757022857666016e+00 6.328746676445007324e-02 3.864473104476928711e-01
2.908835172653198242e+00 6.326397508382797241e-02 3.862275481224060059e-01
2.912937641143798828e+00 6.323563307523727417e-02 3.859956562519073486e-01
2.917057991027832031e+00 6.320495903491973877e-02 3.857694268226623535e-01
2.921185016632080078e+00 6.317555159330368042e-02 3.855656683444976807e-01
2.925309896469116211e+00 6.314977258443832397e-02 3.853976428508758545e-01
2.929429531097412109e+00 6.312862783670425415e-02 3.852672576904296875e-01
2.933541297912597656e+00 6.311322748661041260e-02 3.851788341999053955e-01
2.937647819519042969e+00 6.310732662677764893e-02 3.851366043090820312e-01
2.941752910614013672e+00 6.311263144016265869e-02 3.851370811462402344e-01
2.945856571197509766e+00 6.312934309244155884e-02 3.851760327816009521e-01
2.949956655502319336e+00 6.315757334232330322e-02 3.852508664131164551e-01
2.954060316085815430e+00 6.319779902696609497e-02 3.853685855865478516e-01
2.958169221878051758e+00 6.325104832649230957e-02 3.855257034301757812e-01
2.962281703948974609e+00 6.331823021173477173e-02 3.857169747352600098e-01
2.966398000717163086e+00 6.340008974075317383e-02 3.859377503395080566e-01
2.970508337020874023e+00 6.350152939558029175e-02 3.861485123634338379e-01
2.974612474441528320e+00 6.362732499837875366e-02 3.863245844841003418e-01
2.978711128234863281e+00 6.377905607223510742e-02 3.864664733409881592e-01
2.982803821563720703e+00 6.395760923624038696e-02 3.865757286548614502e-01
2.986881732940673828e+00 6.415586173534393311e-02 3.866490721702575684e-01
2.990943908691406250e+00 6.436701118946075439e-02 3.867432475090026855e-01
2.994990825653076172e+00 6.458793580532073975e-02 3.868598341941833496e-01
2.999024868011474609e+00 6.481885910034179688e-02 3.869945704936981201e-01
3.003031253814697266e+00 6.505130231380462646e-02 3.871101737022399902e-01
3.007007837295532227e+00 6.528087705373764038e-02 3.872005939483642578e-01
3.010959625244140625e+00 6.550768017768859863e-02 3.872795403003692627e-01
3.014890193939208984e+00 6.573198735713958740e-02 3.873530328273773193e-01
3.018796205520629883e+00 6.595238298177719116e-02 3.874068558216094971e-01
3.022681951522827148e+00 6.616865843534469604e-02 3.874434828758239746e-01
3.026555538177490234e+00 6.638168543577194214e-02 3.874730169773101807e-01
3.030420303344726562e+00 6.659206002950668335e-02 3.874991834163665771e-01
3.034275531768798828e+00 6.680152565240859985e-02 3.875150680541992188e-01
3.038123369216918945e+00 6.701116263866424561e-02 3.875187933444976807e-01
3.041969060897827148e+00 6.722109764814376831e-02 3.875135183334350586e-01
3.045819282531738281e+00 6.743136048316955566e-02 3.874991834163665771e-01
