-1.624718683503552484e+03 3.231892865927713387e+02 4.455885060263490232e+02
-1.624773771852482014e+03 3.230789094386421425e+02 4.455060398583942174e+02
-1.624815939283934313e+03 3.231215716134111062e+02 4.455025313777842939e+02
-1.625464753600247150e+03 3.231921950527793115e+02 4.454942802222280989e+02
-1.625063475005458940e+03 3.236269415989391405e+02 4.461170118040527655e+02
-1.624785913232170060e+03 3.231374516620090844e+02 4.467270679188021063e+02
-1.624840439559859760e+03 3.235223963206874487e+02 4.470836515304939098e+02
-1.625401861887180075e+03 3.237561339112043015e+02 4.470334272862974103e+02
-1.625672124239803907e+03 3.236961181340000735e+02 4.480291795904400942e+02
-1.625813956909454873e+03 3.241177498803854178e+02 4.487631002413782539e+02
-1.625077650823272279e+03 3.245432424108402074e+02 4.533574716814498515e+02
-1.625171035216159453e+03 3.244184120619494252e+02 4.541660167156102830e+02
-1.625188803861110046e+03 3.244768144197145148e+02 4.554220295730750649e+02
-1.625180465632794267e+03 3.244034994164621253e+02 4.559702764047911501e+02
-1.625207686871935039e+03 3.240765381784477768e+02 4.564395448029249565e+02
-1.626130032408292209e+03 3.233241232851721634e+02 4.568713572832816681e+02
-1.625190036200999430e+03 3.227516592412922591e+02 4.587445647660502459e+02
-1.625399689840516885e+03 3.224786425464501463e+02 4.589992180332232579e+02
-1.625399689840516885e+03 3.224786425464501463e+02 4.589992180332232579e+02
-1.624538671262993603e+03 3.220021041241624857e+02 4.598371891806139615e+02
-1.624195603768527462e+03 3.217824690764263096e+02 4.610606548338792550e+02
-1.623521232495046434e+03 3.213367838838133252e+02 4.619628123094141756e+02
-1.623068907419667767e+03 3.211552952032275812e+02 4.622789885692299663e+02
-1.623068907419667767e+03 3.211552952032275812e+02 4.622789885692299663e+02
-1.622648708338927463e+03 3.209317247547209035e+02 4.627885341252552962e+02
-1.620903500012372206e+03 3.202100511101019151e+02 4.638013315888142643e+02
-1.619456800083771441e+03 3.196601034800092975e+02 4.647370113589450398e+02
-1.618034835628859810e+03 3.208739936610418795e+02 4.659026898391531972e+02
-1.617038851949325590e+03 3.185085233089394023e+02 4.671024803361315207e+02
-1.616026915926086076e+03 3.187782476315942404e+02 4.675912196857312324e+02
-1.614771687210379014e+03 3.181403726216001928e+02 4.677849412179991759e+02
-1.613325366244081806e+03 3.183383386267303763e+02 4.675756509567493708e+02
-1.612520036797613102e+03 3.181606923021328726e+02 4.677462678474862514e+02
-1.612520036797613102e+03 3.181606923021328726e+02 4.677462678474862514e+02
-1.609755788397857941e+03 3.169940852034271188e+02 4.690644599412943307e+02
-1.607968280361676307e+03 3.173417714487429180e+02 4.682790096504815551e+02
-1.605722486163298299e+03 3.166958553910102978e+02 4.681750133655493187e+02
-1.604058884484223881e+03 3.172794007632408579e+02 4.692620961188932824e+02
-1.603436783437727627e+03 3.171306735132560561e+02 4.693181092977994240e+02
-1.600304361006340741e+03 3.160796906819733181e+02 4.700323134007379622e+02
-1.598772672688185594e+03 3.152637159549923922e+02 4.705304238913716972e+02
-1.598772672688185594e+03 3.152637159549923922e+02 4.705304238913716972e+02
-1.594406198620147507e+03 3.139926694260906856e+02 4.724282280928424598e+02
-1.593470569884324277e+03 3.142738973728420433e+02 4.725604911460742983e+02
-1.590947983426529390e+03 3.139280396605557826e+02 4.716615589328224019e+02
-1.588768119780787856e+03 3.138758091050616486e+02 4.719044053517569068e+02
-1.586409756238611180e+03 3.147597619425015409e+02 4.732659990155542573e+02
-1.585035268471078325e+03 3.147509091710965095e+02 4.735990643500654187e+02
-1.582225432313302463e+03 3.140565022093111907e+02 4.739954145336860165e+02
-1.579834036339882005e+03 3.135076591106027877e+02 4.745061181537230368e+02
-1.578556621741310209e+03 3.128244553443871041e+02 4.754242447246096503e+02
-1.575727372277326822e+03 3.126708138676508497e+02 4.762329784055140180e+02
-1.573876517191722314e+03 3.126345104061336997e+02 4.759077587116581753e+02
-1.571004284121856927e+03 3.123180325604052996e+02 4.770833471856732899e+02
-1.569379870005820294e+03 3.126093515464431789e+02 4.767089426148023676e+02
-1.567036739762878369e+03 3.119850951963121020e+02 4.777896149733512061e+02
-1.562973317429486542e+03 3.122655186530201377e+02 4.777642378176513489e+02
-1.559992617624687682e+03 3.127943656949869364e+02 4.778776371295446097e+02
-1.558381809196327140e+03 3.128142456200821471e+02 4.782674961960804580e+02
-1.556586888318000547e+03 3.127896436860220319e+02 4.785498920070893405e+02
-1.552812958790375887e+03 3.130997960603596653e+02 4.790572219367352886e+02
-1.549263404637600161e+03 3.132253209010360706e+02 4.797113554366386552e+02
-1.549263404637600161e+03 3.132253209010360706e+02 4.797113554366386552e+02
-1.547848628361090960e+03 3.122495833432527093e+02 4.803172905242958564e+02
-1.544186980153855302e+03 3.124391686574289224e+02 4.809045619797473705e+02
-1.544186980153855302e+03 3.124391686574289224e+02 4.809045619797473705e+02
-1.536717302293950297e+03 3.126161317531851864e+02 4.823684596864536616e+02
-1.534447216873492380e+03 3.126899555854414530e+02 4.834138492487099938e+02
-1.528506312952081771e+03 3.129402070969393890e+02 4.844963116832234959e+02
-1.528040881335091626e+03 3.129699244598529617e+02 4.848321841474005396e+02
-1.523471897216111302e+03 3.136604810802508609e+02 4.856698616282982925e+02
-1.519080312499372667e+03 3.146672642705198086e+02 4.856990096853501768e+02
-1.515155100569178103e+03 3.155165093700577472e+02 4.864449667846251373e+02
-1.512924584061635642e+03 3.160887946156315707e+02 4.869258855645281301e+02
-1.508996786789559337e+03 3.165380305113284294e+02 4.872683492382336681e+02
-1.506590977634919682e+03 3.171893473757994570e+02 4.876694607867125342e+02
-1.502135425137590801e+03 3.180195782049156605e+02 4.881330502438347594e+02
-1.499790869278969922e+03 3.186290835487905042e+02 4.884059280581078610e+02
-1.495797449921173893e+03 3.190391318567508847e+02 4.892807436109199557e+02
-1.490767029306850873e+03 3.201149879512929601e+02 4.887173231933783768e+02
-1.486288657846289652e+03 3.213028375021946772e+02 4.885875531604052071e+02
-1.483313126663193088e+03 3.211190933614230971e+02 4.894266996164974444e+02
-1.478214872949676646e+03 3.217872063037663111e+02 4.892497546604706713e+02
-1.475680604874359460e+03 3.221963875618504289e+02 4.891700188384904209e+02
-1.470984312861850412e+03 3.222566144668127777e+02 4.887169192758667009e+02
-1.468228014217723512e+03 3.230765707407196601e+02 4.889720019268150395e+02
-1.463441093186162334e+03 3.234871337109494220e+02 4.890452853353137925e+02
-1.463441093186162334e+03 3.234871337109494220e+02 4.890452853353137925e+02
-1.455939848937070337e+03 3.237752641592903728e+02 4.892180214872579427e+02
-1.453540794137433977e+03 3.238655459952094589e+02 4.894467349828424858e+02
-1.449033175829912807e+03 3.239433809513545270e+02 4.901835806997420377e+02
-1.444645372828232894e+03 3.237156790350957181e+02 4.913401954307985307e+02
-1.440142015041587683e+03 3.241374798196085862e+02 4.920911790058768247e+02
-1.438064584860325340e+03 3.241273156690172073e+02 4.926014838565309901e+02
-1.433832891647275119e+03 3.244940532647358395e+02 4.933900195281019023e+02
-1.432023185378270909e+03 3.246044672835728875e+02 4.938113335817378129e+02
-1.427610629993003840e+03 3.252554868206226502e+02 4.945255092697103123e+02
-1.423385940032462031e+03 3.261169020228769000e+02 4.949062075215227878e+02
-1.421244158885310526e+03 3.264828040479843025e+02 4.951685951406149684e+02
-1.419261002651083572e+03 3.269901135152028928e+02 4.955820526775210055e+02
-1.412628898438572151e+03 3.283848830693107743e+02 4.961768389040360603e+02
-1.412628898438572151e+03 3.283848830693107743e+02 4.961768389040360603e+02
-1.408433738554707816e+03 3.294779007908236395e+02 4.963969281783382144e+02
-1.405084943331361956e+03 3.305899019322375239e+02 4.962617789175770895e+02
-1.399422127692264894e+03 3.302007285425413556e+02 4.971938742627011152e+02
-1.397328406457763776e+03 3.303323191562929537e+02 4.973429499121311892e+02
-1.392694740351165819e+03 3.307287266869885229e+02 4.974891395317816887e+02
-1.390404359857467625e+03 3.307148446566652069e+02 4.974942455433629220e+02
-1.386024945276466497e+03 3.307632825757587511e+02 4.975408546121682321e+02
-1.383733437631108245e+03 3.308227912245003495e+02 4.974220220652867397e+02
-1.379335454409813792e+03 3.309504746487356783e+02 4.973326157649192965e+02
-1.374867260527048757e+03 3.310337825316817089e+02 4.970796879291301025e+02
-1.370205128862860875e+03 3.311475078878208365e+02 4.966524743401433284e+02
-1.368153707266056244e+03 3.316484839307990455e+02 4.962813394328091476e+02
-1.363569312080354393e+03 3.314778425810940234e+02 4.960339436085827742e+02
-1.361116428095311221e+03 3.315669884057830927e+02 4.955473929618352713e+02
-1.356646681431277329e+03 3.319460138397376454e+02 4.950458358583077825e+02
-1.351904496671698780e+03 3.324992449853615994e+02 4.943399726682399091e+02
-1.349714717753309742e+03 3.332019740837247355e+02 4.936554058240948848e+02
-1.347196926894107037e+03 3.332025510919871181e+02 4.934206868997185893e+02
-1.342315673839189230e+03 3.337610269895010333e+02 4.925875600372856979e+02
-1.337598363411415448e+03 3.345948808171759197e+02 4.916216572014114945e+02
-1.335173459433550761e+03 3.350438277570406740e+02 4.911654434184134175e+02
-1.328183042226334919e+03 3.366491378163883610e+02 4.907288350303691686e+02
-1.326197260427787342e+03 3.379362932574967431e+02 4.910511742548001166e+02
-1.323233378164741680e+03 3.380669689173425354e+02 4.899816791489035381e+02
-1.319073075859397704e+03 3.396526168547104021e+02 4.900763547423810564e+02
-1.316727725514025224e+03 3.401754710952179153e+02 4.902437682196994047e+02
-1.312506855328441588e+03 3.412212595874880208e+02 4.907464397564667138e+02
-1.310465313959423383e+03 3.417633116293800413e+02 4.909252968198765075e+02
-1.306154981921868057e+03 3.425453280615922154e+02 4.911820101004987009e+02
-1.303880650079534462e+03 3.428217170693044409e+02 4.914663212858397969e+02
-1.296463125486381387e+03 3.423934571202609050e+02 4.920418394057511478e+02
-1.294374164411111224e+03 3.425906577523471697e+02 4.923674458296051171e+02
-1.289550581192738946e+03 3.428524055311027041e+02 4.931493138534398213e+02
-1.287278204699947992e+03 3.426682691400562248e+02 4.934477306855289385e+02
-1.282605779152798050e+03 3.430602229784192332e+02 4.939977703664719684e+02
-1.277856120421371543e+03 3.435188334734994555e+02 4.945134900831806704e+02
-1.275548851769654902e+03 3.438980324888568134e+02 4.948050633927816193e+02
-1.273357237851413174e+03 3.441920943315581667e+02 4.949891290942148316e+02
-1.268634884965600122e+03 3.449095660280410698e+02 4.953950343709500430e+02
-1.264444388774331173e+03 3.455249101337629440e+02 4.960056085685822609e+02
-1.261884027215744709e+03 3.458738048967549048e+02 4.961038013611420752e+02
-1.257197346670831621e+03 3.466890854741679959e+02 4.961139109343735640e+02
-1.252722654752059725e+03 3.477833250668824121e+02 4.964381405640833691e+02
-1.250045954968408978e+03 3.479636531602967580e+02 4.962385269195611386e+02
-1.246260643792167457e+03 3.491816212672623578e+02 4.969143582462095878e+02
-1.243845337857708728e+03 3.496379651316246964e+02 4.969707694312692752e+02
-1.239999626726296810e+03 3.512878649334484180e+02 4.948824908082989964e+02
-1.235779967993903028e+03 3.521036822036015224e+02 4.950251878208230778e+02
-1.233174242789274558e+03 3.522084637934204920e+02 4.949616612745070370e+02
-1.228451206069642012e+03 3.526113897750822730e+02 4.950890026130929868e+02
-1.223014429388828830e+03 3.524488979272292113e+02 4.973674758039513222e+02
-1.220511344896337732e+03 3.527896689700306183e+02 4.974333760861046585e+02
-1.218260258046855597e+03 3.528127320781590015e+02 4.973064175562989249e+02
-1.218260258046855597e+03 3.528127320781590015e+02 4.973064175562989249e+02
-1.208158511743787130e+03 3.524877327177055122e+02 4.963389907988787400e+02
-1.205809853621922002e+03 3.525675874991825935e+02 4.961163186959005316e+02
-1.201730725380000649e+03 3.538364348032209818e+02 4.962530638333783486e+02
-1.199337500463761216e+03 3.534513188101564651e+02 4.960070665447138367e+02
-1.194051631512233826e+03 3.538673565844131303e+02 4.961578450567850496e+02
-1.191830514522540852e+03 3.540725103926622523e+02 4.959119436025773666e+02
-1.184963151465710098e+03 3.543460116584481625e+02 4.955441112418791363e+02
-1.182382611618150804e+03 3.547910243467968598e+02 4.954034792136092733e+02
-1.177628522462523733e+03 3.552812101390835551e+02 4.949890669332087896e+02
-1.175639688843604745e+03 3.553595568261524704e+02 4.950748723117204690e+02
-1.173540698315959844e+03 3.556373876636509976e+02 4.950481661296947777e+02
-1.168803518647592909e+03 3.559854939411166015e+02 4.947112256665974428e+02
-1.164202610768856630e+03 3.564611007341424624e+02 4.945399831685388676e+02
-1.161888171960911677e+03 3.567360008855289948e+02 4.946226951519961972e+02
-1.159441905167805089e+03 3.567534739872838259e+02 4.942890177026126253e+02
-1.155925138001765617e+03 3.583069383648811481e+02 4.922993359642676410e+02
-1.151193608538855187e+03 3.583170081885250511e+02 4.925321370452575707e+02
-1.148123583590007456e+03 3.578526724806095558e+02 4.943747997012552560e+02
-1.143393634499616383e+03 3.576213656263258827e+02 4.940826703908458057e+02
-1.138768914999818435e+03 3.573300694134336482e+02 4.941863534661607673e+02
-1.133865111897358247e+03 3.576313477953239612e+02 4.944404351594129707e+02
-1.131938126075040600e+03 3.575597010624438781e+02 4.947107715285308132e+02
-1.129490895287259946e+03 3.577200190739943082e+02 4.948274791502002472e+02
-1.124783256218688621e+03 3.582495629011238520e+02 4.952315750100713103e+02
-1.117216323804059357e+03 3.586365053900581756e+02 4.959516340629440947e+02
-1.114880295120683286e+03 3.590427789723858609e+02 4.962699339224979553e+02
-1.112358790729482735e+03 3.590490739295919980e+02 4.963738739449820514e+02
-1.107483229116707662e+03 3.592829254631436129e+02 4.967274213265309299e+02
-1.102657760015385520e+03 3.593596471539496520e+02 4.970778655696760779e+02
-1.100105395345163288e+03 3.594250683337874079e+02 4.972446059891513528e+02
-1.097582545790901577e+03 3.594988977619954653e+02 4.972895446743640377e+02
-1.092658659873050283e+03 3.596118404475795955e+02 4.973214397574907366e+02
-1.087733323424683704e+03 3.596532942539660098e+02 4.973964583453106911e+02
-1.085266047297589239e+03 3.596774419594015058e+02 4.973255127263681175e+02
-1.082760104493330800e+03 3.598923495133615802e+02 4.973872300663183523e+02
-1.076270932814948992e+03 3.609179067762635214e+02 4.960293129860307317e+02
-1.073720033957793476e+03 3.609829160238114696e+02 4.958479767730314052e+02
-1.068737640290097943e+03 3.611686615406063083e+02 4.955187478384085580e+02
-1.066296442416796253e+03 3.611263073566975095e+02 4.953005906409852059e+02
-1.061403471183929696e+03 3.613794546860142418e+02 4.946817486869344407e+02
-1.056073422603491508e+03 3.617682828001238136e+02 4.939373299618246733e+02
-1.053483389225885048e+03 3.618045676623660825e+02 4.933740496120483954e+02
-1.048597084722420732e+03 3.619696754865624939e+02 4.930337204869883863e+02
-1.046108182639177585e+03 3.621236807659798274e+02 4.924787697601963714e+02
-1.041339920774175880e+03 3.624140472527479346e+02 4.915946997915731913e+02
-1.038512856316458056e+03 3.625477392716066447e+02 4.910831688502174188e+02
-1.033746077830159265e+03 3.630424384541734639e+02 4.898858173421742777e+02
-1.028414901532102704e+03 3.634444798752593329e+02 4.885776718699711409e+02
-1.023378912361878861e+03 3.638222850909310750e+02 4.872867945812799348e+02
-1.020799300784332559e+03 3.639218001091297765e+02 4.864960042121026049e+02
-1.018362663956858796e+03 3.641624863134099428e+02 4.859317174931002228e+02
-1.013184886253737318e+03 3.642930859035640765e+02 4.844525446992949469e+02
-1.008180179063800551e+03 3.646916137945403875e+02 4.830094055410689862e+02
-1.005817607494723006e+03 3.647873621251513896e+02 4.827149439823409693e+02
-1.003263172456217831e+03 3.650262051466601747e+02 4.819338304023883097e+02
-9.983345809316557506e+02 3.653825502579064164e+02 4.809626312423267223e+02
-9.935284422196112928e+02 3.656960112913612875e+02 4.799215373861386524e+02
-9.935284422196112928e+02 3.656960112913612875e+02 4.799215373861386524e+02
-9.864771564845131024e+02 3.663431479300097635e+02 4.788395350424415255e+02
-9.816767751756632379e+02 3.664107701361668319e+02 4.782439342170200121e+02
-9.768861178058986070e+02 3.662839880138623130e+02 4.781092768247845584e+02
-9.743774699427208361e+02 3.661921144396603722e+02 4.778451688604924925e+02
-9.693002195357757955e+02 3.658613692502250956e+02 4.777372088449384933e+02
-9.668515668615121967e+02 3.658025206558715468e+02 4.777761063052062127e+02
-9.618110283250815655e+02 3.658168641002326353e+02 4.777820942341465411e+02
-9.567978428063237288e+02 3.659376323067539261e+02 4.780291572830595896e+02
-9.542034358522205366e+02 3.660466674109651990e+02 4.778168819969970400e+02
-9.516607768080029928e+02 3.662134383811666680e+02 4.777397791645863094e+02
-9.465415660639501994e+02 3.664826326872425852e+02 4.779047858152209756e+02
-9.413568467486081772e+02 3.669108292499726076e+02 4.777219220731926725e+02
-9.389356737821067327e+02 3.672073278407598877e+02 4.778607280247889548e+02
-9.341491391628329666e+02 3.672914398290957934e+02 4.776872068517466232e+02
-9.289060175077241865e+02 3.679986422682342777e+02 4.774716565799266732e+02
-9.238748754025180006e+02 3.683040758568779438e+02 4.771344751251865546e+02
-9.213467315549098657e+02 3.682947558322777581e+02 4.768605041739455714e+02
-9.191484484031303737e+02 3.684781018449144199e+02 4.768972869603650224e+02
-9.113082725582645480e+02 3.687220916023273958e+02 4.761737771148438583e+02
-9.087311957759835650e+02 3.687394349019634774e+02 4.757965182650784186e+02
-9.037126754228046366e+02 3.687738627073973134e+02 4.755453937013583641e+02
-9.037126754228046366e+02 3.687738627073973134e+02 4.755453937013583641e+02
-8.961127674078713881e+02 3.686518581117084636e+02 4.748192559507024839e+02
-8.934081127637035706e+02 3.685540530019370635e+02 4.743544924352667067e+02
-8.881323142293645105e+02 3.682838410640089819e+02 4.737480843088079610e+02
-8.827613950707980166e+02 3.680668211019383307e+02 4.734394197708437559e+02
-8.802576580814745739e+02 3.678464794369414221e+02 4.731194755858731469e+02
-8.751978040431861245e+02 3.673658889791588535e+02 4.725504876657241198e+02
-8.700098832261447797e+02 3.669028656014714898e+02 4.719783164384028851e+02
-8.675683852816131321e+02 3.668261521901794708e+02 4.720936319263243490e+02
-8.649834558727948206e+02 3.665177615657775618e+02 4.718842244116535198e+02
-8.623600552874046343e+02 3.664252224736302992e+02 4.717210589746975415e+02
-8.551429160543902981e+02 3.658169918005995669e+02 4.713151106522339546e+02
-8.525892314241322083e+02 3.655823945853904320e+02 4.708832145800863600e+02
-8.478165949252409064e+02 3.656213718362392342e+02 4.706501820086950829e+02
-8.452645876489805232e+02 3.658235663448439823e+02 4.703717125139684185e+02
-8.401290934400831247e+02 3.663733717151256997e+02 4.701201217811291713e+02
-8.375312267109113691e+02 3.665649298513088183e+02 4.700724087530795714e+02
-8.321206057605245405e+02 3.671615682613729064e+02 4.697891474245401469e+02
-8.267858051289279047e+02 3.673184863808045293e+02 4.696785047690842134e+02
-8.213317635466022466e+02 3.676586995529512478e+02 4.698114435955531576e+02
-8.186357065082745521e+02 3.677748613584281543e+02 4.698198161229182119e+02
-8.134002913532045795e+02 3.677513023656693463e+02 4.697933488582442578e+02
-8.106213817419186398e+02 3.676820971891878571e+02 4.695745374954529439e+02
-8.053700759087687402e+02 3.677195571262905673e+02 4.695187600168715676e+02
-8.026987010148468471e+02 3.675904361832292579e+02 4.693853574978447227e+02
-8.026987010148468471e+02 3.675904361832292579e+02 4.693853574978447227e+02
-8.026987010148468471e+02 3.675904361832292579e+02 4.693853574978447227e+02
-8.026987010148468471e+02 3.675904361832292579e+02 4.693853574978447227e+02
-7.896036343903788293e+02 3.672070678675543718e+02 4.687292262689123845e+02
-7.817926167269359894e+02 3.663993641760281434e+02 4.672961542089278737e+02
-7.792187093072641346e+02 3.664731362697073109e+02 4.672514352422520574e+02
-7.741813719675926677e+02 3.662793981804068721e+02 4.664824778597491672e+02
-7.690542088300398973e+02 3.661125224146402957e+02 4.645981233366158563e+02
-7.640894667323985914e+02 3.659222210999678282e+02 4.636167291461053424e+02
-7.614083581789540176e+02 3.658437151757700576e+02 4.627949079246554902e+02
-7.563571355175284907e+02 3.658436726746194836e+02 4.618360052691263604e+02
-7.540830980282560176e+02 3.656238968005726520e+02 4.609835689987291971e+02
-7.513214705976026835e+02 3.657208450924119916e+02 4.602614081315103363e+02
-7.461548495896067834e+02 3.658404865262345425e+02 4.587044586727076307e+02
-7.407204625388498016e+02 3.660747986815699733e+02 4.571441312846391725e+02
-7.385123837119194832e+02 3.661884878421409439e+02 4.565924079848299471e+02
-7.385123837119194832e+02 3.661884878421409439e+02 4.565924079848299471e+02
-7.385123837119194832e+02 3.661884878421409439e+02 4.565924079848299471e+02
-7.385123837119194832e+02 3.661884878421409439e+02 4.565924079848299471e+02
-7.385123837119194832e+02 3.661884878421409439e+02 4.565924079848299471e+02
-7.385123837119194832e+02 3.661884878421409439e+02 4.565924079848299471e+02
-7.360009465497480505e+02 3.664069218533282424e+02 4.558575016458693199e+02
-7.273009705152525157e+02 3.680821339772203942e+02 4.549753983650293208e+02
-7.109401853896256398e+02 3.682178459712127960e+02 4.567663633431538415e+02
-7.064068916970734335e+02 3.671869533224261772e+02 4.576211765252863302e+02
-7.018776735218549447e+02 3.661992477161974762e+02 4.587471730757969226e+02
-6.974543782763671516e+02 3.652382382086668144e+02 4.600058468781866736e+02
-6.949932541630278138e+02 3.647447533596025551e+02 4.609869149964998201e+02
-6.906203066983348435e+02 3.641360953729403036e+02 4.624478254128903814e+02
-6.885653148828143912e+02 3.642561764835483018e+02 4.617993623855467717e+02
-6.846578801405332797e+02 3.633950141168989489e+02 4.633057654702776631e+02
-6.806368577225781564e+02 3.630014859746180491e+02 4.644390262704649786e+02
-6.786946624503383418e+02 3.629331833477683631e+02 4.649420146215501859e+02
-6.747668151249906714e+02 3.628977322516849995e+02 4.662384880287193027e+02
-6.728555592456081058e+02 3.630032828724401952e+02 4.668263420878969896e+02
-6.692695179179861498e+02 3.624683914358127481e+02 4.676135391183958063e+02
-6.651238066613949513e+02 3.624261587915036102e+02 4.687314621910992400e+02
-6.651238066613949513e+02 3.624261587915036102e+02 4.687314621910992400e+02
-6.596126663042067548e+02 3.618258267917922808e+02 4.701411301782723626e+02
-6.577302578002864948e+02 3.616441512975035266e+02 4.706293415954806392e+02
-6.539191331903215314e+02 3.613553224538027848e+02 4.718613519305273485e+02
-6.499447971558956851e+02 3.609710265663906057e+02 4.729929975286425474e+02
-6.465015942896104661e+02 3.602853211979786465e+02 4.736293872413197619e+02
-6.446453238232458034e+02 3.601294433382099101e+02 4.742582438934850870e+02
-6.407683807265185578e+02 3.594944548849964576e+02 4.750707646793891854e+02
-6.388112110059386168e+02 3.594342364018435205e+02 4.756087953174621248e+02
-6.346527968196596703e+02 3.587119497263331596e+02 4.763697604772725072e+02
-6.325857578258573994e+02 3.583677900705798720e+02 4.766134921485451059e+02
-6.287270994612332515e+02 3.577341074438560327e+02 4.771003287128102102e+02
-6.246987962001289816e+02 3.573812557304723327e+02 4.775527985319823756e+02
-6.207583308567219547e+02 3.566493321155112426e+02 4.778550665541294507e+02
-6.183756793235945679e+02 3.562567571484620430e+02 4.780843585969545302e+02
-6.144202585627606368e+02 3.554346013162049758e+02 4.781758113749254449e+02
-6.122165036332701220e+02 3.550854921421943686e+02 4.780463709941561206e+02
-6.081670881106416573e+02 3.543940248196869902e+02 4.782114785022320689e+02
-6.081670881106416573e+02 3.543940248196869902e+02 4.782114785022320689e+02
-6.014324701099541244e+02 3.533795320044217760e+02 4.778362176178875984e+02
-5.991960910628932879e+02 3.530698394336403680e+02 4.779841915393025715e+02
-5.940925711634774871e+02 3.527222055301896262e+02 4.778422402803673776e+02
-5.893643474355171747e+02 3.522398471865578244e+02 4.777997628565248647e+02
-5.867390570154100260e+02 3.518778959804054125e+02 4.777842842593236128e+02
-5.842135554763609662e+02 3.517516188440230849e+02 4.777019988144517129e+02
-5.765143596772174988e+02 3.508983745894224739e+02 4.779902733235051073e+02
-5.730601196813815932e+02 3.516058263354713063e+02 4.792721137548848560e+02
-5.678870907134134995e+02 3.512446717251144719e+02 4.791102520938476914e+02
-5.665660008363049656e+02 3.504127277381047634e+02 4.772017575234501692e+02
-5.614606730901736000e+02 3.497731359586646249e+02 4.777284037409687585e+02
-5.592396758484863994e+02 3.491707273821294848e+02 4.780536070526457024e+02
-5.521584456278055768e+02 3.482826105052649268e+02 4.795753745930918512e+02
-5.496575995105649781e+02 3.477431225930126288e+02 4.800208462458293184e+02
-5.472675580534538540e+02 3.474932701773703343e+02 4.805435496073153558e+02
-5.446761087445697740e+02 3.472121460169431657e+02 4.811910411175173863e+02
-5.401956741158020350e+02 3.465727823977923094e+02 4.821118470253838382e+02
-5.354901351762422337e+02 3.460073417293437501e+02 4.831254411486464733e+02
-5.329640423933085458e+02 3.458282628750279173e+02 4.837553655032090774e+02
-5.308433089288184874e+02 3.454093811638753664e+02 4.839904926025179179e+02
-5.233663717306044418e+02 3.446055403830106343e+02 4.862044642987624457e+02
-5.207291970162164034e+02 3.445958925116881346e+02 4.864308107452723107e+02
-5.159180824274664019e+02 3.440571894839308129e+02 4.872214827218247706e+02
-5.136258286066780556e+02 3.441394535614821848e+02 4.878623686739940695e+02
-5.089528247161453578e+02 3.435049487563000525e+02 4.884067209192971291e+02
-5.041657371563164816e+02 3.429946857033867786e+02 4.894225142727079856e+02
-5.015547512771515244e+02 3.429132103220010777e+02 4.895065154122127637e+02
-4.967661466998164883e+02 3.424997861803103092e+02 4.899686462439220236e+02
-4.919168151208260156e+02 3.420777594973072269e+02 4.903095059563417522e+02
-4.894770185834289578e+02 3.419171033304814955e+02 4.904021760632231803e+02
-4.869299491954469090e+02 3.417148233312951788e+02 4.905387575440217915e+02
-4.825224171252420433e+02 3.412637351810734003e+02 4.908580533353664919e+02
-4.770701028777922943e+02 3.410104232701102660e+02 4.906501662233443426e+02
-4.745728356340060259e+02 3.407554973850612328e+02 4.906248868556342586e+02
-4.698488588676939344e+02 3.402629236058355673e+02 4.907171970821694345e+02
-4.646814447862888642e+02 3.396344608655781485e+02 4.904225306188776585e+02
-4.597373693979596965e+02 3.392245832436389605e+02 4.900323522797216356e+02
-4.597373693979596965e+02 3.392245832436389605e+02 4.900323522797216356e+02
-4.547860178509931188e+02 3.388531652685801987e+02 4.899161242481967520e+02
-4.520883316643786429e+02 3.385170166267466811e+02 4.895508025411848507e+02
-4.471180677661167806e+02 3.382307013394143382e+02 4.891325332251296913e+02
-4.419216167336319359e+02 3.378851311648742239e+02 4.885124048986732532e+02
-4.394070571634174485e+02 3.378156516185606506e+02 4.881672932036337897e+02
-4.394070571634174485e+02 3.378156516185606506e+02 4.881672932036337897e+02
-4.394070571634174485e+02 3.378156516185606506e+02 4.881672932036337897e+02
-4.365548497539313644e+02 3.378798541488570208e+02 4.869819159539576390e+02
-4.268527257710106824e+02 3.375591960308077546e+02 4.855031463584795688e+02
-4.187577261102521788e+02 3.375122664207290200e+02 4.838964744286611221e+02
-4.187577261102521788e+02 3.375122664207290200e+02 4.838964744286611221e+02
-4.164281910672949039e+02 3.378800462582788100e+02 4.831592602995858101e+02
-4.058665485045067953e+02 3.377033575615016616e+02 4.814503734707446370e+02
-4.004663744916745713e+02 3.372086990920331573e+02 4.808412609344518955e+02
-3.955699122027758108e+02 3.373294012354928100e+02 4.796097373857965636e+02
-3.929410110885283984e+02 3.370926463153012946e+02 4.793331385222407448e+02
-3.880338396801907379e+02 3.367529810623355502e+02 4.782872767140216297e+02
-3.828809996493863537e+02 3.364209434526194968e+02 4.775969830522358279e+02
-3.776127315591735396e+02 3.365680124037557448e+02 4.767966777225936426e+02
-3.753128224289333161e+02 3.367932639385314246e+02 4.768342804681018947e+02
-3.728330050414786001e+02 3.369958507777786281e+02 4.766704524473318543e+02
-3.682680925639672296e+02 3.373816257604935345e+02 4.762384358258519228e+02
-3.632961036628580018e+02 3.375465966587481716e+02 4.761572625049239491e+02
-3.608374013775439835e+02 3.375980239204575355e+02 4.760997079917445944e+02
-3.558588940041853448e+02 3.373791486216532007e+02 4.758285257622129620e+02
-3.535572259724601167e+02 3.371816574646637719e+02 4.758207192021120022e+02
-3.482771834984579868e+02 3.370726523826778021e+02 4.759941151097785905e+02
-3.458437608887152237e+02 3.371588401272347824e+02 4.761466078957321315e+02
-3.409764629013585591e+02 3.370772321030490275e+02 4.758289733986288752e+02
-3.356685986044484480e+02 3.368571453529264090e+02 4.759033181374354626e+02
-3.304086154269701865e+02 3.367108017664929207e+02 4.754968183118816683e+02
-3.278276052259835751e+02 3.368158293234831717e+02 4.754568723774187333e+02
-3.225044772224455301e+02 3.369624976462838504e+02 4.743331507988457361e+02
-3.198738827541035903e+02 3.369349982509187384e+02 4.744522046894849723e+02
-3.147852991314841802e+02 3.370784659980623132e+02 4.738940923323339121e+02
-3.094657241908618630e+02 3.370471282802139967e+02 4.732596706080107083e+02
-3.069453014892177407e+02 3.371789915923561693e+02 4.725557961492422123e+02
-3.017100839027597772e+02 3.373400016947322229e+02 4.712513123085160487e+02
-2.989767248290560246e+02 3.373306756831333928e+02 4.706538413264784708e+02
-2.938262767846753718e+02 3.372785748862638115e+02 4.691957983117846993e+02
-2.912535407923788853e+02 3.372395406892166534e+02 4.685415722716388700e+02
-2.862224424740271047e+02 3.368863611892617200e+02 4.673191316760212999e+02
-2.811860473692504456e+02 3.363735631879918060e+02 4.663104036565678712e+02
-2.787469755251753440e+02 3.360618039522813660e+02 4.659270704088220896e+02
-2.741214165049995017e+02 3.356389298270560175e+02 4.649700315281085068e+02
-2.693779267147147038e+02 3.349328412185967636e+02 4.645529958665830463e+02
-2.670566322221052928e+02 3.349013639471750139e+02 4.641283781133583375e+02
-2.647187717230673343e+02 3.346214024711903789e+02 4.641651309175355777e+02
-2.602389838941893458e+02 3.345381772245478373e+02 4.635415601124445857e+02
-2.552197356325503961e+02 3.349897667586747048e+02 4.639101505151131164e+02
-2.526668310764993350e+02 3.350918786045277216e+02 4.639815395697290228e+02
-2.476839961317787413e+02 3.357511535026509932e+02 4.641530159608186068e+02
-2.426209547245334477e+02 3.363018982176512850e+02 4.644984246328397717e+02
-2.401131074110894588e+02 3.364748450212637749e+02 4.646654245114613104e+02
-2.350689810011397185e+02 3.368064562744324917e+02 4.650069243075546410e+02
-2.324634281608986157e+02 3.368035152071948346e+02 4.651481054730223264e+02
-2.272460077792125048e+02 3.368011729322399788e+02 4.654939234959670102e+02
-2.272460077792125048e+02 3.368011729322399788e+02 4.654939234959670102e+02
-2.223046179916800043e+02 3.367175863447479287e+02 4.657541527370389076e+02
-2.173378861692129647e+02 3.364521973826796852e+02 4.661077781906623727e+02
-2.124336137443828818e+02 3.361480654110250157e+02 4.663882239922446047e+02
-2.099331803642754437e+02 3.359143036723998534e+02 4.665067758624226713e+02
-2.099331803642754437e+02 3.359143036723998534e+02 4.665067758624226713e+02
-2.099331803642754437e+02 3.359143036723998534e+02 4.665067758624226713e+02
-2.074931818270754604e+02 3.357829720646029728e+02 4.665645488054361749e+02
-1.926652295241237880e+02 3.345973044354555554e+02 4.668921671922952896e+02
-1.876987375662926638e+02 3.343275397358424925e+02 4.667630015606949883e+02
-1.852992480687601926e+02 3.343471091934841866e+02 4.666059394537028879e+02
-1.802998299563936939e+02 3.339494582994176426e+02 4.664032515391608058e+02
-1.753452840164871418e+02 3.339175900341410852e+02 4.657036897714826864e+02
-1.727590194523341438e+02 3.336492534913064105e+02 4.656720070049423157e+02
-1.702432237291061767e+02 3.337378930028900754e+02 4.653843449078517551e+02
-1.652270381868489721e+02 3.335358845470718165e+02 4.647914073819752048e+02
-1.652270381868489721e+02 3.335358845470718165e+02 4.647914073819752048e+02
-1.602179218857009744e+02 3.336031961577261313e+02 4.641075547792452767e+02
-1.521631153623407613e+02 3.334566904288359410e+02 4.631128084507835752e+02
-1.495315663389452254e+02 3.335445175594200009e+02 4.627412142999446587e+02
-1.441245312949968138e+02 3.337449015551763409e+02 4.619508436319429734e+02
-1.387099198657854799e+02 3.339868067262319187e+02 4.609285164043141094e+02
-1.358381338985897457e+02 3.340096895187636505e+02 4.605872014024892565e+02
-1.306134544386008542e+02 3.345217369799073595e+02 4.600664905165065193e+02
-1.281250161913580428e+02 3.349315292287102466e+02 4.600902172703048905e+02
-1.235525852867726968e+02 3.358503555213515028e+02 4.606407565136516382e+02
-1.190981154329950584e+02 3.369079914494248555e+02 4.616002901096590563e+02
-1.146191009884051653e+02 3.376609162143888057e+02 4.625061840824309911e+02
-1.124578430030003489e+02 3.380589349723214809e+02 4.630909412277077308e+02
-1.082189776090150843e+02 3.384371251669863909e+02 4.641201399588415484e+02
-1.036444674286595671e+02 3.387211412171913594e+02 4.647949068608568268e+02
-1.013915535655121687e+02 3.387621325484769841e+02 4.651756313530820535e+02
-9.895364834196229253e+01 3.388449074288703287e+02 4.655422159802948272e+02
-9.895364834196229253e+01 3.388449074288703287e+02 4.655422159802948272e+02
-9.158668297635711042e+01 3.386852266068182757e+02 4.667752198528242502e+02
-8.647692489556460771e+01 3.385474795747234680e+02 4.675075564571462223e+02
-8.117327357219078010e+01 3.385652612166823587e+02 4.687803595320128238e+02
-7.598911873313245735e+01 3.386966537225345064e+02 4.699703182627977185e+02
-7.343048218721386888e+01 3.388827724134652044e+02 4.705226847495978291e+02
-6.829688377313388514e+01 3.392865597655313081e+02 4.717730352658367110e+02
-6.319535779490934146e+01 3.399451547084372010e+02 4.728471988982922198e+02
-6.071698198066285812e+01 3.403613591268634764e+02 4.733358781499663337e+02
-5.573995298500065587e+01 3.411519592758616000e+02 4.742673037010241046e+02
-5.331442844234336320e+01 3.416518751446272404e+02 4.747734756125443596e+02
-4.838647302093110625e+01 3.425675505708200035e+02 4.755838078802391351e+02
-4.611031662808153442e+01 3.429572063777533231e+02 4.758891272118774509e+02
-4.109435470237266230e+01 3.439345207293411022e+02 4.768076155945853429e+02
-3.623913853807621877e+01 3.446586255306178828e+02 4.775347154795752544e+02
-3.391490986117370454e+01 3.451065998375491972e+02 4.778507259230770501e+02
-2.907077349050111081e+01 3.457606557967618528e+02 4.786117436281049891e+02
-2.673388776069609563e+01 3.461110649245928244e+02 4.789010957598205778e+02
-2.192291041471241542e+01 3.467467574649956532e+02 4.795707784985009425e+02
-1.962688721922411617e+01 3.470055762438819897e+02 4.797416275735860154e+02
-1.232827055470874100e+01 3.481369901152194757e+02 4.806166164631934521e+02
-9.945809598535214846e+00 3.485075938145627106e+02 4.808393619994364485e+02
-5.298912712045408036e+00 3.491514087422472699e+02 4.813113397285997621e+02
-5.298912712045408036e+00 3.491514087422472699e+02 4.813113397285997621e+02
1.900879476127568690e+00 3.502380929049916176e+02 4.816415691892576660e+02
4.256373167895544540e+00 3.505895950585104401e+02 4.816869402575092067e+02
9.125761780535100343e+00 3.514382168614185957e+02 4.816061431346603854e+02
1.399637678896329440e+01 3.522305934293996756e+02 4.817538988856778701e+02
1.632896165325316673e+01 3.526727243983301037e+02 4.819098726901838177e+02
1.632896165325316673e+01 3.526727243983301037e+02 4.819098726901838177e+02
2.120589299046655540e+01 3.534135154612296219e+02 4.821393121733390785e+02
2.850591862006949384e+01 3.547688301751657605e+02 4.822494173862202729e+02
3.091617627855175954e+01 3.550370528706924915e+02 4.819683652832660528e+02
3.091617627855175954e+01 3.550370528706924915e+02 4.819683652832660528e+02
4.054767332308467331e+01 3.570993631641111961e+02 4.815206779916371715e+02
4.300842092998546917e+01 3.573353550931546465e+02 4.815401996839987078e+02
4.788810620162072240e+01 3.583382929990005437e+02 4.811938238015819707e+02
5.030917494531131240e+01 3.588250627208778951e+02 4.810229959825613264e+02
5.522076355618803234e+01 3.597278440402446336e+02 4.806835177957257770e+02
5.997700835856669244e+01 3.605707380437167444e+02 4.803485281444466750e+02
6.240582768775185940e+01 3.609473732401872326e+02 4.802797704490888577e+02
6.714368581656442814e+01 3.615831084116703096e+02 4.802017913819244654e+02
7.177821753571015506e+01 3.621353799291173345e+02 4.803796815701831520e+02
7.408459276947124295e+01 3.624557509753928457e+02 4.804574632669358607e+02
7.639981885589001820e+01 3.627592919958462403e+02 4.805590654658283825e+02
8.353947519012007206e+01 3.637630242945409691e+02 4.808507436575386009e+02
8.584762508224105204e+01 3.641346636145613047e+02 4.810269791458160853e+02
8.796219273870872257e+01 3.643454875958580601e+02 4.811506220345525549e+02
9.265996750418331374e+01 3.651951374821875334e+02 4.815582581026107505e+02
9.731803469690063935e+01 3.659105273641301324e+02 4.817766560625997840e+02
9.970469710887054759e+01 3.664443848561783739e+02 4.820730138239592293e+02
1.044835108174400773e+02 3.673724850923095460e+02 4.824095023113981142e+02
1.092972212422096590e+02 3.682680971408773871e+02 4.826204224998178915e+02
1.116194300354776914e+02 3.686467332498914971e+02 4.827534002435317575e+02
1.165862680528263411e+02 3.694970904042517077e+02 4.829953469843744074e+02
1.190227056566552903e+02 3.698123724787661786e+02 4.831184196348617661e+02
1.263983167481810597e+02 3.709155974397408499e+02 4.834543880655404564e+02
1.315293865499923243e+02 3.715422622307593201e+02 4.841228454173221394e+02
1.364855091589838594e+02 3.723251692212124340e+02 4.844100846968770497e+02
1.390156653238337014e+02 3.726350697773826823e+02 4.846989796939361099e+02
1.441771192173712279e+02 3.731110242702924324e+02 4.852548552886427728e+02
1.467136820428641215e+02 3.733696889971018322e+02 4.855111631083191810e+02
1.516821592868658684e+02 3.736710165156214316e+02 4.859168429942407670e+02
1.566580608397730714e+02 3.739227427117488674e+02 4.862011227668979814e+02
1.592207163117164725e+02 3.742922446023631551e+02 4.865724440340229080e+02
1.641134365704116078e+02 3.745135152729457673e+02 4.867193150202837160e+02
1.693338843840969048e+02 3.748402048494615428e+02 4.870112483060609634e+02
1.717921800309395906e+02 3.750041665999025327e+02 4.870283983221289645e+02
1.742985171097871273e+02 3.751062509029439411e+02 4.870839687832641403e+02
1.817126653991736305e+02 3.754967215680122763e+02 4.871063537557408836e+02
1.842113814769599855e+02 3.756100454071348622e+02 4.869690356180050230e+02
1.891717530176771334e+02 3.759293564165133148e+02 4.868703073636254999e+02
1.891717530176771334e+02 3.759293564165133148e+02 4.868703073636254999e+02
1.965726997177369810e+02 3.764460453286077382e+02 4.863158237915858422e+02
1.990676040434513538e+02 3.766648590223300630e+02 4.861028080865228276e+02
2.040568870213955393e+02 3.770056527799797550e+02 4.854218869527739457e+02
2.091472633987583833e+02 3.771143240931872924e+02 4.847289987536520925e+02
2.118675641869317587e+02 3.770629954683545293e+02 4.843949757772973044e+02
2.168593949374221097e+02 3.774191982711155333e+02 4.834269923931274207e+02
2.220076959256963391e+02 3.776973713519398075e+02 4.825961967760227935e+02
2.244818225840827779e+02 3.777259115817219595e+02 4.820229282225802194e+02
2.272896168364295022e+02 3.778994140439764919e+02 4.816272131705560469e+02
2.327154069018275493e+02 3.781776634944208695e+02 4.809164399305579423e+02
2.378708126468482362e+02 3.783956546457446279e+02 4.794292850682792846e+02
2.434730821068403657e+02 3.786212337043086791e+02 4.781715511987678155e+02
2.462079033894123370e+02 3.787855906963171719e+02 4.779975827517756102e+02
2.486990591901698622e+02 3.792237053467721353e+02 4.773343967118672140e+02
2.561244799868807718e+02 3.801098340640207880e+02 4.769450158577273555e+02
2.584416131375513146e+02 3.804999760747894015e+02 4.769984900733066411e+02
2.608031516881478069e+02 3.808749442142609496e+02 4.774718745538147004e+02
2.654786677745808561e+02 3.814767961761160677e+02 4.776320600850341975e+02
2.700366861987611742e+02 3.820280875547184110e+02 4.780454950584123139e+02
2.723043355602070505e+02 3.822580822435424466e+02 4.781190979382635646e+02
2.771057833609702925e+02 3.826279906111404898e+02 4.783944345093228208e+02
2.794615936352146832e+02 3.827080363449734364e+02 4.783250578780135811e+02
2.892003548055357669e+02 3.834777001947883264e+02 4.787420102234576689e+02
2.916067765222421713e+02 3.835241958162517903e+02 4.787506990653006369e+02
2.965612615954751163e+02 3.837758092625980453e+02 4.790350885305419979e+02
3.015533519181137194e+02 3.842156217680953318e+02 4.796635890673363178e+02
3.015533519181137194e+02 3.842156217680953318e+02 4.796635890673363178e+02
3.089109173836557716e+02 3.847133869460781739e+02 4.808023018838944154e+02
3.115241919222176534e+02 3.849960978205887727e+02 4.812142091985355137e+02
3.161165778109236726e+02 3.854548479097837230e+02 4.815464562174187790e+02
3.187073627452895153e+02 3.860822474690160107e+02 4.821903528768512501e+02
3.234448634525213038e+02 3.867500846649631967e+02 4.830523966784869572e+02
3.259423281948522231e+02 3.872251160910333851e+02 4.834246120359080692e+02
3.283227885862931430e+02 3.875161142907036833e+02 4.836886442075734180e+02
3.308235102530045992e+02 3.879650802606600450e+02 4.842422484100378597e+02
3.380286702336823055e+02 3.890521663519662638e+02 4.853117332149071785e+02
3.428921116303247345e+02 3.895404896416133624e+02 4.859919890444592738e+02
3.474638023784728489e+02 3.898952342142249563e+02 4.859876578088951646e+02
3.499214506358621861e+02 3.903091549318852458e+02 4.863186533533032616e+02
3.523203787888636498e+02 3.904595441916355298e+02 4.867301807402129157e+02
3.569694667035894327e+02 3.909928984314268519e+02 4.868153783710185962e+02
3.616309233263219767e+02 3.917030314229104988e+02 4.870565496985397544e+02
3.616309233263219767e+02 3.917030314229104988e+02 4.870565496985397544e+02
3.687448583651479908e+02 3.922549715429357775e+02 4.876686066169235687e+02
3.711134769892264558e+02 3.926652988912676392e+02 4.876337977913111672e+02
3.781858953723231593e+02 3.933715294589548535e+02 4.876791640864850592e+02
3.805177797575997829e+02 3.937022847687002240e+02 4.877502194927847086e+02
3.851487748156140469e+02 3.943678869846865496e+02 4.877065273799704528e+02
3.874906400600360143e+02 3.943104429905471306e+02 4.875681026841580774e+02
3.922486983364054254e+02 3.949431798685693025e+02 4.876866159624777879e+02
3.947761806902071271e+02 3.951608953325542757e+02 4.877467493713644444e+02
3.994904567177687227e+02 3.957155238351020898e+02 4.876693504596972844e+02
4.017071510994995833e+02 3.959812480104376391e+02 4.876139812984325772e+02
4.066539456311145386e+02 3.965852183078514486e+02 4.876912874717183968e+02
4.113045288536561088e+02 3.969195014207501799e+02 4.876349758330955524e+02
4.137335560951099183e+02 3.972251171162356513e+02 4.875646531749026735e+02
4.183778560878106418e+02 3.978882682166362770e+02 4.872842056029917330e+02
4.231345500928893557e+02 3.983737786214998096e+02 4.870172561708901071e+02
4.255127052172554158e+02 3.986137878933625984e+02 4.869201089878691846e+02
4.255127052172554158e+02 3.986137878933625984e+02 4.869201089878691846e+02
4.302800782654447289e+02 3.992441801962423256e+02 4.867853766202817951e+02
4.372718395470724317e+02 4.000883146700747375e+02 4.861757208033461666e+02
4.423286927927181864e+02 4.008138382513436113e+02 4.862687203610730649e+02
4.446260608555653562e+02 4.011579569895153554e+02 4.860525205492902501e+02
4.495098227581381138e+02 4.017305318868399695e+02 4.857029950645563190e+02
4.518521455463104530e+02 4.020579280584324238e+02 4.854529103229776865e+02
4.568172856087365972e+02 4.028497792629631249e+02 4.855217130950829869e+02
4.592194613660006439e+02 4.029789571875576826e+02 4.854025875825103640e+02
4.640465836920167817e+02 4.036665797691973694e+02 4.850637409056832894e+02
4.688024141402286773e+02 4.041306732456774853e+02 4.848748909441765136e+02
4.713690275931749625e+02 4.043460635169424222e+02 4.850173977666971723e+02
4.762084092789054353e+02 4.048992694697606112e+02 4.850787594006461632e+02
4.762084092789054353e+02 4.048992694697606112e+02 4.850787594006461632e+02
4.762084092789054353e+02 4.048992694697606112e+02 4.850787594006461632e+02
4.762084092789054353e+02 4.048992694697606112e+02 4.850787594006461632e+02
4.883224831601447136e+02 4.059392415527706817e+02 4.854423992443424254e+02
4.907748229401836397e+02 4.062334107733522046e+02 4.853436164857715198e+02
5.006967710114005286e+02 4.074417750004126901e+02 4.855096641771795021e+02
5.032064401566496485e+02 4.078880852794174530e+02 4.856140315971359200e+02
5.083200646046815336e+02 4.086857560082113423e+02 4.859012825674111014e+02
5.083200646046815336e+02 4.086857560082113423e+02 4.859012825674111014e+02
5.159830085311346011e+02 4.094871106777475234e+02 4.862129014223926902e+02
5.184788262301987061e+02 4.097709179651038767e+02 4.863994418478854413e+02
5.235730650428882882e+02 4.102136345343976700e+02 4.866182956000279205e+02
5.284415593348810489e+02 4.105602800815830165e+02 4.868366996642438380e+02
5.334603260911969755e+02 4.108211086452338350e+02 4.869260196143956136e+02
5.359638370628305211e+02 4.109209994333181157e+02 4.870306739955390185e+02
5.408731534196115263e+02 4.112349174757460446e+02 4.870032864047603880e+02
5.408731534196115263e+02 4.112349174757460446e+02 4.870032864047603880e+02
5.433022679833144366e+02 4.113738289471567668e+02 4.871318168492213090e+02
5.457248233843492926e+02 4.114410173794721572e+02 4.869272018758869081e+02
5.505143313098783437e+02 4.118040131802748647e+02 4.867289895590461697e+02
5.505143313098783437e+02 4.118040131802748647e+02 4.867289895590461697e+02
5.603215921373338233e+02 4.122459900405227700e+02 4.863145152415168013e+02
5.627568295973728709e+02 4.124029684457639746e+02 4.858908411259907894e+02
5.627568295973728709e+02 4.124029684457639746e+02 4.858908411259907894e+02
5.627568295973728709e+02 4.124029684457639746e+02 4.858908411259907894e+02
5.627568295973728709e+02 4.124029684457639746e+02 4.858908411259907894e+02
5.652176274942607961e+02 4.124927009511914093e+02 4.857729732066784436e+02
5.873728722815469609e+02 4.140278849236552219e+02 4.826090607912316841e+02
5.898739705117594667e+02 4.142185197060856581e+02 4.820413095199326676e+02
5.949329362263870280e+02 4.145132398569260204e+02 4.808655127039083936e+02
5.974426061568611885e+02 4.144931197070318376e+02 4.803940476332282969e+02
6.023374389019518276e+02 4.146722760354059574e+02 4.787981832229756378e+02
6.048588025376931228e+02 4.149045564204201924e+02 4.781254103424914774e+02
6.123316546683621482e+02 4.152391887765107867e+02 4.763467181000144137e+02
6.145252008636588243e+02 4.156069529945615955e+02 4.759039451829550558e+02
6.185511101555447340e+02 4.163370106184974020e+02 4.755335765052673196e+02
6.205737368457654384e+02 4.168804428798253525e+02 4.756076366386555492e+02
6.227242433229566814e+02 4.174464185870947972e+02 4.759051042931860707e+02
6.264757959774176470e+02 4.184368538722375774e+02 4.763857610226735915e+02
6.303378439110140334e+02 4.192475414008549137e+02 4.768089541367068023e+02
6.324845388505143546e+02 4.197084448472385247e+02 4.769823512948127586e+02
6.344898537505712284e+02 4.200431620592206627e+02 4.770622960091439495e+02
6.344898537505712284e+02 4.200431620592206627e+02 4.770622960091439495e+02
6.428578452450245777e+02 4.210994382155668063e+02 4.774292958939635696e+02
6.453443485220002458e+02 4.213160909970949888e+02 4.777911402304785042e+02
6.498688414436434186e+02 4.214929326647828134e+02 4.779954068896402077e+02
6.520362612721767164e+02 4.215853746888622027e+02 4.780935095199265561e+02
6.545697475864742501e+02 4.216108164869841630e+02 4.784763737390522920e+02
6.591948750846330540e+02 4.219153498345783078e+02 4.788756484788868306e+02
6.614876182242844607e+02 4.220627939060831295e+02 4.790971698103012386e+02
6.683620716602575840e+02 4.228852663317532006e+02 4.799328481582442123e+02
6.705379353844675734e+02 4.231723410312923193e+02 4.801977331304941572e+02
6.749163279125790496e+02 4.239163092878710586e+02 4.806578051179619706e+02
6.789941225638016249e+02 4.246734217387211174e+02 4.810664245311229479e+02
6.789941225638016249e+02 4.246734217387211174e+02 4.810664245311229479e+02
6.789941225638016249e+02 4.246734217387211174e+02 4.810664245311229479e+02
6.789941225638016249e+02 4.246734217387211174e+02 4.810664245311229479e+02
6.811181969689581592e+02 4.252100492026959841e+02 4.813810392371668172e+02
6.934395045795141641e+02 4.278402396702144870e+02 4.828217208830399727e+02
6.977028698526985409e+02 4.286514195811795958e+02 4.833296291621681462e+02
6.998831342180841375e+02 4.289664527304356056e+02 4.835457699817431489e+02
7.058188889533247448e+02 4.299828189927252993e+02 4.837703812567062869e+02
7.079894238853320303e+02 4.302638754917525148e+02 4.840648838788256398e+02
7.120253288944464884e+02 4.309192921423074267e+02 4.841134666994855138e+02
7.140924937555816996e+02 4.312293382921096736e+02 4.841824186179297840e+02
7.140924937555816996e+02 4.312293382921096736e+02 4.841824186179297840e+02
7.140924937555816996e+02 4.312293382921096736e+02 4.841824186179297840e+02
7.244442900882622780e+02 4.332176387238940833e+02 4.840774226433154581e+02
7.287585469383284362e+02 4.338471436270018557e+02 4.839942958407352762e+02
7.332425382903958280e+02 4.346880493583345242e+02 4.840239136364031651e+02
7.352792716250111198e+02 4.349536563084810723e+02 4.837476633794371423e+02
7.393786880938438344e+02 4.356359509461530024e+02 4.833573284363075686e+02
7.437945624352234972e+02 4.364298336431945131e+02 4.831115455950488808e+02
7.437945624352234972e+02 4.364298336431945131e+02 4.831115455950488808e+02
7.458986292113937679e+02 4.368051079666618648e+02 4.829107507848839873e+02
7.458986292113937679e+02 4.368051079666618648e+02 4.829107507848839873e+02
7.546428907798696173e+02 4.383556965738762301e+02 4.821870825370752982e+02
7.591154973372023278e+02 4.391109013834218331e+02 4.817790971002684728e+02
7.659601532360981082e+02 4.404189823100745116e+02 4.812369300827809866e+02
7.684272757405211678e+02 4.409021603099874937e+02 4.810121002852857828e+02
7.703620210464243883e+02 4.411642346587291854e+02 4.805194865540924525e+02
7.750806370086949073e+02 4.420079682544792377e+02 4.802180243465377885e+02
7.771731869601929930e+02 4.424431531132772193e+02 4.797601286828361822e+02
7.818461979949418037e+02 4.434548821968105017e+02 4.792280751889070984e+02
7.842571222107101221e+02 4.439948100394349240e+02 4.788060108936039683e+02
7.886461142205442911e+02 4.450073863714912363e+02 4.778781491677677877e+02
7.933952936096086432e+02 4.460306830907232438e+02 4.773896097184712630e+02
7.977395887462624842e+02 4.467653400252933693e+02 4.767935439107757247e+02
7.977395887462624842e+02 4.467653400252933693e+02 4.767935439107757247e+02
8.021591987995990394e+02 4.474022770427172304e+02 4.767838317380394528e+02
8.041790465184577670e+02 4.476465566958088971e+02 4.767868164660214916e+02
8.104402116619110075e+02 4.481015894549413474e+02 4.774049514671740440e+02
8.125623062676191921e+02 4.483532124947884085e+02 4.776371452517193461e+02
8.145661647827269007e+02 4.483773202171164485e+02 4.781057669281968856e+02
8.166379912253694329e+02 4.486957645778985011e+02 4.782876064794203330e+02
8.207693820936164002e+02 4.491044631492507051e+02 4.787743413493388402e+02
8.251480310809228058e+02 4.497247771260010154e+02 4.795838104407876585e+02
8.292139273012580816e+02 4.502892758665548172e+02 4.800621951022411622e+02
8.335811557409158468e+02 4.509234621068855517e+02 4.808706065031043408e+02
8.355866566077027073e+02 4.511927113582298148e+02 4.811717273909480355e+02
8.397874680741015254e+02 4.518932155773345016e+02 4.817610420641817086e+02
8.442084085548962094e+02 4.526149833523136863e+02 4.824273570248483907e+02
8.442084085548962094e+02 4.526149833523136863e+02 4.824273570248483907e+02
8.464938160817677044e+02 4.529473591839206961e+02 4.828218534289621857e+02
8.531982702746303175e+02 4.539973279858184014e+02 4.837488149292049116e+02
8.578350679618039294e+02 4.546303826137433362e+02 4.843678017102800482e+02
8.601552454129825946e+02 4.549115274931413637e+02 4.847441783972686267e+02
8.671653980834324784e+02 4.558674160825245281e+02 4.854679132584735157e+02
8.695931641526473186e+02 4.560616359061033904e+02 4.857894549777769839e+02
8.742182658972382114e+02 4.564498698445828495e+02 4.862702487403843179e+02
8.765519996654404622e+02 4.565561678521587510e+02 4.864925125530388073e+02
8.812170541136695192e+02 4.569136748789889566e+02 4.868460097669181437e+02
8.834672655029020234e+02 4.570206511287525473e+02 4.869720305792976660e+02
8.879491270525278424e+02 4.572735412621031514e+02 4.872232992934125946e+02
8.902045777281726942e+02 4.574090622108827233e+02 4.872895325816294303e+02
8.947787050988946476e+02 4.576662680431718400e+02 4.875751129116075049e+02
8.991660469979401569e+02 4.580054703045473730e+02 4.875723408481588308e+02
9.037258048901844631e+02 4.584312451567395215e+02 4.876009402617630712e+02
9.060535103535954704e+02 4.586375491416225145e+02 4.876133098523636136e+02
9.105606130053870402e+02 4.590752400389681043e+02 4.875358888970827138e+02
9.105606130053870402e+02 4.590752400389681043e+02 4.875358888970827138e+02
9.173407719852376658e+02 4.595460997156466760e+02 4.873862018900539397e+02
9.195805525410493146e+02 4.598065017137837458e+02 4.871003280260233055e+02
9.242258530172066457e+02 4.601464050681868230e+02 4.868897402657495945e+02
9.264560254828489860e+02 4.603264795058224763e+02 4.866913726032595946e+02
9.310185243896409020e+02 4.606683767840111727e+02 4.862570956305630148e+02
9.356084596950886407e+02 4.609952930706390362e+02 4.858262313285488858e+02
9.378422477870094554e+02 4.611674159820557293e+02 4.854954368594554239e+02
9.424612415615019927e+02 4.614164483060071689e+02 4.849505835755170438e+02
9.470525720483100258e+02 4.616997854440474498e+02 4.844198062779181555e+02
9.494494589029545750e+02 4.617339002031090445e+02 4.842205975031292837e+02
9.541569790148216725e+02 4.620347438289273327e+02 4.834344416999335863e+02
9.587894952900946919e+02 4.622116341920884111e+02 4.826526499780910058e+02
9.610398601520441844e+02 4.623673288235172549e+02 4.822331547978171216e+02
9.633942428452601234e+02 4.624614435494070790e+02 4.818357608383063280e+02
9.685844954702481573e+02 4.624253638938748736e+02 4.813765381729264732e+02
9.732511984267979415e+02 4.624681428760906101e+02 4.804281545161054510e+02
9.781834948635399769e+02 4.625420701254059281e+02 4.795206164859637283e+02
9.807255706613951816e+02 4.625646690473824378e+02 4.791583395835001511e+02
9.857811322700781602e+02 4.626417161079386347e+02 4.781779456871186653e+02
9.882100467551777001e+02 4.625839406544005215e+02 4.776298548341501942e+02
9.933046140703168021e+02 4.626249690675004445e+02 4.769230165957427516e+02
9.980692161772146846e+02 4.630976793121486139e+02 4.765317153597072775e+02
1.000458168851172218e+03 4.632087392624621316e+02 4.761461066813736807e+02
1.005067436615873362e+03 4.636664674233189203e+02 4.761193835509441215e+02
1.007276305488693879e+03 4.638749769369210867e+02 4.761906333623325622e+02
1.011827759955750025e+03 4.642500305373257561e+02 4.764829929864708902e+02
1.014110017449430302e+03 4.643972906181426197e+02 4.764749196338842694e+02
1.018617927659098996e+03 4.646415555966230500e+02 4.766911244852100253e+02
1.023258464507749977e+03 4.647471806442537172e+02 4.768626140754861922e+02
1.025603887393912146e+03 4.647914941585993915e+02 4.770045437200128049e+02
1.030411735406102935e+03 4.649404971594950098e+02 4.776561017146804033e+02
1.032824509180917175e+03 4.649196164831639635e+02 4.778860113592298262e+02
1.040178074350828638e+03 4.650666989404218157e+02 4.785738953510431202e+02
1.042518109231046537e+03 4.651293896995035198e+02 4.784156308806295783e+02
1.044917921364197355e+03 4.651427391241485907e+02 4.785825116479642247e+02
1.049830331061570178e+03 4.653322999104673841e+02 4.790049089493363113e+02
1.054618678903531418e+03 4.655331257936981615e+02 4.787621628006834840e+02
1.059400588736893951e+03 4.659437073913386484e+02 4.789427092957917012e+02
1.062162387677700053e+03 4.659940756617290276e+02 4.797074877794731833e+02
1.064370517169325467e+03 4.662388311591755610e+02 4.793072713869647146e+02
1.069325180220820130e+03 4.667815343649492661e+02 4.800009135199675825e+02
1.074243328228518976e+03 4.670539305846119191e+02 4.802943071101898909e+02
1.076862604752055177e+03 4.673341530030118633e+02 4.806499254998615243e+02
1.081609599961315553e+03 4.677436141853932554e+02 4.814810528206138542e+02
1.086299334851863478e+03 4.682416808904860659e+02 4.814363475851454837e+02
1.088721716045989979e+03 4.685794320281691512e+02 4.818845282626430162e+02
1.091143174950672574e+03 4.688380527914201821e+02 4.820391691070083198e+02
1.095782929592931168e+03 4.695361991049842914e+02 4.822177994246735011e+02
1.098297070726274796e+03 4.695508731404323157e+02 4.824486867736555382e+02
1.100694724764415696e+03 4.698427055309491038e+02 4.826233575193300567e+02
1.105997281164747619e+03 4.704482315055581125e+02 4.831537343769129507e+02
1.105997281164747619e+03 4.704482315055581125e+02 4.831537343769129507e+02
1.105997281164747619e+03 4.704482315055581125e+02 4.831537343769129507e+02
1.108290509383192784e+03 4.706851524004886755e+02 4.831738053388299932e+02
1.119834682873051179e+03 4.716807211402024791e+02 4.834309850249951523e+02
1.124519602967524861e+03 4.720453276931914388e+02 4.833991564082519403e+02
1.131541048730880902e+03 4.727000232327475828e+02 4.831444069281452016e+02
1.133713986204219282e+03 4.729294305035706429e+02 4.828066179317344790e+02
1.138488395629657589e+03 4.732294680307262524e+02 4.827692383405556029e+02
1.140779372037278335e+03 4.734814954938751157e+02 4.824532564394186238e+02
1.147895295706598972e+03 4.739701796817042805e+02 4.821903393832309348e+02
1.150398879856983513e+03 4.742429820466761043e+02 4.818220888056687272e+02
1.152837308936035015e+03 4.743615572425527489e+02 4.818214569890712369e+02
1.157356351688039013e+03 4.747976094486750185e+02 4.812060145156015096e+02
1.162317589521055424e+03 4.753374611657507103e+02 4.809415744350528144e+02
1.164787931291050427e+03 4.755448369383350382e+02 4.807290340242388424e+02
1.169588621932044816e+03 4.758474627788942257e+02 4.802976769623810469e+02
1.172026981370408294e+03 4.761245388587053071e+02 4.800811334134626236e+02
1.176932224304556939e+03 4.765276100639229639e+02 4.796099412268257538e+02
1.181783255258919098e+03 4.769999150910997514e+02 4.789758065471407917e+02
1.184284598900015908e+03 4.772759308552924722e+02 4.787522344407158243e+02
1.186737926983262923e+03 4.773990509307662933e+02 4.785872241307138779e+02
1.192043317942994463e+03 4.780053861266479771e+02 4.781840899135503378e+02
1.196908294133199206e+03 4.786518505589573920e+02 4.774669423299978348e+02
1.202250785468282402e+03 4.793407167825336046e+02 4.770312642314011100e+02
1.204718786303254774e+03 4.794994482834920859e+02 4.766658818325535663e+02
1.209795973391767347e+03 4.800393959888187965e+02 4.763978079184394119e+02
1.214867523768254614e+03 4.804444936993636475e+02 4.763963726728264874e+02
1.217407874239810781e+03 4.804829180824652894e+02 4.765823197482752676e+02
1.222301400367522319e+03 4.808074766255905388e+02 4.768827520865930865e+02
1.224647756311212561e+03 4.808903770616328188e+02 4.769104880942945215e+02
1.229592746362131038e+03 4.811785028165390941e+02 4.774368020220805988e+02
1.232108787844410926e+03 4.812770146627745476e+02 4.778645041544179435e+02
1.236200833153458916e+03 4.810911963602997048e+02 4.785075705827132424e+02
1.240908718169160011e+03 4.812061787670290869e+02 4.780827528425818400e+02
1.243597990013388198e+03 4.815206525349030926e+02 4.799307177774608704e+02
1.248304413326684426e+03 4.817218975911175107e+02 4.804851449369256784e+02
1.250745053907127385e+03 4.824152331192884731e+02 4.806872573508497339e+02
1.255983993997087964e+03 4.830224718642293738e+02 4.813468142502932210e+02
