1.752589346493294001e+09
1.752589346497889757e+09
1.752589346501943827e+09
1.752589346506947517e+09
1.752589346513312817e+09
1.752589346517190933e+09
1.752589346523305893e+09
1.752589346526921511e+09
1.752589346533545256e+09
1.752589346539406300e+09
1.752589346543727160e+09
1.752589346546865463e+09
1.752589346553277731e+09
1.752589346558265924e+09
1.752589346563556910e+09
1.752589346567113161e+09
1.752589346573331356e+09
1.752589346577860117e+09
1.752589346583673000e+09
1.752589346586994410e+09
1.752589346593543530e+09
1.752589346597057819e+09
1.752589346603282690e+09
1.752589346607033014e+09
1.752589346613540888e+09
1.752589346617146015e+09
1.752589346623663425e+09
1.752589346627776146e+09
1.752589346634037495e+09
1.752589346637839556e+09
1.752589346645310640e+09
1.752589346647948980e+09
1.752589346653884411e+09
1.752589346656998873e+09
1.752589346663179636e+09
1.752589346666993141e+09
1.752589346673595667e+09
1.752589346677005529e+09
1.752589346683245897e+09
1.752589346686951637e+09
1.752589346693456411e+09
1.752589346697170019e+09
1.752589346703347445e+09
1.752589346707123518e+09
1.752589346713033438e+09
1.752589346716887474e+09
1.752589346721963406e+09
1.752589346726706505e+09
1.752589346733299017e+09
1.752589346736885786e+09
1.752589346743687391e+09
1.752589346748533010e+09
1.752589346753160000e+09
1.752589346756954432e+09
1.752589346763335228e+09
1.752589346767019987e+09
1.752589346773557186e+09
1.752589346777073145e+09
1.752589346784707546e+09
1.752589346787042618e+09
1.752589346793597937e+09
1.752589346797003746e+09
1.752589346803373814e+09
1.752589346807088375e+09
1.752589346813600063e+09
1.752589346817118883e+09
1.752589346823711395e+09
1.752589346827216148e+09
1.752589346833674669e+09
1.752589346837190866e+09
1.752589346843623638e+09
1.752589346847801447e+09
1.752589346856503963e+09
1.752589346863245964e+09
1.752589346867181540e+09
1.752589346873988390e+09
1.752589346877183676e+09
1.752589346883410215e+09
1.752589346887722731e+09
1.752589346893333197e+09
1.752589346897877932e+09
1.752589346903691530e+09
1.752589346908161640e+09
1.752589346913466215e+09
1.752589346917087078e+09
1.752589346925102949e+09
1.752589346927102804e+09
1.752589346933539152e+09
1.752589346937559843e+09
1.752589346943423986e+09
1.752589346947157621e+09
1.752589346953446150e+09
1.752589346957062483e+09
1.752589346963335276e+09
1.752589346967140675e+09
1.752589346973525763e+09
1.752589346977139711e+09
1.752589346981443644e+09
1.752589346987187862e+09
1.752589346992147446e+09
1.752589346997242212e+09
1.752589347003263474e+09
1.752589347007129669e+09
1.752589347013336897e+09
1.752589347016950607e+09
1.752589347023220301e+09
1.752589347027243614e+09
1.752589347033555508e+09
1.752589347036838293e+09
1.752589347043092966e+09
1.752589347048202515e+09
1.752589347053825617e+09
1.752589347057191610e+09
1.752589347066084146e+09
1.752589347067295790e+09
1.752589347073654890e+09
1.752589347077178478e+09
1.752589347083431005e+09
1.752589347089306831e+09
1.752589347093606949e+09
1.752589347098610163e+09
1.752589347103769541e+09
1.752589347106963634e+09
1.752589347113169432e+09
1.752589347118165970e+09
1.752589347123254538e+09
1.752589347126990557e+09
1.752589347131911993e+09
1.752589347138055563e+09
1.752589347143285275e+09
1.752589347148174286e+09
1.752589347154728413e+09
1.752589347156877041e+09
1.752589347163390160e+09
1.752589347168173075e+09
1.752589347173294306e+09
1.752589347177042007e+09
1.752589347183847427e+09
1.752589347188071728e+09
1.752589347193551064e+09
1.752589347197186232e+09
1.752589347202325344e+09
1.752589347207097292e+09
1.752589347213510990e+09
1.752589347216984987e+09
1.752589347223454475e+09
1.752589347226925135e+09
1.752589347233734369e+09
1.752589347237161636e+09
1.752589347242988586e+09
1.752589347247034073e+09
1.752589347255593538e+09
1.752589347257807016e+09
1.752589347263192654e+09
1.752589347266920090e+09
1.752589347272735119e+09
1.752589347278020620e+09
1.752589347283641338e+09
1.752589347288879156e+09
1.752589347293589354e+09
1.752589347296978474e+09
1.752589347303330421e+09
1.752589347307004690e+09
1.752589347313661337e+09
1.752589347317219496e+09
1.752589347323304415e+09
1.752589347327204466e+09
1.752589347333966494e+09
1.752589347336961508e+09
1.752589347345632076e+09
1.752589347346583128e+09
1.752589347354845762e+09
1.752589347356909513e+09
1.752589347363147020e+09
1.752589347367109299e+09
1.752589347373290539e+09
1.752589347377071142e+09
1.752589347383816481e+09
1.752589347388111591e+09
1.752589347393212318e+09
1.752589347396910429e+09
1.752589347403748512e+09
1.752589347407384157e+09
1.752589347413148642e+09
1.752589347416915178e+09
1.752589347423160076e+09
1.752589347426884651e+09
1.752589347433806896e+09
1.752589347437454939e+09
1.752589347443242311e+09
1.752589347446834803e+09
1.752589347453728437e+09
1.752589347457806826e+09
1.752589347463346958e+09
1.752589347467123747e+09
1.752589347473535776e+09
1.752589347477804661e+09
1.752589347482031822e+09
1.752589347487026453e+09
1.752589347493597746e+09
1.752589347497252941e+09
1.752589347503407478e+09
1.752589347507117748e+09
1.752589347513427496e+09
1.752589347517073393e+09
1.752589347522156715e+09
1.752589347528256655e+09
1.752589347533231020e+09
1.752589347537732363e+09
1.752589347541403294e+09
1.752589347546828032e+09
1.752589347554995298e+09
1.752589347557200193e+09
1.752589347563785791e+09
1.752589347567040205e+09
1.752589347573216915e+09
1.752589347577099085e+09
1.752589347583528996e+09
1.752589347587079763e+09
1.752589347593615294e+09
1.752589347596985817e+09
1.752589347603577375e+09
1.752589347606983662e+09
1.752589347613418341e+09
1.752589347617157936e+09
1.752589347622974157e+09
1.752589347627021790e+09
1.752589347633760214e+09
1.752589347637136936e+09
1.752589347643085241e+09
1.752589347646979809e+09
1.752589347652531147e+09
1.752589347657110214e+09
1.752589347663100243e+09
1.752589347667004108e+09
1.752589347673245430e+09
1.752589347676875353e+09
1.752589347683197737e+09
1.752589347687981844e+09
1.752589347694514990e+09
1.752589347697178125e+09
1.752589347703367710e+09
1.752589347707176208e+09
1.752589347713519335e+09
1.752589347717429876e+09
1.752589347723152161e+09
1.752589347727006674e+09
1.752589347733773470e+09
1.752589347737148762e+09
1.752589347743352652e+09
1.752589347747249126e+09
1.752589347753657579e+09
1.752589347757229090e+09
1.752589347766681194e+09
1.752589347773364067e+09
1.752589347778532267e+09
1.752589347781494617e+09
1.752589347786868334e+09
1.752589347793677330e+09
1.752589347797132254e+09
1.752589347803288221e+09
1.752589347807101250e+09
1.752589347813468218e+09
1.752589347816947937e+09
1.752589347823395014e+09
1.752589347827284575e+09
1.752589347835662842e+09
1.752589347839246750e+09
1.752589347841943264e+09
1.752589347846863508e+09
1.752589347854956388e+09
1.752589347857179165e+09
1.752589347863234043e+09
1.752589347866957903e+09
1.752589347873713493e+09
1.752589347877122641e+09
1.752589347883138418e+09
1.752589347887166262e+09
1.752589347893113613e+09
1.752589347896991491e+09
1.752589347901427031e+09
1.752589347907195091e+09
1.752589347913517237e+09
1.752589347917128086e+09
1.752589347923625231e+09
1.752589347927019358e+09
1.752589347933552742e+09
1.752589347937093735e+09
1.752589347943272114e+09
1.752589347947102547e+09
1.752589347953642130e+09
1.752589347957048893e+09
1.752589347963427782e+09
1.752589347966922998e+09
1.752589347975897789e+09
1.752589347976936340e+09
1.752589347983387947e+09
1.752589347988626242e+09
1.752589347993275404e+09
1.752589347996855736e+09
1.752589348003509045e+09
1.752589348008068085e+09
1.752589348013233662e+09
1.752589348017168999e+09
1.752589348023621798e+09
1.752589348027724981e+09
1.752589348033448696e+09
1.752589348037103653e+09
1.752589348043857336e+09
1.752589348047000885e+09
1.752589348053806305e+09
1.752589348057033300e+09
1.752589348063341856e+09
1.752589348066951513e+09
1.752589348073253155e+09
1.752589348076887608e+09
1.752589348083514452e+09
1.752589348087430000e+09
1.752589348093864679e+09
1.752589348097097635e+09
1.752589348103290796e+09
1.752589348107171535e+09
1.752589348114739418e+09
1.752589348122024298e+09
1.752589348126962662e+09
1.752589348133465290e+09
1.752589348136940956e+09
1.752589348141841173e+09
1.752589348148126602e+09
1.752589348153514147e+09
1.752589348156999350e+09
1.752589348161511898e+09
1.752589348167134523e+09
1.752589348173492432e+09
1.752589348177110195e+09
1.752589348182068110e+09
1.752589348187160492e+09
1.752589348193578005e+09
1.752589348197190762e+09
1.752589348203302145e+09
1.752589348206993580e+09
1.752589348213508129e+09
1.752589348217092276e+09
1.752589348223687649e+09
1.752589348228216410e+09
1.752589348233423948e+09
1.752589348236947060e+09
1.752589348241650343e+09
1.752589348247285604e+09
1.752589348255848169e+09
1.752589348256520271e+09
1.752589348263037920e+09
1.752589348267305374e+09
1.752589348271873713e+09
1.752589348277373791e+09
1.752589348283252954e+09
1.752589348287329435e+09
1.752589348293455362e+09
1.752589348296883345e+09
1.752589348303228378e+09
1.752589348307280064e+09
1.752589348313482046e+09
1.752589348317161322e+09
1.752589348323248386e+09
1.752589348329152346e+09
1.752589348332240582e+09
1.752589348337081909e+09
1.752589348343126297e+09
1.752589348347900867e+09
1.752589348353811741e+09
1.752589348357151031e+09
1.752589348363179207e+09
1.752589348368510962e+09
1.752589348372071266e+09
1.752589348376958609e+09
1.752589348383101702e+09
1.752589348387201071e+09
1.752589348394947052e+09
1.752589348397173405e+09
1.752589348403411388e+09
1.752589348408232927e+09
1.752589348413823605e+09
1.752589348416917801e+09
1.752589348423323631e+09
1.752589348427033663e+09
1.752589348433445215e+09
1.752589348437129974e+09
1.752589348443506241e+09
1.752589348447054625e+09
1.752589348453561068e+09
1.752589348457031250e+09
1.752589348463038445e+09
1.752589348467141628e+09
1.752589348473552465e+09
1.752589348477149725e+09
1.752589348483249187e+09
1.752589348487163067e+09
1.752589348493482828e+09
1.752589348497199774e+09
1.752589348503274679e+09
1.752589348507153749e+09
1.752589348513455629e+09
1.752589348516983271e+09
1.752589348524234772e+09
1.752589348527161837e+09
1.752589348534940243e+09
1.752589348536905289e+09
1.752589348543546438e+09
1.752589348547138929e+09
1.752589348553639650e+09
1.752589348557217598e+09
1.752589348563377142e+09
1.752589348567021608e+09
1.752589348573377609e+09
1.752589348576925516e+09
1.752589348583671093e+09
1.752589348588501453e+09
1.752589348594570637e+09
1.752589348597016335e+09
1.752589348602857113e+09
1.752589348607190132e+09
1.752589348613318682e+09
1.752589348616976976e+09
1.752589348623610973e+09
1.752589348627070189e+09
1.752589348633619547e+09
1.752589348636951923e+09
1.752589348643317699e+09
1.752589348647102833e+09
1.752589348653645754e+09
1.752589348656917572e+09
1.752589348663620234e+09
1.752589348668137312e+09
1.752589348674875498e+09
1.752589348676849842e+09
1.752589348683359146e+09
1.752589348686887741e+09
1.752589348693785906e+09
1.752589348697750092e+09
1.752589348703079224e+09
1.752589348707098722e+09
1.752589348714010715e+09
1.752589348718212128e+09
1.752589348723047972e+09
1.752589348727088213e+09
1.752589348733635902e+09
1.752589348736877203e+09
1.752589348742499352e+09
1.752589348747219801e+09
1.752589348753653765e+09
1.752589348757093668e+09
1.752589348763342857e+09
1.752589348767118692e+09
1.752589348773842096e+09
1.752589348777176857e+09
1.752589348783371925e+09
1.752589348788157225e+09
1.752589348793343067e+09
1.752589348796899557e+09
1.752589348803320169e+09
1.752589348807967663e+09
1.752589348815037966e+09
1.752589348817211866e+09
1.752589348821707010e+09
1.752589348827082157e+09
1.752589348833415747e+09
1.752589348836954355e+09
1.752589348843065262e+09
1.752589348847970963e+09
1.752589348853693008e+09
1.752589348857133389e+09
1.752589348863355875e+09
1.752589348867238045e+09
1.752589348873528481e+09
1.752589348876916885e+09
1.752589348882259607e+09
1.752589348888201237e+09
1.752589348893660307e+09
1.752589348896905422e+09
1.752589348903119564e+09
1.752589348906915188e+09
1.752589348912796736e+09
1.752589348917987823e+09
1.752589348923387289e+09
1.752589348927464008e+09
1.752589348933239222e+09
1.752589348936847925e+09
1.752589348943087578e+09
1.752589348946841002e+09
1.752589348956350803e+09
1.752589348957817793e+09
1.752589348963152647e+09
1.752589348967004776e+09
1.752589348973619223e+09
1.752589348976992607e+09
1.752589348983304262e+09
1.752589348991201639e+09
1.752589348993778706e+09
1.752589348996927977e+09
1.752589349003449678e+09
1.752589349008356810e+09
1.752589349011982441e+09
1.752589349017209768e+09
1.752589349025922537e+09
1.752589349026403427e+09
1.752589349033701897e+09
1.752589349036971569e+09
1.752589349043349266e+09
1.752589349047161341e+09
1.752589349053507805e+09
1.752589349057114124e+09
1.752589349063369751e+09
1.752589349067096472e+09
1.752589349073132515e+09
1.752589349076908588e+09
1.752589349081766129e+09
1.752589349087102175e+09
1.752589349094202280e+09
1.752589349096858978e+09
1.752589349103747368e+09
1.752589349108081818e+09
1.752589349113427401e+09
1.752589349117039442e+09
1.752589349123779774e+09
1.752589349128044844e+09
1.752589349133581877e+09
1.752589349137147427e+09
1.752589349143210411e+09
1.752589349146868706e+09
1.752589349153208256e+09
1.752589349156880617e+09
1.752589349163292646e+09
1.752589349167159081e+09
1.752589349173253298e+09
1.752589349176919699e+09
1.752589349183530807e+09
1.752589349187078476e+09
1.752589349193161488e+09
1.752589349196879864e+09
1.752589349203719139e+09
1.752589349207973957e+09
1.752589349213197708e+09
1.752589349216816187e+09
1.752589349223677635e+09
1.752589349228242874e+09
1.752589349234369755e+09
1.752589349237095356e+09
1.752589349243591309e+09
1.752589349248349428e+09
1.752589349253441811e+09
1.752589349256983757e+09
1.752589349261641026e+09
1.752589349268293142e+09
1.752589349273180246e+09
1.752589349276891470e+09
1.752589349283566236e+09
1.752589349290663004e+09
1.752589349294029713e+09
1.752589349297027111e+09
1.752589349301906109e+09
1.752589349308215857e+09
1.752589349313182354e+09
1.752589349317086697e+09
1.752589349323745728e+09
1.752589349327153921e+09
1.752589349333518028e+09
1.752589349336911678e+09
1.752589349343271494e+09
1.752589349347124338e+09
1.752589349353915691e+09
1.752589349356949806e+09
1.752589349363308191e+09
1.752589349367148399e+09
1.752589349374853611e+09
1.752589349376527548e+09
1.752589349383849621e+09
1.752589349387320280e+09
1.752589349393662453e+09
1.752589349397224665e+09
1.752589349403332233e+09
1.752589349407183647e+09
1.752589349413510799e+09
1.752589349417142391e+09
1.752589349423463345e+09
1.752589349427063704e+09
1.752589349433598280e+09
1.752589349436923027e+09
1.752589349443293810e+09
1.752589349447258949e+09
1.752589349454694748e+09
1.752589349457907915e+09
1.752589349463287115e+09
1.752589349466920137e+09
1.752589349473211050e+09
1.752589349477515459e+09
1.752589349483595848e+09
1.752589349486989021e+09
1.752589349493639708e+09
1.752589349497043610e+09
1.752589349503383398e+09
1.752589349507208347e+09
1.752589349515219212e+09
1.752589349517042160e+09
1.752589349523322344e+09
1.752589349526870728e+09
1.752589349533244371e+09
1.752589349538213015e+09
1.752589349541490078e+09
1.752589349547012091e+09
1.752589349553427219e+09
1.752589349557044268e+09
1.752589349563367605e+09
1.752589349567184687e+09
1.752589349573537111e+09
1.752589349577133894e+09
1.752589349582117796e+09
1.752589349587032795e+09
1.752589349596134186e+09
1.752589349597237587e+09
1.752589349603472471e+09
1.752589349606946468e+09
1.752589349613176584e+09
1.752589349617207527e+09
1.752589349621426105e+09
1.752589349627138615e+09
1.752589349633650780e+09
1.752589349637716293e+09
1.752589349643358946e+09
1.752589349646943331e+09
1.752589349653581619e+09
1.752589349658160210e+09
1.752589349663585424e+09
1.752589349667152405e+09
1.752589349673468113e+09
1.752589349677024364e+09
1.752589349683358669e+09
1.752589349687288284e+09
1.752589349693828106e+09
1.752589349697020769e+09
1.752589349703252792e+09
1.752589349706975698e+09
1.752589349713485003e+09
1.752589349717128754e+09
1.752589349723634720e+09
1.752589349726937532e+09
1.752589349733324528e+09
1.752589349736876965e+09
1.752589349744153500e+09
1.752589349747764587e+09
1.752589349753307581e+09
1.752589349758334875e+09
1.752589349761454582e+09
1.752589349767206669e+09
1.752589349773345232e+09
1.752589349776880741e+09
1.752589349783126831e+09
1.752589349787078619e+09
1.752589349792130709e+09
1.752589349797476292e+09
1.752589349803143501e+09
1.752589349806885481e+09
1.752589349813888550e+09
1.752589349818675995e+09
1.752589349823268414e+09
1.752589349827145815e+09
1.752589349833475828e+09
1.752589349837120056e+09
1.752589349843627214e+09
1.752589349847010374e+09
1.752589349853582621e+09
1.752589349857204676e+09
1.752589349864934444e+09
1.752589349868059874e+09
1.752589349873372316e+09
1.752589349877125740e+09
1.752589349883022547e+09
1.752589349887065887e+09
1.752589349893259287e+09
1.752589349896846056e+09
1.752589349903768063e+09
1.752589349908329248e+09
1.752589349913370848e+09
1.752589349916910887e+09
1.752589349923665047e+09
1.752589349928211927e+09
1.752589349936021805e+09
1.752589349936890602e+09
1.752589349943673611e+09
1.752589349948019505e+09
1.752589349953309298e+09
1.752589349956939220e+09
1.752589349963418484e+09
1.752589349967840672e+09
1.752589349972134113e+09
1.752589349976966143e+09
1.752589349983611584e+09
1.752589349987251043e+09
1.752589349993543863e+09
1.752589349997045755e+09
1.752589350002145767e+09
1.752589350006929874e+09
1.752589350013630867e+09
1.752589350017006636e+09
1.752589350023184299e+09
1.752589350026857615e+09
1.752589350033882856e+09
1.752589350037126541e+09
1.752589350043412685e+09
1.752589350046864986e+09
1.752589350053612709e+09
1.752589350058114052e+09
1.752589350061469078e+09
1.752589350066894054e+09
1.752589350074531794e+09
1.752589350077106237e+09
1.752589350083115101e+09
1.752589350087320805e+09
1.752589350093648672e+09
1.752589350097284317e+09
1.752589350103571653e+09
1.752589350107167721e+09
1.752589350113622665e+09
1.752589350116998434e+09
1.752589350124543428e+09
1.752589350127266645e+09
1.752589350133673906e+09
1.752589350137171507e+09
1.752589350142716646e+09
1.752589350147109985e+09
1.752589350153491497e+09
1.752589350157145023e+09
1.752589350163637877e+09
1.752589350167809010e+09
1.752589350173357010e+09
1.752589350176940441e+09
1.752589350183374405e+09
1.752589350186921358e+09
1.752589350194000959e+09
1.752589350197941780e+09
1.752589350203385592e+09
1.752589350206950903e+09
1.752589350215533018e+09
1.752589350217240810e+09
1.752589350221517086e+09
1.752589350227178574e+09
1.752589350233575583e+09
1.752589350236996412e+09
1.752589350243262291e+09
1.752589350248056173e+09
1.752589350253628016e+09
1.752589350257034779e+09
1.752589350261833429e+09
1.752589350267863989e+09
1.752589350273949146e+09
1.752589350276881218e+09
1.752589350285787582e+09
1.752589350288036585e+09
1.752589350293480396e+09
1.752589350297013998e+09
1.752589350301589251e+09
1.752589350308104038e+09
1.752589350313491106e+09
1.752589350316918135e+09
1.752589350321743965e+09
1.752589350327358246e+09
1.752589350333504915e+09
1.752589350337162018e+09
1.752589350343483210e+09
1.752589350346905947e+09
1.752589350354685545e+09
1.752589350356887102e+09
1.752589350363034725e+09
1.752589350366868258e+09
1.752589350373678684e+09
1.752589350377024174e+09
1.752589350383348703e+09
1.752589350387138844e+09
1.752589350393359661e+09
1.752589350396978140e+09
1.752589350403506756e+09
1.752589350407143116e+09
1.752589350413847208e+09
1.752589350417209864e+09
1.752589350422747850e+09
1.752589350426899910e+09
1.752589350434031248e+09
1.752589350437132120e+09
1.752589350443194628e+09
1.752589350447120428e+09
1.752589350453570127e+09
1.752589350457038403e+09
1.752589350463528395e+09
1.752589350467119932e+09
1.752589350473264694e+09
1.752589350476852417e+09
1.752589350483264208e+09
1.752589350489216328e+09
1.752589350496070385e+09
