1.752665133263189077e+09
1.752665133265877485e+09
1.752665133273032188e+09
1.752665133277549982e+09
1.752665133283162594e+09
1.752665133287420511e+09
1.752665133291022778e+09
1.752665133297463894e+09
1.752665133303416252e+09
1.752665133307401896e+09
1.752665133313022614e+09
1.752665133317246199e+09
1.752665133323158979e+09
1.752665133327517271e+09
1.752665133331070900e+09
1.752665133338906050e+09
1.752665133343145370e+09
1.752665133347169161e+09
1.752665133350749493e+09
1.752665133357906103e+09
1.752665133361405373e+09
1.752665133367486238e+09
1.752665133372895241e+09
1.752665133377313375e+09
1.752665133383394718e+09
1.752665133387901545e+09
1.752665133391278744e+09
1.752665133396729231e+09
1.752665133402892590e+09
1.752665133406571627e+09
1.752665133411008358e+09
1.752665133417717457e+09
1.752665133423348188e+09
1.752665133427289486e+09
1.752665133431214571e+09
1.752665133437108040e+09
1.752665133442692757e+09
1.752665133447875023e+09
1.752665133451202393e+09
1.752665133457501411e+09
1.752665133463214159e+09
1.752665133467056751e+09
1.752665133472769260e+09
1.752665133477861404e+09
1.752665133482641220e+09
1.752665133488129854e+09
1.752665133491032839e+09
1.752665133497406960e+09
1.752665133503011942e+09
1.752665133507525444e+09
1.752665133512986422e+09
1.752665133517302275e+09
1.752665133523131609e+09
1.752665133527362108e+09
1.752665133532930851e+09
1.752665133537229538e+09
1.752665133543211699e+09
1.752665133547444105e+09
1.752665133551194906e+09
1.752665133557394266e+09
1.752665133563089848e+09
1.752665133567295074e+09
1.752665133571192741e+09
1.752665133577391624e+09
1.752665133583411932e+09
1.752665133587233782e+09
1.752665133592621803e+09
1.752665133597873449e+09
1.752665133601538897e+09
1.752665133607124805e+09
1.752665133612617970e+09
1.752665133619235992e+09
1.752665133623373985e+09
1.752665133627362967e+09
1.752665133631419659e+09
1.752665133637328386e+09
1.752665133642659664e+09
1.752665133647105455e+09
1.752665133651248455e+09
1.752665133657288790e+09
1.752665133662975550e+09
1.752665133667186975e+09
1.752665133671307802e+09
1.752665133677559614e+09
1.752665133683032274e+09
1.752665133688612461e+09
1.752665133693300486e+09
1.752665133697948217e+09
1.752665133702732086e+09
1.752665133706022978e+09
1.752665133711012125e+09
1.752665133717549562e+09
1.752665133723455667e+09
1.752665133727314949e+09
1.752665133732696533e+09
1.752665133737636089e+09
1.752665133741468191e+09
1.752665133747452021e+09
1.752665133751352549e+09
1.752665133758859873e+09
1.752665133763182402e+09
1.752665133767387867e+09
1.752665133771178007e+09
1.752665133777465582e+09
1.752665133783307076e+09
1.752665133787403345e+09
1.752665133792812586e+09
1.752665133797362089e+09
1.752665133803191185e+09
1.752665133807133675e+09
1.752665133811112642e+09
1.752665133817420244e+09
1.752665133823115826e+09
1.752665133827522516e+09
1.752665133832879543e+09
1.752665133836541653e+09
1.752665133843541622e+09
1.752665133848040342e+09
1.752665133852655172e+09
1.752665133857136488e+09
1.752665133863531828e+09
1.752665133868003845e+09
1.752665133872940063e+09
1.752665133877193213e+09
1.752665133881426334e+09
1.752665133887504578e+09
1.752665133892925501e+09
1.752665133897297144e+09
1.752665133903216362e+09
1.752665133907262325e+09
1.752665133912935972e+09
1.752665133917399883e+09
1.752665133923172951e+09
1.752665133927297115e+09
1.752665133931184292e+09
1.752665133937409163e+09
1.752665133943243265e+09
1.752665133947349548e+09
1.752665133951213360e+09
1.752665133957489967e+09
1.752665133962714195e+09
1.752665133968798637e+09
1.752665133971274614e+09
1.752665133977440834e+09
1.752665133983255625e+09
1.752665133987304449e+09
1.752665133993052244e+09
1.752665133997384310e+09
1.752665134003210783e+09
1.752665134007527590e+09
1.752665134011235476e+09
1.752665134017319441e+09
1.752665134023273230e+09
1.752665134027467728e+09
1.752665134032621861e+09
1.752665134037650585e+09
1.752665134043523788e+09
1.752665134047607899e+09
1.752665134051049948e+09
1.752665134057513714e+09
1.752665134063170671e+09
1.752665134067220688e+09
1.752665134071140051e+09
1.752665134077623367e+09
1.752665134083230495e+09
1.752665134087366104e+09
1.752665134091197968e+09
1.752665134097803593e+09
1.752665134103110313e+09
1.752665134107873201e+09
1.752665134111232996e+09
1.752665134117530346e+09
1.752665134123132706e+09
1.752665134127487659e+09
1.752665134133057833e+09
1.752665134137354136e+09
1.752665134142982244e+09
1.752665134147271156e+09
1.752665134151045322e+09
1.752665134157282591e+09
1.752665134162690163e+09
1.752665134166671038e+09
1.752665134172753096e+09
1.752665134178941250e+09
1.752665134183058262e+09
1.752665134187805653e+09
1.752665134191375971e+09
1.752665134197483540e+09
1.752665134202921629e+09
1.752665134207667351e+09
1.752665134210898161e+09
1.752665134217366934e+09
1.752665134222985744e+09
1.752665134228208780e+09
1.752665134231240273e+09
1.752665134237718105e+09
1.752665134243001938e+09
1.752665134247511148e+09
1.752665134252689362e+09
1.752665134256333351e+09
1.752665134263445616e+09
1.752665134267487049e+09
1.752665134271249294e+09
1.752665134277367830e+09
1.752665134283422232e+09
1.752665134288244009e+09
1.752665134291284084e+09
1.752665134297913790e+09
1.752665134302976370e+09
1.752665134307153702e+09
1.752665134312955856e+09
1.752665134319099188e+09
1.752665134322980642e+09
1.752665134326514244e+09
1.752665134333513975e+09
1.752665134337611675e+09
1.752665134342894077e+09
1.752665134346632242e+09
1.752665134351029873e+09
1.752665134357291460e+09
1.752665134363186121e+09
1.752665134367489338e+09
1.752665134371034861e+09
1.752665134377490282e+09
1.752665134383092642e+09
1.752665134388039589e+09
1.752665134392769098e+09
1.752665134397283316e+09
1.752665134403161526e+09
1.752665134407366037e+09
1.752665134412940979e+09
1.752665134417272091e+09
1.752665134423203468e+09
1.752665134427417755e+09
1.752665134432927847e+09
1.752665134437208652e+09
1.752665134443134546e+09
1.752665134447526217e+09
1.752665134451028109e+09
1.752665134457288980e+09
1.752665134463471413e+09
1.752665134467503786e+09
1.752665134473090887e+09
1.752665134477473736e+09
1.752665134482844830e+09
1.752665134487452984e+09
1.752665134493042707e+09
1.752665134497247219e+09
1.752665134503144979e+09
1.752665134507498264e+09
1.752665134511022091e+09
1.752665134517845392e+09
1.752665134523267746e+09
1.752665134526264429e+09
1.752665134532747269e+09
1.752665134537561417e+09
1.752665134543143272e+09
1.752665134547127485e+09
1.752665134551344156e+09
1.752665134557282925e+09
1.752665134563298225e+09
1.752665134567591667e+09
1.752665134571094036e+09
1.752665134577265978e+09
1.752665134583318472e+09
1.752665134587376595e+09
1.752665134593153477e+09
1.752665134598767281e+09
1.752665134603252888e+09
1.752665134607261896e+09
1.752665134611521006e+09
1.752665134616534472e+09
1.752665134622673988e+09
1.752665134627486706e+09
1.752665134631020546e+09
1.752665134637219906e+09
1.752665134643212557e+09
1.752665134647386551e+09
1.752665134651052237e+09
1.752665134657085419e+09
1.752665134662744522e+09
1.752665134666364908e+09
1.752665134671377659e+09
1.752665134677112341e+09
1.752665134682683706e+09
1.752665134687550306e+09
1.752665134691192627e+09
1.752665134697094440e+09
1.752665134703288078e+09
1.752665134707422495e+09
1.752665134713044643e+09
1.752665134717401743e+09
1.752665134723114491e+09
1.752665134727507114e+09
1.752665134732984781e+09
1.752665134738824844e+09
1.752665134743240595e+09
1.752665134747343540e+09
1.752665134751198530e+09
1.752665134757468939e+09
1.752665134763102770e+09
1.752665134767490625e+09
1.752665134772930384e+09
1.752665134777563334e+09
1.752665134783164501e+09
1.752665134787464619e+09
1.752665134791409492e+09
1.752665134797460556e+09
1.752665134803085327e+09
1.752665134807471275e+09
1.752665134811027288e+09
1.752665134817875147e+09
1.752665134822732449e+09
1.752665134826594830e+09
1.752665134830946445e+09
1.752665134837377787e+09
1.752665134841389894e+09
1.752665134845789671e+09
1.752665134852735043e+09
1.752665134857084751e+09
1.752665134863174200e+09
1.752665134867335796e+09
1.752665134870930195e+09
1.752665134878968000e+09
1.752665134882696867e+09
1.752665134886566401e+09
1.752665134891005278e+09
1.752665134897531033e+09
1.752665134903211832e+09
1.752665134907597303e+09
1.752665134910838842e+09
1.752665134916929007e+09
1.752665134923143387e+09
1.752665134927367687e+09
1.752665134932964087e+09
1.752665134936604023e+09
1.752665134942743063e+09
1.752665134946530819e+09
1.752665134951212645e+09
1.752665134957459927e+09
1.752665134963313341e+09
1.752665134966792822e+09
1.752665134972724676e+09
1.752665134977352142e+09
1.752665134983163357e+09
1.752665134987453699e+09
1.752665134990986347e+09
1.752665134997440338e+09
1.752665135003233910e+09
1.752665135007501125e+09
1.752665135010980129e+09
1.752665135019797087e+09
1.752665135023354053e+09
1.752665135027428865e+09
1.752665135031053066e+09
1.752665135037895918e+09
1.752665135043078184e+09
1.752665135047275782e+09
1.752665135051469564e+09
1.752665135057662964e+09
1.752665135062987566e+09
1.752665135067255735e+09
1.752665135071034431e+09
1.752665135077497244e+09
1.752665135083445787e+09
1.752665135088958979e+09
1.752665135093057871e+09
1.752665135097366810e+09
1.752665135103039026e+09
1.752665135107259035e+09
1.752665135110949278e+09
1.752665135117323637e+09
1.752665135123127222e+09
1.752665135127725601e+09
1.752665135130957603e+09
1.752665135137450457e+09
1.752665135141478539e+09
1.752665135147381544e+09
1.752665135151040554e+09
1.752665135157980680e+09
1.752665135163075924e+09
1.752665135167391300e+09
1.752665135173089981e+09
1.752665135177315950e+09
1.752665135183458090e+09
1.752665135187322617e+09
1.752665135193002462e+09
1.752665135197349310e+09
1.752665135203253984e+09
1.752665135207430363e+09
1.752665135210931301e+09
1.752665135217409134e+09
1.752665135223133087e+09
1.752665135227107763e+09
1.752665135230998039e+09
1.752665135237591743e+09
1.752665135243261099e+09
1.752665135247037411e+09
1.752665135252585649e+09
1.752665135257491112e+09
1.752665135263319254e+09
1.752665135267641783e+09
1.752665135273110628e+09
1.752665135277327061e+09
1.752665135283132553e+09
1.752665135287239790e+09
1.752665135291277647e+09
1.752665135297991514e+09
1.752665135303070545e+09
1.752665135307693720e+09
1.752665135311209917e+09
1.752665135317301512e+09
1.752665135323117971e+09
1.752665135327487946e+09
1.752665135332892179e+09
1.752665135337395668e+09
1.752665135343006372e+09
1.752665135347243547e+09
1.752665135351286173e+09
1.752665135357391119e+09
1.752665135363204956e+09
1.752665135368931293e+09
1.752665135371191025e+09
1.752665135377576590e+09
1.752665135383347034e+09
1.752665135387233019e+09
1.752665135392979860e+09
1.752665135397220612e+09
1.752665135403185368e+09
1.752665135407916307e+09
1.752665135413284302e+09
1.752665135417349815e+09
1.752665135423119545e+09
1.752665135427526474e+09
1.752665135430874825e+09
1.752665135437393427e+09
1.752665135443032503e+09
1.752665135447164059e+09
1.752665135450934172e+09
1.752665135457423687e+09
1.752665135463098049e+09
1.752665135467287540e+09
1.752665135473289251e+09
1.752665135477413654e+09
1.752665135483170748e+09
1.752665135487399340e+09
1.752665135492740154e+09
1.752665135497026205e+09
1.752665135504528046e+09
1.752665135507646322e+09
1.752665135513044119e+09
1.752665135517832518e+09
1.752665135523378849e+09
1.752665135527454615e+09
1.752665135531404734e+09
1.752665135537625790e+09
1.752665135543050528e+09
1.752665135547478437e+09
1.752665135552990198e+09
1.752665135557250738e+09
1.752665135563283682e+09
1.752665135567440748e+09
1.752665135570794582e+09
1.752665135576566219e+09
1.752665135582589388e+09
1.752665135587428570e+09
1.752665135591416597e+09
1.752665135597519159e+09
1.752665135601237059e+09
1.752665135607423782e+09
1.752665135611198664e+09
1.752665135617442131e+09
1.752665135623014450e+09
1.752665135627653837e+09
1.752665135631214857e+09
1.752665135637549400e+09
1.752665135642803192e+09
1.752665135647533894e+09
1.752665135651411533e+09
1.752665135657755136e+09
1.752665135662837029e+09
1.752665135667330742e+09
1.752665135673043728e+09
1.752665135677489519e+09
1.752665135683312893e+09
1.752665135687400818e+09
1.752665135691180468e+09
1.752665135697116375e+09
1.752665135703200340e+09
1.752665135707499743e+09
1.752665135711030006e+09
1.752665135718373537e+09
1.752665135723139286e+09
1.752665135727458000e+09
1.752665135732784271e+09
1.752665135737423182e+09
1.752665135743072510e+09
1.752665135747400761e+09
1.752665135752960205e+09
1.752665135757504463e+09
1.752665135762923002e+09
1.752665135767185211e+09
1.752665135771407366e+09
1.752665135777547836e+09
1.752665135783238649e+09
1.752665135788252831e+09
1.752665135790886164e+09
1.752665135797574043e+09
1.752665135801422596e+09
1.752665135808078527e+09
1.752665135812604666e+09
1.752665135817170620e+09
1.752665135821234226e+09
1.752665135827658653e+09
1.752665135832722664e+09
1.752665135837122679e+09
1.752665135843183756e+09
1.752665135847995043e+09
1.752665135851509094e+09
1.752665135857278347e+09
1.752665135863033533e+09
1.752665135867252111e+09
1.752665135872747183e+09
1.752665135877138376e+09
1.752665135883461475e+09
1.752665135887742281e+09
1.752665135891223192e+09
1.752665135897206783e+09
1.752665135903416872e+09
1.752665135907928467e+09
1.752665135911322832e+09
1.752665135917290926e+09
1.752665135922907829e+09
1.752665135928380013e+09
1.752665135932550669e+09
1.752665135937569380e+09
1.752665135943354607e+09
1.752665135947372198e+09
1.752665135950962067e+09
1.752665135957284689e+09
1.752665135963083506e+09
1.752665135967395306e+09
1.752665135971254110e+09
1.752665135977470875e+09
1.752665135983072042e+09
1.752665135987609148e+09
1.752665135992834330e+09
1.752665135997383833e+09
1.752665136001727819e+09
1.752665136007513523e+09
1.752665136010792255e+09
1.752665136017448902e+09
1.752665136023047209e+09
1.752665136027389288e+09
1.752665136032963514e+09
1.752665136037079573e+09
1.752665136043008089e+09
1.752665136047354460e+09
1.752665136051026106e+09
1.752665136057141781e+09
1.752665136062846422e+09
1.752665136067858219e+09
1.752665136073329687e+09
1.752665136077411890e+09
1.752665136083313942e+09
1.752665136088784218e+09
1.752665136092387915e+09
1.752665136096525431e+09
1.752665136102648735e+09
1.752665136107812405e+09
1.752665136111205101e+09
1.752665136117168903e+09
1.752665136122770786e+09
1.752665136127646923e+09
1.752665136131016254e+09
1.752665136138004303e+09
1.752665136142707109e+09
1.752665136147492886e+09
1.752665136151626825e+09
1.752665136157281876e+09
1.752665136162714958e+09
1.752665136167929649e+09
1.752665136171243191e+09
1.752665136177443743e+09
1.752665136183158875e+09
1.752665136187406063e+09
1.752665136190835238e+09
1.752665136197541952e+09
1.752665136201199293e+09
1.752665136208582163e+09
1.752665136210771561e+09
1.752665136217455387e+09
1.752665136222749710e+09
1.752665136227126598e+09
1.752665136231206894e+09
1.752665136238059998e+09
1.752665136243145466e+09
1.752665136247377157e+09
1.752665136251224756e+09
1.752665136257843733e+09
1.752665136262601137e+09
1.752665136267052650e+09
1.752665136272966623e+09
1.752665136277497292e+09
1.752665136281230927e+09
1.752665136287380219e+09
1.752665136292710066e+09
1.752665136297400236e+09
1.752665136302952528e+09
1.752665136306635380e+09
1.752665136311223269e+09
1.752665136317664146e+09
1.752665136322690248e+09
1.752665136327280521e+09
1.752665136331216812e+09
1.752665136338106155e+09
1.752665136343190432e+09
1.752665136347338915e+09
1.752665136351202965e+09
1.752665136357365131e+09
1.752665136361404419e+09
1.752665136368308783e+09
1.752665136370967627e+09
1.752665136377151728e+09
1.752665136383298397e+09
1.752665136387715340e+09
1.752665136392776966e+09
1.752665136396549463e+09
1.752665136403498650e+09
1.752665136407544613e+09
1.752665136411207914e+09
1.752665136417029858e+09
1.752665136422046423e+09
1.752665136427603245e+09
1.752665136431209803e+09
1.752665136437479019e+09
1.752665136443123102e+09
1.752665136447372437e+09
1.752665136451216459e+09
1.752665136457545280e+09
1.752665136463190794e+09
1.752665136467605352e+09
1.752665136471048355e+09
1.752665136477727175e+09
1.752665136483223915e+09
1.752665136488910198e+09
1.752665136491031647e+09
1.752665136497215271e+09
1.752665136503155708e+09
1.752665136507365465e+09
1.752665136512971878e+09
1.752665136517141581e+09
1.752665136522938728e+09
1.752665136527091265e+09
1.752665136532670498e+09
1.752665136537489891e+09
1.752665136543438196e+09
1.752665136547271252e+09
1.752665136551020384e+09
1.752665136559958696e+09
1.752665136562927246e+09
1.752665136567526102e+09
1.752665136571543217e+09
1.752665136577296495e+09
1.752665136582873821e+09
1.752665136586683035e+09
1.752665136592654943e+09
1.752665136597099066e+09
1.752665136603113413e+09
1.752665136607708693e+09
1.752665136611019373e+09
1.752665136617322445e+09
1.752665136623309374e+09
1.752665136627461433e+09
1.752665136633338690e+09
1.752665136637323380e+09
1.752665136643217087e+09
1.752665136648186207e+09
1.752665136651030064e+09
1.752665136657427311e+09
1.752665136663353920e+09
1.752665136667486906e+09
1.752665136671187401e+09
1.752665136677320004e+09
1.752665136683063269e+09
1.752665136687232733e+09
1.752665136692779779e+09
1.752665136697638512e+09
1.752665136702957630e+09
1.752665136707280159e+09
1.752665136710804939e+09
1.752665136717456341e+09
1.752665136723277569e+09
1.752665136726651430e+09
1.752665136732522964e+09
1.752665136738068581e+09
1.752665136742780924e+09
1.752665136746944427e+09
1.752665136751022577e+09
1.752665136757375002e+09
1.752665136762687206e+09
1.752665136766610861e+09
1.752665136771244526e+09
1.752665136777654171e+09
1.752665136782998085e+09
1.752665136787133694e+09
1.752665136791240692e+09
1.752665136797943354e+09
1.752665136802929163e+09
1.752665136807112694e+09
1.752665136811230421e+09
1.752665136818009853e+09
1.752665136823010206e+09
1.752665136827265263e+09
1.752665136832854509e+09
1.752665136838304281e+09
1.752665136841252565e+09
1.752665136847985268e+09
1.752665136851294518e+09
1.752665136857203245e+09
1.752665136862746000e+09
1.752665136867533922e+09
1.752665136871375322e+09
1.752665136877222061e+09
1.752665136882674694e+09
1.752665136886886835e+09
1.752665136892522335e+09
1.752665136897427559e+09
1.752665136901731253e+09
1.752665136906265974e+09
1.752665136912704945e+09
1.752665136917471170e+09
1.752665136923317909e+09
1.752665136927240133e+09
1.752665136931117058e+09
1.752665136937247276e+09
1.752665136943160534e+09
1.752665136947490215e+09
1.752665136951011658e+09
1.752665136956693649e+09
1.752665136963027477e+09
1.752665136967597485e+09
1.752665136971300840e+09
1.752665136977531910e+09
1.752665136982007742e+09
1.752665136987332106e+09
1.752665136993200779e+09
1.752665136997353315e+09
1.752665137003150940e+09
1.752665137007183790e+09
1.752665137011204958e+09
1.752665137018412113e+09
1.752665137021761894e+09
1.752665137027457476e+09
1.752665137030775547e+09
1.752665137037103891e+09
1.752665137041217089e+09
1.752665137049813747e+09
1.752665137051460266e+09
1.752665137057311058e+09
1.752665137063253641e+09
1.752665137067339182e+09
1.752665137073118210e+09
1.752665137077333450e+09
1.752665137081579924e+09
1.752665137088712215e+09
1.752665137092546225e+09
1.752665137096544981e+09
1.752665137101422310e+09
1.752665137107595205e+09
1.752665137110933542e+09
1.752665137118251801e+09
1.752665137123466730e+09
1.752665137127576590e+09
1.752665137132651806e+09
1.752665137137288332e+09
1.752665137143729448e+09
1.752665137147787809e+09
1.752665137151170254e+09
1.752665137157866955e+09
1.752665137164039850e+09
1.752665137167489290e+09
1.752665137171410322e+09
1.752665137177280426e+09
1.752665137183264256e+09
1.752665137187825918e+09
1.752665137191226482e+09
1.752665137197345018e+09
1.752665137203339338e+09
1.752665137207370043e+09
1.752665137212858915e+09
1.752665137217259884e+09
1.752665137223192930e+09
1.752665137227533579e+09
1.752665137233271837e+09
1.752665137237566948e+09
1.752665137243238688e+09
1.752665137247473001e+09
1.752665137251027346e+09
1.752665137256577492e+09
1.752665137262755394e+09
1.752665137267424345e+09
1.752665137271038532e+09
1.752665137277247429e+09
1.752665137283268690e+09
1.752665137287605524e+09
1.752665137290848732e+09
1.752665137297428846e+09
1.752665137303246498e+09
1.752665137307517290e+09
1.752665137312966824e+09
1.752665137317599058e+09
1.752665137323043585e+09
1.752665137326250792e+09
1.752665137331218481e+09
1.752665137337400436e+09
1.752665137343146563e+09
1.752665137346996307e+09
1.752665137351485014e+09
1.752665137357700586e+09
1.752665137362951994e+09
1.752665137367408991e+09
1.752665137373014212e+09
1.752665137377545357e+09
1.752665137383311033e+09
1.752665137387448788e+09
1.752665137392673731e+09
1.752665137397766590e+09
1.752665137401603937e+09
1.752665137407253027e+09
1.752665137412724972e+09
1.752665137417486906e+09
1.752665137423289776e+09
1.752665137427824497e+09
1.752665137430881500e+09
1.752665137437597036e+09
1.752665137443285227e+09
1.752665137447467089e+09
1.752665137451242685e+09
1.752665137457524061e+09
1.752665137463124514e+09
1.752665137468726873e+09
1.752665137473866224e+09
1.752665137477873325e+09
1.752665137483223915e+09
1.752665137487450600e+09
1.752665137492403507e+09
1.752665137498930693e+09
1.752665137503101587e+09
1.752665137507094622e+09
1.752665137512950182e+09
1.752665137517244577e+09
1.752665137523181677e+09
1.752665137527161598e+09
1.752665137532853603e+09
1.752665137539887190e+09
1.752665137542859554e+09
1.752665137547089815e+09
1.752665137552750349e+09
1.752665137556547165e+09
1.752665137563375473e+09
1.752665137567883730e+09
1.752665137571403027e+09
1.752665137577296495e+09
1.752665137583051205e+09
1.752665137587262869e+09
1.752665137592835426e+09
1.752665137597365141e+09
1.752665137603184223e+09
1.752665137609899044e+09
1.752665137611293554e+09
1.752665137617501020e+09
1.752665137623304844e+09
1.752665137627379894e+09
1.752665137632966995e+09
1.752665137637350321e+09
1.752665137643181324e+09
1.752665137647462845e+09
1.752665137651082277e+09
1.752665137657628298e+09
1.752665137663121223e+09
1.752665137667385578e+09
1.752665137673044682e+09
1.752665137679627180e+09
1.752665137683076143e+09
1.752665137686790466e+09
1.752665137690874577e+09
1.752665137699014187e+09
1.752665137703245401e+09
1.752665137706282854e+09
1.752665137712980270e+09
1.752665137716174364e+09
1.752665137722628593e+09
1.752665137726566076e+09
1.752665137732694387e+09
1.752665137736736298e+09
1.752665137742784023e+09
1.752665137748678446e+09
1.752665137751250744e+09
1.752665137757079840e+09
1.752665137763190269e+09
1.752665137767783880e+09
1.752665137771510601e+09
1.752665137777415514e+09
1.752665137783198833e+09
1.752665137787466049e+09
1.752665137791198969e+09
1.752665137797216177e+09
1.752665137803130865e+09
1.752665137807785749e+09
1.752665137811034679e+09
1.752665137818069220e+09
1.752665137823015928e+09
1.752665137827577114e+09
1.752665137832660437e+09
1.752665137836732864e+09
1.752665137843410969e+09
1.752665137847760439e+09
1.752665137852585077e+09
1.752665137856517553e+09
1.752665137863470078e+09
1.752665137868060589e+09
1.752665137871025562e+09
1.752665137877487898e+09
1.752665137883181334e+09
1.752665137886264324e+09
1.752665137892928839e+09
1.752665137897516966e+09
1.752665137903105736e+09
1.752665137907164812e+09
1.752665137912789583e+09
1.752665137917380810e+09
1.752665137923290253e+09
1.752665137927373171e+09
1.752665137931205273e+09
1.752665137937586069e+09
1.752665137942634821e+09
1.752665137947125673e+09
1.752665137951050997e+09
1.752665137958817482e+09
1.752665137961227179e+09
1.752665137967364788e+09
1.752665137971088409e+09
1.752665137977514744e+09
1.752665137982852697e+09
1.752665137987024784e+09
1.752665137992642641e+09
1.752665137997446299e+09
1.752665138001368284e+09
1.752665138007144451e+09
1.752665138011387110e+09
1.752665138017945051e+09
1.752665138022927761e+09
1.752665138027958870e+09
1.752665138031213522e+09
1.752665138037555456e+09
1.752665138043337822e+09
1.752665138047139168e+09
1.752665138052651405e+09
1.752665138057294846e+09
1.752665138062723637e+09
1.752665138067232609e+09
1.752665138070873737e+09
1.752665138076536655e+09
1.752665138083233595e+09
1.752665138087382317e+09
1.752665138090952158e+09
1.752665138097458124e+09
1.752665138101817369e+09
1.752665138107172489e+09
1.752665138111032724e+09
1.752665138117400885e+09
1.752665138123281240e+09
1.752665138127597094e+09
1.752665138131464720e+09
1.752665138137142420e+09
1.752665138143194199e+09
1.752665138147321939e+09
1.752665138151195765e+09
1.752665138157407999e+09
1.752665138163390636e+09
1.752665138168774128e+09
1.752665138171669006e+09
1.752665138176307440e+09
1.752665138182690620e+09
1.752665138187139273e+09
1.752665138191444397e+09
1.752665138197906256e+09
1.752665138203007698e+09
1.752665138207059860e+09
1.752665138213342190e+09
1.752665138217230320e+09
1.752665138223027468e+09
1.752665138227541447e+09
1.752665138231189728e+09
1.752665138237251282e+09
1.752665138241755962e+09
1.752665138246986389e+09
1.752665138250963211e+09
1.752665138257457972e+09
1.752665138263082504e+09
1.752665138267342806e+09
1.752665138270993710e+09
1.752665138277285099e+09
1.752665138283176899e+09
1.752665138287299633e+09
1.752665138290980101e+09
1.752665138297478676e+09
1.752665138301346779e+09
1.752665138309230328e+09
1.752665138312558651e+09
1.752665138317336082e+09
1.752665138323227167e+09
1.752665138327017546e+09
1.752665138332568407e+09
1.752665138337571144e+09
1.752665138343346834e+09
1.752665138347462893e+09
1.752665138350997686e+09
1.752665138357393742e+09
1.752665138363323212e+09
1.752665138367273808e+09
1.752665138371066332e+09
1.752665138378089428e+09
1.752665138383307934e+09
1.752665138387027502e+09
1.752665138392588615e+09
1.752665138397562265e+09
1.752665138401452065e+09
1.752665138407152176e+09
1.752665138410838127e+09
1.752665138417654276e+09
1.752665138421181679e+09
1.752665138427618027e+09
1.752665138431263447e+09
1.752665138437120676e+09
1.752665138442887783e+09
1.752665138447524786e+09
1.752665138453430176e+09
1.752665138456710100e+09
1.752665138462650537e+09
1.752665138467477560e+09
1.752665138471101761e+09
1.752665138477156639e+09
1.752665138482821465e+09
1.752665138487697601e+09
1.752665138491035938e+09
1.752665138497211456e+09
1.752665138503144503e+09
1.752665138507313251e+09
1.752665138511380434e+09
1.752665138517929792e+09
1.752665138521249771e+09
1.752665138527989149e+09
1.752665138532255411e+09
1.752665138537411928e+09
1.752665138542916536e+09
1.752665138547627687e+09
1.752665138551208735e+09
1.752665138557259798e+09
1.752665138563178301e+09
1.752665138567409754e+09
1.752665138571241617e+09
1.752665138577211618e+09
1.752665138582633018e+09
1.752665138587327957e+09
1.752665138591314316e+09
1.752665138597251415e+09
1.752665138602712631e+09
1.752665138607486010e+09
1.752665138610962868e+09
1.752665138617327690e+09
1.752665138623399019e+09
1.752665138627352715e+09
1.752665138633306742e+09
1.752665138637737751e+09
1.752665138643061876e+09
1.752665138647352219e+09
1.752665138651395798e+09
1.752665138659899712e+09
1.752665138663056850e+09
1.752665138666787386e+09
1.752665138671221256e+09
1.752665138677555084e+09
1.752665138683179379e+09
1.752665138687430143e+09
1.752665138692899227e+09
1.752665138697392225e+09
1.752665138703097105e+09
1.752665138707356453e+09
1.752665138712804079e+09
1.752665138717301130e+09
1.752665138723128796e+09
1.752665138727454901e+09
1.752665138733338594e+09
1.752665138737478971e+09
1.752665138742637396e+09
1.752665138747137070e+09
1.752665138752649546e+09
1.752665138756556749e+09
1.752665138763259649e+09
1.752665138767989874e+09
1.752665138771223783e+09
1.752665138777138710e+09
1.752665138782829046e+09
1.752665138786558628e+09
1.752665138792843342e+09
1.752665138798675537e+09
1.752665138801376104e+09
1.752665138807218313e+09
1.752665138812757492e+09
1.752665138817339659e+09
1.752665138823449850e+09
1.752665138827566862e+09
1.752665138831223965e+09
1.752665138837414503e+09
1.752665138843321085e+09
1.752665138847562075e+09
1.752665138851015568e+09
1.752665138857414246e+09
1.752665138863088131e+09
1.752665138867531538e+09
1.752665138875583172e+09
1.752665138877076149e+09
1.752665138881388187e+09
1.752665138887968540e+09
1.752665138891283989e+09
1.752665138897509575e+09
1.752665138903429985e+09
1.752665138908094168e+09
1.752665138911406994e+09
1.752665138917484045e+09
1.752665138923251867e+09
1.752665138927297354e+09
1.752665138931391478e+09
1.752665138938200951e+09
1.752665138943348646e+09
1.752665138946541786e+09
1.752665138952645302e+09
1.752665138957479239e+09
1.752665138963518620e+09
1.752665138967513084e+09
1.752665138972892761e+09
1.752665138977486610e+09
1.752665138983109713e+09
1.752665138988099813e+09
1.752665138991033077e+09
1.752665138997342348e+09
1.752665139002985477e+09
1.752665139006632805e+09
1.752665139014480829e+09
1.752665139017323494e+09
1.752665139023045301e+09
1.752665139027603865e+09
1.752665139030996561e+09
1.752665139037313461e+09
1.752665139043054581e+09
1.752665139047369242e+09
1.752665139051229954e+09
1.752665139057288170e+09
1.752665139063376427e+09
1.752665139069754124e+09
1.752665139070849180e+09
1.752665139077870846e+09
1.752665139082989454e+09
1.752665139087500572e+09
1.752665139091248035e+09
1.752665139097135305e+09
1.752665139102652073e+09
1.752665139107751846e+09
1.752665139111037254e+09
1.752665139117149115e+09
1.752665139122936487e+09
1.752665139127565622e+09
1.752665139131200075e+09
1.752665139137317419e+09
1.752665139143008471e+09
1.752665139146685839e+09
1.752665139152354240e+09
1.752665139156549692e+09
1.752665139163107872e+09
1.752665139167449713e+09
1.752665139171279907e+09
1.752665139177535057e+09
1.752665139183131456e+09
1.752665139186731100e+09
1.752665139192804575e+09
1.752665139197559118e+09
1.752665139203250170e+09
1.752665139207703114e+09
1.752665139213002682e+09
1.752665139217301607e+09
1.752665139223264217e+09
1.752665139227506638e+09
1.752665139233026266e+09
1.752665139237541676e+09
1.752665139243154526e+09
1.752665139247381210e+09
1.752665139253050327e+09
1.752665139257507801e+09
1.752665139263317347e+09
1.752665139267499685e+09
1.752665139273004055e+09
1.752665139277503252e+09
1.752665139283263922e+09
1.752665139287499189e+09
1.752665139293648481e+09
1.752665139297444344e+09
1.752665139303132772e+09
1.752665139307361603e+09
1.752665139313000441e+09
1.752665139316832304e+09
1.752665139323305845e+09
1.752665139327296019e+09
1.752665139332562685e+09
1.752665139336575270e+09
1.752665139343325377e+09
1.752665139347958803e+09
1.752665139351115942e+09
1.752665139357473373e+09
1.752665139363474846e+09
1.752665139367336512e+09
1.752665139371099472e+09
1.752665139377127647e+09
1.752665139383202314e+09
1.752665139387353182e+09
1.752665139393016338e+09
1.752665139397460222e+09
1.752665139401221275e+09
1.752665139407700062e+09
1.752665139413137436e+09
1.752665139417258501e+09
1.752665139423357487e+09
1.752665139427520990e+09
1.752665139432831526e+09
1.752665139437673330e+09
1.752665139443250179e+09
1.752665139447330475e+09
1.752665139450930595e+09
1.752665139457335949e+09
1.752665139461362839e+09
1.752665139468271732e+09
1.752665139471600294e+09
1.752665139477173090e+09
1.752665139483572960e+09
1.752665139487958431e+09
1.752665139490998507e+09
1.752665139497183561e+09
1.752665139502451181e+09
1.752665139507299662e+09
1.752665139512746334e+09
1.752665139517132759e+09
1.752665139523101091e+09
1.752665139527518511e+09
1.752665139531270742e+09
1.752665139537050724e+09
1.752665139543227911e+09
1.752665139547483206e+09
1.752665139551206827e+09
1.752665139557155609e+09
1.752665139563320875e+09
1.752665139567486286e+09
1.752665139571017504e+09
1.752665139576629400e+09
1.752665139583224773e+09
1.752665139587795496e+09
1.752665139591275692e+09
1.752665139597308397e+09
1.752665139603000641e+09
1.752665139607413054e+09
1.752665139613023520e+09
1.752665139616784811e+09
1.752665139623131990e+09
1.752665139627479792e+09
1.752665139632764578e+09
1.752665139637438536e+09
1.752665139643556356e+09
1.752665139647351265e+09
1.752665139652868509e+09
1.752665139657258987e+09
1.752665139663045168e+09
1.752665139667237282e+09
1.752665139670932531e+09
1.752665139677477121e+09
1.752665139683256865e+09
1.752665139687494516e+09
1.752665139691388369e+09
1.752665139697597742e+09
1.752665139703241110e+09
1.752665139707663774e+09
1.752665139712226152e+09
1.752665139716524601e+09
1.752665139722621918e+09
1.752665139727480888e+09
1.752665139731218338e+09
1.752665139737646103e+09
1.752665139743251562e+09
1.752665139747411251e+09
1.752665139751034737e+09
1.752665139757467031e+09
1.752665139763146639e+09
1.752665139767299891e+09
1.752665139771251202e+09
1.752665139776537895e+09
1.752665139782646179e+09
1.752665139787972927e+09
1.752665139791236162e+09
1.752665139797332764e+09
1.752665139802990913e+09
1.752665139807421923e+09
1.752665139811032534e+09
1.752665139817233562e+09
1.752665139822721004e+09
1.752665139827646971e+09
1.752665139831298828e+09
1.752665139837569237e+09
1.752665139843324661e+09
1.752665139847392082e+09
1.752665139854207754e+09
1.752665139856528997e+09
1.752665139863461971e+09
1.752665139867460489e+09
1.752665139870910168e+09
1.752665139877390623e+09
1.752665139883024454e+09
1.752665139887488604e+09
1.752665139890929937e+09
1.752665139897446871e+09
1.752665139903049707e+09
1.752665139907386065e+09
1.752665139911023378e+09
1.752665139918139696e+09
1.752665139921965599e+09
1.752665139926014900e+09
1.752665139931217194e+09
1.752665139938026190e+09
1.752665139941199780e+09
1.752665139947338820e+09
1.752665139952850342e+09
1.752665139957300186e+09
1.752665139962726831e+09
1.752665139967319727e+09
1.752665139973101854e+09
1.752665139977634907e+09
1.752665139983131170e+09
1.752665139987341166e+09
1.752665139991225481e+09
1.752665139996555567e+09
1.752665140003148794e+09
1.752665140007739305e+09
1.752665140011247158e+09
1.752665140017495871e+09
1.752665140023225784e+09
1.752665140027601004e+09
1.752665140031011105e+09
1.752665140037515163e+09
1.752665140043262005e+09
1.752665140047383785e+09
1.752665140050998211e+09
1.752665140057196617e+09
1.752665140063582659e+09
1.752665140066529036e+09
1.752665140072649479e+09
1.752665140077844143e+09
1.752665140083176374e+09
1.752665140087313414e+09
1.752665140090907574e+09
1.752665140097864866e+09
1.752665140103379726e+09
1.752665140107227325e+09
1.752665140111024857e+09
1.752665140117516518e+09
1.752665140123238564e+09
1.752665140127296925e+09
1.752665140131999254e+09
1.752665140137257814e+09
1.752665140143007040e+09
1.752665140147427797e+09
1.752665140151029825e+09
1.752665140157132864e+09
1.752665140162667513e+09
1.752665140167302847e+09
1.752665140170875311e+09
1.752665140176920891e+09
1.752665140182660341e+09
1.752665140186558723e+09
1.752665140192606449e+09
1.752665140199527979e+09
1.752665140201344252e+09
1.752665140207156658e+09
1.752665140210942507e+09
1.752665140217386961e+09
1.752665140222730637e+09
1.752665140227064848e+09
1.752665140231017590e+09
1.752665140237171412e+09
1.752665140243625879e+09
1.752665140247682333e+09
1.752665140251224041e+09
1.752665140257412910e+09
1.752665140263163567e+09
