1.753174660782260418e+09
1.753174660822706223e+09
1.753174660823454857e+09
1.753174660838748693e+09
1.753174660839593649e+09
1.753174660842066765e+09
1.753174660842880964e+09
1.753174660868399858e+09
1.753174660869253874e+09
1.753174660870308161e+09
1.753174660871058941e+09
1.753174660890089989e+09
1.753174660891290426e+09
1.753174660892750740e+09
1.753174660893525600e+09
1.753174660904608488e+09
1.753174660905436277e+09
1.753174660906490326e+09
1.753174660907260180e+09
1.753174660917691946e+09
1.753174660918536186e+09
1.753174660919502258e+09
1.753174660920272827e+09
1.753174660930525303e+09
1.753174660931431055e+09
1.753174660932523727e+09
1.753174660933327198e+09
1.753174660944902897e+09
1.753174660945819378e+09
1.753174660947001696e+09
1.753174660947909355e+09
1.753174660959007978e+09
1.753174660959815025e+09
1.753174660960754633e+09
1.753174660961530209e+09
1.753174660974354029e+09
1.753174660975373507e+09
1.753174660976623535e+09
1.753174660977595806e+09
1.753174660989964247e+09
1.753174660990804195e+09
1.753174660991854429e+09
1.753174660992700100e+09
1.753174661004567623e+09
1.753174661005410194e+09
1.753174661006418943e+09
1.753174661007193804e+09
1.753174661028244257e+09
1.753174661029165030e+09
1.753174661030301809e+09
1.753174661031117201e+09
1.753174661043407202e+09
1.753174661044290066e+09
1.753174661045331240e+09
1.753174661046095610e+09
1.753174661058947325e+09
1.753174661060018063e+09
1.753174661061338425e+09
1.753174661062310934e+09
1.753174661078141689e+09
1.753174661079215288e+09
1.753174661080542803e+09
1.753174661081568241e+09
1.753174661095033884e+09
1.753174661095873117e+09
1.753174661096870422e+09
1.753174661097656012e+09
1.753174661108641624e+09
1.753174661109450817e+09
1.753174661110468626e+09
1.753174661111245155e+09
1.753174661122923374e+09
1.753174661123995543e+09
1.753174661125312567e+09
1.753174661126272917e+09
1.753174661139929533e+09
1.753174661140744925e+09
1.753174661141758442e+09
1.753174661142536879e+09
1.753174661153296709e+09
1.753174661154308796e+09
1.753174661155546665e+09
1.753174661156548262e+09
1.753174661170892000e+09
1.753174661171817541e+09
1.753174661172957897e+09
1.753174661173832178e+09
1.753174661184675932e+09
1.753174661185563564e+09
1.753174661186604977e+09
1.753174661187370300e+09
1.753174661199574947e+09
1.753174661200456858e+09
1.753174661201433659e+09
1.753174661202207088e+09
1.753174661211738348e+09
1.753174661212557793e+09
1.753174661213516712e+09
1.753174661214309454e+09
1.753174661224561930e+09
1.753174661226089239e+09
1.753174661227076292e+09
1.753174661227870941e+09
1.753174661238036394e+09
1.753174661238826036e+09
1.753174661239828825e+09
1.753174661240627289e+09
1.753174661250799417e+09
1.753174661251682997e+09
1.753174661252681732e+09
1.753174661253448725e+09
1.753174661264092684e+09
1.753174661264935255e+09
1.753174661265953302e+09
1.753174661266716480e+09
1.753174661277109146e+09
1.753174661277910709e+09
1.753174661278850555e+09
1.753174661279616356e+09
1.753174661289956331e+09
1.753174661293935299e+09
1.753174661294954062e+09
1.753174661295704126e+09
1.753174661306341410e+09
1.753174661307130575e+09
1.753174661308098316e+09
1.753174661308867693e+09
1.753174661319656610e+09
1.753174661320666075e+09
1.753174661321875572e+09
1.753174661322855234e+09
1.753174661338126421e+09
1.753174661339164019e+09
1.753174661340465546e+09
1.753174661341490269e+09
1.753174661354410410e+09
1.753174661355392456e+09
1.753174661356424809e+09
1.753174661357192278e+09
1.753174661370855331e+09
1.753174661371643543e+09
1.753174661372626781e+09
1.753174661373371363e+09
1.753174661383483410e+09
1.753174661384300709e+09
1.753174661385300398e+09
1.753174661386074543e+09
1.753174661397936583e+09
1.753174661398872852e+09
1.753174661399896860e+09
1.753174661400659800e+09
1.753174661410468102e+09
1.753174661411267757e+09
1.753174661412267447e+09
1.753174661413017750e+09
1.753174661423321009e+09
1.753174661424175978e+09
1.753174661427774668e+09
1.753174661428723812e+09
1.753174661444782734e+09
1.753174661445604086e+09
1.753174661446594715e+09
1.753174661447420120e+09
1.753174661461133242e+09
1.753174661461975574e+09
1.753174661462987423e+09
1.753174661463807344e+09
1.753174661474391460e+09
1.753174661475165367e+09
1.753174661476117611e+09
1.753174661476838112e+09
1.753174661486886740e+09
1.753174661487663507e+09
1.753174661488624096e+09
1.753174661489388704e+09
1.753174661500426769e+09
1.753174661501250982e+09
1.753174661502275229e+09
1.753174661503060579e+09
1.753174661512765646e+09
1.753174661513530016e+09
1.753174661514508247e+09
1.753174661515283823e+09
1.753174661525034904e+09
1.753174661525953054e+09
1.753174661527051449e+09
1.753174661527964830e+09
1.753174661538501024e+09
1.753174661539327383e+09
1.753174661540306091e+09
1.753174661541064024e+09
1.753174661550324440e+09
1.753174661551133394e+09
1.753174661552128792e+09
1.753174661552893877e+09
1.753174661564551830e+09
1.753174661565348387e+09
1.753174661566316843e+09
1.753174661567035437e+09
1.753174661576588631e+09
1.753174661577381611e+09
1.753174661578336000e+09
1.753174661579133511e+09
1.753174661589010239e+09
1.753174661589822531e+09
1.753174661590764046e+09
1.753174661591530323e+09
1.753174661602140427e+09
1.753174661602907896e+09
1.753174661603885174e+09
1.753174661604648352e+09
1.753174661614231348e+09
1.753174661614996910e+09
1.753174661615928888e+09
1.753174661616706133e+09
1.753174661626702785e+09
1.753174661627777338e+09
1.753174661628933191e+09
1.753174661629809380e+09
1.753174661640742302e+09
1.753174661641535044e+09
1.753174661642524242e+09
1.753174661643299103e+09
1.753174661652599812e+09
1.753174661653457165e+09
1.753174661654465675e+09
1.753174661655223370e+09
1.753174661666587114e+09
1.753174661667433500e+09
1.753174661668464899e+09
1.753174661669217587e+09
1.753174661678380489e+09
1.753174661679151773e+09
1.753174661680071115e+09
1.753174661680843353e+09
1.753174661694162369e+09
1.753174661695056915e+09
1.753174661696143866e+09
1.753174661696992159e+09
1.753174661706479549e+09
1.753174661707294941e+09
1.753174661708295822e+09
1.753174661709092379e+09
1.753174661719080210e+09
1.753174661719890118e+09
1.753174661720834017e+09
1.753174661721614599e+09
1.753174661733438969e+09
1.753174661734354258e+09
1.753174661735359907e+09
1.753174661736110926e+09
1.753174661746176243e+09
1.753174661746988535e+09
1.753174661747958183e+09
1.753174661748725414e+09
1.753174661761189938e+09
1.753174661762135744e+09
1.753174661763291359e+09
1.753174661764161587e+09
1.753174661775313377e+09
1.753174661776114464e+09
1.753174661777098656e+09
1.753174661777896166e+09
1.753174661787137032e+09
1.753174661787933350e+09
1.753174661788936853e+09
1.753174661789738178e+09
1.753174661801969767e+09
1.753174661802802086e+09
1.753174661803784370e+09
1.753174661804594278e+09
1.753174661813898802e+09
1.753174661814778090e+09
1.753174661815762997e+09
1.753174661816513062e+09
1.753174661828854561e+09
1.753174661829760551e+09
1.753174661830896616e+09
1.753174661831762314e+09
1.753174661842075109e+09
1.753174661842878580e+09
1.753174661843884945e+09
1.753174661844657421e+09
1.753174661854444027e+09
1.753174661855309248e+09
1.753174661856428146e+09
1.753174661857381105e+09
1.753174661868219376e+09
1.753174661869035959e+09
1.753174661870035887e+09
1.753174661870833874e+09
1.753174661880859852e+09
1.753174661881644487e+09
1.753174661882606268e+09
1.753174661883364677e+09
1.753174661893559217e+09
1.753174661894613028e+09
1.753174661895791531e+09
1.753174661896687508e+09
1.753174661906686068e+09
1.753174661907475471e+09
1.753174661908439398e+09
1.753174661909173012e+09
1.753174661918356657e+09
1.753174661919137478e+09
1.753174661920119286e+09
1.753174661920878887e+09
1.753174661931907654e+09
1.753174661932725668e+09
1.753174661933696508e+09
1.753174661934466839e+09
1.753174661944261074e+09
1.753174661945049524e+09
1.753174661946037292e+09
1.753174661946789742e+09
1.753174661956846237e+09
1.753174661957734823e+09
1.753174661961693525e+09
1.753174661962594986e+09
1.753174661974154234e+09
1.753174661975203276e+09
1.753174661976441622e+09
1.753174661977421999e+09
1.753174661990809917e+09
1.753174661994824886e+09
1.753174661996176958e+09
1.753174661997118950e+09
1.753174662009337187e+09
1.753174662010149956e+09
1.753174662011113644e+09
1.753174662011899948e+09
1.753174662021699190e+09
1.753174662022475719e+09
1.753174662023447037e+09
1.753174662024189711e+09
1.753174662034795284e+09
1.753174662035582066e+09
1.753174662036550045e+09
1.753174662037406206e+09
1.753174662047334909e+09
1.753174662048121929e+09
1.753174662049102545e+09
1.753174662049838066e+09
1.753174662059981823e+09
1.753174662060910940e+09
1.753174662062051058e+09
1.753174662062911034e+09
1.753174662073718071e+09
1.753174662074511051e+09
1.753174662075454235e+09
1.753174662076321840e+09
1.753174662085656881e+09
1.753174662086453676e+09
1.753174662087422371e+09
1.753174662088176489e+09
1.753174662102826357e+09
1.753174662103650570e+09
1.753174662104619026e+09
1.753174662105380297e+09
1.753174662114541531e+09
1.753174662115343809e+09
1.753174662116332531e+09
1.753174662117121935e+09
1.753174662128511190e+09
1.753174662129561901e+09
1.753174662130682945e+09
1.753174662131558657e+09
1.753174662141540766e+09
1.753174662142332315e+09
1.753174662143324137e+09
1.753174662144092321e+09
1.753174662154172421e+09
1.753174662154973745e+09
1.753174662155952930e+09
1.753174662156733751e+09
1.753174662167542696e+09
1.753174662168361425e+09
1.753174662169385910e+09
1.753174662170142889e+09
1.753174662180188656e+09
1.753174662181051970e+09
1.753174662181990623e+09
1.753174662182754755e+09
1.753174662192197323e+09
1.753174662193137407e+09
1.753174662198284388e+09
1.753174662199146271e+09
1.753174662212816954e+09
1.753174662213660240e+09
1.753174662214799881e+09
1.753174662215609789e+09
1.753174662229150534e+09
1.753174662229964495e+09
1.753174662230929136e+09
1.753174662231690407e+09
1.753174662242038012e+09
1.753174662242838860e+09
1.753174662243852139e+09
1.753174662244587183e+09
1.753174662254042864e+09
1.753174662254844189e+09
1.753174662255848169e+09
1.753174662256631851e+09
1.753174662268337965e+09
1.753174662269159317e+09
1.753174662270151854e+09
1.753174662270920277e+09
1.753174662280236721e+09
1.753174662281052113e+09
1.753174662282099962e+09
1.753174662282902956e+09
1.753174662292768478e+09
1.753174662293713808e+09
1.753174662294829607e+09
1.753174662295716286e+09
1.753174662306499243e+09
1.753174662307294130e+09
1.753174662308308125e+09
1.753174662309121370e+09
1.753174662318888426e+09
1.753174662319705009e+09
1.753174662320701122e+09
1.753174662321471691e+09
1.753174662336461306e+09
1.753174662337296009e+09
1.753174662338369608e+09
1.753174662339125156e+09
1.753174662349208593e+09
1.753174662350018740e+09
1.753174662350979567e+09
1.753174662351760149e+09
1.753174662364145517e+09
1.753174662365059614e+09
1.753174662366162539e+09
1.753174662366994381e+09
1.753174662378108978e+09
1.753174662378930330e+09
1.753174662379943371e+09
1.753174662380690098e+09
1.753174662390155077e+09
1.753174662391044378e+09
1.753174662392018318e+09
1.753174662392782688e+09
1.753174662406746149e+09
1.753174662407586813e+09
1.753174662408567190e+09
1.753174662409336090e+09
1.753174662418973207e+09
1.753174662419772148e+09
1.753174662420699835e+09
1.753174662421513319e+09
1.753174662432821035e+09
1.753174662433984995e+09
1.753174662435020447e+09
1.753174662435832262e+09
1.753174662445595741e+09
1.753174662446441174e+09
1.753174662447436571e+09
1.753174662448225021e+09
1.753174662458166838e+09
1.753174662458952665e+09
1.753174662460007906e+09
1.753174662460906029e+09
1.753174662472015858e+09
1.753174662472820520e+09
1.753174662473819733e+09
1.753174662474591255e+09
1.753174662484201431e+09
1.753174662484972000e+09
1.753174662485944510e+09
1.753174662486683130e+09
1.753174662496156454e+09
1.753174662497205496e+09
1.753174662498352289e+09
1.753174662499217033e+09
1.753174662509278297e+09
1.753174662510081530e+09
1.753174662511054993e+09
1.753174662511794329e+09
1.753174662521400690e+09
1.753174662522221565e+09
1.753174662523210764e+09
1.753174662523973227e+09
1.753174662538758039e+09
1.753174662539574623e+09
1.753174662540552378e+09
1.753174662541314602e+09
1.753174662550741434e+09
1.753174662551531076e+09
1.753174662552476168e+09
1.753174662553217649e+09
1.753174662563709497e+09
1.753174662565963745e+09
1.753174662566993713e+09
1.753174662567785740e+09
1.753174662577201843e+09
1.753174662577984095e+09
1.753174662578918457e+09
1.753174662579640627e+09
1.753174662589209557e+09
1.753174662590016365e+09
1.753174662590990782e+09
1.753174662591721535e+09
1.753174662602638006e+09
1.753174662603446960e+09
1.753174662604431152e+09
1.753174662605188608e+09
1.753174662614964008e+09
1.753174662615813017e+09
1.753174662616811752e+09
1.753174662617537975e+09
1.753174662627089977e+09
1.753174662627885580e+09
1.753174662632026196e+09
1.753174662632798672e+09
1.753174662643186569e+09
1.753174662643986702e+09
1.753174662645040989e+09
1.753174662645867109e+09
1.753174662655355453e+09
1.753174662656165600e+09
1.753174662657134533e+09
1.753174662657923222e+09
1.753174662669585228e+09
1.753174662670398712e+09
1.753174662671347141e+09
1.753174662672117472e+09
1.753174662681397915e+09
1.753174662682229042e+09
1.753174662683202267e+09
1.753174662683956385e+09
1.753174662693676472e+09
1.753174662694452286e+09
1.753174662695453644e+09
1.753174662696291447e+09
1.753174662706706524e+09
1.753174662707515955e+09
1.753174662708477259e+09
1.753174662709252119e+09
1.753174662721244812e+09
1.753174662722233534e+09
1.753174662723421335e+09
1.753174662724405050e+09
1.753174662739000082e+09
1.753174662740001440e+09
1.753174662741226673e+09
1.753174662742174864e+09
1.753174662754175186e+09
1.753174662754963398e+09
1.753174662755926132e+09
1.753174662756700277e+09
1.753174662767002106e+09
1.753174662767921686e+09
1.753174662769025803e+09
1.753174662770059586e+09
1.753174662780818462e+09
1.753174662781594992e+09
1.753174662782609224e+09
1.753174662783407688e+09
1.753174662792566776e+09
1.753174662793462515e+09
1.753174662794473648e+09
1.753174662795286417e+09
1.753174662806278706e+09
1.753174662807112455e+09
1.753174662808110476e+09
1.753174662808893204e+09
1.753174662818114996e+09
1.753174662818904400e+09
1.753174662819870472e+09
1.753174662820662975e+09
1.753174662830435991e+09
1.753174662831420183e+09
1.753174662832554340e+09
1.753174662833415985e+09
1.753174662846112967e+09
1.753174662846896648e+09
1.753174662847843170e+09
1.753174662848629713e+09
1.753174662858696461e+09
1.753174662859466791e+09
1.753174662860386848e+09
1.753174662861157656e+09
1.753174662871884346e+09
1.753174662872689247e+09
1.753174662873682499e+09
1.753174662874465466e+09
1.753174662884607792e+09
1.753174662885404110e+09
1.753174662886375189e+09
1.753174662887112856e+09
1.753174662896413803e+09
1.753174662901335001e+09
1.753174662902483702e+09
1.753174662903333902e+09
1.753174662913903952e+09
1.753174662914752007e+09
1.753174662915749073e+09
1.753174662916564226e+09
1.753174662926109791e+09
1.753174662926925898e+09
1.753174662927875757e+09
1.753174662928636312e+09
1.753174662939745426e+09
1.753174662940518856e+09
1.753174662941485167e+09
1.753174662942276239e+09
1.753174662951814651e+09
1.753174662952612162e+09
1.753174662953558683e+09
1.753174662954305172e+09
1.753174662966319323e+09
1.753174662967192173e+09
1.753174662968225479e+09
1.753174662969013214e+09
1.753174662978742123e+09
1.753174662979542971e+09
1.753174662980496883e+09
1.753174662981251955e+09
1.753174662991084814e+09
1.753174662991931438e+09
1.753174662992929697e+09
1.753174662993668556e+09
1.753174663006237268e+09
1.753174663007292509e+09
1.753174663008562088e+09
1.753174663009546280e+09
1.753174663023519278e+09
1.753174663024501324e+09
1.753174663025693417e+09
1.753174663026679516e+09
1.753174663040330410e+09
1.753174663041430473e+09
1.753174663042711735e+09
1.753174663043662548e+09
1.753174663056416988e+09
1.753174663057224274e+09
1.753174663058228493e+09
1.753174663058976650e+09
1.753174663070928335e+09
1.753174663073597193e+09
1.753174663074628115e+09
1.753174663075408936e+09
1.753174663085333586e+09
1.753174663086116552e+09
1.753174663087089777e+09
1.753174663087853193e+09
1.753174663098024368e+09
1.753174663099002123e+09
1.753174663100195408e+09
1.753174663101402521e+09
1.753174663116200447e+09
1.753174663116988897e+09
1.753174663118010998e+09
1.753174663118753433e+09
1.753174663128223896e+09
1.753174663129016876e+09
1.753174663129981995e+09
1.753174663130774260e+09
1.753174663142321110e+09
1.753174663143352270e+09
1.753174663144435883e+09
1.753174663145221949e+09
1.753174663155640602e+09
1.753174663156453848e+09
1.753174663157617092e+09
1.753174663158515453e+09
1.753174663168575287e+09
1.753174663169391155e+09
1.753174663170446396e+09
1.753174663171326399e+09
1.753174663182687044e+09
1.753174663183519602e+09
1.753174663184530258e+09
1.753174663185308695e+09
1.753174663196215630e+09
1.753174663197052956e+09
1.753174663198115587e+09
1.753174663198862553e+09
1.753174663209227085e+09
1.753174663210626364e+09
1.753174663211665154e+09
1.753174663212437153e+09
1.753174663222679853e+09
1.753174663223461866e+09
1.753174663224417686e+09
1.753174663225162983e+09
1.753174663235904217e+09
1.753174663236900091e+09
1.753174663238127708e+09
1.753174663239089012e+09
1.753174663253280163e+09
1.753174663254281282e+09
1.753174663255516529e+09
1.753174663256493568e+09
1.753174663268552780e+09
1.753174663269369364e+09
1.753174663270337820e+09
1.753174663271113873e+09
1.753174663282253981e+09
1.753174663283023834e+09
1.753174663284086704e+09
1.753174663284950972e+09
1.753174663294926643e+09
1.753174663295712471e+09
1.753174663296943903e+09
1.753174663297898769e+09
1.753174663312607765e+09
1.753174663313435078e+09
1.753174663314466238e+09
1.753174663315266848e+09
1.753174663325690269e+09
1.753174663326533794e+09
1.753174663327490568e+09
1.753174663328254461e+09
1.753174663338891506e+09
1.753174663339714050e+09
1.753174663341541290e+09
1.753174663342576027e+09
1.753174663353508711e+09
1.753174663354369640e+09
1.753174663355439425e+09
1.753174663356205940e+09
1.753174663366684437e+09
1.753174663367486477e+09
1.753174663368525028e+09
1.753174663369286060e+09
1.753174663382176876e+09
1.753174663382961035e+09
1.753174663384003639e+09
1.753174663384784937e+09
1.753174663395939350e+09
1.753174663396749735e+09
1.753174663397733927e+09
1.753174663398520947e+09
1.753174663410992384e+09
1.753174663411965132e+09
1.753174663412983894e+09
1.753174663413745403e+09
1.753174663424464941e+09
1.753174663425420761e+09
1.753174663426494837e+09
1.753174663427289486e+09
1.753174663437905550e+09
1.753174663438744307e+09
1.753174663439703465e+09
1.753174663440507889e+09
1.753174663453102112e+09
1.753174663453936577e+09
1.753174663455101013e+09
1.753174663455910683e+09
1.753174663466088772e+09
1.753174663466861725e+09
1.753174663467868328e+09
1.753174663468643427e+09
1.753174663483462095e+09
1.753174663484312296e+09
1.753174663485401154e+09
1.753174663486233711e+09
1.753174663496448517e+09
1.753174663497292519e+09
1.753174663498304605e+09
1.753174663499063492e+09
1.753174663511217833e+09
1.753174663512028456e+09
1.753174663513007164e+09
1.753174663513745070e+09
1.753174663523800850e+09
1.753174663524962664e+09
1.753174663525987625e+09
1.753174663526729584e+09
1.753174663537154913e+09
1.753174663537944078e+09
1.753174663538952589e+09
1.753174663539737940e+09
1.753174663551039696e+09
1.753174663551872253e+09
1.753174663552852154e+09
1.753174663553629875e+09
1.753174663565367699e+09
1.753174663566346645e+09
1.753174663567576408e+09
1.753174663568544865e+09
1.753174663580831528e+09
1.753174663581649780e+09
1.753174663582606792e+09
1.753174663583376646e+09
1.753174663593626022e+09
1.753174663594451427e+09
1.753174663595434427e+09
1.753174663596192837e+09
1.753174663606010675e+09
1.753174663606822968e+09
1.753174663611729145e+09
1.753174663612624884e+09
1.753174663623994112e+09
1.753174663624822617e+09
1.753174663625844717e+09
1.753174663626595020e+09
1.753174663636207581e+09
1.753174663637059689e+09
1.753174663638125420e+09
1.753174663638944626e+09
1.753174663649986982e+09
1.753174663650794744e+09
1.753174663651831150e+09
1.753174663652588606e+09
1.753174663662020683e+09
1.753174663662813663e+09
1.753174663663787603e+09
1.753174663664547443e+09
1.753174663677820444e+09
1.753174663678640842e+09
1.753174663679621935e+09
1.753174663680418730e+09
1.753174663689942598e+09
1.753174663690792561e+09
1.753174663691755056e+09
1.753174663692531824e+09
1.753174663702662230e+09
1.753174663703472853e+09
1.753174663704479694e+09
1.753174663705216885e+09
1.753174663715999126e+09
1.753174663716806173e+09
1.753174663717910767e+09
1.753174663718699217e+09
1.753174663729032993e+09
1.753174663729808569e+09
1.753174663730762959e+09
1.753174663731531382e+09
1.753174663742636442e+09
1.753174663743580818e+09
1.753174663744609833e+09
1.753174663745406866e+09
1.753174663756009102e+09
1.753174663756839752e+09
1.753174663757830620e+09
1.753174663758656502e+09
1.753174663768256664e+09
1.753174663769077301e+09
1.753174663770151854e+09
1.753174663770968437e+09
1.753174663784179449e+09
1.753174663785008669e+09
1.753174663786012650e+09
1.753174663786765575e+09
1.753174663796388865e+09
1.753174663797168016e+09
1.753174663798160553e+09
1.753174663798945904e+09
1.753174663811249733e+09
1.753174663812102556e+09
1.753174663813126087e+09
1.753174663813878536e+09
1.753174663826245546e+09
1.753174663827032804e+09
1.753174663828002930e+09
1.753174663828783274e+09
1.753174663840175390e+09
1.753174663845033646e+09
1.753174663846071243e+09
1.753174663846814156e+09
1.753174663856671572e+09
1.753174663857450008e+09
1.753174663858410597e+09
1.753174663859160423e+09
1.753174663869123697e+09
1.753174663869894505e+09
1.753174663871001005e+09
1.753174663871788263e+09
1.753174663882742882e+09
1.753174663883524656e+09
1.753174663884476185e+09
1.753174663885243893e+09
1.753174663895034313e+09
1.753174663895881891e+09
1.753174663896903753e+09
1.753174663897768736e+09
1.753174663909139156e+09
1.753174663910121441e+09
1.753174663911148548e+09
1.753174663911929131e+09
1.753174663922009230e+09
1.753174663922787189e+09
1.753174663923741341e+09
1.753174663924621820e+09
1.753174663934132338e+09
1.753174663934918642e+09
1.753174663935955286e+09
1.753174663936700821e+09
1.753174663949311018e+09
1.753174663950130463e+09
1.753174663951140642e+09
1.753174663951900482e+09
1.753174663961681843e+09
1.753174663962476015e+09
1.753174663963495731e+09
1.753174663964272022e+09
1.753174663976474047e+09
1.753174663977382898e+09
1.753174663978782892e+09
1.753174663979650497e+09
1.753174663989694357e+09
1.753174663990499258e+09
1.753174663991530180e+09
1.753174663992341042e+09
1.753174664002590418e+09
1.753174664003384113e+09
1.753174664004498959e+09
1.753174664005298853e+09
1.753174664015330553e+09
1.753174664016136169e+09
1.753174664017120361e+09
1.753174664017862082e+09
1.753174664027585030e+09
1.753174664028391361e+09
1.753174664029344082e+09
1.753174664030051947e+09
1.753174664044302940e+09
1.753174664045361996e+09
1.753174664046602488e+09
1.753174664047580957e+09
1.753174664060190678e+09
1.753174664060975790e+09
1.753174664061930895e+09
1.753174664062782288e+09
1.753174664072710514e+09
1.753174664076750278e+09
1.753174664077923775e+09
1.753174664078814507e+09
1.753174664089221716e+09
1.753174664090010166e+09
1.753174664090999126e+09
1.753174664091750145e+09
1.753174664100983381e+09
1.753174664101785421e+09
1.753174664102771759e+09
1.753174664103525639e+09
1.753174664114187479e+09
1.753174664114973068e+09
1.753174664115941286e+09
1.753174664116678953e+09
1.753174664126379967e+09
1.753174664127151966e+09
1.753174664128127813e+09
1.753174664128885031e+09
1.753174664138846874e+09
1.753174664139634848e+09
1.753174664140718937e+09
1.753174664141551256e+09
1.753174664155190945e+09
1.753174664156091213e+09
1.753174664157137632e+09
1.753174664157982349e+09
1.753174664168016672e+09
1.753174664168868542e+09
1.753174664169852734e+09
1.753174664170628309e+09
1.753174664182000399e+09
1.753174664182848215e+09
1.753174664183827877e+09
1.753174664184627295e+09
1.753174664195116043e+09
1.753174664196022034e+09
1.753174664197042942e+09
1.753174664197834015e+09
1.753174664207576990e+09
1.753174664208647490e+09
1.753174664209841728e+09
1.753174664210648060e+09
1.753174664220760584e+09
1.753174664221575499e+09
1.753174664222538233e+09
1.753174664223280191e+09
1.753174664233169317e+09
1.753174664233955860e+09
1.753174664234907389e+09
1.753174664235623121e+09
1.753174664247863531e+09
1.753174664248690844e+09
1.753174664249680996e+09
1.753174664250447512e+09
1.753174664260087013e+09
1.753174664260844469e+09
1.753174664261793137e+09
1.753174664262550592e+09
1.753174664272716522e+09
1.753174664273545265e+09
1.753174664275732279e+09
1.753174664276665688e+09
1.753174664286784649e+09
1.753174664287619114e+09
1.753174664288590193e+09
1.753174664289320946e+09
1.753174664299194098e+09
1.753174664299957991e+09
1.753174664300896883e+09
1.753174664301615953e+09
1.753174664312123060e+09
1.753174664313179255e+09
1.753174664314452410e+09
1.753174664316681623e+09
1.753174664327126503e+09
1.753174664327923059e+09
1.753174664328966141e+09
1.753174664329718351e+09
1.753174664340073586e+09
1.753174664340951920e+09
1.753174664345007420e+09
1.753174664345844030e+09
1.753174664357167244e+09
1.753174664358140945e+09
1.753174664359344482e+09
1.753174664360287905e+09
1.753174664372450590e+09
1.753174664373250008e+09
1.753174664377697229e+09
1.753174664378640890e+09
1.753174664391747475e+09
1.753174664392780304e+09
1.753174664394079685e+09
1.753174664395065546e+09
1.753174664406930923e+09
1.753174664407701969e+09
1.753174664411679029e+09
1.753174664412547112e+09
1.753174664425907850e+09
1.753174664426669121e+09
1.753174664427628994e+09
1.753174664428505659e+09
1.753174664438034058e+09
1.753174664438872814e+09
1.753174664439822197e+09
1.753174664440576792e+09
1.753174664451515913e+09
1.753174664452315331e+09
1.753174664453337431e+09
1.753174664454112291e+09
1.753174664463495970e+09
1.753174664464293718e+09
1.753174664465270042e+09
1.753174664466025829e+09
1.753174664479169846e+09
1.753174664480012894e+09
1.753174664480985880e+09
1.753174664481754303e+09
1.753174664491287708e+09
1.753174664492067814e+09
1.753174664493076563e+09
1.753174664493847132e+09
1.753174664503747702e+09
1.753174664504684687e+09
1.753174664505918741e+09
1.753174664506865263e+09
1.753174664517528057e+09
1.753174664518312454e+09
1.753174664519325018e+09
1.753174664520069361e+09
1.753174664531457186e+09
1.753174664532241821e+09
1.753174664533184290e+09
1.753174664533921480e+09
1.753174664546889067e+09
1.753174664547685623e+09
1.753174664548683405e+09
1.753174664549523830e+09
1.753174664560343504e+09
1.753174664561105967e+09
1.753174664562102556e+09
1.753174664562827110e+09
1.753174664573773146e+09
1.753174664574579716e+09
1.753174664576242924e+09
1.753174664576992035e+09
1.753174664588453770e+09
1.753174664589308500e+09
1.753174664590320587e+09
1.753174664591085672e+09
1.753174664601359129e+09
1.753174664602112293e+09
1.753174664603091717e+09
1.753174664603825569e+09
1.753174664615665436e+09
1.753174664616465092e+09
1.753174664617423773e+09
1.753174664618158340e+09
1.753174664628833055e+09
1.753174664629653692e+09
1.753174664630576372e+09
1.753174664631303072e+09
1.753174664644587040e+09
1.753174664645603180e+09
1.753174664646830559e+09
1.753174664647778034e+09
1.753174664660832882e+09
1.753174664661648035e+09
1.753174664662609577e+09
1.753174664663388491e+09
1.753174664674290895e+09
1.753174664675081253e+09
1.753174664676047802e+09
1.753174664678201675e+09
1.753174664689491034e+09
1.753174664690280199e+09
1.753174664691365957e+09
1.753174664692131758e+09
1.753174664703235626e+09
1.753174664704002619e+09
1.753174664704935789e+09
1.753174664705708265e+09
1.753174664716927052e+09
1.753174664717696428e+09
1.753174664718647242e+09
1.753174664719397306e+09
1.753174664730401278e+09
1.753174664731176138e+09
1.753174664732113600e+09
1.753174664732879400e+09
1.753174664744599342e+09
1.753174664745498657e+09
1.753174664746664047e+09
1.753174664747539759e+09
1.753174664758806467e+09
1.753174664759593010e+09
1.753174664760578156e+09
1.753174664761343479e+09
1.753174664772171259e+09
1.753174664772950172e+09
1.753174664773896933e+09
1.753174664774643660e+09
1.753174664786664009e+09
1.753174664787457466e+09
1.753174664788536787e+09
1.753174664789340973e+09
1.753174664799736023e+09
1.753174664800596952e+09
1.753174664801536322e+09
1.753174664802263737e+09
1.753174664815246105e+09
1.753174664816707373e+09
1.753174664817867041e+09
1.753174664818687201e+09
1.753174664829593658e+09
1.753174664830403090e+09
1.753174664831378698e+09
1.753174664832120895e+09
1.753174664843377829e+09
1.753174664844448566e+09
1.753174664847905636e+09
1.753174664848837137e+09
1.753174664860947132e+09
1.753174664861883640e+09
1.753174664862887621e+09
1.753174664863715410e+09
1.753174664874861240e+09
1.753174664875695705e+09
1.753174664876707792e+09
1.753174664877465248e+09
1.753174664889294386e+09
1.753174664890101194e+09
1.753174664891132832e+09
1.753174664891892910e+09
1.753174664903326035e+09
1.753174664904128551e+09
1.753174664905133009e+09
1.753174664905895948e+09
1.753174664918630362e+09
1.753174664919506073e+09
1.753174664920545340e+09
1.753174664921332121e+09
1.753174664932841778e+09
1.753174664933648109e+09
1.753174664934673071e+09
1.753174664935435057e+09
1.753174664946337223e+09
1.753174664947341204e+09
1.753174664948507786e+09
1.753174664949266911e+09
1.753174664960322618e+09
1.753174664961068630e+09
1.753174664962022305e+09
1.753174664962740421e+09
1.753174664972855806e+09
1.753174664973611116e+09
1.753174664974686623e+09
1.753174664975417137e+09
1.753174664991695881e+09
1.753174664992705584e+09
1.753174664993941069e+09
1.753174664994893074e+09
1.753174665006680250e+09
1.753174665007456303e+09
1.753174665008401871e+09
1.753174665009146452e+09
1.753174665021158934e+09
1.753174665022034883e+09
1.753174665023033381e+09
1.753174665023796082e+09
1.753174665033354759e+09
1.753174665034141541e+09
1.753174665035126925e+09
1.753174665035916090e+09
1.753174665045568466e+09
1.753174665046399593e+09
1.753174665047482014e+09
1.753174665048375607e+09
1.753174665059359312e+09
1.753174665060263157e+09
1.753174665061242342e+09
1.753174665062032461e+09
1.753174665071836472e+09
1.753174665072624445e+09
1.753174665073598146e+09
1.753174665074348211e+09
1.753174665085974932e+09
1.753174665086948156e+09
1.753174665088112831e+09
1.753174665088979959e+09
1.753174665099533558e+09
1.753174665100354910e+09
1.753174665101360798e+09
1.753174665102171421e+09
1.753174665112392187e+09
1.753174665113451242e+09
1.753174665116766930e+09
1.753174665117710829e+09
1.753174665131908417e+09
1.753174665133664608e+09
1.753174665134841681e+09
1.753174665135805607e+09
1.753174665148408890e+09
1.753174665149325609e+09
1.753174665150451660e+09
1.753174665151299477e+09
1.753174665162379503e+09
1.753174665163200140e+09
1.753174665164192438e+09
1.753174665164978504e+09
1.753174665174942493e+09
1.753174665175713062e+09
1.753174665176650286e+09
1.753174665177384615e+09
1.753174665189977169e+09
1.753174665190806389e+09
1.753174665191752195e+09
1.753174665192513704e+09
1.753174665203006029e+09
1.753174665203760862e+09
1.753174665204710007e+09
1.753174665205470324e+09
1.753174665216959000e+09
1.753174665217999935e+09
1.753174665218983412e+09
1.753174665219750881e+09
1.753174665230256796e+09
1.753174665231055260e+09
1.753174665232016563e+09
1.753174665232794046e+09
1.753174665243576765e+09
1.753174665244342089e+09
1.753174665245270014e+09
1.753174665246042252e+09
1.753174665257398844e+09
1.753174665258200407e+09
1.753174665259174585e+09
1.753174665259964943e+09
1.753174665270174980e+09
1.753174665270943642e+09
1.753174665271880150e+09
1.753174665272596836e+09
1.753174665282099247e+09
1.753174665282875061e+09
1.753174665283800602e+09
1.753174665284518719e+09
1.753174665302945375e+09
1.753174665303868771e+09
1.753174665304987431e+09
1.753174665305758476e+09
1.753174665315366983e+09
1.753174665316158533e+09
1.753174665317075253e+09
1.753174665317829609e+09
1.753174665332732439e+09
1.753174665333802700e+09
1.753174665334963083e+09
1.753174665335772514e+09
1.753174665345281839e+09
1.753174665346097231e+09
1.753174665347111702e+09
1.753174665347851992e+09
1.753174665360204220e+09
1.753174665361175299e+09
1.753174665362162590e+09
1.753174665362931252e+09
1.753174665372473240e+09
1.753174665373235464e+09
1.753174665374227524e+09
1.753174665374982834e+09
1.753174665385429144e+09
1.753174665386433363e+09
1.753174665387409449e+09
1.753174665388166666e+09
1.753174665397930384e+09
1.753174665398764610e+09
1.753174665399719954e+09
1.753174665400612116e+09
1.753174665410602093e+09
1.753174665411386013e+09
1.753174665412293434e+09
1.753174665413008928e+09
1.753174665424736977e+09
1.753174665425768614e+09
1.753174665427029133e+09
1.753174665427982092e+09
1.753174665439954519e+09
1.753174665440789700e+09
1.753174665441774130e+09
1.753174665442543983e+09
1.753174665452568769e+09
1.753174665453356743e+09
1.753174665454324245e+09
1.753174665455188274e+09
1.753174665466605663e+09
1.753174665467367649e+09
1.753174665468350172e+09
1.753174665469104528e+09
1.753174665478129625e+09
1.753174665478890657e+09
1.753174665479837894e+09
1.753174665480564833e+09
1.753174665494054556e+09
1.753174665494984150e+09
1.753174665498190880e+09
1.753174665498923063e+09
1.753174665508907795e+09
1.753174665509687185e+09
1.753174665510647535e+09
1.753174665511511803e+09
1.753174665521175146e+09
1.753174665521940947e+09
1.753174665522885561e+09
1.753174665523645878e+09
1.753174665535632372e+09
1.753174665536396503e+09
1.753174665537472486e+09
1.753174665538329363e+09
1.753174665548352718e+09
1.753174665549125195e+09
1.753174665550047159e+09
1.753174665550752163e+09
1.753174665566027164e+09
1.753174665566930294e+09
1.753174665568041801e+09
1.753174665568889141e+09
1.753174665580525398e+09
1.753174665581328630e+09
1.753174665582329035e+09
1.753174665583085537e+09
1.753174665597108841e+09
1.753174665597963095e+09
1.753174665598926067e+09
1.753174665599702835e+09
1.753174665609674692e+09
1.753174665610440254e+09
1.753174665611429930e+09
1.753174665612217665e+09
1.753174665621623278e+09
1.753174665622424603e+09
1.753174665623495102e+09
1.753174665624570847e+09
1.753174665635298491e+09
1.753174665636044502e+09
1.753174665637032509e+09
1.753174665637760162e+09
1.753174665647077560e+09
1.753174665647847891e+09
1.753174665648836613e+09
1.753174665649564981e+09
1.753174665662085295e+09
1.753174665662996054e+09
1.753174665664122343e+09
1.753174665665038824e+09
1.753174665676306725e+09
1.753174665677068710e+09
1.753174665678034067e+09
1.753174665678780556e+09
1.753174665688510895e+09
1.753174665689388752e+09
1.753174665690627575e+09
1.753174665691589832e+09
1.753174665704063654e+09
1.753174665705038071e+09
1.753174665706196070e+09
1.753174665706946611e+09
1.753174665716985703e+09
1.753174665717797279e+09
1.753174665718754292e+09
1.753174665719541550e+09
1.753174665731225014e+09
1.753174665732022762e+09
