-1.596130452803334492e+03 3.009953463518000945e+02 4.495283066639701701e+02
-1.596525475955764705e+03 3.014584444766852585e+02 4.493350825048686943e+02
-1.596592968153706352e+03 3.014566473073099360e+02 4.492642540243933809e+02
-1.596559360093845726e+03 3.003585544362570090e+02 4.486528638660269053e+02
-1.596184614855231757e+03 3.013565471982055897e+02 4.498907521694164302e+02
-1.596188876994994871e+03 3.013185226169975977e+02 4.496424371118794170e+02
-1.596251684362736114e+03 3.012623884189168848e+02 4.499818400485676193e+02
-1.597703913792171988e+03 3.004073412823807416e+02 4.492729655604395020e+02
-1.598042298326407490e+03 3.006571312479148901e+02 4.514217809831083059e+02
-1.598042298326407490e+03 3.006571312479148901e+02 4.514217809831083059e+02
-1.598453045707189403e+03 3.007091079261571736e+02 4.547779515048640633e+02
-1.598170174824893593e+03 3.017473130957176295e+02 4.545436173472423320e+02
-1.597897972904355811e+03 3.017716368666214635e+02 4.557791638580474114e+02
-1.598284608445609138e+03 3.010832766049121005e+02 4.564357642304634055e+02
-1.597756366457498416e+03 3.011101460285326539e+02 4.576385850050973545e+02
-1.597706951296609304e+03 3.011499233155375919e+02 4.581756814333411967e+02
-1.597448424937428399e+03 3.013232178866443860e+02 4.592076557705088362e+02
-1.597181174512826146e+03 3.003813246660891423e+02 4.605231802413279638e+02
-1.597053076829003203e+03 3.009550875900100095e+02 4.614822853833351815e+02
-1.596811248465852941e+03 3.007185217520131459e+02 4.618295684731397728e+02
-1.596045263879654158e+03 3.005808776711531891e+02 4.629691917146699325e+02
-1.595275361497023368e+03 3.009392806668863045e+02 4.634020949658433324e+02
-1.594243137233470861e+03 3.004599569948248359e+02 4.643696006961843636e+02
-1.593904109511874367e+03 3.004310608204309005e+02 4.647094231095547912e+02
-1.593390746933960827e+03 2.988951786625137856e+02 4.645740519618731810e+02
-1.591507459935279030e+03 3.001854801696513277e+02 4.662783379542066200e+02
-1.590409285117259060e+03 2.996891156959148361e+02 4.669762434292399007e+02
-1.589576376475492452e+03 2.993463855506582831e+02 4.672618366579973213e+02
-1.588279441017114550e+03 2.989105023590370251e+02 4.678647772084151484e+02
-1.588279441017114550e+03 2.989105023590370251e+02 4.678647772084151484e+02
-1.587545411950544121e+03 2.986804622392564852e+02 4.682925935158646098e+02
-1.585177204279619673e+03 2.979730550618034499e+02 4.690531256602783969e+02
-1.583661534547681413e+03 2.959493480022120480e+02 4.696740479825689363e+02
-1.582246586281649570e+03 2.955378420984565082e+02 4.706072439809899493e+02
-1.580374276511996641e+03 2.949389956113269022e+02 4.712201656212394028e+02
-1.579380888262554208e+03 2.948867671620450324e+02 4.712400589178974428e+02
-1.577571507700865823e+03 2.945393486757283767e+02 4.721518464419958150e+02
-1.576642477777836575e+03 2.951019435129750832e+02 4.718462844194806394e+02
-1.573715591650653778e+03 2.951928030992700656e+02 4.717123700900026506e+02
-1.572441870678765781e+03 2.951064747300308113e+02 4.718155280421391922e+02
-1.570558365847712594e+03 2.937772472170097444e+02 4.725883571706552857e+02
-1.570085554676069478e+03 2.942429812103510471e+02 4.723468964131995449e+02
-1.566951289968397305e+03 2.951229091189715632e+02 4.732007314573393160e+02
-1.565721100080769929e+03 2.953535459909071506e+02 4.734457422454880771e+02
-1.563235431379121565e+03 2.951547114107812604e+02 4.739016356578025579e+02
-1.562037774591454536e+03 2.947518854816142380e+02 4.740421612381973659e+02
-1.560044693023748096e+03 2.927029262606977795e+02 4.745589526337702182e+02
-1.558748019836460116e+03 2.927818612828244795e+02 4.754419868117694250e+02
-1.555420558999550622e+03 2.931591699005438159e+02 4.760067574388381786e+02
-1.552573890821556006e+03 2.947888484922303860e+02 4.756621631126725447e+02
-1.549324111136893407e+03 2.927250949522754127e+02 4.770098999694888562e+02
-1.548222991551119776e+03 2.930552997115362359e+02 4.770836688288782170e+02
-1.545232110827280849e+03 2.930474678050148896e+02 4.775007917849065961e+02
-1.543512014924187497e+03 2.929975345535083875e+02 4.777656939529842930e+02
-1.540540441999243740e+03 2.931394394471898863e+02 4.781481577762478423e+02
-1.538946324608265286e+03 2.929808979439246741e+02 4.784577753064119747e+02
-1.534018322774288890e+03 2.931918352960486231e+02 4.792776870553404933e+02
-1.532378414895299557e+03 2.931349490040561818e+02 4.795306824684402613e+02
-1.530683096455161149e+03 2.933724476512333013e+02 4.797353300586020168e+02
-1.528728897200237952e+03 2.936142632506833365e+02 4.795276242785482737e+02
-1.523535949361205894e+03 2.944254363757041233e+02 4.802896783317499967e+02
-1.521620647369631115e+03 2.947075107583756335e+02 4.806134074776362013e+02
-1.518134862863315448e+03 2.953206727739731150e+02 4.811823642249875661e+02
-1.516363072078982213e+03 2.956280641717791582e+02 4.814689037781270144e+02
-1.512665852443568383e+03 2.962385129325389244e+02 4.821011283220151427e+02
-1.509019315795533203e+03 2.967948238673312176e+02 4.827047042590005503e+02
-1.505715424507487569e+03 2.992255410684601884e+02 4.828586854042242180e+02
-1.503879617787855295e+03 2.994243696077935510e+02 4.831733559035759527e+02
-1.503879617787855295e+03 2.994243696077935510e+02 4.831733559035759527e+02
-1.498018135366289016e+03 2.998556079501284444e+02 4.840187787308134943e+02
-1.494046350547174598e+03 3.007607157037821821e+02 4.847650680750484753e+02
-1.492101790440199466e+03 3.010515811563730040e+02 4.850819828012067774e+02
-1.486005512837302831e+03 3.018238237915995796e+02 4.853248166209858141e+02
-1.482024667070501891e+03 3.028060021110691764e+02 4.867677355481351356e+02
-1.479468955697719139e+03 3.028059483573130137e+02 4.875318636523258533e+02
-1.472913248280978223e+03 3.039626254570885635e+02 4.883012845404409745e+02
-1.470720808348315359e+03 3.044525425437457784e+02 4.884996722446616104e+02
-1.466263914422265771e+03 3.050627581334512115e+02 4.889634465318098364e+02
-1.463952264934466939e+03 3.054969351441689582e+02 4.890205503971301368e+02
-1.459500722010618802e+03 3.060714472775875947e+02 4.893366187867471240e+02
-1.457181202716329381e+03 3.063206634785873916e+02 4.895253051194150089e+02
-1.452537858232186636e+03 3.069492964783547677e+02 4.896595075399785628e+02
-1.447861100116700982e+03 3.077345883607018777e+02 4.896831127922408768e+02
-1.445541314784376937e+03 3.083451822216915161e+02 4.898229155303021685e+02
-1.440695931661598479e+03 3.087961176911009034e+02 4.897488225937449329e+02
-1.435746674202522172e+03 3.093677417610782641e+02 4.894963177064606725e+02
-1.433311853692475324e+03 3.096745841991898942e+02 4.894677353818812549e+02
-1.431127605561325709e+03 3.098592508175069042e+02 4.894042870842097273e+02
-1.426318756645817075e+03 3.101421245950138541e+02 4.897638266228783550e+02
-1.424051251531062462e+03 3.101758431591088083e+02 4.900736677293100456e+02
-1.419797314438111016e+03 3.104779912136278313e+02 4.906673091951876131e+02
-1.415230644583469029e+03 3.100773637113941845e+02 4.916513620509636553e+02
-1.415230644583469029e+03 3.100773637113941845e+02 4.916513620509636553e+02
-1.408795143105221769e+03 3.102905971881015716e+02 4.928252430409638691e+02
-1.406884562190860152e+03 3.107116570453873123e+02 4.932280259264990150e+02
-1.404634588897300318e+03 3.107584768742588039e+02 4.935040746792523123e+02
-1.402442728267908024e+03 3.110067294415042056e+02 4.938484300767310629e+02
-1.396015779603953888e+03 3.124330087705910159e+02 4.948074872847731172e+02
-1.391397047727837162e+03 3.129603988711527336e+02 4.954922387865896098e+02
-1.389151968104069056e+03 3.133176979071626533e+02 4.957892445775809165e+02
-1.384787673371877190e+03 3.137195374168490503e+02 4.964291854580106360e+02
-1.380416548214842578e+03 3.141272266892267453e+02 4.969927320321872344e+02
-1.377976959735204673e+03 3.143099329434206197e+02 4.971572197311594437e+02
-1.374238380021206922e+03 3.144420030842322262e+02 4.977312787843858359e+02
-1.371834860667087014e+03 3.143202905188512091e+02 4.978412336612863669e+02
-1.367153856574802830e+03 3.144351185662099510e+02 4.980515943153621379e+02
-1.362748978878569460e+03 3.145207861813501609e+02 4.982023487498515806e+02
-1.358166101194350858e+03 3.148419360686962136e+02 4.980560607758246761e+02
-1.358166101194350858e+03 3.148419360686962136e+02 4.980560607758246761e+02
-1.355631039315314638e+03 3.147213918468582392e+02 4.984991708903560266e+02
-1.348559488694844958e+03 3.145886879239051837e+02 4.983836850185039111e+02
-1.343584427365058900e+03 3.144111468880998359e+02 4.984758730388544450e+02
-1.341374476767826764e+03 3.146445984171076589e+02 4.984490210723678842e+02
-1.334290348291123564e+03 3.152493441187627923e+02 4.976750424729907536e+02
-1.334290348291123564e+03 3.152493441187627923e+02 4.976750424729907536e+02
-1.327164842329701742e+03 3.158495976394702325e+02 4.968269641445109528e+02
-1.324871896081269824e+03 3.158649006671068946e+02 4.966974663305993545e+02
-1.320424331773822360e+03 3.162352372703281844e+02 4.960707511670052554e+02
-1.317714840112670117e+03 3.165543237968064432e+02 4.956245244228493334e+02
-1.315529771475471989e+03 3.160730069564940550e+02 4.946761750881133821e+02
-1.310486573697250151e+03 3.167148856784590407e+02 4.938946723684018707e+02
-1.306814894496032139e+03 3.178139025733672725e+02 4.909501361533334602e+02
-1.306814894496032139e+03 3.178139025733672725e+02 4.909501361533334602e+02
-1.298955577759937114e+03 3.177275589726634735e+02 4.921402660067670922e+02
-1.294177698383392453e+03 3.187146274690667838e+02 4.917450902753593027e+02
-1.291665412018982806e+03 3.190855895731905889e+02 4.921551536932585122e+02
-1.287297271326955524e+03 3.199714631160108524e+02 4.924127532794144031e+02
-1.284824695054307540e+03 3.201604741168528676e+02 4.922416919484033428e+02
-1.280540324092237597e+03 3.211763955781543132e+02 4.928228492321769636e+02
-1.276636867911264517e+03 3.225268092630803380e+02 4.937762431482793772e+02
-1.274309798391855111e+03 3.228948142081948163e+02 4.938611368969389446e+02
-1.267497939992512556e+03 3.235532833802180903e+02 4.945738252180466361e+02
-1.267497939992512556e+03 3.235532833802180903e+02 4.945738252180466361e+02
-1.262611805859080960e+03 3.235196128047323896e+02 4.952844629160971408e+02
-1.257759129777523640e+03 3.235573381964548503e+02 4.963791409542778865e+02
-1.255314873306252139e+03 3.235006401830435721e+02 4.966499436529550167e+02
-1.249895210244058717e+03 3.231867882734840123e+02 4.969917190564476073e+02
-1.247594423160901670e+03 3.232648709579783599e+02 4.974082890630692759e+02
-1.242736380136085018e+03 3.241194662745612050e+02 4.981376710570581281e+02
-1.237609536502227002e+03 3.242971629067751564e+02 4.985000537105914304e+02
-1.235372936552402280e+03 3.246514575054048350e+02 4.987127065914737614e+02
-1.230678569551502051e+03 3.256791723234717892e+02 4.991985635945789568e+02
-1.228268583108827670e+03 3.259719332308629305e+02 4.994389900706884760e+02
-1.223430974856639750e+03 3.264799909290754272e+02 4.996962915182147640e+02
-1.221006094588609358e+03 3.269000911760419967e+02 4.997799679304491747e+02
-1.214234219861427164e+03 3.282576446813936286e+02 5.003309337119748079e+02
-1.211958556430904991e+03 3.287987753809895821e+02 5.002480633974293482e+02
-1.207708257560555239e+03 3.302066096535199904e+02 4.996813546985625294e+02
-1.205347316760450212e+03 3.306109414219606606e+02 4.995646226110093266e+02
-1.203016101814071135e+03 3.309850547191372243e+02 4.996564107920955848e+02
-1.198156705650978893e+03 3.315888661513677675e+02 4.994669142860568627e+02
-1.191153799363406279e+03 3.325211818198374658e+02 4.992763228692180064e+02
-1.191153799363406279e+03 3.325211818198374658e+02 4.992763228692180064e+02
-1.186689627879484533e+03 3.329991281104840368e+02 4.990790490047519370e+02
-1.183909792092385260e+03 3.332683695090072433e+02 4.990675372790877873e+02
-1.178400071593734310e+03 3.331148909552789519e+02 4.996176667423301865e+02
-1.173532586435072744e+03 3.336893501461335063e+02 4.994712987498369898e+02
-1.168542216493786327e+03 3.339726439661978361e+02 4.990338347308231164e+02
-1.166076659636601107e+03 3.339645415935149231e+02 4.987820913565657861e+02
-1.161999558221531061e+03 3.352470960601922343e+02 4.987497763663993737e+02
-1.159272857094779283e+03 3.352920397787984257e+02 4.990148474666606830e+02
-1.154628541597489630e+03 3.359609243667766236e+02 4.986438084870292187e+02
-1.152427647046331003e+03 3.361493640334708743e+02 4.985426636423347304e+02
-1.147497518245104629e+03 3.368456947343411798e+02 4.981679632836967926e+02
-1.145220237721281819e+03 3.371481060368340081e+02 4.981811180986397289e+02
-1.140450397960544251e+03 3.378550907745638483e+02 4.978672188533356007e+02
-1.135608997726563985e+03 3.383242872947541287e+02 4.975560140215401361e+02
-1.131517826032661333e+03 3.395090786935448932e+02 4.968106806130463156e+02
-1.129299599362072286e+03 3.399180263230136347e+02 4.964828280260192628e+02
-1.124669117514967866e+03 3.405784320729731007e+02 4.962569666989392658e+02
-1.121464102635065501e+03 3.401765208916494885e+02 4.967523846327660522e+02
-1.116844181272225569e+03 3.404873677357536508e+02 4.965130984396881786e+02
-1.116844181272225569e+03 3.404873677357536508e+02 4.965130984396881786e+02
-1.109524689767776181e+03 3.418157294899149861e+02 4.962122892398548970e+02
-1.107275620526183275e+03 3.419734609977141417e+02 4.961339317301092819e+02
-1.102639018112152371e+03 3.424182519750563642e+02 4.960070488768382120e+02
-1.097833172086137438e+03 3.430263146070545872e+02 4.960469083083938813e+02
-1.095462783703249670e+03 3.431525560419971157e+02 4.960593555733593689e+02
-1.095462783703249670e+03 3.431525560419971157e+02 4.960593555733593689e+02
-1.095462783703249670e+03 3.431525560419971157e+02 4.960593555733593689e+02
-1.093261284326536497e+03 3.433276260629693297e+02 4.962261731028559097e+02
-1.080359154406508424e+03 3.458653829787024847e+02 4.947885661120889722e+02
-1.078061465816384725e+03 3.461398779094669749e+02 4.947578480625346629e+02
-1.073369913630549263e+03 3.466739126996233153e+02 4.945968818806816785e+02
-1.071300317494189130e+03 3.468932973833481697e+02 4.947028995831373095e+02
-1.066367265546331055e+03 3.476206253020458234e+02 4.949274700603452857e+02
-1.063945590410202612e+03 3.479957388639473379e+02 4.949872847667019755e+02
-1.058974642545058714e+03 3.487025440317955258e+02 4.951939000363895502e+02
-1.056547381118217118e+03 3.490769535852419381e+02 4.952985206762351140e+02
-1.056547381118217118e+03 3.490769535852419381e+02 4.952985206762351140e+02
-1.056547381118217118e+03 3.490769535852419381e+02 4.952985206762351140e+02
-1.044172220527077343e+03 3.500321504785879938e+02 4.961791274922184698e+02
-1.039367152479989954e+03 3.504199128847138809e+02 4.964941091150204784e+02
-1.034320752900833440e+03 3.504887077591652087e+02 4.966362727238418984e+02
-1.032131629040464759e+03 3.507687620037842748e+02 4.969207509053553053e+02
-1.024583475167269398e+03 3.510108074883325457e+02 4.966249859990987829e+02
-1.022478638464218875e+03 3.512687688256690990e+02 4.966892756419782131e+02
-1.019679865864293333e+03 3.512215580762487548e+02 4.964668992303483606e+02
-1.019679865864293333e+03 3.512215580762487548e+02 4.964668992303483606e+02
-1.010044572770072136e+03 3.516875303832407553e+02 4.958835979091975332e+02
-1.007812051449217847e+03 3.519629312955565865e+02 4.958949789433557953e+02
-1.002793054134643739e+03 3.522931618907667826e+02 4.952601699567226206e+02
-1.000299385646023779e+03 3.523961605440276230e+02 4.947187134841799434e+02
-9.953724975616072470e+02 3.526683734274057542e+02 4.940416082905343274e+02
-9.929365386601535874e+02 3.528399602896395209e+02 4.937840419258889142e+02
-9.879461956366943696e+02 3.532099628140979917e+02 4.928749053057709943e+02
-9.829463069289841997e+02 3.537210936168270337e+02 4.918124483838420247e+02
-9.776830897889609560e+02 3.540495692823984655e+02 4.906530573068947660e+02
-9.751540460229867904e+02 3.542670487334976315e+02 4.900111351579894290e+02
-9.723857415486368154e+02 3.544616710405596223e+02 4.892302351365464119e+02
-9.672442658300334415e+02 3.548715488544122536e+02 4.881173700213699362e+02
-9.620073406399934584e+02 3.554841217393001784e+02 4.869125656513774629e+02
-9.620073406399934584e+02 3.554841217393001784e+02 4.869125656513774629e+02
-9.546678671873950179e+02 3.563552666864774210e+02 4.856478548669694533e+02
-9.497882859928076869e+02 3.573326887369713631e+02 4.856720182643200587e+02
-9.475632389153768145e+02 3.578226882554988606e+02 4.856721155584333474e+02
-9.431737783989370882e+02 3.588492262270916626e+02 4.865388205833373831e+02
-9.388463132320226805e+02 3.592045194544589322e+02 4.865396812485544729e+02
-9.365500239110598386e+02 3.594888336559031359e+02 4.864903978353685261e+02
-9.319701995654543225e+02 3.596395597856522954e+02 4.868963439825313344e+02
-9.294956689875148186e+02 3.596448027542999171e+02 4.869804931327341251e+02
-9.244826114596154412e+02 3.596980449095454446e+02 4.878892016365075506e+02
-9.222085268133954514e+02 3.594431482930066295e+02 4.880053554715515247e+02
-9.173156438344997241e+02 3.594607748702282493e+02 4.888887856137041581e+02
-9.125158574468063080e+02 3.595559008277372186e+02 4.897517523406041278e+02
-9.099425008850840868e+02 3.599593338612316984e+02 4.903871097718629812e+02
-9.054284054426619832e+02 3.603362397925856158e+02 4.908183463865808562e+02
-9.007403839806042924e+02 3.610671220521884379e+02 4.918089899806726066e+02
-8.984963937234016385e+02 3.613090062127798205e+02 4.921246120946071301e+02
-8.939968997504088293e+02 3.618573163527690895e+02 4.929168650980254824e+02
-8.917219188879292915e+02 3.622311513780219343e+02 4.932699126287539002e+02
-8.871219318589451177e+02 3.629108587739847280e+02 4.940004188994683432e+02
-8.846169535508909121e+02 3.632158324517445180e+02 4.940171463533761766e+02
-8.803326731060681141e+02 3.637479660284365082e+02 4.944086876351925071e+02
-8.781749280593701315e+02 3.640649910614980058e+02 4.946765148007436892e+02
-8.736749135970408133e+02 3.646174147488933954e+02 4.954588192010229477e+02
-8.691071216477724874e+02 3.650731350502526880e+02 4.954504282333630272e+02
-8.645279730151779631e+02 3.655766297094709216e+02 4.960254661771595011e+02
-8.624854999591098021e+02 3.656854883694735463e+02 4.960700710442493460e+02
-8.579227799459363268e+02 3.662376874409231959e+02 4.962556171233327973e+02
-8.556057332300894132e+02 3.663305116937971206e+02 4.961859428679408097e+02
-8.510213350452195300e+02 3.666980991400658354e+02 4.961077469066548247e+02
-8.487914955301090458e+02 3.668758843981137261e+02 4.962928445467095457e+02
-8.441334179610005322e+02 3.671982598898582069e+02 4.962022172745212742e+02
-8.395197773086564439e+02 3.675804058610091829e+02 4.960987322715298546e+02
-8.371680351538190052e+02 3.678020076810356613e+02 4.960162139372071124e+02
-8.324936492957915561e+02 3.681187121792187895e+02 4.958719776266770509e+02
-8.277386525410922786e+02 3.684441573541508888e+02 4.956556285308107022e+02
-8.252836042309481854e+02 3.685910246908695171e+02 4.953132137806090327e+02
-8.206464685636049126e+02 3.689987538738171224e+02 4.952444591574889046e+02
-8.179833931308293131e+02 3.692805318514311921e+02 4.950804881052368387e+02
-8.158464589241930298e+02 3.694533947234310176e+02 4.948071122692118706e+02
-8.110515870507626914e+02 3.698683723574206397e+02 4.944286423176867515e+02
-8.036229851323696494e+02 3.705743331286702187e+02 4.937766636116330687e+02
-7.988384188076893224e+02 3.710556329245353595e+02 4.933213209978345617e+02
-7.938222426891659325e+02 3.715121712419429514e+02 4.927748688640453452e+02
-7.912823671592660730e+02 3.716705887661248653e+02 4.924868934425134057e+02
-7.865116509243570135e+02 3.722521949545584903e+02 4.918149875895716150e+02
-7.813665132154377488e+02 3.727323784767772850e+02 4.913068944107309903e+02
-7.789280009712647370e+02 3.730422624020139324e+02 4.910068225614758717e+02
-7.739140084910997075e+02 3.733153751055077691e+02 4.903191765085001634e+02
-7.712712313041317884e+02 3.736365944480320422e+02 4.902296379533795516e+02
-7.664822381222394370e+02 3.737180046972674745e+02 4.898930831518442233e+02
-7.640111115652972558e+02 3.737901608074266733e+02 4.897076780236634477e+02
-7.566437801973671640e+02 3.741877980307077110e+02 4.902111295725049445e+02
-7.542236582612671327e+02 3.744494971425136782e+02 4.904756220728596077e+02
-7.497189287511412203e+02 3.744196248581593522e+02 4.905787231035540685e+02
-7.475433906594522568e+02 3.744091134918600687e+02 4.905738897968372498e+02
-7.449589525848798530e+02 3.745985308574883561e+02 4.910179412395482927e+02
-7.402753356229558221e+02 3.748088106484728996e+02 4.915130079277950017e+02
-7.355491994746591899e+02 3.750431544706656837e+02 4.920061774927573310e+02
-7.331001301576505966e+02 3.751019911068498232e+02 4.921203597474579396e+02
-7.284074763383860045e+02 3.753747632261016065e+02 4.928331843406132293e+02
-7.257563320548350703e+02 3.757730677197649811e+02 4.933121590665087979e+02
-7.185143310114342512e+02 3.761919685314675803e+02 4.938997404704521159e+02
-7.159884569679114747e+02 3.763831660422275718e+02 4.941261714537445755e+02
-7.110240243965199625e+02 3.769079516852820575e+02 4.947075098251616510e+02
-7.082283413274365103e+02 3.769640823813913926e+02 4.949846929440069516e+02
-7.031917882709982450e+02 3.771241731791699294e+02 4.953642195177629333e+02
-7.009651453858771220e+02 3.769839977431985290e+02 4.955133281060024046e+02
-6.984604337030724537e+02 3.769041040444330406e+02 4.956921006714790678e+02
-6.935623655524419746e+02 3.768673347212002227e+02 4.960348177274672139e+02
-6.886653672080226443e+02 3.766913510272119083e+02 4.963490616086734235e+02
-6.837900540264414531e+02 3.765682679610526407e+02 4.964917594690510327e+02
-6.813910196087979330e+02 3.766463636750746105e+02 4.966695427068363529e+02
-6.788689150164409511e+02 3.764155683576723277e+02 4.966807429339547184e+02
-6.712505475256945147e+02 3.764817146994050745e+02 4.966455860493432510e+02
-6.688567037234652162e+02 3.764667804922102619e+02 4.969413635513743657e+02
-6.640608652464921988e+02 3.764381004146728174e+02 4.968680560257019465e+02
-6.616672719157368192e+02 3.764560730450662049e+02 4.968510538922375872e+02
-6.570823402799810538e+02 3.762228872989446131e+02 4.964477923920680951e+02
-6.546874965291203807e+02 3.762131872225878624e+02 4.963402433360864734e+02
-6.499134148404649522e+02 3.763219827656576513e+02 4.961624966299224297e+02
-6.474889378753869096e+02 3.761465537630114113e+02 4.959250735462754847e+02
-6.399508643532278711e+02 3.762097806122304746e+02 4.954932456988943272e+02
-6.377398047094258118e+02 3.760761991649370088e+02 4.951795980436825744e+02
-6.377398047094258118e+02 3.760761991649370088e+02 4.951795980436825744e+02
-6.351725026986921421e+02 3.760554712166331797e+02 4.949116548196248004e+02
-6.281005513508051763e+02 3.757376743502516661e+02 4.937986732278141062e+02
-6.233861524168432879e+02 3.755012457470294862e+02 4.929817142545107913e+02
-6.182255613817363837e+02 3.753606465920323672e+02 4.923035881668359934e+02
-6.130997022152880618e+02 3.752245928978389315e+02 4.915404182890596303e+02
-6.106488301562798142e+02 3.754496246495706373e+02 4.913301136852123818e+02
-6.057974669317850385e+02 3.749376979588211043e+02 4.899708889423480400e+02
-6.005677572059158820e+02 3.745755880587498154e+02 4.892206523772935611e+02
-5.977324795026476068e+02 3.745351022778322658e+02 4.887176336961015295e+02
-5.927986319748810047e+02 3.739855369714452422e+02 4.873997692338799084e+02
-5.900226021678527104e+02 3.740158068324769260e+02 4.869763947263773503e+02
-5.848553405668495770e+02 3.738234423452522606e+02 4.862313191447001373e+02
-5.826776117339038592e+02 3.739069775171330434e+02 4.857882680421834607e+02
-5.777292777117639844e+02 3.741982251992340593e+02 4.859370104452386840e+02
-5.755713501124209870e+02 3.743446262880825657e+02 4.859798562537597491e+02
-5.708994541985362048e+02 3.744053333915036319e+02 4.861222821985265909e+02
-5.689241131613327980e+02 3.743763558544667376e+02 4.861673367858640518e+02
-5.644783945499574429e+02 3.744315082925893421e+02 4.864889872420835673e+02
-5.598757919590718757e+02 3.742819107943111021e+02 4.867461311243210957e+02
-5.575417027977044881e+02 3.741539992636543843e+02 4.868920821213197314e+02
-5.552059860295913722e+02 3.739701521437661995e+02 4.870067725741865843e+02
-5.480297180230114691e+02 3.734205825253456510e+02 4.874493562872846155e+02
-5.456588615239319324e+02 3.733591548378718699e+02 4.875698042932609155e+02
-5.406926826816779794e+02 3.728798171947520927e+02 4.879349282862872883e+02
-5.381613628200507264e+02 3.727165786478386735e+02 4.880371880470016208e+02
-5.356941298417536927e+02 3.726169373114173595e+02 4.881442731428202819e+02
-5.356941298417536927e+02 3.726169373114173595e+02 4.881442731428202819e+02
-5.331629939191209360e+02 3.724207859179903721e+02 4.882547888301178318e+02
-5.178634662029580795e+02 3.722022335828376640e+02 4.889479242617280192e+02
-5.155341844180730959e+02 3.719294104520206474e+02 4.890336610492976774e+02
-5.102703011864344376e+02 3.721339377541693807e+02 4.895787869397871646e+02
-5.052559149521770223e+02 3.723717531049435365e+02 4.899784164923033813e+02
-5.003826413043759089e+02 3.724666359851992752e+02 4.903193738706580689e+02
-4.979437289229626344e+02 3.726234006695725043e+02 4.905827484402921073e+02
-4.954341413453760765e+02 3.727259870338260157e+02 4.908281464492523583e+02
-4.903624361869003110e+02 3.731389204671319249e+02 4.914318199332135464e+02
-4.829244721341191280e+02 3.735433393289186483e+02 4.920269596768909537e+02
-4.806840286047640234e+02 3.735762631681199650e+02 4.919969993149433094e+02
-4.781520872713045947e+02 3.737247699821002129e+02 4.922698860678833626e+02
-4.733400288080094356e+02 3.738694603152936224e+02 4.925198193077238216e+02
-4.684160560373127282e+02 3.739314825380674847e+02 4.926423823863669327e+02
-4.660496975005727904e+02 3.739029456045606139e+02 4.925616004640380083e+02
-4.611921871885977566e+02 3.740672467192740100e+02 4.927585831422447313e+02
-4.588288605116506460e+02 3.741029358629278363e+02 4.928343048968276889e+02
-4.540697006662421131e+02 3.740585825789624437e+02 4.926812449487484287e+02
-4.515534190816814544e+02 3.740072982318960157e+02 4.923717498052129145e+02
-4.492173574561760461e+02 3.741998159398901862e+02 4.926322920302948205e+02
-4.469100653413011628e+02 3.743760218680880030e+02 4.925826731382771300e+02
-4.421698659894134948e+02 3.743439869821779098e+02 4.922184835089479407e+02
-4.350034212530788409e+02 3.742760381553430875e+02 4.920106086328336801e+02
-4.327029536967566514e+02 3.743481943227661759e+02 4.919400687942953141e+02
-4.276575201618739470e+02 3.745368857710425345e+02 4.916858416869043822e+02
-4.204712731755837467e+02 3.746754222287597145e+02 4.913372705909926594e+02
-4.204712731755837467e+02 3.746754222287597145e+02 4.913372705909926594e+02
-4.156740605774592723e+02 3.748279430859028594e+02 4.909192643700307599e+02
-4.134318514893480483e+02 3.747245837817233109e+02 4.905775191255524419e+02
-4.086432565793715526e+02 3.750719182632369098e+02 4.902653272056477931e+02
-4.039695088321193452e+02 3.752129131581822321e+02 4.892439324842776500e+02
-4.014088008387818718e+02 3.754128142431509900e+02 4.891689003962738980e+02
-3.989580608691928205e+02 3.754999102285658523e+02 4.893041599244698432e+02
-3.918864222617943938e+02 3.756898009295078396e+02 4.884899088744020332e+02
-3.892017062111095811e+02 3.756969688917647545e+02 4.881205823782212292e+02
-3.844883717134922563e+02 3.757710030835926887e+02 4.875170019203606557e+02
-3.817806560565753671e+02 3.759069258554289377e+02 4.873423411174362627e+02
-3.768124584473155210e+02 3.762501345784186810e+02 4.867647047864599585e+02
-3.741380804371484601e+02 3.763289508346517778e+02 4.866356049638242212e+02
-3.687264354370005890e+02 3.762882008352214598e+02 4.861649884580381240e+02
-3.636094512992936529e+02 3.763326029009889453e+02 4.857001162902502642e+02
-3.615775138032872178e+02 3.765173898939297032e+02 4.850659342604093922e+02
-3.564035090641212946e+02 3.765794274962979671e+02 4.856761075988917469e+02
-3.515557370810997213e+02 3.766420905253478395e+02 4.854824826417569739e+02
-3.490780175915208474e+02 3.764913423303680133e+02 4.862546503243420375e+02
-3.444260260534766189e+02 3.761483833945092670e+02 4.865177958324524070e+02
-3.422048405994662517e+02 3.762332072840364958e+02 4.867892516934839477e+02
-3.372670989806580337e+02 3.760378476227513147e+02 4.874934779182501075e+02
-3.324708106989029943e+02 3.760489994048443805e+02 4.881883416207045343e+02
-3.299728805629043791e+02 3.760385347660493949e+02 4.885660572360699803e+02
-3.250186995917177910e+02 3.764986793194406118e+02 4.895092688894605999e+02
-3.199768243906939915e+02 3.768019120093880474e+02 4.906125233391804841e+02
-3.199768243906939915e+02 3.768019120093880474e+02 4.906125233391804841e+02
-3.148204307982837236e+02 3.770118306439278513e+02 4.913383552156176393e+02
-3.098993462686718772e+02 3.769948884596669245e+02 4.919485079702400299e+02
-3.074434885963373745e+02 3.769391752934326405e+02 4.921050892199917257e+02
-3.023238826009478544e+02 3.768795354699360018e+02 4.926832015969407053e+02
-2.972583402100214016e+02 3.770572397507102664e+02 4.931848041967311360e+02
-2.946873577058734668e+02 3.769346721683572810e+02 4.934084901709289284e+02
-2.894678070658583806e+02 3.764746535785025117e+02 4.940488087190552164e+02
-2.846804829032701036e+02 3.763186543061508473e+02 4.941318738118047804e+02
-2.799319055254902651e+02 3.765344660591667321e+02 4.938932936992547411e+02
-2.772093531246982820e+02 3.763624756204526989e+02 4.943574892316706269e+02
-2.722512013148204915e+02 3.762769322172985085e+02 4.944642733313135636e+02
-2.697566441841427718e+02 3.762515510449416638e+02 4.944934542825320705e+02
-2.646873834075051377e+02 3.759197841383825676e+02 4.946028839361960650e+02
-2.622824272832800148e+02 3.758416780962621715e+02 4.945336947423433571e+02
-2.573863008172310174e+02 3.757156059209536352e+02 4.944600883785540191e+02
-2.527225719462116729e+02 3.760511011885159860e+02 4.939209108952569522e+02
-2.501448318667378317e+02 3.758347617900808473e+02 4.938268032881198906e+02
-2.451358806000133939e+02 3.756497180739265787e+02 4.935601211876179946e+02
-2.427543848843100136e+02 3.755898691014176052e+02 4.933439461862282656e+02
-2.378104626369802190e+02 3.754684232497868379e+02 4.930132710534521721e+02
-2.329943442883001978e+02 3.751950806592803929e+02 4.922796106842976087e+02
-2.302577185993606577e+02 3.750432759170751638e+02 4.924124385620262387e+02
-2.253054317719269477e+02 3.749084325462480933e+02 4.913229454260161333e+02
-2.229630897193406440e+02 3.747824008993849816e+02 4.908576709069274671e+02
-2.179277757012251300e+02 3.745840877726358258e+02 4.901027249166982642e+02
-2.150310650418231830e+02 3.744232037808478708e+02 4.903206576835065107e+02
-2.101546055891918456e+02 3.743848730453087796e+02 4.890144351522797592e+02
-2.101546055891918456e+02 3.743848730453087796e+02 4.890144351522797592e+02
-1.997809952330380554e+02 3.739480190840431533e+02 4.873728633344592254e+02
-1.971658662266686122e+02 3.737193021911073743e+02 4.869538159591425597e+02
-1.919558621709858812e+02 3.735048125151958516e+02 4.859734086020050086e+02
-1.892236467861361859e+02 3.731937016242038112e+02 4.855593117763710893e+02
-1.840472120162214651e+02 3.728590025509408292e+02 4.846026763414363927e+02
-1.814406051203447134e+02 3.725098730275272487e+02 4.839275212920237550e+02
-1.760842917170274688e+02 3.725061493708764715e+02 4.839056295874936495e+02
-1.736966474764105044e+02 3.726550138215571337e+02 4.838395662577622716e+02
-1.688572630645775519e+02 3.728696874209467751e+02 4.838991471382122427e+02
-1.666668474638750865e+02 3.729200993871680225e+02 4.839787298724629636e+02
-1.598000932712258475e+02 3.733640777899437921e+02 4.839760065282110304e+02
-1.574409700770767415e+02 3.732640339873359494e+02 4.843709556861438728e+02
-1.525764507257055698e+02 3.734000816810536207e+02 4.850111769594909674e+02
-1.525764507257055698e+02 3.734000816810536207e+02 4.850111769594909674e+02
-1.454396619544483258e+02 3.730700051841239429e+02 4.856059433193040604e+02
-1.429188906553537493e+02 3.728570517194912668e+02 4.857355546007656244e+02
-1.381031116666623291e+02 3.723107888470130433e+02 4.858029815171564110e+02
-1.356769672229625314e+02 3.722026251077313646e+02 4.860181898698556324e+02
-1.331454100219725092e+02 3.720260941277624624e+02 4.862311840142823485e+02
-1.305379050290293321e+02 3.720716299823125723e+02 4.865986295210317394e+02
-1.229547135635035460e+02 3.718193166257863709e+02 4.870575623366038940e+02
-1.178144135863405211e+02 3.716317038749891708e+02 4.874810526662079155e+02
-1.126196154840957320e+02 3.715964258281821913e+02 4.879627739485472375e+02
-1.100897884294031712e+02 3.715111543623526700e+02 4.880932830292696281e+02
-1.049061862256240403e+02 3.718374975918337100e+02 4.886548124192398745e+02
-1.020434976457120513e+02 3.714894657420721273e+02 4.892509495978003997e+02
-9.702563332277354391e+01 3.717289892234649074e+02 4.896642231669809462e+02
-9.229116128190287327e+01 3.721074561454312857e+02 4.893808331248144441e+02
-8.968482702434771170e+01 3.724179492728703167e+02 4.897226010654691208e+02
-8.723543443168398426e+01 3.726652638173235914e+02 4.899157124486123394e+02
-8.227756341579423349e+01 3.729236173921714226e+02 4.904240102303539288e+02
-8.227756341579423349e+01 3.729236173921714226e+02 4.904240102303539288e+02
-7.513805471240529243e+01 3.734530976057519638e+02 4.907655091653155068e+02
-7.063405991440089338e+01 3.737043262912860087e+02 4.904460478926901033e+02
-6.576319557496118762e+01 3.740085143180361911e+02 4.906944817565234871e+02
-6.338670968962581043e+01 3.740351581268680548e+02 4.907205298277854695e+02
-5.883908212851782338e+01 3.739999922099492551e+02 4.904460156839581373e+02
-5.362213257585701598e+01 3.740693364807686407e+02 4.910778556810396935e+02
-5.133176662874317486e+01 3.742461077413248063e+02 4.910364601648878988e+02
-4.682277662506400873e+01 3.746006877582328798e+02 4.905111636817119347e+02
-4.190030824674710885e+01 3.744826285683238893e+02 4.906437173318988698e+02
-3.951773845797173834e+01 3.745593850237434594e+02 4.904943920352117743e+02
-3.713407984298225983e+01 3.746151274799453859e+02 4.903652721725936203e+02
-3.246728521167005965e+01 3.748728245690038534e+02 4.898190199034319789e+02
-2.769257753738371264e+01 3.750226812919545409e+02 4.894782931245395048e+02
-2.530105610938615968e+01 3.751285228964554790e+02 4.893168466244673596e+02
-2.068358889178827198e+01 3.752314309250940028e+02 4.886904470648081542e+02
-1.803346469082486436e+01 3.753576363169302681e+02 4.885940652964079050e+02
-1.075838336291697317e+01 3.756925033399069775e+02 4.878366920002211486e+02
-1.075838336291697317e+01 3.756925033399069775e+02 4.878366920002211486e+02
-8.357278174114139091e+00 3.757918211812137770e+02 4.876202216891207968e+02
-5.864752667541571540e+00 3.758967502584078488e+02 4.873259469009975646e+02
1.546941470583830025e+00 3.761452486752050390e+02 4.864885492212337113e+02
6.481923221961435999e+00 3.763907819498744516e+02 4.859792671823132082e+02
1.151410453717863192e+01 3.767057501972552132e+02 4.854861105947908868e+02
1.151410453717863192e+01 3.767057501972552132e+02 4.854861105947908868e+02
1.919053055664724639e+01 3.771357729887061510e+02 4.848778588394186499e+02
2.175903648960182224e+01 3.773220323205321733e+02 4.841661165195863532e+02
2.661454496954122106e+01 3.780830452083760065e+02 4.834700203121676623e+02
2.948801627889739052e+01 3.778053661577081357e+02 4.826016986707674619e+02
3.200116453350331369e+01 3.780606089567745585e+02 4.825954882270710868e+02
3.662386192044978372e+01 3.787404733952366200e+02 4.822775408105216002e+02
4.397181903587701868e+01 3.786167149894204158e+02 4.825252581057217185e+02
4.637195162967990569e+01 3.785477360920789351e+02 4.829826940110168039e+02
5.096384864601704834e+01 3.785278111065024973e+02 4.832843908543577527e+02
5.330313628809620496e+01 3.784191562453977440e+02 4.838474034938520845e+02
5.782771030311927518e+01 3.785197003547232839e+02 4.842653716705452780e+02
6.231224814117614841e+01 3.787016395408576273e+02 4.849466238123322341e+02
6.454966272334908695e+01 3.786848316120374420e+02 4.852118852761222456e+02
6.920086486754418331e+01 3.787324734950816492e+02 4.860053759206078325e+02
7.151329437411071410e+01 3.788389797196144855e+02 4.864046014522780865e+02
7.617710459267800616e+01 3.790148147428802758e+02 4.870129902230453922e+02
8.128257224879062903e+01 3.794413095249211665e+02 4.881557569344266767e+02
8.348405080467840378e+01 3.797064933387037513e+02 4.882207726762229640e+02
8.864932666091152669e+01 3.798003382798045777e+02 4.893953371826858643e+02
9.122621447758258739e+01 3.799422270836803932e+02 4.896899933896976336e+02
9.604293242346015802e+01 3.801818108377877365e+02 4.899750641719303417e+02
1.009581932001142519e+02 3.801219400345876238e+02 4.902448119605887200e+02
1.033289611379995847e+02 3.803222572102012577e+02 4.904009240795771234e+02
1.083956132535241608e+02 3.801208979367457914e+02 4.908710509647514186e+02
1.132002050156769144e+02 3.799715001689214660e+02 4.910962802354676455e+02
1.156871678941620729e+02 3.799476264805031747e+02 4.912147071711104331e+02
1.205499291596260321e+02 3.798492087596662827e+02 4.912847443878226272e+02
1.229602914726139744e+02 3.798237716432873299e+02 4.913517306844031509e+02
1.302749729636537381e+02 3.797224731019272213e+02 4.913683905995291070e+02
1.302749729636537381e+02 3.797224731019272213e+02 4.913683905995291070e+02
1.349737127488473902e+02 3.797606846768351829e+02 4.914312209921039312e+02
1.375289405027067460e+02 3.798404864992515400e+02 4.914741073514445020e+02
1.447870585293573527e+02 3.797218462811803192e+02 4.911036169651480350e+02
1.471472994047867360e+02 3.796528884173088159e+02 4.909882477526508637e+02
1.496737548298303295e+02 3.796897621880996780e+02 4.909224972401117952e+02
1.564900512978513802e+02 3.799416773790215984e+02 4.899972768578535351e+02
1.591323096737727951e+02 3.799024704240500796e+02 4.900438445736226072e+02
1.616579656451297637e+02 3.799059191052323285e+02 4.897957797896984289e+02
1.664672994874638050e+02 3.800313138795824557e+02 4.894451859933504920e+02
1.712621022772899266e+02 3.801080506361541893e+02 4.888114371721424050e+02
1.712621022772899266e+02 3.801080506361541893e+02 4.888114371721424050e+02
1.787745590350155851e+02 3.798745264731859379e+02 4.877609043933396720e+02
1.837838943728803258e+02 3.799229682324870510e+02 4.870764080998969803e+02
1.837838943728803258e+02 3.799229682324870510e+02 4.870764080998969803e+02
1.910153189825536231e+02 3.798721628031309479e+02 4.861510498182144602e+02
1.934147309460111330e+02 3.798683703815708554e+02 4.857169909094652667e+02
1.985000594766139841e+02 3.798098695631173882e+02 4.848973120793634166e+02
2.011012226399316773e+02 3.799241746887548175e+02 4.846259723539096740e+02
2.062507073561145319e+02 3.798796434489440799e+02 4.838220036205846100e+02
2.087668416479984899e+02 3.796559034975297209e+02 4.831057472042618315e+02
2.141062507613876846e+02 3.798948450881665622e+02 4.821149495843336013e+02
2.167555944264391599e+02 3.798463549500081626e+02 4.816197717713724842e+02
2.220716607122063806e+02 3.797889250995049224e+02 4.810819683108182403e+02
2.271024737975174901e+02 3.798292403782059523e+02 4.801292455573614575e+02
2.296160532390615572e+02 3.799590862472330741e+02 4.799034673977203624e+02
2.319006440855752942e+02 3.799581040851138596e+02 4.795793476706202227e+02
2.392113154646480666e+02 3.801065313547389906e+02 4.800297256568937883e+02
2.413433687194331867e+02 3.801997919593766824e+02 4.799158381320650619e+02
2.463482284155422235e+02 3.804828723397659473e+02 4.803709288494827092e+02
2.509420076182069010e+02 3.805537664553160653e+02 4.806079962422646759e+02
2.531588421099103527e+02 3.805832329988228935e+02 4.807384064902830687e+02
2.580154379846572397e+02 3.806341824724482308e+02 4.812113079363125507e+02
2.631366040969891742e+02 3.805732603965650469e+02 4.813949206860866639e+02
2.657149158653978134e+02 3.805224477614189595e+02 4.815533932461643190e+02
2.705924101571588949e+02 3.802327466995893133e+02 4.819381189442996742e+02
2.730394011725884411e+02 3.802138844236967543e+02 4.820835394881968341e+02
2.781675249238084007e+02 3.802324437070931253e+02 4.823581968259709356e+02
2.806027512605024299e+02 3.801603760656049076e+02 4.823513849787904633e+02
2.855992393247368000e+02 3.802488672334351349e+02 4.825065557249236008e+02
2.882863196840759201e+02 3.802888762367390996e+02 4.827209510314576164e+02
2.935669077994953113e+02 3.804788025627942147e+02 4.832938882930897648e+02
2.963897805763968449e+02 3.807437873549945948e+02 4.833414086786303301e+02
3.015526212827861059e+02 3.810280952814765101e+02 4.838562679849221126e+02
3.063815025678163124e+02 3.813032997286645127e+02 4.844451378552880669e+02
3.063815025678163124e+02 3.813032997286645127e+02 4.844451378552880669e+02
3.063815025678163124e+02 3.813032997286645127e+02 4.844451378552880669e+02
3.165882964761217977e+02 3.822448324246316247e+02 4.852993185976798145e+02
3.188356699109898500e+02 3.824204502547663651e+02 4.853235015018165655e+02
3.263627742122477002e+02 3.830981561174110652e+02 4.858822757096617124e+02
3.312031318403055025e+02 3.834322904576600877e+02 4.861297301829724802e+02
3.337034619337683807e+02 3.837095501032187599e+02 4.862364072715217844e+02
3.361123273807010037e+02 3.839089891711217888e+02 4.862871345217901649e+02
3.433197216967039935e+02 3.843802386085985745e+02 4.863921150988316526e+02
3.456954296548318553e+02 3.845956844905872458e+02 4.863992092564826066e+02
3.505014165982065606e+02 3.849382512801581129e+02 4.863360056622007050e+02
3.528163701546818061e+02 3.851246298760153195e+02 4.862109119140218922e+02
3.575199204291368460e+02 3.854394222237204986e+02 4.862488963353940221e+02
3.620655255526750693e+02 3.858655099100478196e+02 4.860016748664149304e+02
3.644727449257653120e+02 3.859382681946522098e+02 4.859225189479271876e+02
3.668496650757014095e+02 3.860958536951702058e+02 4.857769646582345899e+02
3.715655069583912109e+02 3.865493078050602662e+02 4.855272289475929028e+02
3.763938680822833476e+02 3.865695212990177652e+02 4.851984825989555361e+02
3.786595915191648487e+02 3.866123631996243262e+02 4.849410484388674263e+02
3.833714828262639003e+02 3.870046738223794591e+02 4.843797610422844286e+02
3.884004419570703135e+02 3.874262773953995520e+02 4.841750123334613249e+02
3.933038739895085314e+02 3.878527918174950742e+02 4.838126904574482410e+02
3.956051358081465992e+02 3.880490289361706573e+02 4.836081694566162241e+02
3.981286404379690680e+02 3.882946995623688053e+02 4.834080630882644982e+02
4.028843513221323178e+02 3.887028593309058238e+02 4.828725096557357688e+02
4.079602900519072932e+02 3.891572082819736238e+02 4.824126401030840725e+02
4.105042414608660692e+02 3.893234724285637185e+02 4.821036800993335873e+02
4.129941583850003326e+02 3.896625009007210565e+02 4.819458964602620199e+02
4.179204532728020922e+02 3.901997654347559319e+02 4.813681712228924425e+02
4.179204532728020922e+02 3.901997654347559319e+02 4.813681712228924425e+02
4.255568681227633192e+02 3.907464768581775161e+02 4.805445878048245163e+02
4.281371027758227115e+02 3.911573090531966841e+02 4.801656437422914792e+02
4.358066293318644853e+02 3.922342115890852483e+02 4.791676124585773664e+02
4.384679502359882690e+02 3.924564756484272152e+02 4.789679441558315034e+02
4.435986889434587965e+02 3.928756526155216307e+02 4.784779052194603537e+02
4.462305546238665102e+02 3.930269669496222491e+02 4.784064007648834149e+02
4.514326480904807113e+02 3.933735443848320301e+02 4.787404393658856634e+02
4.538302612641233509e+02 3.935431189451896898e+02 4.786479368192790389e+02
4.612073598839148190e+02 3.938448376666108857e+02 4.792788325098769064e+02
4.612073598839148190e+02 3.938448376666108857e+02 4.792788325098769064e+02
4.685449855857200419e+02 3.943229700970478575e+02 4.802236510749699505e+02
4.707519822480778089e+02 3.942913262350785430e+02 4.802804408953292068e+02
4.758431321746438130e+02 3.946822545637674011e+02 4.811817523017697908e+02
4.782548281338120546e+02 3.948408931662242480e+02 4.815271507075045747e+02
4.829850499101943342e+02 3.951114837308107326e+02 4.820633021107218497e+02
4.856592923511390723e+02 3.953984320710645193e+02 4.824573004576148492e+02
4.907103585556569669e+02 3.960237170855318709e+02 4.832736605279033029e+02
4.931534800264891487e+02 3.962872040744204014e+02 4.836661108718461151e+02
4.982243612550299758e+02 3.968599473928650241e+02 4.841442075887974283e+02
5.033103984421606469e+02 3.972115523285856398e+02 4.848690230953524178e+02
5.083521664635046022e+02 3.976598536778375887e+02 4.854213219586658852e+02
5.108142828076171895e+02 3.978420238029819416e+02 4.855066664989408309e+02
5.160197189475472896e+02 3.981966055778357827e+02 4.860405620692966977e+02
5.186571568585006844e+02 3.982364159741005665e+02 4.863484420759203317e+02
5.262910753263918195e+02 3.982319537053550675e+02 4.868935972449631890e+02
5.287915598766372796e+02 3.982826140289550381e+02 4.870483014725941189e+02
5.311265403544811079e+02 3.983080423064253068e+02 4.869158171521688132e+02
5.335903995657463383e+02 3.982540041780613365e+02 4.871610389445121996e+02
5.411507824498561376e+02 3.988182433963038420e+02 4.872110361973572026e+02
5.438098327065937383e+02 3.987394926809414528e+02 4.873182587014017599e+02
5.488183812442568978e+02 3.988849160817326833e+02 4.873585687609239017e+02
5.512449475528400171e+02 3.989575361116302474e+02 4.872579669123488202e+02
5.561958112054934418e+02 3.991142330154764863e+02 4.871636127985656231e+02
5.587632515963806554e+02 3.991332750948324701e+02 4.871852136868637899e+02
5.635815642912452859e+02 3.991139494983726763e+02 4.868921488118989487e+02
5.661500606344814059e+02 3.993404870010376726e+02 4.867460097681228035e+02
5.734418074309207896e+02 3.996199048613930245e+02 4.858355856433203712e+02
5.757477296135673441e+02 3.999174945467393059e+02 4.854890990505472246e+02
5.806833059748119013e+02 4.001018619583596205e+02 4.849859488336199433e+02
5.834077921043700599e+02 3.999614717044112240e+02 4.849925729522254869e+02
5.884669247830616996e+02 4.003040744864129010e+02 4.844734483275873913e+02
5.910967067369955430e+02 4.004406180893609530e+02 4.841001742004356743e+02
5.958947706067018544e+02 4.006933132817374030e+02 4.830228998615411342e+02
5.985927365312896882e+02 4.008997846056723233e+02 4.827834646274301917e+02
6.036245372567913137e+02 4.012581608330963263e+02 4.818462899822956729e+02
6.062644443292226697e+02 4.013334110161763419e+02 4.814462689069666226e+02
6.109748119844982739e+02 4.016141455361718613e+02 4.801455254458039690e+02
6.166653394635235372e+02 4.015587104852773450e+02 4.795520457223087760e+02
6.219230007378304208e+02 4.017319148265993363e+02 4.784336343081646419e+02
6.243445726740989130e+02 4.016580270725849005e+02 4.777998752216886373e+02
6.243445726740989130e+02 4.016580270725849005e+02 4.777998752216886373e+02
6.296610611861768803e+02 4.019112237908403245e+02 4.769293562627152596e+02
6.371746862247678109e+02 4.024993272042497097e+02 4.762479736200567686e+02
6.397080229219072862e+02 4.029305716984808896e+02 4.763045922028622385e+02
6.442087655466467595e+02 4.034149762160533896e+02 4.762505791905157366e+02
6.466312988995754267e+02 4.037613146478247472e+02 4.765095325255065859e+02
6.512463882513760609e+02 4.041547114773605927e+02 4.769472929321747756e+02
6.555842793590104520e+02 4.044917080658408395e+02 4.767905967605186106e+02
6.581286340094616207e+02 4.045724267459657426e+02 4.770921609115033561e+02
6.630471436733438395e+02 4.044628498900028717e+02 4.776432153723069405e+02
6.653312858581483624e+02 4.046884807906512833e+02 4.776599278691261929e+02
6.677902620525089787e+02 4.047263486986583985e+02 4.776935076010859120e+02
6.702071550715728563e+02 4.047481742145311046e+02 4.778295799603379237e+02
6.776557697713244579e+02 4.049357416088383843e+02 4.782176855328090710e+02
6.827324147253613091e+02 4.050367542107239274e+02 4.785404498365405743e+02
6.883712194527553265e+02 4.049434173469998655e+02 4.793135892728239469e+02
6.907423950773317074e+02 4.050413229763175877e+02 4.791893617301668655e+02
6.961408529865036598e+02 4.052559171888996730e+02 4.799914531691466095e+02
6.986786983890731335e+02 4.055819626862761993e+02 4.802008815595238502e+02
7.038118254758716148e+02 4.060035125342722040e+02 4.805374364852116855e+02
7.088742884008227065e+02 4.064748386134086786e+02 4.810982909253637558e+02
7.111129442080989520e+02 4.067686910019965580e+02 4.810091899934508319e+02
7.157451038188218035e+02 4.076365325007066645e+02 4.812420413352547826e+02
7.181266084606376126e+02 4.079889932836108528e+02 4.814655030543405587e+02
7.230321633017845215e+02 4.085374555887541987e+02 4.821961457658679819e+02
7.252492550589441862e+02 4.088475610768251727e+02 4.821795705795085496e+02
7.298020106704269665e+02 4.095928493827106536e+02 4.824024475036253534e+02
7.323751138997743055e+02 4.098281725304961469e+02 4.827768487784497324e+02
7.390372835006728565e+02 4.105797336142376253e+02 4.828350658449444950e+02
7.414800741566962188e+02 4.106890322441237231e+02 4.830410781599322263e+02
7.461278203080896674e+02 4.111432662804348297e+02 4.830995889884826511e+02
7.484583208208289307e+02 4.112846814461553322e+02 4.831408492687544367e+02
7.506821003501593168e+02 4.114929628036696272e+02 4.831511033387111524e+02
7.531551733252439362e+02 4.117027732035452345e+02 4.834038761869421137e+02
7.553036901623373751e+02 4.118367834603105848e+02 4.832454580440269751e+02
7.553036901623373751e+02 4.118367834603105848e+02 4.832454580440269751e+02
7.597370378586385868e+02 4.123689369935527793e+02 4.828961228165920261e+02
7.665240480496648843e+02 4.131563050542143856e+02 4.825421871283864448e+02
7.690284077986065085e+02 4.131183095644459513e+02 4.826224988285259201e+02
7.690284077986065085e+02 4.131183095644459513e+02 4.826224988285259201e+02
7.737951143859928607e+02 4.134851704309397746e+02 4.823421968889228992e+02
7.855337385782924002e+02 4.146651054514128418e+02 4.814485593409057174e+02
7.877652284090263493e+02 4.150378366362386373e+02 4.812506859507360559e+02
7.924480730190265376e+02 4.155562105336359764e+02 4.807060273863104953e+02
7.973798659360348893e+02 4.160524207805170818e+02 4.803067952761543893e+02
7.996850657533914273e+02 4.163281903181585335e+02 4.799699008968893850e+02
8.061226682163215855e+02 4.176249209951240573e+02 4.784993639217332202e+02
8.084123199885775648e+02 4.181169332836823855e+02 4.779444018754488752e+02
8.106174193854434407e+02 4.185087330199726239e+02 4.775810755291050214e+02
8.128587401507420509e+02 4.189642604790975611e+02 4.771171438604817467e+02
8.197726491741060499e+02 4.203776556004935969e+02 4.755350978659528209e+02
8.220699497160873079e+02 4.207296227237550852e+02 4.751666654613991341e+02
8.269817898151135296e+02 4.214432501173573655e+02 4.744982279437031139e+02
8.292474268019170722e+02 4.218449391871184844e+02 4.738853907438567603e+02
8.339930131662318900e+02 4.223234269050225294e+02 4.732296041873578361e+02
8.363948178104301405e+02 4.225726507005708754e+02 4.730022835297359620e+02
8.428020928193437840e+02 4.226116443118840493e+02 4.727867612199131031e+02
8.449572479960555711e+02 4.226277699489842234e+02 4.730246099079881787e+02
8.472280477938691092e+02 4.226837803796516937e+02 4.733172858323712830e+02
8.513123758649012416e+02 4.226230878618122233e+02 4.739527037410110779e+02
8.554501339923646128e+02 4.227121503602647863e+02 4.746363987260911586e+02
8.575150726947383646e+02 4.227345118360130982e+02 4.750555529267789439e+02
8.617326897792352156e+02 4.229059447827067970e+02 4.757874395355855199e+02
8.637200813115864548e+02 4.229331865358647633e+02 4.761393174079556161e+02
8.661481509574650772e+02 4.229896783492628742e+02 4.767317607138717221e+02
8.702001617704880800e+02 4.234022272458041130e+02 4.773155211725914455e+02
8.746358214665245896e+02 4.238960129168270896e+02 4.779418694532140535e+02
8.767674728810333136e+02 4.242138355334181483e+02 4.782933040145342147e+02
8.835398464552592941e+02 4.249035716586298577e+02 4.793212866438221909e+02
8.857204166635431193e+02 4.249934008084924244e+02 4.797686743238324425e+02
8.905467681354660954e+02 4.255579338412002244e+02 4.804694454729653330e+02
8.905467681354660954e+02 4.255579338412002244e+02 4.804694454729653330e+02
8.975474373348502013e+02 4.260698610457014297e+02 4.812886227316743657e+02
8.998742362763927076e+02 4.261371573862631976e+02 4.815587743326800592e+02
9.046362905629989655e+02 4.261512338737263690e+02 4.822861309697179308e+02
9.069560061194473519e+02 4.262660331448998932e+02 4.824439449030804781e+02
9.113733859303027884e+02 4.264634799257677855e+02 4.827719980322051470e+02
9.160989214626666808e+02 4.261689684105118658e+02 4.834324842139102429e+02
9.183400998774716300e+02 4.262288069235258945e+02 4.835913493401602068e+02
9.228215658165519244e+02 4.261916785075407574e+02 4.840333632154968200e+02
9.274325372114720949e+02 4.263184342967097678e+02 4.845629338027943618e+02
9.295457275904329890e+02 4.262117402938005171e+02 4.846948183966779311e+02
9.340169260119123464e+02 4.262607631003502320e+02 4.849977389119299573e+02
9.362332653763453436e+02 4.262810336749681710e+02 4.851687283936442441e+02
9.407807915730689956e+02 4.262577174272322509e+02 4.855545274574989776e+02
9.428959134765902945e+02 4.262198814574081780e+02 4.856520970286196643e+02
9.474108264604503802e+02 4.263542393537011321e+02 4.858164652516888964e+02
9.520379342852171476e+02 4.264928999441322617e+02 4.858391695644662605e+02
9.541130425158560229e+02 4.264685068728466604e+02 4.858370531767400280e+02
9.586462159195566528e+02 4.264542591614056164e+02 4.860614023688987686e+02
9.630324297221554843e+02 4.266056630206624050e+02 4.859176192642300975e+02
9.653258996847870321e+02 4.265872174252256741e+02 4.858484998577902729e+02
9.699391393270343542e+02 4.267018342228809047e+02 4.857530690468514081e+02
9.721446753827568728e+02 4.265710046180588506e+02 4.858003717115696531e+02
9.766716749240922582e+02 4.267550663567660081e+02 4.854731729934257487e+02
9.811782384577796847e+02 4.268487135666474614e+02 4.852457828996057856e+02
9.833743567243695907e+02 4.267711160331857059e+02 4.850986461117240651e+02
9.857156001209873466e+02 4.268344706917111466e+02 4.849959249260989509e+02
9.925207734087085782e+02 4.268521156319657734e+02 4.845197575368892444e+02
9.949369360541855940e+02 4.267740137485601508e+02 4.844375562912117630e+02
9.971725546723217803e+02 4.266909086687866761e+02 4.843253828927880136e+02
1.001783977303184656e+03 4.266556612381714331e+02 4.839410784880965934e+02
1.006480753263685642e+03 4.266099141905793886e+02 4.834986592285783900e+02
1.008834014310892940e+03 4.264948285308907430e+02 4.834212343198562394e+02
1.013529533790670371e+03 4.264082188415665087e+02 4.829730508425197968e+02
1.016021894098564871e+03 4.263869900811351386e+02 4.827192284298432128e+02
1.020815833678501008e+03 4.263075451245701970e+02 4.822163619186774781e+02
1.023193725305930684e+03 4.261937773395756039e+02 4.820360465625645361e+02
1.030705394260045978e+03 4.258781145608935503e+02 4.812197297863094718e+02
1.033190090496206949e+03 4.257464404066416250e+02 4.809914488678413704e+02
1.038223110382879895e+03 4.255891747407607681e+02 4.804515097805365826e+02
1.040711757935825062e+03 4.255286978939952292e+02 4.802841637754101498e+02
1.045548041855140127e+03 4.255112950751755534e+02 4.801442932618421651e+02
1.047966062377272010e+03 4.255566805771866257e+02 4.801746818501645748e+02
1.052654536436975377e+03 4.256650995935428909e+02 4.805129452919511550e+02
1.054866411194305556e+03 4.258257034449453045e+02 4.804374134235345650e+02
1.059630769617983560e+03 4.259374918080133057e+02 4.809106166329281109e+02
1.064231773400314296e+03 4.260733558796557645e+02 4.811375526187612763e+02
1.064231773400314296e+03 4.260733558796557645e+02 4.811375526187612763e+02
1.064231773400314296e+03 4.260733558796557645e+02 4.811375526187612763e+02
1.075960572848837955e+03 4.260961632618240742e+02 4.816991031877138880e+02
1.078379373383390885e+03 4.260246828521609928e+02 4.818654810857025268e+02
1.083058923665457542e+03 4.259370352168097611e+02 4.821244361272724177e+02
1.085819033873095350e+03 4.259702240101888151e+02 4.824403555158552308e+02
1.090398680337815676e+03 4.257050892775808961e+02 4.827879010876013126e+02
1.092876091884637162e+03 4.257015383949557190e+02 4.830308245077468428e+02
1.100187864287297316e+03 4.255635836923457305e+02 4.837595632265239374e+02
1.102466150358749474e+03 4.257466378818073167e+02 4.838340323736539403e+02
1.105308336501644817e+03 4.259697133622330512e+02 4.844812481997794862e+02
1.110004877331653006e+03 4.260186474707040816e+02 4.844439487418882209e+02
1.114880379088597465e+03 4.261086428011655585e+02 4.848470207579775888e+02
1.117452105833547193e+03 4.261424235717437909e+02 4.851191689774871634e+02
1.122454180940718516e+03 4.261281407780059567e+02 4.856173820492990671e+02
1.124849598940881833e+03 4.261538289401607358e+02 4.857376299016981420e+02
1.129784999775899223e+03 4.264495229571659252e+02 4.862066224293008077e+02
1.132173724238333307e+03 4.266067951600063566e+02 4.862855050292022838e+02
1.136968685379981935e+03 4.269785347692459254e+02 4.865243259462159244e+02
1.139490748583410095e+03 4.272573525265312924e+02 4.867065511675148173e+02
1.141670016170117151e+03 4.275195775411734758e+02 4.866236301094126020e+02
1.146474405804982553e+03 4.280025407099039398e+02 4.866979347348953411e+02
1.156127916083354648e+03 4.289027054188493935e+02 4.867650413634409574e+02
1.156127916083354648e+03 4.289027054188493935e+02 4.867650413634409574e+02
1.160804736898169040e+03 4.293348084610698265e+02 4.865531345047533591e+02
1.163138984787483651e+03 4.295324023870424526e+02 4.864275577824038805e+02
1.168046392896049838e+03 4.298753592655713192e+02 4.863220217103814207e+02
1.172740861711436764e+03 4.302527104892006378e+02 4.860865510886226843e+02
1.175047956647263163e+03 4.305739495963799186e+02 4.857191762306827059e+02
1.179806397605368829e+03 4.310236290468612879e+02 4.852931437304240490e+02
1.182316932151742549e+03 4.311689382512108182e+02 4.852616358453832390e+02
1.186943245655501869e+03 4.315702071111543887e+02 4.845474498566078978e+02
1.191698677719214629e+03 4.320087411574087923e+02 4.839760571297613296e+02
1.194242508341981193e+03 4.323111126562583308e+02 4.837492898195958446e+02
1.198972257087004209e+03 4.328662845078463874e+02 4.831894725481990349e+02
1.201297818853078979e+03 4.330275987907658077e+02 4.827989455086965336e+02
1.208635978488338424e+03 4.335959105204443063e+02 4.817648370024864448e+02
1.208635978488338424e+03 4.335959105204443063e+02 4.817648370024864448e+02
1.213415327305035362e+03 4.343374745950065403e+02 4.808809158592854374e+02
1.217967246290534831e+03 4.353669202689976032e+02 4.799795561633779926e+02
1.223107559313973070e+03 4.358281332110910284e+02 4.791781933942212959e+02
1.225572992196517589e+03 4.360135238758634273e+02 4.786878024137942020e+02
1.230781950053294850e+03 4.358017649893067755e+02 4.775307081362929580e+02
1.233493963572901748e+03 4.359622155317284182e+02 4.772527585487717374e+02
1.238660602351617626e+03 4.365820443249521077e+02 4.762905205235953190e+02
1.241186742463544306e+03 4.367746238437740089e+02 4.760601782376434699e+02
1.246217711374298688e+03 4.372013825298047891e+02 4.754473770068085514e+02
1.248631599672704851e+03 4.372185618556302416e+02 4.753697790318062175e+02
1.253412019931760369e+03 4.372431980810818573e+02 4.755974676158085117e+02
1.255739168895532657e+03 4.373416251738912024e+02 4.758765079521138546e+02
1.260325789265396452e+03 4.374960618317230683e+02 4.761663238987180762e+02
1.264989340732431401e+03 4.377050437642549241e+02 4.768673933801687213e+02
1.269558937263991083e+03 4.381388072477172386e+02 4.774487759725469687e+02
1.271810170884358968e+03 4.381530536590640850e+02 4.778502345499711623e+02
1.276464568367113770e+03 4.387654027109732056e+02 4.784410663215575141e+02
1.278689082543378618e+03 4.394620880481171525e+02 4.787262269526305545e+02
1.283569368823301147e+03 4.398488652302375499e+02 4.793866985163010099e+02
1.288213645354222990e+03 4.402575896996415281e+02 4.798973766181092060e+02
1.293176248934405976e+03 4.408640935523466169e+02 4.804925628622331715e+02
1.293176248934405976e+03 4.408640935523466169e+02 4.804925628622331715e+02
1.300699301176661038e+03 4.424357938867340181e+02 4.811782366225934311e+02
1.303204787714232907e+03 4.426885776146840499e+02 4.814692018352011473e+02
1.308296283589771065e+03 4.429847381198346739e+02 4.819401059638719858e+02
1.313400202443129729e+03 4.433801835170655181e+02 4.825158148563249370e+02
1.318424874793420258e+03 4.436318573938065697e+02 4.830679099028112091e+02
