3.036057407962332744e-03 1.289348002544926652e-02 6.492377035768472082e-03 9.998911888644056445e-01
2.923097109751506863e-03 1.312811718540460477e-02 6.457346505048131881e-03 9.998886991653456180e-01
2.885981576804263343e-03 1.319379460042131684e-02 6.854945152659094876e-03 9.998852957321325841e-01
2.885981576804263343e-03 1.319379460042131684e-02 6.854945152659094876e-03 9.998852957321325841e-01
3.147328211529300604e-03 1.342324865612368190e-02 6.851569746933547193e-03 9.998814763323939925e-01
3.262688103518857248e-03 1.323436214241749571e-02 6.911056999083270598e-03 9.998832150887312364e-01
3.262688103518857248e-03 1.323436214241749571e-02 6.911056999083270598e-03 9.998832150887312364e-01
2.779407799692303060e-03 1.297957547067032751e-02 6.659239088002287706e-03 9.998897239434222373e-01
2.779407799692303060e-03 1.297957547067032751e-02 6.659239088002287706e-03 9.998897239434222373e-01
2.779407799692303060e-03 1.297957547067032751e-02 6.659239088002287706e-03 9.998897239434222373e-01
2.735221489568917010e-03 1.309415622076198424e-02 6.609446349005021655e-03 9.998886822317917256e-01
2.735221489568917010e-03 1.309415622076198424e-02 6.609446349005021655e-03 9.998886822317917256e-01
2.208648558194933973e-03 1.338005575701367057e-02 6.624011363567423524e-03 9.998861027401776402e-01
2.466163754439466577e-03 1.336142561758696390e-02 6.516445876692703726e-03 9.998864566914276164e-01
2.466163754439466577e-03 1.336142561758696390e-02 6.516445876692703726e-03 9.998864566914276164e-01
2.571616051723910838e-03 1.356051720443767448e-02 6.641122761970774842e-03 9.998826904454798381e-01
2.084110349664661938e-03 1.384647550748071762e-02 6.066937676657335743e-03 9.998835551539483335e-01
2.084110349664661938e-03 1.384647550748071762e-02 6.066937676657335743e-03 9.998835551539483335e-01
2.306158060916045638e-03 1.378794684852946428e-02 6.493999453273085164e-03 9.998811940064685766e-01
2.329766072296287488e-03 1.373377015913048935e-02 6.562000246741496283e-03 9.998814409218856891e-01
2.329766072296287488e-03 1.373377015913048935e-02 6.562000246741496283e-03 9.998814409218856891e-01
2.137110109036823198e-03 1.391088822749600093e-02 5.949244722932379124e-03 9.998832564036317372e-01
2.674009895058870965e-03 1.382215294311739742e-02 6.346847393716918521e-03 9.998807505334119661e-01
2.674009895058870965e-03 1.382215294311739742e-02 6.346847393716918521e-03 9.998807505334119661e-01
2.657463016371942096e-03 1.392540612986787121e-02 6.498366530390939713e-03 9.998783886987815395e-01
2.657463016371942096e-03 1.392540612986787121e-02 6.498366530390939713e-03 9.998783886987815395e-01
2.504895063354201697e-03 1.408462258365995347e-02 6.561033049251114441e-03 9.998761432061094023e-01
2.453955596047656396e-03 1.411206968557276141e-02 6.575513849919362164e-03 9.998757873899796200e-01
2.453955596047656396e-03 1.411206968557276141e-02 6.575513849919362164e-03 9.998757873899796200e-01
2.388012700341845835e-03 1.419488357269492809e-02 6.574394366603729042e-03 9.998747821674537350e-01
2.393664323667214766e-03 1.441143884540400585e-02 6.574718142406863440e-03 9.998716687069689746e-01
2.393664323667214766e-03 1.441143884540400585e-02 6.574718142406863440e-03 9.998716687069689746e-01
2.393664323667214766e-03 1.441143884540400585e-02 6.574718142406863440e-03 9.998716687069689746e-01
2.393664323667214766e-03 1.441143884540400585e-02 6.574718142406863440e-03 9.998716687069689746e-01
2.393664323667214766e-03 1.441143884540400585e-02 6.574718142406863440e-03 9.998716687069689746e-01
2.412365927701035431e-03 1.448836768586829818e-02 6.661768746551156167e-03 9.998699358064515597e-01
2.412365927701035431e-03 1.448836768586829818e-02 6.661768746551156167e-03 9.998699358064515597e-01
2.247597422229105895e-03 1.457875152069185859e-02 6.719325734831816006e-03 9.998686208555576105e-01
4.633254908239478262e-03 1.458849421752586931e-02 6.887777666621700857e-03 9.998591237290559430e-01
4.633254908239478262e-03 1.458849421752586931e-02 6.887777666621700857e-03 9.998591237290559430e-01
2.649512575008200477e-03 1.459645117622794357e-02 6.705982041065018662e-03 9.998674679681501809e-01
4.857817939829520149e-03 1.469413191019129129e-02 7.008111759679123455e-03 9.998556748160373209e-01
4.857817939829520149e-03 1.469413191019129129e-02 7.008111759679123455e-03 9.998556748160373209e-01
2.536951529826653000e-03 1.482101914882228907e-02 6.860950608001352598e-03 9.998634049834408399e-01
4.347028548957966934e-03 1.480787443222406768e-02 6.942047553377648193e-03 9.998568088348255278e-01
4.347028548957966934e-03 1.480787443222406768e-02 6.942047553377648193e-03 9.998568088348255278e-01
2.257336450291764791e-03 1.481033477205313115e-02 6.864886114554399552e-03 9.998642066574461307e-01
2.363038873073696703e-03 1.493025878725906704e-02 7.022692235332842273e-03 9.998610829578264969e-01
2.363038873073696703e-03 1.493025878725906704e-02 7.022692235332842273e-03 9.998610829578264969e-01
2.466003287010627536e-03 1.514127208886797971e-02 7.029515068512931508e-03 9.998576131756066188e-01
2.466003287010627536e-03 1.514127208886797971e-02 7.029515068512931508e-03 9.998576131756066188e-01
2.561032787937388925e-03 1.495542075034313016e-02 7.096940033452797322e-03 9.998596951289721035e-01
2.813812198045041475e-03 1.504928209878920314e-02 7.117327559613367480e-03 9.998574624503406838e-01
2.813812198045041475e-03 1.504928209878920314e-02 7.117327559613367480e-03 9.998574624503406838e-01
3.003470317890834587e-03 1.506321425773157231e-02 7.151428177057631182e-03 9.998564576064424836e-01
2.771108371026389291e-03 1.520635766910393913e-02 7.105213943243816367e-03 9.998552913195268843e-01
2.771108371026389291e-03 1.520635766910393913e-02 7.105213943243816367e-03 9.998552913195268843e-01
2.857055099337073995e-03 1.514259041455064819e-02 7.214289905573239257e-03 9.998552361281382028e-01
2.857055099337073995e-03 1.514259041455064819e-02 7.214289905573239257e-03 9.998552361281382028e-01
2.742796620709509435e-03 1.517935406821091342e-02 7.203049131706811686e-03 9.998550796790380835e-01
2.676597741567903182e-03 1.537128751116768367e-02 7.385242736847847690e-03 9.998509976664007315e-01
2.676597741567903182e-03 1.537128751116768367e-02 7.385242736847847690e-03 9.998509976664007315e-01
2.814660887011556731e-03 1.535287098422769871e-02 7.469845919541486488e-03 9.998502730101999081e-01
2.660292642809352921e-03 1.550613289133338443e-02 7.240315491150554027e-03 9.998500190115513497e-01
2.660292642809352921e-03 1.550613289133338443e-02 7.240315491150554027e-03 9.998500190115513497e-01
3.074579192092779210e-03 1.554100096262327549e-02 7.326793090622350617e-03 9.998476595736365269e-01
2.908409450002024613e-03 1.557245155608400801e-02 7.392157519625569898e-03 9.998471862810884847e-01
2.744724023374098265e-03 1.555625446789765491e-02 7.473431661063914544e-03 9.998472969689786716e-01
2.744724023374098265e-03 1.555625446789765491e-02 7.473431661063914544e-03 9.998472969689786716e-01
2.744724023374098265e-03 1.555625446789765491e-02 7.473431661063914544e-03 9.998472969689786716e-01
2.846198540882576879e-03 1.564929590944472149e-02 7.401545514296956410e-03 9.998460960644914852e-01
2.563074235646858184e-03 1.565290851913708411e-02 7.444477725884441656e-03 9.998464866451964861e-01
2.563074235646858184e-03 1.565290851913708411e-02 7.444477725884441656e-03 9.998464866451964861e-01
2.872588549819382869e-03 1.569900637905527821e-02 7.567781395286275921e-03 9.998439968907584241e-01
2.636848017265623189e-03 1.577943149210705998e-02 7.454367162396455596e-03 9.998442323604852522e-01
2.636848017265623189e-03 1.577943149210705998e-02 7.454367162396455596e-03 9.998442323604852522e-01
3.011892167363095126e-03 1.591662746714014517e-02 7.517157936220739828e-03 9.998405281904741981e-01
3.111141784891192832e-03 1.584623339037363743e-02 7.566580611385793388e-03 9.998409696256618240e-01
3.111141784891192832e-03 1.584623339037363743e-02 7.566580611385793388e-03 9.998409696256618240e-01
3.265830889242260070e-03 1.583585560902690467e-02 7.416907943870248814e-03 9.998417622315468600e-01
3.265830889242260070e-03 1.583585560902690467e-02 7.416907943870248814e-03 9.998417622315468600e-01
3.265830889242260070e-03 1.583585560902690467e-02 7.416907943870248814e-03 9.998417622315468600e-01
2.928439246648671234e-03 1.604866903717074716e-02 7.374155449067039923e-03 9.998397303053760954e-01
2.928439246648671234e-03 1.604866903717074716e-02 7.374155449067039923e-03 9.998397303053760954e-01
2.867204448555403691e-03 1.599213045257680960e-02 7.433833500960976629e-03 9.998403717702731841e-01
2.689818496988198929e-03 1.611207985073483812e-02 7.336007810469965737e-03 9.998396615201566862e-01
2.689818496988198929e-03 1.611207985073483812e-02 7.336007810469965737e-03 9.998396615201566862e-01
3.009121485321416753e-03 1.612595778060269686e-02 7.404810261028336484e-03 9.998380206106102230e-01
3.187609531301252228e-03 1.608044507310509713e-02 7.434177138983693624e-03 9.998379825961769551e-01
3.183727329337279147e-03 1.611153097762518110e-02 7.528943432584113242e-03 9.998367854108182184e-01
3.183727329337279147e-03 1.611153097762518110e-02 7.528943432584113242e-03 9.998367854108182184e-01
2.899431133201678477e-03 1.623057106031924532e-02 7.654104584345295358e-03 9.998347746228731792e-01
2.899431133201678477e-03 1.623057106031924532e-02 7.654104584345295358e-03 9.998347746228731792e-01
3.068042423443098719e-03 1.606142498731530713e-02 7.601139074541385897e-03 9.998374069956746935e-01
3.068042423443098719e-03 1.606142498731530713e-02 7.601139074541385897e-03 9.998374069956746935e-01
3.004688969715650377e-03 1.613432614921659486e-02 7.473217659124504857e-03 9.998373899698517198e-01
3.228416121564250431e-03 1.616571438273679828e-02 7.479811583950961643e-03 9.998361362875970437e-01
