8.169272983319410264e-03 1.974450970018023013e-02 -2.735231785022876685e-02 9.993974524801649828e-01
8.761390648402174811e-03 2.032208936159601853e-02 -2.724171460617742097e-02 9.993838800497039099e-01
8.761390648402174811e-03 2.032208936159601853e-02 -2.724171460617742097e-02 9.993838800497039099e-01
7.949893580222279488e-03 2.000819612429419539e-02 -2.752265534245251083e-02 9.993893008847031245e-01
7.949893580222279488e-03 2.000819612429419539e-02 -2.752265534245251083e-02 9.993893008847031245e-01
8.030338419710377276e-03 2.039382148864878064e-02 -2.706719746325838422e-02 9.993933022246241915e-01
8.373834327016754092e-03 2.026640038485898535e-02 -2.707919392744685336e-02 9.993927502090176329e-01
7.872570470713949331e-03 2.020111644237795531e-02 -2.740754882215338042e-02 9.993891953569572495e-01
7.872570470713949331e-03 2.020111644237795531e-02 -2.740754882215338042e-02 9.993891953569572495e-01
7.976870397494150930e-03 2.021851970810653945e-02 -2.705786927208592499e-02 9.993975448788781080e-01
7.429435792449886819e-03 2.051143858119124086e-02 -2.704619883114393192e-02 9.993961114092461129e-01
7.429435792449886819e-03 2.051143858119124086e-02 -2.704619883114393192e-02 9.993961114092461129e-01
6.854778369529605439e-03 2.031354240786294521e-02 -2.689414609285427013e-02 9.994083634402329830e-01
6.854778369529605439e-03 2.031354240786294521e-02 -2.689414609285427013e-02 9.994083634402329830e-01
6.576753716733736016e-03 1.995350027182637292e-02 -2.684577655841142302e-02 9.994187853039523395e-01
6.651000673052848491e-03 1.996650008705268958e-02 -2.677385053122716477e-02 9.994199637750150744e-01
6.651000673052848491e-03 1.996650008705268958e-02 -2.677385053122716477e-02 9.994199637750150744e-01
5.774524787500637246e-03 2.052787683408675498e-02 -2.638868740554819320e-02 9.994242834318042279e-01
3.756608797982053521e-03 2.017518259085215176e-02 -2.633938260289094349e-02 9.994423879453299131e-01
3.756608797982053521e-03 2.017518259085215176e-02 -2.633938260289094349e-02 9.994423879453299131e-01
5.673271681732106227e-03 2.034803112939083738e-02 -2.715312234527346089e-02 9.994080645884768632e-01
5.673271681732106227e-03 2.034803112939083738e-02 -2.715312234527346089e-02 9.994080645884768632e-01
3.899994180178327496e-03 2.023268274576531245e-02 -2.629338316129786399e-02 9.994418875533669366e-01
4.650283742344903277e-03 2.023220595214148335e-02 -2.582214952723694418e-02 9.994509739337987808e-01
4.650283742344903277e-03 2.023220595214148335e-02 -2.582214952723694418e-02 9.994509739337987808e-01
4.906347944271860495e-03 2.035271864943074410e-02 -2.642943756252736504e-02 9.994314280747605972e-01
5.587027948647426724e-03 2.049655346914929649e-02 -2.633591766396827655e-02 9.994273839831406825e-01
5.587027948647426724e-03 2.049655346914929649e-02 -2.633591766396827655e-02 9.994273839831406825e-01
5.587027948647426724e-03 2.049655346914929649e-02 -2.633591766396827655e-02 9.994273839831406825e-01
4.765569557736964133e-03 2.033736083126938196e-02 -2.575524486490692044e-02 9.994500229942254732e-01
4.765569557736964133e-03 2.033736083126938196e-02 -2.575524486490692044e-02 9.994500229942254732e-01
5.817645913735324144e-03 2.028530010386858651e-02 -2.677014352587577667e-02 9.994188416331375446e-01
5.817645913735324144e-03 2.028530010386858651e-02 -2.677014352587577667e-02 9.994188416331375446e-01
6.331107400977072606e-03 2.097620849881828148e-02 -2.621401722147958732e-02 9.994162001174502485e-01
5.763727372436306361e-03 2.033585332443947971e-02 -2.633258190311384833e-02 9.994297512315004628e-01
6.851936694229794622e-03 2.074370017170134792e-02 -2.668171253280777686e-02 9.994052411724893004e-01
6.851936694229794622e-03 2.074370017170134792e-02 -2.668171253280777686e-02 9.994052411724893004e-01
5.780667795275759926e-03 2.072634019278336154e-02 -2.651316981018190383e-02 9.994168572365937919e-01
5.780667795275759926e-03 2.072634019278336154e-02 -2.651316981018190383e-02 9.994168572365937919e-01
6.265788663339320538e-03 2.091516483053735415e-02 -2.684281964026491787e-02 9.994012001225023312e-01
6.877223878663532575e-03 2.120556660278843236e-02 -2.681367006844186454e-02 9.993918424893402097e-01
6.877223878663532575e-03 2.120556660278843236e-02 -2.681367006844186454e-02 9.993918424893402097e-01
6.335750638660747787e-03 2.093329637845419214e-02 -2.660168206813188704e-02 9.994068270117643094e-01
6.335750638660747787e-03 2.093329637845419214e-02 -2.660168206813188704e-02 9.994068270117643094e-01
6.609996978070019867e-03 2.120358502944518289e-02 -2.656761067766673715e-02 9.994002591478196029e-01
6.646654944971220301e-03 2.120302234260445715e-02 -2.662772871151764323e-02 9.993984279981870111e-01
6.646654944971220301e-03 2.120302234260445715e-02 -2.662772871151764323e-02 9.993984279981870111e-01
6.475207939496580543e-03 2.179038199408940210e-02 -2.567090551078668806e-02 9.994119548739389680e-01
6.783969789489290719e-03 2.144123272999730670e-02 -2.642511837130399541e-02 9.993978008841003513e-01
6.783969789489290719e-03 2.144123272999730670e-02 -2.642511837130399541e-02 9.993978008841003513e-01
6.783969789489290719e-03 2.144123272999730670e-02 -2.642511837130399541e-02 9.993978008841003513e-01
6.495371330789066061e-03 2.151533893030410302e-02 -2.631280558533525410e-02 9.994010889548888832e-01
1.814650878387255931e-02 2.253683886894103719e-02 -2.443329465744116177e-02 9.992826473150301370e-01
7.392809859494244192e-03 2.204757968350304007e-02 -2.626896529320243978e-02 9.993844065498047602e-01
6.248988847939888035e-03 2.201395855424450113e-02 -2.662187899174907335e-02 9.993836156982458530e-01
6.248988847939888035e-03 2.201395855424450113e-02 -2.662187899174907335e-02 9.993836156982458530e-01
7.396230301866039275e-03 2.224833165939846952e-02 -2.632557670685687148e-02 9.993784425965703822e-01
7.350027721095515193e-03 2.205194781260768483e-02 -2.618492554911487635e-02 9.993868311940860005e-01
7.350027721095515193e-03 2.205194781260768483e-02 -2.618492554911487635e-02 9.993868311940860005e-01
7.707230355556943940e-03 2.245437545163801382e-02 -2.616338638702017660e-02 9.993757435699982539e-01
6.945317085742933050e-03 2.252053453146826006e-02 -2.599306960298261582e-02 9.993842846611157293e-01
6.945317085742933050e-03 2.252053453146826006e-02 -2.599306960298261582e-02 9.993842846611157293e-01
6.945317085742933050e-03 2.252053453146826006e-02 -2.599306960298261582e-02 9.993842846611157293e-01
7.238261725720056272e-03 2.262220742415803690e-02 -2.631957484804721414e-02 9.993713640475528903e-01
7.363942582969440140e-03 2.257330593571344954e-02 -2.620826351005847710e-02 9.993744769267197681e-01
7.293867958190964826e-03 2.298468530034563501e-02 -2.614706353615487214e-02 9.993672171931040626e-01
7.293867958190964826e-03 2.298468530034563501e-02 -2.614706353615487214e-02 9.993672171931040626e-01
7.104714400167486642e-03 2.291913234118018311e-02 -2.613396307201017524e-02 9.993704280096397108e-01
7.058851392833226553e-03 2.278064801103170389e-02 -2.625387072657957982e-02 9.993707765214487893e-01
7.058851392833226553e-03 2.278064801103170389e-02 -2.625387072657957982e-02 9.993707765214487893e-01
7.014336710500536365e-03 2.318019732515824022e-02 -2.602372795802905883e-02 9.993679217963947758e-01
7.014336710500536365e-03 2.318019732515824022e-02 -2.602372795802905883e-02 9.993679217963947758e-01
6.656878112548583054e-03 2.311970319248592490e-02 -2.598035597724235313e-02 9.993728965713357670e-01
6.656878112548583054e-03 2.311970319248592490e-02 -2.598035597724235313e-02 9.993728965713357670e-01
6.656878112548583054e-03 2.311970319248592490e-02 -2.598035597724235313e-02 9.993728965713357670e-01
6.684259770287910400e-03 2.317099821857616926e-02 -2.605698045209667649e-02 9.993695308956528356e-01
6.747306879623984552e-03 2.307883901597695964e-02 -2.603810040290296599e-02 9.993717318230265212e-01
6.747306879623984552e-03 2.307883901597695964e-02 -2.603810040290296599e-02 9.993717318230265212e-01
7.132966956040997369e-03 2.357935732659494424e-02 -2.613761344340713444e-02 9.993547717672397468e-01
7.436391474560061048e-03 2.370331128382589456e-02 -2.632335411261819275e-02 9.993447523974301472e-01
7.436391474560061048e-03 2.370331128382589456e-02 -2.632335411261819275e-02 9.993447523974301472e-01
7.128452714199144669e-03 2.328803821345923689e-02 -2.619652686294190666e-02 9.993600924683699871e-01
7.180896264723513056e-03 2.327937234459163604e-02 -2.606921849188051712e-02 9.993632479730779616e-01
7.180896264723513056e-03 2.327937234459163604e-02 -2.606921849188051712e-02 9.993632479730779616e-01
7.037215611884309156e-03 2.394471189144268056e-02 -2.608718434311222897e-02 9.993480810918267121e-01
7.375193692252622786e-03 2.380089151021293550e-02 -2.602422404755879576e-02 9.993507211405029400e-01
7.375193692252622786e-03 2.380089151021293550e-02 -2.602422404755879576e-02 9.993507211405029400e-01
7.076937982203770731e-03 2.379344477365481075e-02 -2.630077661404826850e-02 9.993458150630827319e-01
7.076937982203770731e-03 2.379344477365481075e-02 -2.630077661404826850e-02 9.993458150630827319e-01
7.599616215472954593e-03 2.360447201049695187e-02 -2.640177662541227585e-02 9.993437951603567626e-01
7.036116875788891306e-03 2.385433817026856931e-02 -2.631403950058508814e-02 9.993443024978579947e-01
7.036116875788891306e-03 2.385433817026856931e-02 -2.631403950058508814e-02 9.993443024978579947e-01
7.315740677664173304e-03 2.401859530736905404e-02 -2.605026787749467609e-02 9.993452709455870053e-01
7.619870000155111976e-03 2.393197636891010796e-02 -2.598621846792440598e-02 9.993467438972301053e-01
7.619870000155111976e-03 2.393197636891010796e-02 -2.598621846792440598e-02 9.993467438972301053e-01
7.969707952633848028e-03 2.396805912744914141e-02 -2.612800161015489328e-02 9.993394535535323753e-01
7.969707952633848028e-03 2.396805912744914141e-02 -2.612800161015489328e-02 9.993394535535323753e-01
