-1.208834268421286884e-02 4.140393115552870248e-03 -5.087895532333989307e-02 9.986230825597831595e-01
-1.098093888675894837e-02 3.976471296938880254e-03 -5.075973405047230769e-02 9.986426067699671894e-01
-3.845232265459239736e-03 2.198963892774232973e-03 -5.039193865801553512e-02 9.987196960433442072e-01
-3.845232265459239736e-03 2.198963892774232973e-03 -5.039193865801553512e-02 9.987196960433442072e-01
-3.904071461633632206e-03 2.238913032501099829e-03 -5.033681334879858832e-02 9.987221589192579740e-01
-3.845453839240419759e-03 2.293195177376610838e-03 -5.043198527706152512e-02 9.987174618487768551e-01
-3.845453839240419759e-03 2.293195177376610838e-03 -5.043198527706152512e-02 9.987174618487768551e-01
-3.845453839240419759e-03 2.293195177376610838e-03 -5.043198527706152512e-02 9.987174618487768551e-01
-3.845453839240419759e-03 2.293195177376610838e-03 -5.043198527706152512e-02 9.987174618487768551e-01
-3.353115034213876352e-03 2.309888199695961982e-03 -5.014809292686529807e-02 9.987334928858002669e-01
-3.060795498557233960e-03 2.217270002683001742e-03 -5.016624526447144988e-02 9.987337298202740854e-01
-3.060795498557233960e-03 2.217270002683001742e-03 -5.016624526447144988e-02 9.987337298202740854e-01
-3.055315740748320175e-03 2.473126278705260229e-03 -5.013216784809194915e-02 9.987348569259935083e-01
-2.911490815915693600e-03 2.237470712021394619e-03 -5.036457384604326598e-02 9.987241494263309205e-01
-2.911490815915693600e-03 2.237470712021394619e-03 -5.036457384604326598e-02 9.987241494263309205e-01
-3.631414484808550853e-03 2.479474395808347643e-03 -5.014521301534220765e-02 9.987322577383821454e-01
-3.631414484808550853e-03 2.479474395808347643e-03 -5.014521301534220765e-02 9.987322577383821454e-01
-3.418403802697401583e-03 2.510714173326671853e-03 -5.023868940858830512e-02 9.987282337634643126e-01
-3.204067051142162666e-03 2.505444020254681513e-03 -5.035668906828307673e-02 9.987230149399148882e-01
-3.204067051142162666e-03 2.505444020254681513e-03 -5.035668906828307673e-02 9.987230149399148882e-01
8.088823640080511574e-04 9.259940588251776641e-04 -4.847441579518621535e-02 9.988236677500387239e-01
-2.929927826507369628e-03 2.489288252036033627e-03 -5.015855444724392348e-02 9.987338676457770958e-01
-2.929927826507369628e-03 2.489288252036033627e-03 -5.015855444724392348e-02 9.987338676457770958e-01
-2.929927826507369628e-03 2.489288252036033627e-03 -5.015855444724392348e-02 9.987338676457770958e-01
-2.929927826507369628e-03 2.489288252036033627e-03 -5.015855444724392348e-02 9.987338676457770958e-01
-1.973322586346493016e-05 1.082887962162920993e-03 -4.876141450573789893e-02 9.988098675021491735e-01
-1.289973047962681655e-04 1.354398837918839279e-03 -4.881267123749605946e-02 9.988070244497398997e-01
-2.376356987126871604e-03 2.388407403775454421e-03 -4.929386664012486152e-02 9.987786357092390821e-01
-2.376356987126871604e-03 2.388407403775454421e-03 -4.929386664012486152e-02 9.987786357092390821e-01
-1.012853905484210155e-03 1.967259754611484692e-03 -4.882380524921850484e-02 9.988049559633804808e-01
-1.978888560587982112e-03 2.358327093298401463e-03 -4.918047859643916164e-02 9.987851634953389679e-01
-1.978888560587982112e-03 2.358327093298401463e-03 -4.918047859643916164e-02 9.987851634953389679e-01
-1.105181133960215969e-03 2.273425083844796916e-03 -4.883444949929011819e-02 9.988036877460708673e-01
-1.105181133960215969e-03 2.273425083844796916e-03 -4.883444949929011819e-02 9.988036877460708673e-01
-3.093863297804646043e-03 3.491228469797031005e-03 -5.005820003739856749e-02 9.987354083753524625e-01
-3.379880795677653142e-03 3.555378627479516794e-03 -5.041060025889134572e-02 9.987165298873151853e-01
-3.379880795677653142e-03 3.555378627479516794e-03 -5.041060025889134572e-02 9.987165298873151853e-01
-3.405935310767659995e-03 3.516614929008560989e-03 -5.009439451088277401e-02 9.987324890393263210e-01
-3.425259292042147352e-03 3.411486948844028554e-03 -4.889559177604860252e-02 9.987921958347742990e-01
-3.425259292042147352e-03 3.411486948844028554e-03 -4.889559177604860252e-02 9.987921958347742990e-01
-2.441571844684829913e-03 3.261300988117838816e-03 -4.906299961741143745e-02 9.987873771285528113e-01
-2.441571844684829913e-03 3.261300988117838816e-03 -4.906299961741143745e-02 9.987873771285528113e-01
-4.140422357343793817e-03 3.650329486109108595e-03 -5.015457751274546294e-02 9.987262139104308156e-01
-4.140422357343793817e-03 3.650329486109108595e-03 -5.015457751274546294e-02 9.987262139104308156e-01
2.705235131597541628e-04 2.838797819527343232e-03 -4.914789191112009514e-02 9.987874412329490470e-01
2.705235131597541628e-04 2.838797819527343232e-03 -4.914789191112009514e-02 9.987874412329490470e-01
2.705235131597541628e-04 2.838797819527343232e-03 -4.914789191112009514e-02 9.987874412329490470e-01
2.705235131597541628e-04 2.838797819527343232e-03 -4.914789191112009514e-02 9.987874412329490470e-01
2.705235131597541628e-04 2.838797819527343232e-03 -4.914789191112009514e-02 9.987874412329490470e-01
-1.799372222782077437e-04 2.793005504602905347e-03 -4.850224774373915887e-02 9.988191521525067174e-01
-1.799372222782077437e-04 2.793005504602905347e-03 -4.850224774373915887e-02 9.988191521525067174e-01
-3.689451704569565726e-03 3.800675416385901773e-03 -4.982463942400442575e-02 9.987439352100051515e-01
-3.107289338370771998e-03 3.526814547626435162e-03 -4.862825004833927489e-02 9.988058868615816710e-01
-3.107289338370771998e-03 3.526814547626435162e-03 -4.862825004833927489e-02 9.988058868615816710e-01
-2.796862177335010611e-03 3.586863829416460456e-03 -4.864564555844515248e-02 9.988057434446562244e-01
-3.347018651342360904e-03 3.537240634083645054e-03 -4.884748864816542552e-02 9.987943773608317644e-01
-3.347018651342360904e-03 3.537240634083645054e-03 -4.884748864816542552e-02 9.987943773608317644e-01
-2.884236016633597369e-03 3.568446568932393675e-03 -4.854937317332609636e-02 9.988102451097315981e-01
-2.884236016633597369e-03 3.568446568932393675e-03 -4.854937317332609636e-02 9.988102451097315981e-01
-1.891260477153090119e-03 3.342299315071121935e-03 -4.845671198392369206e-02 9.988179009373046036e-01
-2.581894822949866181e-03 3.634749851946795281e-03 -4.849649030594457150e-02 9.988134024134049938e-01
-2.581894822949866181e-03 3.634749851946795281e-03 -4.849649030594457150e-02 9.988134024134049938e-01
-3.307925343165187861e-03 3.851173877541653762e-03 -4.864627276839829373e-02 9.988031669129967538e-01
-3.307925343165187861e-03 3.851173877541653762e-03 -4.864627276839829373e-02 9.988031669129967538e-01
-3.307925343165187861e-03 3.851173877541653762e-03 -4.864627276839829373e-02 9.988031669129967538e-01
-2.218926090285955333e-03 3.601203572086996568e-03 -4.813255065844771613e-02 9.988320005220848730e-01
-2.218926090285955333e-03 3.601203572086996568e-03 -4.813255065844771613e-02 9.988320005220848730e-01
-1.969854166196453784e-03 3.474708217720872544e-03 -4.829721585352312468e-02 9.988250222226933150e-01
-2.969605202789934745e-03 3.739078427741847430e-03 -4.828769018703048255e-02 9.988220560809879522e-01
-2.969605202789934745e-03 3.739078427741847430e-03 -4.828769018703048255e-02 9.988220560809879522e-01
-3.041948999461919090e-03 3.941935717253108179e-03 -4.839456401937902719e-02 9.988158858680913355e-01
-3.041948999461919090e-03 3.941935717253108179e-03 -4.839456401937902719e-02 9.988158858680913355e-01
-3.041948999461919090e-03 3.941935717253108179e-03 -4.839456401937902719e-02 9.988158858680913355e-01
-2.142608591405891546e-03 4.290537461333797202e-03 -4.947386215109360330e-02 9.987639047745826559e-01
-2.546512319202333743e-03 3.959797649406186955e-03 -4.852215163916027280e-02 9.988110111917520850e-01
-2.546512319202333743e-03 3.959797649406186955e-03 -4.852215163916027280e-02 9.988110111917520850e-01
-2.468029990896701120e-03 4.318914537785365805e-03 -4.905108093703987315e-02 9.987838841631794251e-01
-2.468029990896701120e-03 4.318914537785365805e-03 -4.905108093703987315e-02 9.987838841631794251e-01
-5.440463581775971565e-03 3.983106168423331851e-03 -4.835735414425751388e-02 9.988073400418288061e-01
-2.878949400503322785e-03 3.983520060101786338e-03 -4.823215829950825567e-02 9.988240596441654295e-01
-2.421909697668034323e-03 4.553947840472028809e-03 -4.896371443862952005e-02 9.987872398968936638e-01
-2.421909697668034323e-03 4.553947840472028809e-03 -4.896371443862952005e-02 9.987872398968936638e-01
-2.257348622080349639e-03 4.305261026814000136e-03 -4.882823397384859071e-02 9.987953607579905801e-01
-2.257348622080349639e-03 4.305261026814000136e-03 -4.882823397384859071e-02 9.987953607579905801e-01
-4.028066686593943443e-03 4.516813580335006344e-03 -4.873944059964586961e-02 9.987931918089362204e-01
-2.288890672500145003e-03 4.506312896777032138e-03 -4.869026397614862472e-02 9.988011375231301558e-01
-2.288890672500145003e-03 4.506312896777032138e-03 -4.869026397614862472e-02 9.988011375231301558e-01
-1.830577983619304178e-03 4.411380233323448571e-03 -4.908381763289578620e-02 9.987832435294775602e-01
-2.279517493432377424e-03 4.143412150994804297e-03 -4.914716284612050123e-02 9.987803523898139968e-01
-2.279517493432377424e-03 4.143412150994804297e-03 -4.914716284612050123e-02 9.987803523898139968e-01
-4.557234751490804765e-03 4.051399246581694966e-03 -4.800478426443780672e-02 9.988284930173395582e-01
-4.557234751490804765e-03 4.051399246581694966e-03 -4.800478426443780672e-02 9.988284930173395582e-01
-2.748309592669014988e-03 3.866035463701279935e-03 -4.816028657826624398e-02 9.988283573071379262e-01
-1.822214613056670485e-03 4.513559094573607947e-03 -4.863798675305504304e-02 9.988046123055367431e-01
-1.822214613056670485e-03 4.513559094573607947e-03 -4.863798675305504304e-02 9.988046123055367431e-01
-4.443697366796758690e-03 4.419849984182870617e-03 -4.866468482977380494e-02 9.987955080647131778e-01
-4.082100341813037908e-03 4.492542456990411201e-03 -4.900973775476370753e-02 9.987798551854562001e-01
