-1.513933639858381866e+03 1.800719103350123532e+03 4.550106172701858327e+02
-1.513705806229610744e+03 1.800509736433866919e+03 4.550701989078932002e+02
-1.513687199283131122e+03 1.800554608319747103e+03 4.550771125710488150e+02
-1.513540152721357117e+03 1.800448580990075243e+03 4.551884340647737872e+02
-1.513540152721357117e+03 1.800448580990075243e+03 4.551884340647737872e+02
-1.513594497151112591e+03 1.799995594521823932e+03 4.559305124335418213e+02
-1.513594497151112591e+03 1.799995594521823932e+03 4.559305124335418213e+02
-1.513808632602650505e+03 1.799748228752055638e+03 4.563116368935420155e+02
-1.513578797563422540e+03 1.798747178332341036e+03 4.577734989678872921e+02
-1.514647356252240570e+03 1.799156141923829409e+03 4.589116579625340933e+02
-1.515381106784572466e+03 1.799774197602188224e+03 4.582623073589285241e+02
-1.514521066912642254e+03 1.798297521274266273e+03 4.606825166184696627e+02
-1.513969198949445399e+03 1.797743358343645014e+03 4.614888363325017622e+02
-1.513969198949445399e+03 1.797743358343645014e+03 4.614888363325017622e+02
-1.513229179400360863e+03 1.796650142329020355e+03 4.643553974266943669e+02
-1.514603713204488258e+03 1.796728930373502180e+03 4.650878842579576258e+02
-1.513956406910831902e+03 1.795951925471825234e+03 4.655453340751275846e+02
-1.513891278055327575e+03 1.794940180497350184e+03 4.657208524482085181e+02
-1.513305171296065737e+03 1.794381981737801198e+03 4.663901781995426177e+02
-1.513551335310320837e+03 1.793663143964766505e+03 4.677475580083503246e+02
-1.513387018628612395e+03 1.793217408584455598e+03 4.680362072361589867e+02
-1.513189943477226961e+03 1.792612488117399153e+03 4.687466107579098207e+02
-1.511710730928513385e+03 1.791082606433410774e+03 4.700566394627057889e+02
-1.511258095621280745e+03 1.790215668612798709e+03 4.706840230096579489e+02
-1.510075117006907249e+03 1.788529462807882737e+03 4.719530623535815721e+02
-1.509266705780955590e+03 1.787375624033365057e+03 4.728469397662131541e+02
-1.508674212413867508e+03 1.786600611699585443e+03 4.732582004977306269e+02
-1.508423483397517202e+03 1.785859580548929898e+03 4.732985445181420232e+02
-1.507408231573748481e+03 1.784840334171561153e+03 4.737698981582400961e+02
-1.505935030826550928e+03 1.782967026196169400e+03 4.744798225103908180e+02
-1.504744285669254850e+03 1.781825379950897741e+03 4.753355434162537563e+02
-1.503666540195976495e+03 1.780891471696419558e+03 4.757395575111973471e+02
-1.501961060934656871e+03 1.778731558369439881e+03 4.775914934840835144e+02
-1.501394865984772196e+03 1.778619700542420560e+03 4.766204576057569966e+02
-1.499845697979845454e+03 1.776949961015744748e+03 4.772547472022295096e+02
-1.498592767320571738e+03 1.775698251458361256e+03 4.777675762749231581e+02
-1.497817919709706302e+03 1.774919314739204538e+03 4.779809361088938431e+02
-1.497077797295776008e+03 1.774388959069772000e+03 4.782708171167174669e+02
-1.495448130350267320e+03 1.773161436996198518e+03 4.784385006818960733e+02
-1.492701598257349588e+03 1.771076418664115408e+03 4.792339567964569937e+02
-1.489745606696143341e+03 1.768949374985236545e+03 4.799009940030138068e+02
-1.488894767776830577e+03 1.768221604190670632e+03 4.798052804805297455e+02
-1.486508485494092383e+03 1.766474833106034566e+03 4.803789302983793164e+02
-1.484955532436596059e+03 1.765155287879356820e+03 4.804032730004037148e+02
-1.484955532436596059e+03 1.765155287879356820e+03 4.804032730004037148e+02
-1.481845690434162861e+03 1.763046435193263051e+03 4.805298100257974738e+02
-1.480198280252527866e+03 1.761688901913924838e+03 4.808209254383216944e+02
-1.476978719338968631e+03 1.759005995645720759e+03 4.814932701233121293e+02
-1.476076211401648834e+03 1.758470422108749290e+03 4.811664290668537092e+02
-1.473161901035518213e+03 1.756528491346505916e+03 4.811774516543534901e+02
-1.470244722452471251e+03 1.754371466168247707e+03 4.814560263173221415e+02
-1.469643029131907724e+03 1.753707488295635812e+03 4.814074015832668465e+02
-1.466497651901216159e+03 1.750867539566997493e+03 4.815217170163004994e+02
-1.463534324746909533e+03 1.748746848916127647e+03 4.813712249608470870e+02
-1.463534324746909533e+03 1.748746848916127647e+03 4.813712249608470870e+02
-1.460946809812296806e+03 1.747123192886368088e+03 4.808661278619957216e+02
-1.457563433472626230e+03 1.744436498802715960e+03 4.812272844415268196e+02
-1.455396843492009339e+03 1.742837383112685302e+03 4.812119880488801869e+02
-1.453027284235759680e+03 1.740855928643723018e+03 4.804147952386135216e+02
-1.449673860617016999e+03 1.738531607202568466e+03 4.802013793310707115e+02
-1.447441003783781525e+03 1.737165746539327301e+03 4.806549657082932754e+02
-1.443558089254914876e+03 1.734148040203582013e+03 4.804050714180864929e+02
-1.440299996706515685e+03 1.731655276677626262e+03 4.799770632799373402e+02
-1.438575324035468384e+03 1.730278381663516939e+03 4.798876450100598845e+02
-1.435072436090217252e+03 1.727725799246377392e+03 4.797723717959914325e+02
-1.433574683747325935e+03 1.726550397333265892e+03 4.796565737226471811e+02
-1.430072861230905119e+03 1.724164046394770139e+03 4.795189158997329173e+02
-1.426441635303152225e+03 1.721602484712893329e+03 4.794097658161980462e+02
-1.428037295023679917e+03 1.722634701126051141e+03 4.783022147253590788e+02
-1.424673688205540202e+03 1.720326015952855641e+03 4.775278463745928548e+02
-1.424673688205540202e+03 1.720326015952855641e+03 4.775278463745928548e+02
-1.419600539684613977e+03 1.716378706879253286e+03 4.776409374457819581e+02
-1.416041109682392289e+03 1.714549866743495841e+03 4.773811442370872555e+02
-1.413986395806278779e+03 1.713346322663763431e+03 4.775243367061742106e+02
-1.408724740799305437e+03 1.710536392803998524e+03 4.724569702809766909e+02
-1.405792494732774003e+03 1.709536451907734090e+03 4.770655425087358594e+02
-1.403803207268295637e+03 1.709131119829794443e+03 4.776289337513201190e+02
-1.402937901409919505e+03 1.708904160322334974e+03 4.768072897814807334e+02
-1.399256924023254896e+03 1.706646066980515798e+03 4.765370661303570614e+02
-1.395078230254412347e+03 1.703907748313790307e+03 4.760021366606083006e+02
-1.392307179957096423e+03 1.701387260336992085e+03 4.753571850479418117e+02
-1.388152731132261579e+03 1.698718656499204371e+03 4.749075530332559083e+02
-1.385158885735864033e+03 1.696753699349134649e+03 4.739323912464507202e+02
-1.384146689528459547e+03 1.695610275205144944e+03 4.733712771847138470e+02
-1.378317793929968502e+03 1.691437984353839511e+03 4.742646773646380893e+02
-1.375194633243942235e+03 1.689170718573873728e+03 4.737158323345964277e+02
-1.373310703103722517e+03 1.687711777407405634e+03 4.737101462284142599e+02
-1.369257283547072575e+03 1.685471039988411576e+03 4.749717434502126707e+02
-1.368088406505943112e+03 1.683606839728206069e+03 4.735592667979358907e+02
-1.364127942447689065e+03 1.680721161571913171e+03 4.741940316951492491e+02
-1.360170750515499321e+03 1.677919833163243538e+03 4.747120078492020525e+02
-1.358184815766750944e+03 1.676314753579364378e+03 4.751050941245766239e+02
-1.356291999875574675e+03 1.674987652572650632e+03 4.752802998111416173e+02
-1.349903123935895337e+03 1.670381961074128185e+03 4.760919825397928662e+02
-1.347820059138010720e+03 1.668690665638927612e+03 4.763296914721267399e+02
-1.343847981816233414e+03 1.665530796927630718e+03 4.770172781568971914e+02
-1.339564069406585077e+03 1.662876701409736370e+03 4.775114524748629492e+02
-1.339564069406585077e+03 1.662876701409736370e+03 4.775114524748629492e+02
-1.335731985392377510e+03 1.659254100415761741e+03 4.782301245393884415e+02
-1.330055618422843963e+03 1.654515973452924527e+03 4.799416548999600423e+02
-1.327908198333634573e+03 1.652775458046564154e+03 4.801766670350667709e+02
-1.323581826223400185e+03 1.649474650764354010e+03 4.805181576608659952e+02
-1.320686946014962814e+03 1.647433718297373161e+03 4.797431980501473276e+02
-1.314701924456130200e+03 1.642413640874160137e+03 4.810640392827085634e+02
-1.312482916438598068e+03 1.640499880785423557e+03 4.808265254489123777e+02
-1.310221044425912851e+03 1.638738455254428118e+03 4.808567788109833145e+02
-1.305767964203241945e+03 1.635418012215478029e+03 4.807957806873750428e+02
-1.302656895566792173e+03 1.633270512833108342e+03 4.792336218410643482e+02
-1.300453528068559308e+03 1.631445992011549606e+03 4.791538213405694933e+02
-1.294360052251166280e+03 1.626773212162923755e+03 4.793224702976431217e+02
-1.289667777847002526e+03 1.623059547564249215e+03 4.783279235407908345e+02
-1.287304553080926780e+03 1.621386377884765352e+03 4.780953733911068184e+02
-1.281820667264077883e+03 1.618223656928049195e+03 4.782638800016578102e+02
-1.277086830856449978e+03 1.613952062828039288e+03 4.778163538190588611e+02
-1.275041691839997611e+03 1.611789139771568671e+03 4.778186357228365750e+02
-1.270780961620638209e+03 1.607923434707808156e+03 4.787842471919391869e+02
-1.268431813585570808e+03 1.605708965499863325e+03 4.785149404911596207e+02
-1.264376907290625695e+03 1.601981727257618104e+03 4.800966877557483485e+02
-1.262281654202797654e+03 1.600090628638994986e+03 4.807187449417644416e+02
-1.258140128019118947e+03 1.595378734578921012e+03 4.813332987646561492e+02
-1.255999020634065118e+03 1.593655323162470495e+03 4.819696005473085734e+02
-1.251507001683820590e+03 1.589462382536566338e+03 4.830486200352647757e+02
-1.249754921641100282e+03 1.588297753547099092e+03 4.839176271271015253e+02
-1.245356487003268057e+03 1.585551791968227917e+03 4.852115485559062904e+02
-1.241143624319280889e+03 1.582223824985502006e+03 4.862145855043539768e+02
-1.236716640662667032e+03 1.578833934909400114e+03 4.869867403385915736e+02
-1.234511635640476243e+03 1.577348413469144134e+03 4.876082750369157566e+02
-1.230075081144171463e+03 1.573981312192564474e+03 4.883602764231716833e+02
-1.227776662226742928e+03 1.572248574705435431e+03 4.886827238309491577e+02
-1.223376718047985150e+03 1.568719502295642087e+03 4.894898760228821288e+02
-1.221077775224122433e+03 1.566930070839774999e+03 4.897958666389265545e+02
-1.216060132799726944e+03 1.563721201995891761e+03 4.898775625606858739e+02
-1.214197047210911023e+03 1.561400352309749451e+03 4.904238149072895112e+02
-1.207251426083894557e+03 1.555713499778806181e+03 4.910086795528287666e+02
-1.207251426083894557e+03 1.555713499778806181e+03 4.910086795528287666e+02
-1.202625081331375213e+03 1.551875068903969350e+03 4.912609150607570427e+02
-1.197860428924662074e+03 1.548138728925039231e+03 4.913062973184239013e+02
-1.195630200550029940e+03 1.546293491232017686e+03 4.915030605024321062e+02
-1.188636421496756157e+03 1.540853533361486143e+03 4.914518937459012022e+02
-1.186191853742153398e+03 1.539122067168610329e+03 4.914894481156921984e+02
-1.186471974506087690e+03 1.538119459628278491e+03 4.889302196058125105e+02
-1.179224193830415061e+03 1.533852166402579087e+03 4.913838614971304537e+02
-1.174649614027163352e+03 1.530405697222981416e+03 4.912773950615036256e+02
-1.172474687370382981e+03 1.528651677324568027e+03 4.911471855815467507e+02
-1.167578310136185110e+03 1.525082825087130232e+03 4.907042834244009555e+02
-1.163978706261334537e+03 1.520065512824020288e+03 4.890061645079792356e+02
-1.161504240340884735e+03 1.518324553262847303e+03 4.887716770695986952e+02
-1.159142835701023159e+03 1.516426206625697887e+03 4.885796497820560944e+02
-1.154489749811016964e+03 1.512684823198894946e+03 4.880415669810318491e+02
-1.149548019842266058e+03 1.508886285881781532e+03 4.874321767706952073e+02
-1.147076461596925128e+03 1.507196442568691054e+03 4.870809516424543517e+02
-1.141987650335771605e+03 1.503048775668960388e+03 4.861681403722759569e+02
-1.139501455608443166e+03 1.501146086047314157e+03 4.856601612253946882e+02
-1.136141367797853491e+03 1.498803065270610659e+03 4.854316506107388705e+02
-1.131127115484501246e+03 1.494755067745584256e+03 4.842729685541347635e+02
-1.126973372051518936e+03 1.490749762496775475e+03 4.825638014673591556e+02
-1.121816887010678329e+03 1.486487161225028785e+03 4.809619768846925467e+02
-1.118720495610814169e+03 1.484670574994507433e+03 4.808287287853774501e+02
-1.114450969681246988e+03 1.480508299618830051e+03 4.788477033872504762e+02
-1.109502822768391525e+03 1.476437035378318569e+03 4.771864235709379614e+02
-1.106987902523856746e+03 1.474269342761326698e+03 4.762007192097744337e+02
-1.102168106327518899e+03 1.470094308748633239e+03 4.743695106329525970e+02
-1.099030506032578614e+03 1.467766574479010160e+03 4.733748511291584009e+02
-1.095987595667465030e+03 1.465334727133121987e+03 4.719750164312114862e+02
-1.091829709892860137e+03 1.461459024246093577e+03 4.701601538770615321e+02
-1.089511450318175775e+03 1.459432900927556830e+03 4.691716185580430647e+02
-1.087123546458333067e+03 1.457312582065621200e+03 4.678949413859364768e+02
-1.080233545972393813e+03 1.451237452025940001e+03 4.648634736805788634e+02
-1.078044038090614322e+03 1.449284078078886978e+03 4.639936316258366560e+02
-1.073424442090813955e+03 1.445305756966224635e+03 4.621612296003696656e+02
-1.071171377952584180e+03 1.443211407580212381e+03 4.613381964887865934e+02
-1.066864549739741051e+03 1.438987784038503150e+03 4.599883407015795456e+02
-1.064827143218720266e+03 1.436607295992783065e+03 4.594071302275871176e+02
-1.060316798341168806e+03 1.431998369760108289e+03 4.576854916460600293e+02
-1.055345413496159608e+03 1.426999484887613335e+03 4.558355673538970336e+02
-1.050673290277360593e+03 1.422601561255155275e+03 4.544588391865231642e+02
-1.048435045979025062e+03 1.420309393755217570e+03 4.540818091150580926e+02
-1.043545105701715329e+03 1.415715712891497560e+03 4.531486874503274862e+02
-1.041169326810262191e+03 1.413511999452879991e+03 4.528578422049939718e+02
-1.036282759717197450e+03 1.408950620800781280e+03 4.522031978091888504e+02
-1.033447738345494827e+03 1.406956398776209880e+03 4.512622997909730316e+02
-1.028410456235228139e+03 1.401750769102845425e+03 4.505573188847386632e+02
-1.025737674789677385e+03 1.399196323850136423e+03 4.498583172413626698e+02
-1.021319022127175003e+03 1.394002793454046241e+03 4.497267871610970928e+02
-1.016302059607512888e+03 1.388715831114740922e+03 4.491537897606154388e+02
-1.013972944986839138e+03 1.386317747928028666e+03 4.488310949240914738e+02
-1.008939036414568932e+03 1.380914684225441761e+03 4.479924453624656735e+02
-1.003997159242262342e+03 1.375456895491746991e+03 4.469803051137614034e+02
-1.001635113092438814e+03 1.372854964561368888e+03 4.466384581303279901e+02
-1.001635113092438814e+03 1.372854964561368888e+03 4.466384581303279901e+02
-9.923322732253184313e+02 1.361905772338755696e+03 4.444306905257281528e+02
-9.895935158857524812e+02 1.359115323850702680e+03 4.434389158828554969e+02
-9.849657579572541408e+02 1.353617709293954476e+03 4.421038772853225396e+02
-9.827956154655801129e+02 1.350765493817657898e+03 4.414913678898271883e+02
-9.783042370716588039e+02 1.344994313510988832e+03 4.398417060512528565e+02
-9.734987581795165852e+02 1.339089598935699314e+03 4.373615362333708845e+02
-9.712535090582467774e+02 1.336067216244073279e+03 4.363701728761001277e+02
-9.667289938663139992e+02 1.329605303517415223e+03 4.341469167119290660e+02
-9.646595718074277102e+02 1.326254477478373701e+03 4.330100084263757481e+02
-9.607019076490596490e+02 1.319851551888657241e+03 4.319382345876931595e+02
-9.586011942400824637e+02 1.316740589500698661e+03 4.310229793278020907e+02
-9.543372812005322885e+02 1.310574492799691370e+03 4.298829427735914805e+02
-9.500714361219427246e+02 1.304390152776830973e+03 4.285649917970716274e+02
-9.479083651052343384e+02 1.301684478838341647e+03 4.282037469419706781e+02
-9.460275112357717262e+02 1.298980880431904325e+03 4.281363353563869509e+02
-9.390919934820864228e+02 1.291959142284589461e+03 4.281541936400423651e+02
-9.370404165425528618e+02 1.290006006930220337e+03 4.284579485922357094e+02
-9.345801789875632721e+02 1.287831544431724069e+03 4.288323245678346893e+02
-9.297473069631804492e+02 1.283178550471120616e+03 4.295981457287344938e+02
-9.249405726597254898e+02 1.278384423787376363e+03 4.302745303799752605e+02
-9.226492014294972250e+02 1.276052252386914688e+03 4.309575894178827298e+02
-9.178015914528427857e+02 1.271369286678201661e+03 4.317298345503509722e+02
-9.127667562110376593e+02 1.266141715765102163e+03 4.324165520592984535e+02
-9.078401122040062319e+02 1.261145302301286392e+03 4.330842195937697170e+02
-9.078401122040062319e+02 1.261145302301286392e+03 4.330842195937697170e+02
-9.030657988758979400e+02 1.255978745691442555e+03 4.336652337878377352e+02
-8.980634405222001533e+02 1.250738574703339964e+03 4.342481320598948855e+02
-8.934172399910767126e+02 1.245665618575403187e+03 4.346167653880503394e+02
-8.910817390284873909e+02 1.243144109186094965e+03 4.349326642637406053e+02
-8.856693301966852232e+02 1.237870562673585027e+03 4.351393398487777517e+02
-8.831373190246746390e+02 1.235307088892785941e+03 4.352480459097319567e+02
-8.781813387988161139e+02 1.230253684259562760e+03 4.354471726759168746e+02
-8.758730040000735926e+02 1.227802994566191728e+03 4.357380190746274025e+02
-8.709693450862487225e+02 1.222768724982150161e+03 4.356504534074906019e+02
-8.658835954655729665e+02 1.217674831462901921e+03 4.361038928693755565e+02
-8.631986581858302543e+02 1.215213745161202269e+03 4.359979200029034132e+02
-8.576316143488306807e+02 1.209451322615732579e+03 4.353422409148698762e+02
-8.521224819642081911e+02 1.204349689566265852e+03 4.351891686215789719e+02
-8.494324859782826707e+02 1.201768143263039519e+03 4.349380503446003559e+02
-8.437579202117442492e+02 1.196487320505068965e+03 4.346240027187969304e+02
-8.409711198225911630e+02 1.193767461015769868e+03 4.342223298440133021e+02
-8.353337111827685248e+02 1.188635063451684573e+03 4.336007259429742362e+02
-8.296477526421906532e+02 1.183454666436245589e+03 4.328814838488466989e+02
-8.271769092116524007e+02 1.181049142517407972e+03 4.326236943313286929e+02
-8.217949110795365186e+02 1.176525218053815479e+03 4.324750112730185378e+02
-8.166403983450269379e+02 1.172491558878131173e+03 4.333756990741966320e+02
-8.143925094283947601e+02 1.170778759950024096e+03 4.341162436561545519e+02
-8.143925094283947601e+02 1.170778759950024096e+03 4.341162436561545519e+02
-8.071417620711969221e+02 1.164934925700974873e+03 4.363925024014631617e+02
-8.026886651421946226e+02 1.161003937031543956e+03 4.380679831731039258e+02
-8.004208517606361966e+02 1.158939696015723257e+03 4.388555322669126895e+02
-7.959664536040312441e+02 1.154894545469224340e+03 4.412282481101767644e+02
-7.908640348420092323e+02 1.150327915150744730e+03 4.419416805852943639e+02
-7.860935775936339951e+02 1.145956866166928194e+03 4.428608816736395397e+02
-7.837189214571209277e+02 1.143676019225788195e+03 4.437994572430770290e+02
-7.786487756750266271e+02 1.138870040879796534e+03 4.450483929175063054e+02
-7.786487756750266271e+02 1.138870040879796534e+03 4.450483929175063054e+02
-7.705772162523601310e+02 1.131711449459200594e+03 4.467217107735232844e+02
-7.681075605402930933e+02 1.129283763473385989e+03 4.471514337412013447e+02
-7.653405638483569646e+02 1.126928756875918680e+03 4.478520140289506344e+02
-7.571234741964368595e+02 1.119829367661414381e+03 4.497477883789638327e+02
-7.547050775724782170e+02 1.117863657174808850e+03 4.503333818240706705e+02
-7.494163460124416360e+02 1.113609059205078665e+03 4.516563233211961119e+02
-7.468706563903909910e+02 1.111696597744502697e+03 4.523109241573665713e+02
-7.442054887773491600e+02 1.109884165637051410e+03 4.530864205416964978e+02
-7.365510299515980250e+02 1.104179184946003488e+03 4.554091077621926615e+02
-7.339079193715786005e+02 1.102395413967590002e+03 4.560865247362796708e+02
-7.298979871932887136e+02 1.100734595054248530e+03 4.586323982101728802e+02
-7.244901795398637887e+02 1.097210054759360673e+03 4.595436427969105466e+02
-7.191869183700756594e+02 1.093586432635082019e+03 4.610998915222069172e+02
-7.165863614609645538e+02 1.091904574184473859e+03 4.616504938095238231e+02
-7.128581895699369397e+02 1.087970639065543537e+03 4.619101058848499974e+02
-7.101631274835654040e+02 1.086115903231553602e+03 4.625316340884711508e+02
-7.035024527101826379e+02 1.082540875009053025e+03 4.650965300367807345e+02
-6.982873412085112932e+02 1.078716471864803680e+03 4.664009093509671402e+02
-6.971496158811232817e+02 1.076483788738262319e+03 4.658409766807147321e+02
-6.919902118577884949e+02 1.072525524304433020e+03 4.670312009393416588e+02
-6.867181571819302235e+02 1.068588555501654810e+03 4.681546867349670720e+02
-6.841022892867056271e+02 1.066721471156734651e+03 4.687505339778774101e+02
-6.814936966015978896e+02 1.064804765410301343e+03 4.692243791095830261e+02
-6.789090237518656750e+02 1.062870001286453089e+03 4.696672924706373351e+02
-6.707922796315162941e+02 1.057194383860470680e+03 4.708280165774592660e+02
-6.657990804951359678e+02 1.053492953059692582e+03 4.711547439366742083e+02
-6.632302720086296404e+02 1.051783167383502814e+03 4.714825566710863427e+02
-6.565516261216499743e+02 1.048526065745334563e+03 4.728845109606053825e+02
-6.539592401453264756e+02 1.046856978904114385e+03 4.730568305802329974e+02
-6.488475135088185652e+02 1.043373346644180856e+03 4.730607461287832507e+02
-6.437232700770597376e+02 1.040141982421238936e+03 4.730208608355411570e+02
-6.437232700770597376e+02 1.040141982421238936e+03 4.730208608355411570e+02
-6.357725253427191774e+02 1.035234957126245263e+03 4.727660169307815750e+02
-6.304834878962940365e+02 1.032092968129932615e+03 4.725793349294615950e+02
-6.278327247031538718e+02 1.030452390832648689e+03 4.724953415533599923e+02
-6.224460551991257944e+02 1.027312896179729705e+03 4.721396765880749626e+02
-6.197041264260623166e+02 1.025838710089941060e+03 4.718768380097593536e+02
-6.141518645122937414e+02 1.022677979827526997e+03 4.715393754789671448e+02
-6.085554090636919682e+02 1.019463162506648359e+03 4.710095436160443683e+02
-6.057106737065603284e+02 1.017812889058996234e+03 4.706282443475595301e+02
-6.028890623611567889e+02 1.016148142807440991e+03 4.702140445962893978e+02
-5.971527418149712503e+02 1.012640592548942323e+03 4.695974240785964753e+02
-5.942701400684176178e+02 1.010726265477506558e+03 4.693830131576228837e+02
-5.862378616879367428e+02 1.004385251599762682e+03 4.698553202745620183e+02
-5.838108087965322284e+02 1.002285736321633181e+03 4.706071981840014473e+02
-5.788839016355799458e+02 9.981548155284203858e+02 4.720528622088754105e+02
-5.764903807476373458e+02 9.960798263875036582e+02 4.729454886200142028e+02
-5.741095563667905708e+02 9.939903621126376265e+02 4.738642495731869531e+02
-5.708322989764931208e+02 9.898376705167305545e+02 4.745495785942360953e+02
-5.660811928636965149e+02 9.861222507494388765e+02 4.764525810208925236e+02
-5.612361123737165371e+02 9.821230029261247410e+02 4.774553161087231956e+02
-5.589765520440280397e+02 9.803637823421586290e+02 4.783733700464371168e+02
-5.542531446421971850e+02 9.770142176482895593e+02 4.804673418094655517e+02
-5.517773637117501266e+02 9.755303680405511386e+02 4.813170838183846740e+02
-5.466739995260902560e+02 9.729373617657294062e+02 4.834966910178162607e+02
-5.442708149945384548e+02 9.715657923004955592e+02 4.841125179514392585e+02
-5.364684883062093377e+02 9.673051625806680249e+02 4.864574833286145008e+02
-5.338907153525484546e+02 9.658101812381503350e+02 4.871532791774364455e+02
-5.304071555516558192e+02 9.644907885692805394e+02 4.885378827665032873e+02
-5.259937461620393151e+02 9.611692665455622091e+02 4.892109358661068086e+02
-5.201016645894744670e+02 9.580267777498262376e+02 4.908727460191731211e+02
-5.174424600000903638e+02 9.563265763192537179e+02 4.913560539612745970e+02
-5.128000882831122453e+02 9.527812980498348452e+02 4.918271793130923015e+02
-5.128000882831122453e+02 9.527812980498348452e+02 4.918271793130923015e+02
-5.049145982645676440e+02 9.474626224019373240e+02 4.929094247798115020e+02
-4.996728657550461321e+02 9.439914309750969323e+02 4.934960050105430014e+02
-4.969597801251317151e+02 9.422530397612661091e+02 4.937217680312527364e+02
-4.915893826012483601e+02 9.385977981128761485e+02 4.940675074182406092e+02
-4.863014147423450027e+02 9.351468055227252307e+02 4.943589263934625819e+02
-4.836620064643062165e+02 9.333644931783445600e+02 4.944022441281596798e+02
-4.809753429739748185e+02 9.315860182509806009e+02 4.944642327244296780e+02
-4.757735739726075508e+02 9.281485655579796230e+02 4.946567281350563121e+02
-4.705458142378148523e+02 9.247421799258834199e+02 4.945584807557714271e+02
-4.652723871858614757e+02 9.214337930734681095e+02 4.944546239762578921e+02
-4.626913836911011799e+02 9.198642042221611064e+02 4.944032038316149738e+02
-4.576061413014050459e+02 9.165461554577872221e+02 4.942863853000234258e+02
-4.549111790726613549e+02 9.148608100226809938e+02 4.938200522785281805e+02
-4.498057414248373220e+02 9.117577733570011560e+02 4.937614772035909709e+02
-4.472125367665523186e+02 9.100505936030075418e+02 4.936160517302996595e+02
-4.417183274082789239e+02 9.068264654149254511e+02 4.935870627839784106e+02
-4.370810395866029694e+02 9.036686082127533837e+02 4.932132176470806826e+02
-4.345347792363036774e+02 9.019485637121424588e+02 4.930203013504016667e+02
-4.288635263925739309e+02 8.982260997450882769e+02 4.919711887966747099e+02
-4.238878197319199330e+02 8.948451774434887511e+02 4.917274592476458679e+02
-4.213857223125198743e+02 8.931701710035143833e+02 4.914252915715603649e+02
-4.193482074878210710e+02 8.914937608220272978e+02 4.910777667153614061e+02
-4.142697194113017645e+02 8.879298371175149214e+02 4.903605149116818893e+02
-4.092100667333872934e+02 8.844075583056818459e+02 4.894357997679078380e+02
-4.041987890633160418e+02 8.809488960641605217e+02 4.884643586647593452e+02
-4.012455209936624669e+02 8.791548544306682516e+02 4.880365361599924654e+02
-3.961665644917452482e+02 8.757419765571161179e+02 4.868162344773820678e+02
-3.936412308798432491e+02 8.740370837556582728e+02 4.861725935464717736e+02
-3.890752560785585388e+02 8.706959455366178418e+02 4.849889816778598401e+02
-3.840630781475638855e+02 8.672791557651714811e+02 4.840548906128173030e+02
-3.814736912429065683e+02 8.653436094341172975e+02 4.833409227433378419e+02
-3.788781597068815472e+02 8.635143489312258680e+02 4.828307841707644457e+02
-3.739014598055846932e+02 8.598064600515197071e+02 4.819475990380269081e+02
-3.688644667012942477e+02 8.559905429149566771e+02 4.809566427185885118e+02
-3.637491462569055898e+02 8.520103682486868593e+02 4.800295612608825309e+02
-3.611448781110028108e+02 8.499994654191997370e+02 4.795826827358223454e+02
-3.554512738084036982e+02 8.458412960989574003e+02 4.785740166053581106e+02
-3.529316193145420471e+02 8.438857886325421305e+02 4.781994898314621310e+02
-3.503014994273435718e+02 8.418265681801418623e+02 4.777414288422626214e+02
-3.449960187839590731e+02 8.379971878047200562e+02 4.768324611958706782e+02
-3.399108338189512892e+02 8.342349182772313725e+02 4.762698775937830078e+02
-3.352701582629973132e+02 8.302312097768541435e+02 4.758028763779475980e+02
-3.323377310922124934e+02 8.282638921417460551e+02 4.757621130359709696e+02
-3.265419057883385676e+02 8.242413583204972838e+02 4.754913658033534603e+02
-3.210314457310635703e+02 8.202591483456901642e+02 4.757526486227317264e+02
-3.183292800274950309e+02 8.183877033102090763e+02 4.759033931805739712e+02
-3.155223074424401943e+02 8.160918517090568685e+02 4.754178683785014528e+02
-3.102243123252419537e+02 8.121439669694573240e+02 4.755332212774119967e+02
-3.045585212785895806e+02 8.081533142002717796e+02 4.755978275453587685e+02
-3.016615926364430607e+02 8.065169891927076833e+02 4.762586332532653159e+02
-2.962662094548906566e+02 8.025927312165428020e+02 4.760889526905529010e+02
-2.935756082447532549e+02 8.005924815670040289e+02 4.760825901571812437e+02
-2.854092501847434846e+02 7.945936758622091247e+02 4.758973611525548222e+02
-2.854092501847434846e+02 7.945936758622091247e+02 4.758973611525548222e+02
-2.773187043154931644e+02 7.882392650317597145e+02 4.755893794192677433e+02
-2.745922765819892675e+02 7.860006215427441703e+02 4.754462826210128128e+02
-2.692583920286977559e+02 7.816587431576168683e+02 4.750868814268272899e+02
-2.666150884741200002e+02 7.794553088835983772e+02 4.748597731779296964e+02
-2.612508426572808844e+02 7.750586659508571756e+02 4.743358044105216891e+02
-2.560945664860468582e+02 7.706866446234389514e+02 4.737757300190041292e+02
-2.537065638577320215e+02 7.682041229355100995e+02 4.728466852879723774e+02
-2.486396155976679267e+02 7.637827489592416441e+02 4.718996831268025858e+02
-2.459169189556600088e+02 7.616759184715866695e+02 4.716431447069348906e+02
-2.434403435164376504e+02 7.595044027519060137e+02 4.708874564791177590e+02
-2.356224336258765675e+02 7.529663262697870323e+02 4.690586620276978351e+02
-2.303705275153312186e+02 7.485366699403823532e+02 4.678172641989331169e+02
-2.303705275153312186e+02 7.485366699403823532e+02 4.678172641989331169e+02
-2.249589287387358638e+02 7.439039416838326133e+02 4.664591825653603792e+02
-2.195214184246013360e+02 7.390903991661342616e+02 4.653758995616792049e+02
-2.168825639636754374e+02 7.367602935461039806e+02 4.649447987305329661e+02
-2.143179657527144570e+02 7.339907794311328644e+02 4.644877168862407757e+02
-2.070348185302711670e+02 7.253988926974835749e+02 4.635071090328942205e+02
-2.047060546698414498e+02 7.228205463005307365e+02 4.631884687391224702e+02
-2.002133351422339160e+02 7.178304556268592478e+02 4.632680501383223373e+02
-1.955565395471124646e+02 7.128935646009789480e+02 4.634899932254396049e+02
-1.933724395123776958e+02 7.106362787309191162e+02 4.636910707943080752e+02
-1.888975976156903016e+02 7.062362901570937765e+02 4.640616456941236265e+02
-1.866614864294279528e+02 7.038908516300751899e+02 4.641813429404464273e+02
-1.821726926000222591e+02 6.996695893846593890e+02 4.644448067478080020e+02
-1.821726926000222591e+02 6.996695893846593890e+02 4.644448067478080020e+02
-1.753071392038800411e+02 6.935106736786367492e+02 4.644452086527600727e+02
-1.708937316731810370e+02 6.895336320011751923e+02 4.653919016911213475e+02
-1.685897083068266795e+02 6.876151939157869037e+02 4.656535508144030473e+02
-1.639168057172873034e+02 6.834864797578426305e+02 4.663437176235325410e+02
-1.592331922435419358e+02 6.793234802334187634e+02 4.667713142022818147e+02
-1.569865894358401306e+02 6.772313813205702218e+02 4.667990147079839858e+02
-1.523457910627520846e+02 6.728036673384019650e+02 4.667293122374417749e+02
-1.498610289595773679e+02 6.706177548917935383e+02 4.669780918981118703e+02
-1.450135601089654926e+02 6.660310592767068556e+02 4.670864692466539623e+02
-1.418632791033962519e+02 6.642368317055484113e+02 4.681419288375748806e+02
-1.380899869070647981e+02 6.593874416789128645e+02 4.664547172346548223e+02
-1.330790078146130782e+02 6.545506596188118920e+02 4.662140027804626357e+02
-1.305972153652158170e+02 6.520511254691207341e+02 4.660104555468279273e+02
-1.257239415866145151e+02 6.469080171377423767e+02 4.655204674412439658e+02
-1.207275143434554820e+02 6.416675322851306191e+02 4.649721650274595390e+02
-1.207275143434554820e+02 6.416675322851306191e+02 4.649721650274595390e+02
-1.132202166076206709e+02 6.338576972469268185e+02 4.639784515514905365e+02
-1.106941625184480955e+02 6.311714142060646964e+02 4.634758813184594715e+02
-1.055451247994967190e+02 6.261557016963371325e+02 4.625291337687776263e+02
-1.031206180305194664e+02 6.236489217314880307e+02 4.621984923689973357e+02
-9.805514350718665639e+01 6.188548967676864550e+02 4.617434494747574831e+02
-9.550532376536895640e+01 6.164607830149208212e+02 4.616532392497745150e+02
-9.550532376536895640e+01 6.164607830149208212e+02 4.616532392497745150e+02
-8.561735836816171741e+01 6.073658937684205057e+02 4.616753936090370871e+02
-8.307682980347181001e+01 6.052051034335245276e+02 4.619526808466698640e+02
-7.831871198040414583e+01 6.006542921006497409e+02 4.621402682078222597e+02
-7.359971185350823930e+01 5.960394757362048495e+02 4.622722826478632214e+02
-7.121504286748347567e+01 5.936652184642257453e+02 4.623502119191580846e+02
-6.635733069169567955e+01 5.889213942379784612e+02 4.628915653427437746e+02
-6.387366043703030272e+01 5.865705764164223410e+02 4.631529133979882999e+02
-5.886006748005819844e+01 5.817440397501051166e+02 4.635125808939708918e+02
-5.411067994713611284e+01 5.768808133559232374e+02 4.638305086215804067e+02
-4.912173409330070939e+01 5.721300539331290338e+02 4.643698298590159652e+02
-4.651842973081556920e+01 5.696236224966361306e+02 4.645916152862122885e+02
-4.165373091198154754e+01 5.648881948445455237e+02 4.648475038119657370e+02
-3.926012586897383727e+01 5.624894519387336231e+02 4.649973087983672713e+02
-3.678956844670337034e+01 5.600878161312126622e+02 4.651109523082104147e+02
-3.212479050044268547e+01 5.554213805218174684e+02 4.653913710395236762e+02
-3.212479050044268547e+01 5.554213805218174684e+02 4.653913710395236762e+02
-2.484080382680872390e+01 5.488186418397792750e+02 4.658516564660999961e+02
-2.011143319087561565e+01 5.444611703257252202e+02 4.659838717334985745e+02
-1.540626436099628549e+01 5.402308969404843992e+02 4.661392288628263714e+02
-1.303757696471787497e+01 5.380425615535677935e+02 4.660160507546303847e+02
-8.463131753232062238e+00 5.339014090974748115e+02 4.659605928176687257e+02
-4.014543387968361188e+00 5.296372686903943077e+02 4.655088129001022139e+02
-1.763081569774376689e+00 5.275030239004197483e+02 4.653894870328628599e+02
5.391043228847149926e-01 5.253049617800339774e+02 4.651198748092426740e+02
5.376421839172364159e+00 5.209910354697465209e+02 4.650536253721604112e+02
1.030095042132316685e+01 5.165221299264794652e+02 4.646846074830719431e+02
1.281735936285186206e+01 5.141549181274589273e+02 4.645708978283178112e+02
1.520048832334536115e+01 5.118028363940293843e+02 4.644264847059155841e+02
2.284041686786207848e+01 5.045270785413274552e+02 4.637056016864715957e+02
2.806820018554448737e+01 4.996791979992876804e+02 4.630792321179199007e+02
3.067791517684995029e+01 4.971180480191890183e+02 4.630405901911892101e+02
3.306279236238156471e+01 4.947386988610566050e+02 4.624359856139317344e+02
3.790759983873871164e+01 4.896292826785985994e+02 4.620011700984970844e+02
4.280833084315646175e+01 4.845224402567127413e+02 4.619152673646099743e+02
4.522407544086295417e+01 4.819875697315910656e+02 4.620570111670813276e+02
4.991039412638732387e+01 4.769789616839630639e+02 4.629322310404901373e+02
5.224470162552215413e+01 4.745598948062225304e+02 4.633770310060545512e+02
5.690088628931106740e+01 4.697320720716793403e+02 4.642462524535191619e+02
5.919573532744339417e+01 4.673580584337019559e+02 4.647694817800469878e+02
6.676408288659872881e+01 4.608106950385031837e+02 4.671433745119068703e+02
6.914739284738216440e+01 4.585338686953668912e+02 4.676783061883631945e+02
7.370660794853996833e+01 4.541324022870650765e+02 4.687610263641080337e+02
7.604334080932106588e+01 4.519508787823738203e+02 4.692677631167127288e+02
7.841577453581084001e+01 4.498200962036228248e+02 4.698032601283363192e+02
8.312879966190807579e+01 4.456021578178824711e+02 4.707016604406736064e+02
8.780426968632052365e+01 4.411117961572026616e+02 4.716786323646118149e+02
9.269196706930625851e+01 4.364080730282458944e+02 4.724773570616376333e+02
9.516714575568427392e+01 4.340197506253549022e+02 4.727906328681384025e+02
9.760309959056688456e+01 4.315436303353756102e+02 4.731245260563828765e+02
1.027397705623185260e+02 4.265621364730934033e+02 4.735798182699355721e+02
1.027397705623185260e+02 4.265621364730934033e+02 4.735798182699355721e+02
1.098757058914475380e+02 4.189922633732696227e+02 4.739234848949257639e+02
1.149545737315278586e+02 4.141616819028843679e+02 4.740426994569110661e+02
1.200735197704973416e+02 4.092646566651394551e+02 4.737203928870624736e+02
1.252455848742750106e+02 4.044536367747170402e+02 4.734638368323249438e+02
1.252455848742750106e+02 4.044536367747170402e+02 4.734638368323249438e+02
1.278424196550816276e+02 4.020327249463774706e+02 4.733560090048163147e+02
1.355978072458561314e+02 3.950703478032310159e+02 4.726883858716847726e+02
1.409470721035885390e+02 3.904169758390411289e+02 4.722416140737771570e+02
1.461468786105866684e+02 3.858511088722178783e+02 4.716027261629783425e+02
1.489221204063175890e+02 3.834282325445228707e+02 4.713033106808184129e+02
1.539356123216747108e+02 3.786317065967630242e+02 4.703353576155254245e+02
1.567396566900050630e+02 3.761637977038296299e+02 4.699419160983826487e+02
1.621251536324324150e+02 3.711887415002444186e+02 4.691280332302069951e+02
1.647765382315033946e+02 3.687849419856294730e+02 4.684515270485274527e+02
1.699993592964461868e+02 3.637113429796434616e+02 4.673580764595856181e+02
1.726505353380927090e+02 3.612430979992622611e+02 4.666638505362535625e+02
1.805435168280335745e+02 3.538118632966538826e+02 4.648008114155159660e+02
1.832137544915334786e+02 3.513771858393472485e+02 4.644269439458087163e+02
1.832137544915334786e+02 3.513771858393472485e+02 4.644269439458087163e+02
1.910074475108709464e+02 3.447019176074837787e+02 4.644597824788420439e+02
1.961269305936018839e+02 3.407948640773456077e+02 4.653421624569924688e+02
1.986983350269853474e+02 3.388362146432735926e+02 4.657474075598481704e+02
2.037382115818990371e+02 3.349399006993040757e+02 4.667780456171781793e+02
2.063657386344194151e+02 3.328754023420905241e+02 4.673311845114942571e+02
2.088023261571558464e+02 3.310417139438360437e+02 4.678210067955447471e+02
2.170635325149000607e+02 3.248347812491846298e+02 4.689338892626058168e+02
2.195093790977411743e+02 3.228173111885781736e+02 4.692981580339977654e+02
2.250014677679326383e+02 3.187523553351792316e+02 4.700455207693107695e+02
2.301439636063723810e+02 3.146658052828924497e+02 4.707744689880267970e+02
2.301439636063723810e+02 3.146658052828924497e+02 4.707744689880267970e+02
2.352882478502246499e+02 3.104674195944937765e+02 4.711893683671426629e+02
2.352882478502246499e+02 3.104674195944937765e+02 4.711893683671426629e+02
2.457273218245953785e+02 3.027476041358992234e+02 4.724122901141629995e+02
2.483395125649171291e+02 3.008458542510953748e+02 4.725844237245640898e+02
2.534607599327316336e+02 2.970489902991452027e+02 4.727768145742244883e+02
2.559951428481457185e+02 2.952118289969263287e+02 4.729819051669929877e+02
2.617046905050901842e+02 2.917070214625255744e+02 4.733583346942515959e+02
2.642854504431842884e+02 2.898961530822029999e+02 4.732290800934208619e+02
2.688893917171563430e+02 2.860073577685512305e+02 4.727492185097016204e+02
2.739641180995399168e+02 2.823549611176131862e+02 4.725993317501846036e+02
2.766328234323566448e+02 2.806270419399025400e+02 4.728292158561067708e+02
2.819115507378954817e+02 2.768818528718373386e+02 4.727322040727627837e+02
2.870536890526084335e+02 2.732474136164603919e+02 4.725500343873001725e+02
2.894752338478928095e+02 2.714433851334313204e+02 4.723883542023710902e+02
2.894752338478928095e+02 2.714433851334313204e+02 4.723883542023710902e+02
2.978714529932288997e+02 2.663287473466285178e+02 4.725596101405099034e+02
3.027284680246124822e+02 2.628481590541998116e+02 4.719065240723602415e+02
3.073183018086123752e+02 2.587766120257980447e+02 4.706744108585808704e+02
3.099127272810918612e+02 2.569964818559451487e+02 4.703096718553710502e+02
3.151673344834749741e+02 2.537112972939572160e+02 4.705956645244936567e+02
3.151673344834749741e+02 2.537112972939572160e+02 4.705956645244936567e+02
3.224889152286228864e+02 2.477753565129327171e+02 4.703665748379095248e+02
3.250091614760675611e+02 2.456179078880709596e+02 4.707455552739845075e+02
3.298059850336305772e+02 2.412365344655758861e+02 4.714780161016831812e+02
3.341259862811971857e+02 2.364523475817823623e+02 4.718299678300117534e+02
3.364642439962671574e+02 2.343559871764593083e+02 4.724631392118220674e+02
3.385888893222850697e+02 2.322143643622113984e+02 4.729533363625939728e+02
3.455123726983060237e+02 2.264785208357070303e+02 4.752024659410769232e+02
3.477370646773022145e+02 2.248077066678620781e+02 4.758343315864157148e+02
3.526587201319223368e+02 2.214170516560931503e+02 4.769911975394753654e+02
3.573522873337532246e+02 2.183806957018757942e+02 4.779121166114148309e+02
3.596647605319200807e+02 2.170021875613096540e+02 4.783682034702777059e+02
3.623622622327773115e+02 2.155320853370527345e+02 4.790559312993461276e+02
3.676316353251618239e+02 2.127836180806995685e+02 4.805172353010586903e+02
3.728452401755463939e+02 2.097284604579288896e+02 4.815702366876303131e+02
3.783538197595282213e+02 2.064729609565051760e+02 4.824637614277331750e+02
3.783538197595282213e+02 2.064729609565051760e+02 4.824637614277331750e+02
3.860176106457651031e+02 2.010807191371411875e+02 4.835399295301879761e+02
3.885484259406418914e+02 1.992543041278449039e+02 4.839132411005470544e+02
3.938273077147785557e+02 1.954767978291905877e+02 4.845801385173215294e+02
3.964556555193779559e+02 1.935369927750643626e+02 4.848242586742301796e+02
4.015745685656199271e+02 1.896294115169514498e+02 4.852427819898304620e+02
4.040497779946650780e+02 1.877501836958049353e+02 4.854213774200507032e+02
4.093565565192971007e+02 1.837987356877211766e+02 4.857111284844183956e+02
4.145700032276444631e+02 1.799306865671145204e+02 4.858504903545410230e+02
4.198718829669450656e+02 1.761418859963992247e+02 4.857904057210829478e+02
4.224907175632174017e+02 1.741909786525966126e+02 4.858082276519018023e+02
4.277357690420908511e+02 1.704799944734459132e+02 4.856754375107939268e+02
4.297251896000819897e+02 1.680911324997934173e+02 4.845238418573451327e+02
4.351771273674791018e+02 1.646122535665672331e+02 4.841693210260764886e+02
4.406602482607807474e+02 1.615819424125206467e+02 4.844901425640647403e+02
4.433612826548298358e+02 1.598575423384762360e+02 4.841555115346403682e+02
4.485408928793816017e+02 1.568177248839761830e+02 4.836157057897933669e+02
4.515907216070305026e+02 1.551730491998140167e+02 4.835431423432155498e+02
4.567476657434034450e+02 1.516723869122622546e+02 4.826204817965983693e+02
4.567476657434034450e+02 1.516723869122622546e+02 4.826204817965983693e+02
4.646736388191752098e+02 1.463936176808452103e+02 4.814267567309742617e+02
4.701683904989436655e+02 1.427497685043695412e+02 4.806470525067351218e+02
4.728323054516376942e+02 1.408042984123585200e+02 4.801866332301813145e+02
4.781443142561691957e+02 1.370294288014285939e+02 4.792185008952823182e+02
4.809918790990476509e+02 1.350733352579046027e+02 4.788920458357814027e+02
4.862611073038877407e+02 1.312120386425700644e+02 4.779630112202031000e+02
4.921047989152353352e+02 1.273113071186877931e+02 4.770840429669648302e+02
4.947102814948622154e+02 1.253598072933037599e+02 4.764356779833212840e+02
5.004938630267745907e+02 1.214722135436373520e+02 4.754047609244607315e+02
5.033530209763650305e+02 1.194250063827060586e+02 4.747310927502205686e+02
5.115317021130384205e+02 1.137760029181759052e+02 4.732379528984555463e+02
5.143235597251989475e+02 1.120788328960430960e+02 4.730254959334278055e+02
5.143235597251989475e+02 1.120788328960430960e+02 4.730254959334278055e+02
5.218960109420218032e+02 1.072132698382481806e+02 4.725114466818815799e+02
5.269036200409124149e+02 1.042121659068645556e+02 4.728572333146207711e+02
5.293562742036557438e+02 1.025589059791910529e+02 4.730264456516538303e+02
5.344890904762132777e+02 9.901763078815257302e+01 4.735470701278112529e+02
5.398380819366942660e+02 9.505239442998306743e+01 4.741957511098721625e+02
5.477825521302594325e+02 8.910138992770238531e+01 4.752882141920326262e+02
5.504850509863571233e+02 8.722223161229463528e+01 4.757543262829148603e+02
5.555647452436687672e+02 8.362805979101690923e+01 4.764793719811929122e+02
5.605861411318940100e+02 8.044997894225990365e+01 4.770773703168811721e+02
5.632332733532513203e+02 7.896810371364657044e+01 4.777666579042586363e+02
5.657124116492698249e+02 7.757234448129895554e+01 4.781456580008099877e+02
5.657124116492698249e+02 7.757234448129895554e+01 4.781456580008099877e+02
5.757476494463235213e+02 7.215676391624988639e+01 4.799558435339749849e+02
5.780560490707512145e+02 7.077792817621691768e+01 4.801874995549850382e+02
5.830479037068679418e+02 6.808183487772915043e+01 4.807256120840831954e+02
5.855122147378236832e+02 6.669439830531204905e+01 4.810153089157573731e+02
5.907722918982070723e+02 6.391187413629233305e+01 4.815982390822198909e+02
5.931050907919055817e+02 6.251911851012394550e+01 4.816343843934448046e+02
6.007161914351997893e+02 5.808761081659521608e+01 4.820166412189564085e+02
6.033992604996112732e+02 5.659738153031745611e+01 4.822103215992702872e+02
6.059484440057221946e+02 5.503932829359970214e+01 4.822288072317228398e+02
6.110885540908241182e+02 5.190270733816183935e+01 4.823608949957775849e+02
6.163181798598541263e+02 4.878574715180641874e+01 4.821826582518240798e+02
6.189263799477479324e+02 4.718357803726353694e+01 4.821130226409848092e+02
6.240354022929024040e+02 4.409033249317571546e+01 4.817909556523023298e+02
6.292517480754980852e+02 4.116445450282697038e+01 4.815681831471972600e+02
6.318509011295011533e+02 3.965214309380323243e+01 4.813664458085956994e+02
6.370711691608025831e+02 3.673249288293843762e+01 4.811871215221108287e+02
6.394571135347531481e+02 3.534634548707003887e+01 4.807908350300760958e+02
6.446590808125000649e+02 3.247865908167351279e+01 4.804628022189572221e+02
6.446590808125000649e+02 3.247865908167351279e+01 4.804628022189572221e+02
6.524549306618333731e+02 2.831564310415683394e+01 4.797193409208184107e+02
6.573930406442966614e+02 2.561186254626958814e+01 4.789893999348245757e+02
6.599205836326073040e+02 2.425601009103208483e+01 4.786325381381029729e+02
6.652070278477974625e+02 2.158499641887183884e+01 4.780472584107001239e+02
6.702289824228890893e+02 1.889072194165311913e+01 4.772339319886560816e+02
6.702289824228890893e+02 1.889072194165311913e+01 4.772339319886560816e+02
6.753292904151641096e+02 1.642536077217151558e+01 4.763831261741571552e+02
6.799320256656449146e+02 1.372478912181672506e+01 4.750109527110167846e+02
6.852379657649936462e+02 1.139893040153441994e+01 4.744833299909124094e+02
6.902601281923213037e+02 8.753382328704542914e+00 4.737279223841670159e+02
6.926764192067043950e+02 7.270327550880081091e+00 4.736078827280863948e+02
6.976754891118441719e+02 4.247866973090489218e+00 4.736276461316215318e+02
7.020180689687861104e+02 9.571581572754896960e-01 4.741496706200365452e+02
7.020180689687861104e+02 9.571581572754896960e-01 4.741496706200365452e+02
7.064128193168766074e+02 -2.326862594825632513e+00 4.751224022168780721e+02
7.106304476515231272e+02 -5.572574428479760478e+00 4.759658724636938132e+02
7.148628345400720718e+02 -8.637853648368336579e+00 4.768721991793107691e+02
7.190603436133058040e+02 -1.163392680294531623e+01 4.778087029003688144e+02
7.211521070656908705e+02 -1.310553287231022956e+01 4.783182338068556305e+02
7.232900888115989346e+02 -1.453043832300369864e+01 4.788000048399265438e+02
7.275126975608999373e+02 -1.723385649889787885e+01 4.795367033735455493e+02
7.296979774170071096e+02 -1.858445260559348355e+01 4.799805434736135794e+02
7.360850729372754131e+02 -2.253107423386412123e+01 4.806276272080392005e+02
7.360850729372754131e+02 -2.253107423386412123e+01 4.806276272080392005e+02
7.401528274067770781e+02 -2.528811192867816260e+01 4.808936740497154005e+02
7.447908858903294913e+02 -2.818009226335257722e+01 4.813756995643396976e+02
7.471736068487371085e+02 -2.971812176496020186e+01 4.815848698679349127e+02
7.518215824258938937e+02 -3.263115956537478013e+01 4.819509677273499619e+02
7.561395188152621358e+02 -3.576780856500046468e+01 4.817665900390301772e+02
7.606849422974219124e+02 -3.894263355605372112e+01 4.819410185946184129e+02
7.630466065198830847e+02 -4.071290620117682124e+01 4.820627750153950046e+02
7.675556594604529437e+02 -4.414139829600640041e+01 4.818069301698188269e+02
7.700578428566923321e+02 -4.577748184390191000e+01 4.819637428696912593e+02
7.743533026763960834e+02 -4.913537052368791791e+01 4.812921660212173833e+02
7.743533026763960834e+02 -4.913537052368791791e+01 4.812921660212173833e+02
7.816055779513154675e+02 -5.446290317489273036e+01 4.804836995442967122e+02
7.861593191462154664e+02 -5.822618955924365736e+01 4.796591878868436538e+02
7.882843357118944141e+02 -6.009338570461517293e+01 4.790481530613240011e+02
7.933086761718222988e+02 -6.391204457177919096e+01 4.787024452616298049e+02
7.981626970995016563e+02 -6.792046463967568570e+01 4.778948244226967859e+02
8.006381661056360599e+02 -6.976154581417567613e+01 4.776753407131706126e+02
8.025243177808636119e+02 -7.180395949931498478e+01 4.767514761593468506e+02
8.077038385420362374e+02 -7.550976662723410016e+01 4.761953459821744445e+02
8.126469322574041598e+02 -7.923296516842140136e+01 4.753915733159734032e+02
8.150834295607623972e+02 -8.125675571616288551e+01 4.747749852915786732e+02
8.196098544541380306e+02 -8.509883029905907392e+01 4.736581051172507273e+02
8.247771019084486852e+02 -8.889073194228066654e+01 4.730220506534001288e+02
8.271039849459718880e+02 -9.088466286274326933e+01 4.724887957190763927e+02
8.319180361698689694e+02 -9.484426941219642515e+01 4.716054536422704473e+02
8.367434401451304211e+02 -9.918809240255995974e+01 4.707451681521261548e+02
8.387688281854998422e+02 -1.013589701971381061e+02 4.701356025126279405e+02
8.435135307977701586e+02 -1.057270792037060829e+02 4.690118968915161304e+02
8.456638244773278075e+02 -1.078159614953076471e+02 4.687436456453847313e+02
8.481978232930995318e+02 -1.100657351409259803e+02 4.681122682977912746e+02
8.547162794364693355e+02 -1.163894402638366330e+02 4.659899501417288548e+02
8.572630469541734328e+02 -1.182339234000405668e+02 4.657302952417920778e+02
8.613266916987203103e+02 -1.219677042216753193e+02 4.643746834031014714e+02
8.633359082783651957e+02 -1.239258826371485753e+02 4.634223971216036375e+02
8.678972266302390608e+02 -1.279365985095372480e+02 4.624965925809344753e+02
8.700347850625952333e+02 -1.298827711790534920e+02 4.618955824196726780e+02
8.745332866989072045e+02 -1.342993663213099467e+02 4.609830372353102916e+02
8.769025645406163676e+02 -1.364671279259018206e+02 4.605834431862417091e+02
8.816064758203820020e+02 -1.410724179933450273e+02 4.596767048600232215e+02
8.862584695622143727e+02 -1.454445938602395927e+02 4.585913230264402500e+02
8.886673442505942830e+02 -1.476119188584335973e+02 4.580913379378978902e+02
8.931686316128498220e+02 -1.521004075149969879e+02 4.568005550184421395e+02
8.954751802384027997e+02 -1.543733523367895657e+02 4.563514824644458940e+02
9.002434684537043950e+02 -1.587414254311848651e+02 4.554246034109072525e+02
9.051064093482714270e+02 -1.633044762523776399e+02 4.540192009469558343e+02
9.075572966418757233e+02 -1.656140416072439336e+02 4.534128929355710511e+02
9.123296300023428103e+02 -1.702961590733831088e+02 4.522410627500614737e+02
9.148874908972168214e+02 -1.726802256246123761e+02 4.516194348197858517e+02
9.195449944088397842e+02 -1.777078931643659985e+02 4.503988081188336992e+02
9.240035616165708916e+02 -1.830624471494690226e+02 4.486983184759755545e+02
9.262297766553139127e+02 -1.858071966513273026e+02 4.479763252025787210e+02
9.305661374349045900e+02 -1.912826692559120829e+02 4.469432144455619778e+02
9.348611382421711369e+02 -1.970467208760859705e+02 4.458449125636410599e+02
9.369275219850984513e+02 -2.001549031625116584e+02 4.455363853275152906e+02
9.410797422601739299e+02 -2.059020111258863324e+02 4.448475463275921129e+02
9.410797422601739299e+02 -2.059020111258863324e+02 4.448475463275921129e+02
9.472109159766386028e+02 -2.146600674626428145e+02 4.436963865899145389e+02
9.511562710966098848e+02 -2.204381920472304444e+02 4.428678942390802149e+02
9.530836012880191674e+02 -2.233345854944857933e+02 4.424304669387464060e+02
9.571825808661354813e+02 -2.292157943627656778e+02 4.416447592594344655e+02
9.591550012634862696e+02 -2.321212981911827171e+02 4.413030282740049302e+02
9.632269503709881064e+02 -2.380197287264143426e+02 4.402398044659458947e+02
9.670392906154349930e+02 -2.438750899637847738e+02 4.392585271104048843e+02
9.693115958260194702e+02 -2.468195007624219386e+02 4.389084498913371704e+02
9.730933865605575193e+02 -2.527773743438631300e+02 4.377188483848622127e+02
9.751575868494164752e+02 -2.558313289925319225e+02 4.371371106479228388e+02
9.792789863017607104e+02 -2.617069615156943314e+02 4.358910822502581368e+02
9.812347403401867041e+02 -2.646666726275272481e+02 4.348233434701884335e+02
9.857129144602956785e+02 -2.703966535198748602e+02 4.332847716325934471e+02
9.903951269877455843e+02 -2.760845409210877506e+02 4.311818197851363266e+02
9.926189155707018017e+02 -2.787995726879512404e+02 4.299793874893538259e+02
9.972944229748785574e+02 -2.845370488264144910e+02 4.270332537173956098e+02
1.001943862561633296e+03 -2.902425875134790658e+02 4.237109902855548285e+02
1.006896963435792941e+03 -2.960432363124991184e+02 4.201510411023909342e+02
1.009426660105025007e+03 -2.989225827099675712e+02 4.183012990717629123e+02
1.014492178837312963e+03 -3.050721915656703800e+02 4.145166567299176563e+02
1.016910455250825976e+03 -3.081039405558728390e+02 4.126503470116671792e+02
1.019564478234546755e+03 -3.111940320489841270e+02 4.110197107422932845e+02
1.024359435325382719e+03 -3.175852554028077748e+02 4.071767248573329425e+02
1.028384833986248168e+03 -3.238259719995861019e+02 4.029592936360566000e+02
1.030890249576173119e+03 -3.264770875251743405e+02 4.015949724705394601e+02
1.034897678944549398e+03 -3.316029693563461933e+02 3.995875487249417120e+02
1.038343670523864603e+03 -3.361811855173089043e+02 3.991542154846129620e+02
1.040235231401121155e+03 -3.381661931703599180e+02 3.992128421731039225e+02
1.043932266056104709e+03 -3.424794014399942625e+02 3.992512116167775957e+02
1.045673842655027329e+03 -3.450343325122851184e+02 3.992786686477364810e+02
1.049242026869061419e+03 -3.501675022394414896e+02 3.990534027705912763e+02
1.053606698824214845e+03 -3.553591699140359879e+02 3.986241918307406422e+02
1.055508344707268407e+03 -3.581092445578913726e+02 3.982425036645733485e+02
1.057570557774399731e+03 -3.607246362111572466e+02 3.980417334107377201e+02
1.059450026844025388e+03 -3.636508362415539750e+02 3.979778289403666918e+02
1.064831548021980552e+03 -3.716088328266605458e+02 3.983213737514928425e+02
1.066549794300809026e+03 -3.741447410209993336e+02 3.987189677166045385e+02
1.069885637478113495e+03 -3.787538484482604986e+02 3.994564277447590257e+02
1.073065432135373158e+03 -3.835329619624163797e+02 4.003649754591058354e+02
1.074773773366812293e+03 -3.856795539078287334e+02 4.009425224103694632e+02
1.078016328785732185e+03 -3.901906069987023784e+02 4.021294501069506282e+02
1.081326291526836712e+03 -3.944808590463195515e+02 4.033047170623947864e+02
1.082885574059606142e+03 -3.966730264507046400e+02 4.038623171064316466e+02
1.086051362599639106e+03 -4.009210542097437724e+02 4.050294161874213046e+02
1.087886073924184529e+03 -4.030496381792615921e+02 4.056913384748781937e+02
1.094579483189030725e+03 -4.120014894854510317e+02 4.082843217669935143e+02
1.094579483189030725e+03 -4.120014894854510317e+02 4.082843217669935143e+02
1.099972807454870235e+03 -4.188456334437948385e+02 4.100924454543247748e+02
1.103620178826694882e+03 -4.232980341291348623e+02 4.114888261111642578e+02
1.107286602841747026e+03 -4.278532751983290723e+02 4.126919103919468057e+02
1.109211511053340701e+03 -4.301041277347063101e+02 4.133112346997273789e+02
1.112869613402567666e+03 -4.347878858920949483e+02 4.143121438194233974e+02
1.112869613402567666e+03 -4.347878858920949483e+02 4.143121438194233974e+02
1.118716179611018106e+03 -4.413177212206152262e+02 4.159764038247885765e+02
1.120458130167674426e+03 -4.435648114451374795e+02 4.164188757103526086e+02
1.122517800554230007e+03 -4.458942771797409819e+02 4.168690355837434254e+02
1.126445925050855749e+03 -4.502830798008910733e+02 4.177852507935343738e+02
1.130528752053076005e+03 -4.542397493619433249e+02 4.186197263016753709e+02
1.132598740651729258e+03 -4.563901447414825725e+02 4.188201656351762949e+02
1.134266321182514048e+03 -4.587156187789540809e+02 4.192482068295162776e+02
1.140648414636533744e+03 -4.650010579186570112e+02 4.202347219322970773e+02
1.142871762119970299e+03 -4.671051618729288180e+02 4.206380234364411308e+02
1.147085237755991557e+03 -4.717084135201075696e+02 4.214368969116147241e+02
1.151466952711095018e+03 -4.762231164528080853e+02 4.222770979695526989e+02
1.153689465292572777e+03 -4.785436957863379916e+02 4.227890449934771482e+02
1.155841599521223543e+03 -4.809990692822087226e+02 4.235393488459960167e+02
1.160064770258179124e+03 -4.859776235688640327e+02 4.252575882368556677e+02
1.164289455272637497e+03 -4.905250762406907938e+02 4.269110659372092869e+02
1.166463621655428142e+03 -4.929460534650550585e+02 4.276980689555875870e+02
1.170694146511592862e+03 -4.976302188597126701e+02 4.298044709249495554e+02
1.172831755894628714e+03 -4.999408869290559778e+02 4.307394727446460365e+02
1.177325435094364138e+03 -5.047025587653563434e+02 4.326401016461179552e+02
1.181380894498357748e+03 -5.092499929130236751e+02 4.344609106596008132e+02
1.184019924908037865e+03 -5.110875394546998223e+02 4.350425995358891100e+02
1.188585165558084555e+03 -5.153478252015222552e+02 4.365497283281843579e+02
1.193081404246958300e+03 -5.198640618670465301e+02 4.383384021838434137e+02
1.197618581089307781e+03 -5.245117320705597876e+02 4.396412228073417054e+02
1.199896605074512991e+03 -5.268072418402010726e+02 4.404542868644322766e+02
1.204461201115741915e+03 -5.314084757228349645e+02 4.413785265261440145e+02
1.209211492603831630e+03 -5.362384653327409296e+02 4.425617556128681258e+02
1.211319079890059811e+03 -5.384997792699990669e+02 4.429662521018981352e+02
1.215911434114163285e+03 -5.429576364112188003e+02 4.435403941622101343e+02
1.218137162887398063e+03 -5.453896611231657516e+02 4.439819275826359330e+02
1.220583886370601022e+03 -5.476934684591802807e+02 4.443542625459037936e+02
1.222911993707022020e+03 -5.500064129336952874e+02 4.444696058689925167e+02
1.229732955616953859e+03 -5.569429548165177266e+02 4.448711503325120589e+02
1.232136177397287156e+03 -5.591834206961871132e+02 4.450728078436555961e+02
1.234582816430086950e+03 -5.611641612540363440e+02 4.449623361046981245e+02
1.234582816430086950e+03 -5.611641612540363440e+02 4.449623361046981245e+02
1.234582816430086950e+03 -5.611641612540363440e+02 4.449623361046981245e+02
1.248068001179407474e+03 -5.742245828947110340e+02 4.440417768442581519e+02
1.250837865055261773e+03 -5.766021323381806951e+02 4.439526997958053016e+02
1.255794545745672849e+03 -5.810523972378676945e+02 4.434013199531718215e+02
1.260702585876735611e+03 -5.854333228508994580e+02 4.426331961465503468e+02
1.260702585876735611e+03 -5.854333228508994580e+02 4.426331961465503468e+02
1.267744016938552704e+03 -5.922206681053916100e+02 4.412715922754222220e+02
1.270150472725639020e+03 -5.946689752614940971e+02 4.407542678266457870e+02
1.272309635840652845e+03 -5.971348678454116907e+02 4.400943444227659143e+02
1.279954903371357659e+03 -6.039073433030954448e+02 4.377097806242177285e+02
1.279954903371357659e+03 -6.039073433030954448e+02 4.377097806242177285e+02
1.285039940156720377e+03 -6.079462431886348668e+02 4.360787592366050376e+02
1.289520582428669741e+03 -6.117579244730297887e+02 4.353429545269682990e+02
1.291336874909033440e+03 -6.131142223904527100e+02 4.348676424798715630e+02
1.295313007166287434e+03 -6.166221141814205566e+02 4.350186459325038868e+02
1.300205082602303037e+03 -6.205239526273355750e+02 4.359771627744220268e+02
1.304367395349245044e+03 -6.241034932385022103e+02 4.368248859338468719e+02
1.306659488574518264e+03 -6.263081524938174880e+02 4.370565582280620447e+02
1.306659488574518264e+03 -6.263081524938174880e+02 4.370565582280620447e+02
1.313322682404616671e+03 -6.327653606752401174e+02 4.382823645902529961e+02
1.318129105248463929e+03 -6.369666362377839732e+02 4.392665809993833363e+02
1.320412878760396552e+03 -6.391440947208494663e+02 4.398989025716314814e+02
1.324900036709238066e+03 -6.431042674377745243e+02 4.409471851428663172e+02
1.329700719508605971e+03 -6.472739175298613645e+02 4.421541314089182038e+02
1.329700719508605971e+03 -6.472739175298613645e+02 4.421541314089182038e+02
1.335997239114812146e+03 -6.526910997864442834e+02 4.436175527543634303e+02
1.340585074241251505e+03 -6.564775670795536371e+02 4.447534655592813237e+02
1.342488832855286319e+03 -6.584845711263337762e+02 4.450546331159335978e+02
1.347013316901710596e+03 -6.622536705304758016e+02 4.461504890858627164e+02
1.349341896365122466e+03 -6.639447169727894789e+02 4.465292417374466822e+02
1.353702275773163137e+03 -6.671951881002867140e+02 4.473381434557643956e+02
1.355758536141276409e+03 -6.689901880153719276e+02 4.476487894544027881e+02
1.360396449157342431e+03 -6.723318464740027594e+02 4.485104042554763168e+02
1.362724575742884781e+03 -6.740248494249848363e+02 4.488301600495466914e+02
1.367218678128674583e+03 -6.771821081106276097e+02 4.495051071405136440e+02
