1.753179230505905628e+09
1.753179230511460543e+09
1.753179230515353680e+09
1.753179230522022724e+09
1.753179230525843859e+09
1.753179230530507803e+09
1.753179230535353661e+09
1.753179230541436195e+09
1.753179230547209740e+09
1.753179230551835537e+09
1.753179230555385351e+09
1.753179230561811447e+09
1.753179230565552950e+09
1.753179230574365616e+09
1.753179230577754736e+09
1.753179230581465006e+09
1.753179230587127924e+09
1.753179230591785908e+09
1.753179230595369816e+09
1.753179230600330591e+09
1.753179230605373144e+09
1.753179230612035036e+09
1.753179230615360022e+09
1.753179230621983051e+09
1.753179230625403166e+09
1.753179230631968498e+09
1.753179230635802269e+09
1.753179230641511440e+09
1.753179230647300243e+09
1.753179230651851177e+09
1.753179230655358791e+09
1.753179230661622763e+09
1.753179230665952206e+09
1.753179230672409058e+09
1.753179230675560713e+09
1.753179230681770802e+09
1.753179230687463522e+09
1.753179230691719532e+09
1.753179230695349455e+09
1.753179230701728106e+09
1.753179230705714464e+09
1.753179230711947441e+09
1.753179230715397835e+09
1.753179230721782923e+09
1.753179230725581884e+09
1.753179230731791019e+09
1.753179230735493898e+09
1.753179230743206263e+09
1.753179230745616913e+09
1.753179230751519918e+09
1.753179230755388260e+09
1.753179230762154818e+09
1.753179230765636206e+09
1.753179230771856546e+09
1.753179230775489330e+09
1.753179230781880856e+09
1.753179230785571814e+09
1.753179230791692734e+09
1.753179230795359373e+09
1.753179230801752329e+09
1.753179230805587053e+09
1.753179230810497999e+09
1.753179230815383434e+09
1.753179230821629763e+09
1.753179230827193737e+09
1.753179230831644058e+09
1.753179230835516691e+09
1.753179230841926575e+09
1.753179230845598459e+09
1.753179230851889610e+09
1.753179230855498075e+09
1.753179230861794233e+09
1.753179230865814686e+09
1.753179230872289896e+09
1.753179230875583887e+09
1.753179230881873608e+09
1.753179230887128592e+09
1.753179230891551971e+09
1.753179230895409584e+09
1.753179230901951075e+09
1.753179230905778170e+09
1.753179230911732674e+09
1.753179230915349007e+09
1.753179230922053576e+09
1.753179230925569773e+09
1.753179230931601524e+09
1.753179230935771465e+09
1.753179230942133904e+09
1.753179230947468042e+09
1.753179230950921774e+09
1.753179230955329895e+09
1.753179230961972952e+09
1.753179230966025829e+09
1.753179230971855879e+09
1.753179230975388527e+09
1.753179230981507540e+09
1.753179230987645149e+09
1.753179230990211725e+09
1.753179230995785236e+09
1.753179231001790524e+09
1.753179231005606413e+09
1.753179231011924505e+09
1.753179231015389681e+09
1.753179231021804571e+09
1.753179231025706053e+09
1.753179231031495333e+09
1.753179231035384178e+09
1.753179231041926861e+09
1.753179231045666218e+09
1.753179231051655531e+09
1.753179231055402279e+09
1.753179231061810493e+09
1.753179231065614223e+09
1.753179231071802855e+09
1.753179231075371742e+09
1.753179231081748009e+09
1.753179231085639715e+09
1.753179231091685295e+09
1.753179231095445156e+09
1.753179231101546288e+09
1.753179231105576277e+09
1.753179231111492157e+09
1.753179231115420580e+09
1.753179231122193813e+09
1.753179231125591278e+09
1.753179231131545544e+09
1.753179231135322094e+09
1.753179231141622066e+09
1.753179231147712231e+09
1.753179231149913073e+09
1.753179231155480385e+09
1.753179231161485910e+09
1.753179231167090654e+09
1.753179231172496557e+09
1.753179231175748348e+09
1.753179231181585550e+09
1.753179231187260628e+09
1.753179231191962004e+09
1.753179231195684433e+09
1.753179231201802731e+09
1.753179231205542803e+09
1.753179231209960699e+09
1.753179231215500116e+09
1.753179231221624851e+09
1.753179231225655556e+09
1.753179231231096745e+09
1.753179231235347271e+09
1.753179231242249727e+09
1.753179231245589972e+09
1.753179231251711845e+09
1.753179231255344152e+09
1.753179231261785746e+09
1.753179231265567064e+09
1.753179231272569180e+09
1.753179231275452852e+09
1.753179231279965639e+09
1.753179231285620213e+09
1.753179231291741610e+09
1.753179231295405388e+09
1.753179231300718069e+09
1.753179231305581331e+09
1.753179231311694145e+09
1.753179231315349340e+09
1.753179231321669340e+09
1.753179231325543404e+09
1.753179231331979036e+09
1.753179231335609913e+09
1.753179231341929436e+09
1.753179231345704079e+09
1.753179231351673365e+09
1.753179231355549812e+09
1.753179231361926079e+09
1.753179231366914511e+09
1.753179231371457100e+09
1.753179231375362635e+09
1.753179231381724834e+09
1.753179231385721207e+09
1.753179231391954660e+09
1.753179231395410538e+09
1.753179231401762962e+09
1.753179231405774117e+09
1.753179231411749840e+09
1.753179231415516376e+09
1.753179231421595335e+09
1.753179231425441504e+09
1.753179231432045460e+09
1.753179231435344458e+09
1.753179231442397833e+09
1.753179231445515871e+09
1.753179231452054262e+09
1.753179231455642462e+09
1.753179231462114334e+09
1.753179231467188835e+09
1.753179231471689224e+09
1.753179231475401402e+09
1.753179231482086897e+09
1.753179231487168550e+09
1.753179231491497517e+09
1.753179231495584965e+09
1.753179231501967669e+09
1.753179231505710840e+09
1.753179231510678291e+09
1.753179231515462160e+09
1.753179231521813154e+09
1.753179231525413513e+09
1.753179231531940937e+09
1.753179231535409927e+09
1.753179231541683435e+09
1.753179231547293663e+09
1.753179231552022457e+09
1.753179231555467367e+09
1.753179231561592817e+09
1.753179231565282106e+09
1.753179231572286606e+09
1.753179231575513601e+09
1.753179231580749989e+09
1.753179231585382700e+09
1.753179231591704369e+09
1.753179231595184088e+09
1.753179231602478743e+09
1.753179231607322931e+09
1.753179231611598253e+09
1.753179231617223024e+09
1.753179231622172832e+09
1.753179231625599384e+09
1.753179231631745815e+09
1.753179231635802984e+09
1.753179231642563343e+09
1.753179231646869659e+09
1.753179231651849985e+09
1.753179231655621529e+09
1.753179231661670446e+09
1.753179231667704821e+09
1.753179231672051907e+09
1.753179231676528454e+09
1.753179231681899786e+09
1.753179231685538530e+09
1.753179231691750288e+09
1.753179231695260048e+09
1.753179231701549292e+09
1.753179231705971956e+09
1.753179231711855650e+09
1.753179231715340376e+09
1.753179231719901085e+09
1.753179231725819588e+09
1.753179231731613874e+09
1.753179231735349417e+09
1.753179231741674662e+09
1.753179231745552063e+09
1.753179231751854420e+09
1.753179231755647182e+09
1.753179231761745214e+09
1.753179231765563488e+09
1.753179231771804571e+09
1.753179231775355816e+09
1.753179231781590462e+09
1.753179231785382986e+09
1.753179231792122841e+09
1.753179231795519590e+09
1.753179231801732302e+09
1.753179231805463076e+09
1.753179231811928034e+09
1.753179231815386534e+09
1.753179231821885347e+09
1.753179231825568914e+09
1.753179231831929684e+09
1.753179231835339546e+09
1.753179231842132568e+09
1.753179231845590591e+09
1.753179231852254629e+09
1.753179231855597019e+09
1.753179231860970736e+09
1.753179231865344763e+09
1.753179231871942043e+09
1.753179231875401020e+09
1.753179231881721973e+09
1.753179231885572195e+09
1.753179231891708612e+09
1.753179231895380974e+09
1.753179231901739359e+09
1.753179231905677795e+09
1.753179231911771059e+09
1.753179231915354967e+09
1.753179231921772718e+09
1.753179231925396919e+09
1.753179231931332588e+09
1.753179231935356379e+09
1.753179231942229271e+09
1.753179231947599173e+09
1.753179231951860666e+09
1.753179231955366135e+09
1.753179231961688995e+09
1.753179231965610981e+09
1.753179231972223759e+09
1.753179231977462769e+09
1.753179231981497765e+09
1.753179231987273693e+09
1.753179231991589308e+09
1.753179231995647430e+09
1.753179232000665665e+09
1.753179232005568504e+09
1.753179232011749983e+09
1.753179232015352488e+09
1.753179232021764755e+09
1.753179232025730610e+09
1.753179232031859398e+09
1.753179232035367966e+09
1.753179232041530132e+09
1.753179232045690298e+09
1.753179232051888943e+09
1.753179232055530071e+09
1.753179232061912775e+09
1.753179232065581799e+09
1.753179232071431875e+09
1.753179232075605392e+09
1.753179232081990004e+09
1.753179232085695982e+09
1.753179232091893196e+09
1.753179232095462799e+09
1.753179232102038860e+09
1.753179232105659485e+09
1.753179232111791849e+09
1.753179232115421772e+09
1.753179232122258186e+09
1.753179232125850916e+09
1.753179232130332232e+09
1.753179232135409594e+09
1.753179232140787125e+09
1.753179232145728350e+09
1.753179232152264595e+09
1.753179232155401468e+09
1.753179232161791086e+09
1.753179232165613174e+09
1.753179232171794415e+09
1.753179232175495386e+09
1.753179232181733131e+09
1.753179232185379982e+09
1.753179232191750288e+09
1.753179232195326567e+09
1.753179232201739550e+09
1.753179232206439972e+09
1.753179232212004185e+09
1.753179232215382814e+09
1.753179232221839905e+09
1.753179232225430012e+09
1.753179232231465101e+09
1.753179232235341787e+09
1.753179232242121220e+09
1.753179232245731831e+09
1.753179232251790762e+09
1.753179232255432606e+09
1.753179232261630535e+09
1.753179232265331984e+09
1.753179232271941185e+09
1.753179232275682926e+09
1.753179232280353308e+09
1.753179232285637140e+09
1.753179232291821718e+09
1.753179232295385599e+09
1.753179232301744461e+09
1.753179232306221962e+09
1.753179232311805248e+09
1.753179232315476656e+09
1.753179232321830988e+09
1.753179232325730324e+09
1.753179232331719160e+09
1.753179232335629463e+09
1.753179232341801405e+09
1.753179232345662117e+09
1.753179232351539135e+09
1.753179232355375767e+09
1.753179232361617565e+09
1.753179232365853071e+09
1.753179232372321129e+09
1.753179232376279116e+09
1.753179232381629229e+09
1.753179232387397289e+09
1.753179232392194033e+09
1.753179232395596504e+09
1.753179232401588917e+09
1.753179232407282829e+09
1.753179232411964893e+09
1.753179232415586472e+09
1.753179232420347452e+09
1.753179232427375793e+09
1.753179232429949522e+09
1.753179232435672760e+09
1.753179232441601276e+09
1.753179232447334766e+09
1.753179232451681376e+09
1.753179232455381393e+09
1.753179232462094307e+09
1.753179232465625048e+09
1.753179232471868277e+09
1.753179232475422144e+09
1.753179232481753588e+09
1.753179232485865831e+09
1.753179232491609812e+09
1.753179232495410681e+09
1.753179232502033472e+09
1.753179232505707741e+09
1.753179232511824369e+09
1.753179232515327215e+09
1.753179232521923542e+09
1.753179232527452230e+09
1.753179232531753302e+09
1.753179232535316706e+09
1.753179232541829109e+09
1.753179232545530319e+09
1.753179232551946402e+09
1.753179232555334091e+09
1.753179232560133696e+09
1.753179232567042828e+09
1.753179232571481705e+09
1.753179232575626612e+09
1.753179232581981659e+09
1.753179232585563660e+09
1.753179232591813803e+09
1.753179232595430374e+09
1.753179232601749897e+09
1.753179232605536938e+09
1.753179232611884356e+09
1.753179232615357161e+09
1.753179232621736050e+09
1.753179232626673460e+09
1.753179232631460905e+09
1.753179232635169268e+09
1.753179232643082857e+09
1.753179232647351503e+09
1.753179232651812315e+09
1.753179232655358553e+09
1.753179232661695719e+09
1.753179232665595293e+09
1.753179232672148943e+09
1.753179232675468206e+09
1.753179232681762934e+09
1.753179232685558558e+09
1.753179232691963196e+09
1.753179232695542336e+09
1.753179232700647116e+09
1.753179232705562353e+09
1.753179232711815357e+09
1.753179232715350389e+09
1.753179232721730471e+09
1.753179232725592136e+09
1.753179232732291937e+09
1.753179232735360146e+09
1.753179232741698265e+09
1.753179232745500565e+09
1.753179232751473427e+09
1.753179232755227804e+09
1.753179232762564421e+09
1.753179232765626431e+09
1.753179232771933556e+09
1.753179232775368452e+09
1.753179232781749249e+09
1.753179232785324812e+09
1.753179232791823149e+09
1.753179232795454741e+09
1.753179232801672459e+09
1.753179232805601358e+09
1.753179232811530828e+09
1.753179232815360069e+09
1.753179232822508812e+09
1.753179232825681210e+09
1.753179232831746101e+09
1.753179232835344076e+09
1.753179232841844082e+09
1.753179232845322132e+09
1.753179232852302313e+09
1.753179232855632782e+09
1.753179232861955881e+09
1.753179232865642309e+09
1.753179232872067928e+09
1.753179232875388145e+09
1.753179232881788254e+09
1.753179232885617256e+09
1.753179232891687393e+09
1.753179232895419598e+09
1.753179232901670456e+09
1.753179232906095028e+09
1.753179232911772251e+09
1.753179232915431738e+09
1.753179232921914577e+09
1.753179232925601244e+09
1.753179232932343960e+09
1.753179232937222481e+09
1.753179232940390110e+09
1.753179232947227716e+09
1.753179232951663971e+09
1.753179232955582619e+09
1.753179232961782932e+09
1.753179232967087269e+09
1.753179232971406698e+09
1.753179232976049185e+09
1.753179232981974602e+09
1.753179232987329721e+09
1.753179232991585970e+09
1.753179232995339155e+09
1.753179233001572132e+09
1.753179233007558823e+09
1.753179233011563778e+09
1.753179233015633583e+09
1.753179233022397757e+09
1.753179233025604963e+09
1.753179233031634569e+09
1.753179233035589933e+09
1.753179233040024042e+09
1.753179233047837019e+09
1.753179233051490784e+09
1.753179233056605339e+09
1.753179233061923742e+09
1.753179233065627098e+09
1.753179233071540833e+09
1.753179233075469255e+09
1.753179233081914186e+09
1.753179233085551023e+09
1.753179233091749907e+09
1.753179233095346451e+09
1.753179233101771116e+09
1.753179233105708599e+09
1.753179233111898184e+09
1.753179233115376711e+09
1.753179233120591640e+09
1.753179233128212929e+09
1.753179233130083084e+09
1.753179233135641098e+09
1.753179233141805887e+09
1.753179233145647049e+09
1.753179233151781559e+09
1.753179233155344963e+09
1.753179233161545992e+09
1.753179233167694092e+09
1.753179233172189713e+09
1.753179233175666094e+09
1.753179233181591749e+09
1.753179233187560558e+09
1.753179233191456079e+09
1.753179233195337296e+09
1.753179233201668024e+09
1.753179233205596209e+09
1.753179233212001085e+09
1.753179233215711594e+09
1.753179233222034216e+09
1.753179233225424528e+09
1.753179233231683493e+09
1.753179233235344648e+09
1.753179233242396832e+09
1.753179233245558977e+09
1.753179233252136946e+09
1.753179233255406141e+09
1.753179233260178804e+09
1.753179233267125607e+09
1.753179233271719456e+09
1.753179233275557995e+09
1.753179233283445358e+09
1.753179233287867546e+09
1.753179233290098429e+09
1.753179233295318365e+09
1.753179233301553965e+09
1.753179233305563450e+09
1.753179233311630249e+09
1.753179233315391541e+09
1.753179233322249889e+09
1.753179233325632811e+09
1.753179233331707478e+09
1.753179233335459948e+09
1.753179233341738462e+09
1.753179233347661972e+09
1.753179233351854801e+09
1.753179233355446815e+09
1.753179233361721754e+09
1.753179233365556479e+09
1.753179233372133970e+09
1.753179233377543926e+09
1.753179233381727695e+09
1.753179233385627747e+09
1.753179233392083168e+09
1.753179233395386219e+09
1.753179233400382280e+09
1.753179233405951977e+09
1.753179233412233591e+09
1.753179233415374517e+09
1.753179233421831131e+09
1.753179233425360441e+09
1.753179233431866884e+09
1.753179233435790300e+09
1.753179233441777945e+09
1.753179233447425842e+09
1.753179233450171947e+09
1.753179233455356121e+09
1.753179233461471081e+09
1.753179233466669321e+09
1.753179233472032070e+09
1.753179233475326300e+09
1.753179233481528044e+09
1.753179233485644579e+09
1.753179233491933346e+09
1.753179233495373487e+09
1.753179233501571178e+09
1.753179233505551338e+09
1.753179233511922598e+09
1.753179233515340328e+09
1.753179233521897316e+09
1.753179233525575399e+09
1.753179233531520367e+09
1.753179233535575628e+09
1.753179233541976929e+09
1.753179233545729399e+09
1.753179233551896811e+09
1.753179233555482864e+09
1.753179233561572552e+09
1.753179233565335751e+09
1.753179233572353363e+09
1.753179233575517893e+09
1.753179233581825733e+09
1.753179233586569309e+09
1.753179233591836929e+09
1.753179233595520020e+09
1.753179233601806402e+09
1.753179233605544567e+09
1.753179233610493898e+09
1.753179233615349054e+09
1.753179233621995449e+09
1.753179233625619411e+09
1.753179233631701946e+09
1.753179233635326862e+09
1.753179233641541958e+09
1.753179233647478104e+09
1.753179233650837421e+09
1.753179233655661106e+09
1.753179233661581278e+09
1.753179233667649269e+09
1.753179233672228813e+09
1.753179233675624371e+09
1.753179233680795193e+09
1.753179233687204599e+09
1.753179233692273855e+09
1.753179233695501566e+09
1.753179233701750994e+09
1.753179233705811501e+09
1.753179233711941004e+09
1.753179233715500116e+09
1.753179233721736193e+09
1.753179233725416422e+09
1.753179233731701851e+09
1.753179233735337496e+09
1.753179233741923094e+09
1.753179233745726109e+09
1.753179233751813412e+09
1.753179233755358696e+09
1.753179233761959314e+09
1.753179233765648365e+09
1.753179233771474123e+09
1.753179233775612354e+09
1.753179233781922579e+09
1.753179233786667585e+09
1.753179233791672468e+09
1.753179233795351028e+09
1.753179233801706553e+09
1.753179233806000233e+09
1.753179233811749458e+09
1.753179233815361738e+09
1.753179233821639776e+09
1.753179233825517893e+09
1.753179233831558704e+09
1.753179233835718870e+09
1.753179233842258453e+09
1.753179233845602751e+09
1.753179233851806164e+09
1.753179233855468750e+09
1.753179233861744404e+09
1.753179233867747784e+09
1.753179233871680737e+09
1.753179233875406027e+09
1.753179233881689072e+09
1.753179233885564566e+09
1.753179233891824484e+09
1.753179233895599842e+09
1.753179233901745081e+09
1.753179233905583858e+09
1.753179233911799669e+09
1.753179233915359497e+09
1.753179233921890497e+09
1.753179233926104784e+09
1.753179233931741238e+09
1.753179233935370207e+09
1.753179233941740274e+09
1.753179233945539474e+09
1.753179233951840878e+09
1.753179233955478191e+09
1.753179233960700274e+09
1.753179233965608120e+09
1.753179233971797466e+09
1.753179233975574017e+09
1.753179233981007576e+09
1.753179233985748529e+09
1.753179233991825104e+09
1.753179233995509386e+09
1.753179234001795292e+09
1.753179234005555391e+09
1.753179234011740446e+09
1.753179234015376329e+09
1.753179234021882296e+09
1.753179234025416374e+09
1.753179234029857635e+09
1.753179234035357952e+09
1.753179234041692495e+09
1.753179234047395229e+09
1.753179234050440073e+09
1.753179234056736946e+09
1.753179234061454773e+09
1.753179234067191601e+09
1.753179234072206259e+09
1.753179234075667381e+09
1.753179234081638336e+09
1.753179234087201357e+09
1.753179234091549873e+09
1.753179234095338345e+09
1.753179234102005482e+09
1.753179234105757475e+09
1.753179234111782074e+09
1.753179234115381479e+09
1.753179234121853113e+09
1.753179234125444174e+09
1.753179234131738424e+09
1.753179234135461092e+09
1.753179234141896486e+09
1.753179234147532701e+09
1.753179234151650906e+09
1.753179234155776262e+09
1.753179234162228584e+09
1.753179234165414095e+09
1.753179234170709848e+09
1.753179234175554752e+09
1.753179234181849718e+09
1.753179234185355425e+09
1.753179234191769361e+09
1.753179234195532799e+09
1.753179234201969624e+09
1.753179234205578804e+09
1.753179234211692572e+09
1.753179234215391159e+09
1.753179234221714497e+09
1.753179234225780249e+09
1.753179234232052565e+09
1.753179234235371828e+09
1.753179234240536690e+09
1.753179234245690823e+09
1.753179234251663446e+09
1.753179234256398678e+09
1.753179234261861324e+09
1.753179234265700340e+09
1.753179234271443129e+09
1.753179234275240660e+09
1.753179234281852484e+09
1.753179234285637140e+09
1.753179234292287827e+09
1.753179234295378447e+09
1.753179234301818609e+09
1.753179234305648327e+09
1.753179234311681032e+09
1.753179234315344334e+09
1.753179234321905851e+09
1.753179234325855494e+09
1.753179234331795931e+09
1.753179234335371017e+09
1.753179234341809511e+09
1.753179234345576525e+09
1.753179234351804972e+09
1.753179234355384350e+09
1.753179234361584187e+09
1.753179234367341518e+09
1.753179234372141361e+09
1.753179234375592947e+09
1.753179234380402803e+09
1.753179234387613535e+09
1.753179234391724110e+09
1.753179234395351887e+09
1.753179234401745319e+09
1.753179234405464888e+09
1.753179234411287308e+09
1.753179234415561914e+09
1.753179234421937466e+09
1.753179234425666809e+09
1.753179234431936264e+09
1.753179234435357332e+09
1.753179234441763878e+09
1.753179234446101665e+09
1.753179234453457355e+09
1.753179234456664085e+09
1.753179234461792469e+09
1.753179234465485811e+09
1.753179234471973419e+09
1.753179234480775118e+09
1.753179234485740662e+09
1.753179234491498232e+09
1.753179234495574951e+09
1.753179234501864433e+09
1.753179234505452633e+09
1.753179234511698008e+09
1.753179234515602350e+09
1.753179234520340443e+09
1.753179234527750731e+09
1.753179234531919003e+09
1.753179234535340309e+09
1.753179234541773319e+09
1.753179234545696020e+09
1.753179234551739693e+09
1.753179234555340767e+09
1.753179234561797619e+09
1.753179234565578699e+09
1.753179234572037935e+09
1.753179234575865746e+09
1.753179234582032681e+09
1.753179234585581303e+09
1.753179234594182730e+09
1.753179234595415592e+09
1.753179234601646662e+09
1.753179234605664253e+09
1.753179234611700535e+09
1.753179234615347147e+09
1.753179234622006178e+09
1.753179234627493143e+09
1.753179234631546736e+09
1.753179234635719061e+09
1.753179234641896486e+09
1.753179234645591259e+09
1.753179234651765823e+09
1.753179234655510426e+09
1.753179234660485268e+09
1.753179234667739391e+09
1.753179234671448231e+09
1.753179234675377607e+09
1.753179234681555986e+09
1.753179234687107563e+09
1.753179234691724539e+09
1.753179234695533514e+09
1.753179234701830864e+09
1.753179234705621004e+09
1.753179234711743116e+09
1.753179234715429306e+09
1.753179234721739531e+09
1.753179234725831270e+09
1.753179234733364582e+09
1.753179234735326529e+09
1.753179234742038727e+09
1.753179234745550394e+09
1.753179234751752377e+09
1.753179234755393982e+09
1.753179234761797190e+09
1.753179234765582561e+09
1.753179234771700382e+09
1.753179234775473356e+09
1.753179234781795979e+09
1.753179234785436869e+09
1.753179234791455507e+09
1.753179234795338869e+09
1.753179234804141760e+09
1.753179234805801392e+09
1.753179234812036514e+09
1.753179234816226721e+09
1.753179234823894024e+09
1.753179234825618029e+09
1.753179234831712723e+09
1.753179234835394144e+09
1.753179234841841698e+09
1.753179234845718622e+09
1.753179234851984739e+09
1.753179234855367661e+09
1.753179234861748695e+09
1.753179234865349770e+09
1.753179234871464491e+09
1.753179234877835989e+09
1.753179234882835865e+09
1.753179234885607481e+09
1.753179234891958475e+09
1.753179234895496130e+09
1.753179234899880886e+09
1.753179234905493736e+09
1.753179234912041426e+09
1.753179234915656805e+09
1.753179234921827078e+09
1.753179234925648928e+09
1.753179234931863546e+09
1.753179234935185194e+09
1.753179234944820404e+09
1.753179234945649862e+09
1.753179234951796770e+09
1.753179234955312490e+09
1.753179234961697102e+09
1.753179234965442896e+09
1.753179234971719027e+09
1.753179234975629330e+09
1.753179234981830597e+09
1.753179234985557079e+09
1.753179234991719961e+09
1.753179234995374441e+09
1.753179235001702309e+09
1.753179235007772923e+09
1.753179235013308525e+09
1.753179235015486240e+09
1.753179235021452427e+09
1.753179235025654078e+09
1.753179235032049894e+09
1.753179235035691738e+09
1.753179235041561842e+09
1.753179235047233582e+09
1.753179235051605463e+09
1.753179235055355787e+09
1.753179235061805725e+09
1.753179235067631245e+09
1.753179235071605206e+09
1.753179235075381756e+09
1.753179235081227303e+09
1.753179235085653782e+09
1.753179235091879129e+09
1.753179235095744371e+09
1.753179235101694345e+09
1.753179235105548382e+09
1.753179235111718655e+09
1.753179235115362883e+09
1.753179235122015715e+09
1.753179235125556469e+09
1.753179235131608725e+09
1.753179235135400772e+09
1.753179235141488791e+09
1.753179235147919655e+09
1.753179235151100397e+09
1.753179235155506849e+09
1.753179235162241936e+09
1.753179235167159796e+09
1.753179235171489954e+09
1.753179235175289869e+09
1.753179235181748629e+09
1.753179235185485363e+09
1.753179235191671371e+09
1.753179235195355415e+09
1.753179235201661587e+09
1.753179235205341578e+09
1.753179235211666584e+09
1.753179235215557098e+09
1.753179235220945835e+09
1.753179235227218866e+09
1.753179235231595993e+09
1.753179235236590862e+09
1.753179235242008686e+09
1.753179235245817661e+09
1.753179235251867533e+09
1.753179235255425215e+09
1.753179235261753559e+09
1.753179235265576124e+09
1.753179235270112991e+09
1.753179235277398348e+09
1.753179235281638384e+09
1.753179235285594702e+09
1.753179235293619394e+09
1.753179235295368910e+09
1.753179235301617622e+09
1.753179235305615664e+09
1.753179235311951876e+09
1.753179235315553427e+09
1.753179235321978569e+09
1.753179235325483799e+09
1.753179235332100868e+09
1.753179235335905790e+09
1.753179235342500687e+09
1.753179235345883131e+09
1.753179235351777077e+09
1.753179235355474949e+09
1.753179235365057707e+09
1.753179235367751360e+09
1.753179235372182131e+09
1.753179235375616074e+09
1.753179235381999969e+09
1.753179235385592937e+09
1.753179235391757011e+09
1.753179235395358562e+09
1.753179235401901484e+09
1.753179235405567169e+09
1.753179235411776304e+09
1.753179235415539265e+09
1.753179235421759129e+09
1.753179235425357342e+09
1.753179235434286118e+09
1.753179235435585499e+09
1.753179235441720724e+09
1.753179235445551872e+09
1.753179235451775789e+09
1.753179235455346346e+09
1.753179235461764812e+09
1.753179235465610504e+09
1.753179235471743584e+09
1.753179235475581884e+09
1.753179235481482506e+09
1.753179235487266064e+09
1.753179235491671324e+09
1.753179235495447636e+09
1.753179235500807285e+09
1.753179235505640984e+09
1.753179235511695623e+09
1.753179235515358448e+09
1.753179235521933794e+09
1.753179235525751829e+09
1.753179235531721115e+09
1.753179235535511017e+09
1.753179235541749954e+09
1.753179235547199965e+09
1.753179235551837683e+09
1.753179235555613756e+09
1.753179235562152863e+09
1.753179235567187786e+09
1.753179235573645830e+09
1.753179235575346708e+09
1.753179235581826210e+09
1.753179235587952614e+09
1.753179235591490269e+09
1.753179235595613718e+09
1.753179235601901054e+09
1.753179235605514526e+09
1.753179235611680984e+09
1.753179235615673780e+09
1.753179235621733904e+09
1.753179235625612736e+09
1.753179235631773949e+09
1.753179235635352373e+09
1.753179235641312361e+09
1.753179235650009155e+09
1.753179235651853085e+09
1.753179235655392408e+09
1.753179235661643982e+09
1.753179235665770531e+09
1.753179235672190428e+09
1.753179235675633192e+09
1.753179235681245804e+09
1.753179235685747147e+09
1.753179235691804647e+09
1.753179235695463657e+09
1.753179235701865673e+09
1.753179235705650330e+09
1.753179235712982178e+09
1.753179235715173483e+09
1.753179235721802950e+09
1.753179235725662708e+09
1.753179235731662512e+09
1.753179235735449553e+09
1.753179235740525484e+09
1.753179235745931625e+09
1.753179235751806498e+09
1.753179235755352020e+09
1.753179235761925697e+09
1.753179235765662909e+09
1.753179235771746874e+09
1.753179235775462866e+09
1.753179235780434608e+09
1.753179235785828114e+09
1.753179235791876793e+09
1.753179235795337200e+09
1.753179235801495790e+09
1.753179235805566311e+09
1.753179235812051535e+09
1.753179235815360785e+09
1.753179235821700335e+09
1.753179235825567484e+09
1.753179235830053329e+09
1.753179235835402012e+09
1.753179235841957569e+09
1.753179235845670462e+09
1.753179235853257418e+09
1.753179235855166197e+09
1.753179235862207413e+09
1.753179235865612030e+09
1.753179235871590137e+09
1.753179235875373840e+09
1.753179235881878853e+09
1.753179235885552645e+09
1.753179235891634703e+09
1.753179235895465136e+09
1.753179235901698351e+09
1.753179235905783892e+09
1.753179235912231207e+09
1.753179235915500402e+09
1.753179235922199726e+09
1.753179235925583363e+09
1.753179235931728840e+09
1.753179235935321569e+09
1.753179235941659927e+09
1.753179235945828438e+09
1.753179235951955318e+09
1.753179235955375195e+09
1.753179235961605072e+09
1.753179235965845585e+09
1.753179235972126484e+09
1.753179235975556374e+09
1.753179235981787205e+09
1.753179235985578537e+09
1.753179235993387222e+09
1.753179235995329857e+09
1.753179236001680374e+09
1.753179236005506039e+09
1.753179236011722803e+09
1.753179236015331507e+09
1.753179236022280693e+09
1.753179236025568962e+09
1.753179236031578064e+09
1.753179236035304785e+09
1.753179236042043209e+09
1.753179236046389103e+09
1.753179236051815987e+09
1.753179236055598497e+09
1.753179236062272549e+09
1.753179236065596342e+09
1.753179236071919680e+09
1.753179236075624228e+09
1.753179236081723690e+09
1.753179236085547924e+09
1.753179236091744423e+09
1.753179236095456839e+09
1.753179236101808310e+09
1.753179236105783701e+09
1.753179236111937284e+09
1.753179236115353346e+09
1.753179236121893406e+09
1.753179236125581980e+09
1.753179236131873846e+09
1.753179236138239861e+09
1.753179236141061783e+09
1.753179236147495508e+09
1.753179236151606083e+09
1.753179236155355930e+09
1.753179236162219048e+09
1.753179236165916920e+09
1.753179236171660185e+09
1.753179236175386906e+09
1.753179236181733847e+09
1.753179236185539007e+09
1.753179236191747427e+09
1.753179236195425272e+09
1.753179236204735994e+09
1.753179236205716848e+09
1.753179236211535692e+09
1.753179236215384722e+09
1.753179236222003698e+09
1.753179236225617886e+09
1.753179236231673717e+09
1.753179236235361099e+09
1.753179236241964817e+09
1.753179236245688438e+09
1.753179236251692057e+09
1.753179236255414486e+09
1.753179236261805058e+09
1.753179236265634537e+09
1.753179236271797419e+09
1.753179236277490377e+09
1.753179236281586409e+09
1.753179236285643816e+09
1.753179236292100906e+09
1.753179236295496941e+09
1.753179236301733494e+09
1.753179236305623293e+09
1.753179236311812401e+09
1.753179236315434456e+09
1.753179236322134972e+09
1.753179236325590611e+09
1.753179236331708431e+09
1.753179236335333824e+09
1.753179236340701580e+09
1.753179236350321770e+09
1.753179236355646133e+09
1.753179236362119675e+09
1.753179236365685463e+09
1.753179236372171402e+09
1.753179236375470400e+09
1.753179236381681204e+09
1.753179236386013031e+09
1.753179236391807556e+09
1.753179236395339251e+09
1.753179236402043581e+09
1.753179236405576944e+09
1.753179236412926674e+09
1.753179236415536404e+09
1.753179236422106028e+09
1.753179236425595999e+09
1.753179236431581020e+09
1.753179236435371161e+09
1.753179236441843510e+09
1.753179236446503162e+09
1.753179236450294733e+09
1.753179236455372334e+09
1.753179236461506844e+09
1.753179236465800285e+09
1.753179236472264290e+09
1.753179236475355864e+09
1.753179236482246161e+09
1.753179236485597134e+09
1.753179236492106915e+09
1.753179236495331287e+09
1.753179236501711369e+09
1.753179236505470991e+09
1.753179236512001038e+09
1.753179236515630960e+09
1.753179236521621227e+09
1.753179236525443792e+09
1.753179236531770468e+09
1.753179236535424471e+09
1.753179236542062998e+09
1.753179236545459747e+09
1.753179236551782131e+09
1.753179236556633711e+09
1.753179236561720371e+09
1.753179236565517902e+09
1.753179236571844101e+09
1.753179236575477839e+09
1.753179236581786156e+09
1.753179236585486174e+09
1.753179236591579676e+09
1.753179236596734285e+09
1.753179236601910591e+09
1.753179236607549429e+09
1.753179236612172842e+09
1.753179236615525007e+09
1.753179236619911909e+09
1.753179236626096725e+09
1.753179236631742716e+09
1.753179236635692596e+09
1.753179236641737700e+09
1.753179236645619631e+09
1.753179236651746035e+09
1.753179236655333281e+09
1.753179236661757469e+09
1.753179236667776823e+09
1.753179236671885967e+09
1.753179236675440311e+09
1.753179236681531906e+09
1.753179236685538054e+09
1.753179236695004702e+09
1.753179236695792913e+09
1.753179236701674700e+09
1.753179236705675364e+09
1.753179236712296724e+09
1.753179236715364695e+09
1.753179236721873045e+09
1.753179236726055384e+09
1.753179236731711388e+09
1.753179236735455036e+09
1.753179236741716146e+09
1.753179236745667219e+09
1.753179236752292871e+09
1.753179236756003857e+09
1.753179236760417938e+09
1.753179236765880823e+09
1.753179236771734953e+09
1.753179236775385618e+09
1.753179236781850815e+09
1.753179236785774708e+09
1.753179236791737080e+09
1.753179236795407772e+09
1.753179236801606894e+09
1.753179236807068110e+09
1.753179236811626911e+09
1.753179236815806389e+09
1.753179236822068453e+09
1.753179236827305079e+09
1.753179236832971811e+09
1.753179236835163593e+09
1.753179236841755152e+09
1.753179236846716404e+09
1.753179236851838112e+09
1.753179236855349541e+09
1.753179236861766815e+09
1.753179236865354061e+09
1.753179236871884584e+09
1.753179236875524282e+09
1.753179236881801128e+09
1.753179236887466431e+09
1.753179236891261339e+09
1.753179236895477533e+09
1.753179236899981976e+09
1.753179236905842066e+09
1.753179236911971092e+09
1.753179236915395737e+09
1.753179236921803236e+09
1.753179236925554276e+09
1.753179236931727409e+09
1.753179236935328484e+09
1.753179236941760302e+09
1.753179236945614576e+09
1.753179236951877832e+09
1.753179236955405474e+09
1.753179236961673737e+09
1.753179236965621471e+09
1.753179236972289562e+09
1.753179236976646185e+09
1.753179236982125521e+09
1.753179236985529661e+09
1.753179236991535187e+09
1.753179236995368481e+09
1.753179237002016306e+09
1.753179237005583048e+09
1.753179237011719704e+09
1.753179237015363693e+09
1.753179237021730900e+09
1.753179237025425434e+09
1.753179237031814814e+09
1.753179237035375118e+09
1.753179237044610977e+09
1.753179237046041489e+09
1.753179237051679850e+09
1.753179237055604458e+09
1.753179237061863661e+09
1.753179237065580606e+09
1.753179237071819067e+09
1.753179237075377941e+09
1.753179237081720591e+09
1.753179237085804701e+09
1.753179237091966152e+09
1.753179237095361471e+09
1.753179237101694822e+09
1.753179237105782747e+09
1.753179237111982822e+09
1.753179237117216349e+09
1.753179237121725321e+09
1.753179237127735138e+09
1.753179237132271290e+09
1.753179237136221886e+09
1.753179237141282558e+09
1.753179237145704746e+09
1.753179237152124882e+09
1.753179237155602217e+09
1.753179237161622524e+09
1.753179237165391207e+09
1.753179237171501160e+09
1.753179237175443172e+09
1.753179237181466818e+09
1.753179237185555935e+09
1.753179237191725016e+09
1.753179237195394039e+09
1.753179237202137232e+09
1.753179237205689669e+09
1.753179237211486816e+09
1.753179237215637207e+09
1.753179237222122908e+09
1.753179237225581408e+09
1.753179237231626987e+09
1.753179237235378981e+09
1.753179237241810799e+09
1.753179237245830774e+09
1.753179237254494429e+09
1.753179237255358934e+09
1.753179237261771917e+09
1.753179237265603304e+09
1.753179237271852255e+09
1.753179237275482416e+09
1.753179237281829119e+09
1.753179237285707712e+09
1.753179237291738033e+09
1.753179237295454741e+09
1.753179237301706314e+09
1.753179237305621386e+09
1.753179237311859608e+09
1.753179237317047596e+09
1.753179237321810246e+09
1.753179237325881958e+09
1.753179237331529617e+09
1.753179237335324764e+09
1.753179237342183590e+09
1.753179237346076727e+09
1.753179237351716042e+09
1.753179237355334282e+09
1.753179237361980677e+09
1.753179237365564108e+09
1.753179237371742010e+09
1.753179237375652552e+09
1.753179237381710768e+09
1.753179237385583639e+09
1.753179237394457579e+09
1.753179237395328283e+09
1.753179237401736736e+09
1.753179237405670643e+09
1.753179237411748648e+09
1.753179237415557146e+09
1.753179237421796322e+09
1.753179237425559521e+09
1.753179237431711912e+09
1.753179237435595512e+09
1.753179237441799402e+09
1.753179237445634365e+09
1.753179237451700211e+09
1.753179237455419064e+09
1.753179237459883690e+09
1.753179237465791225e+09
1.753179237470178366e+09
1.753179237475395441e+09
1.753179237481851101e+09
1.753179237487235546e+09
1.753179237491842747e+09
1.753179237495498180e+09
1.753179237501876593e+09
1.753179237505556107e+09
