9.235701912678405748e-03 1.724832709800533381e-02 -1.448584837857718605e-02 9.997036346934291551e-01
9.254808555298596820e-03 1.717412886792332727e-02 -1.475605806075042277e-02 9.997007835181187518e-01
9.254808555298596820e-03 1.717412886792332727e-02 -1.475605806075042277e-02 9.997007835181187518e-01
9.004508246940091248e-03 1.699320201321149679e-02 -1.474944096342465510e-02 9.997062588119749460e-01
-1.710323271282412417e-04 1.438319330745830779e-02 -1.232144858549569406e-02 9.998206221132761584e-01
1.303601118213569077e-03 1.461200943765705515e-02 -1.213329119879923666e-02 9.998187701023639740e-01
1.303601118213569077e-03 1.461200943765705515e-02 -1.213329119879923666e-02 9.998187701023639740e-01
1.343904147843344920e-03 1.474312715162548644e-02 -1.230673038443190308e-02 9.998146720821201594e-01
1.343904147843344920e-03 1.474312715162548644e-02 -1.230673038443190308e-02 9.998146720821201594e-01
-6.203096324069471356e-05 1.451047971955508713e-02 -1.155362796715620963e-02 9.998279631072860552e-01
1.252928764665863122e-03 1.483831793032205047e-02 -1.220454372620950051e-02 9.998146346213104829e-01
1.252928764665863122e-03 1.483831793032205047e-02 -1.220454372620950051e-02 9.998146346213104829e-01
1.135002856361610503e-03 1.490629846358191082e-02 -1.139680094143116079e-02 9.998232978696446338e-01
2.054722664653889797e-03 1.538058045190226000e-02 -1.138723765156954282e-02 9.998147561815642348e-01
2.054722664653889797e-03 1.538058045190226000e-02 -1.138723765156954282e-02 9.998147561815642348e-01
9.926178428372087713e-04 1.501710361993322841e-02 -1.140613691330723788e-02 9.998216847765410975e-01
9.926178428372087713e-04 1.501710361993322841e-02 -1.140613691330723788e-02 9.998216847765410975e-01
1.501877837578640372e-02 1.793738291274779920e-02 -8.668671564749083625e-03 9.996887219147982950e-01
2.956916902430405114e-02 2.087995867572626021e-02 -6.847277046141123612e-03 9.993211727797852717e-01
2.956916902430405114e-02 2.087995867572626021e-02 -6.847277046141123612e-03 9.993211727797852717e-01
4.073461617320271039e-02 2.331886941453012799e-02 -5.605344362566492405e-03 9.988821259232878447e-01
5.210545655318945396e-02 2.539518175089496357e-02 -4.359229197741561028e-03 9.983091220969706470e-01
5.901546874390749958e-02 2.718382045513747722e-02 -3.693572953077324528e-03 9.978800388189154047e-01
5.901546874390749958e-02 2.718382045513747722e-02 -3.693572953077324528e-03 9.978800388189154047e-01
5.592646802122195476e-02 2.683592515682751978e-02 -4.456854787769810866e-03 9.980642262605393666e-01
5.592646802122195476e-02 2.683592515682751978e-02 -4.456854787769810866e-03 9.980642262605393666e-01
5.062996023484889890e-02 2.550841767111509603e-02 -5.105604745859324521e-03 9.983786158340495209e-01
4.173052825362632418e-02 2.407558827709382551e-02 -6.575405458180458296e-03 9.988171469812909820e-01
4.173052825362632418e-02 2.407558827709382551e-02 -6.575405458180458296e-03 9.988171469812909820e-01
5.443743938032787055e-02 2.647429935974622561e-02 -5.003060112200454802e-03 9.981536184659339783e-01
4.040114371392824338e-02 2.391652706115614604e-02 -6.757219878253457011e-03 9.988744101734995384e-01
4.040114371392824338e-02 2.391652706115614604e-02 -6.757219878253457011e-03 9.988744101734995384e-01
4.875734295510213145e-02 2.552858786165992239e-02 -6.008510706140402120e-03 9.984662791045285646e-01
4.875734295510213145e-02 2.552858786165992239e-02 -6.008510706140402120e-03 9.984662791045285646e-01
3.466119075873655420e-02 2.280417823400013311e-02 -7.740033059485376156e-03 9.991089346004751182e-01
3.083861295460822022e-02 2.182884817017419210e-02 -8.270744144226297584e-03 9.992517581320036202e-01
3.083861295460822022e-02 2.182884817017419210e-02 -8.270744144226297584e-03 9.992517581320036202e-01
3.659710988884341647e-03 1.652759740748124470e-02 -1.243568906694577855e-02 9.997793750007269997e-01
3.491476252638305976e-03 1.621547040124009936e-02 -1.247555618716449273e-02 9.997845911050363688e-01
3.491476252638305976e-03 1.621547040124009936e-02 -1.247555618716449273e-02 9.997845911050363688e-01
2.743578857812728825e-03 1.578753806323294345e-02 -1.255169991760067202e-02 9.997928191611157311e-01
3.245619356182994492e-03 1.615198457742912999e-02 -1.273915132242327101e-02 9.997831231686148401e-01
3.245619356182994492e-03 1.615198457742912999e-02 -1.273915132242327101e-02 9.997831231686148401e-01
3.106277006165943794e-03 1.641155986804641864e-02 -1.261227046077863061e-02 9.997809471977763263e-01
3.106277006165943794e-03 1.641155986804641864e-02 -1.261227046077863061e-02 9.997809471977763263e-01
3.247569693634556973e-03 1.670871922799147674e-02 -1.311500477011975571e-02 9.997691076657274634e-01
3.586567804517048607e-03 1.634660023600184586e-02 -1.246966654059435652e-02 9.997821925842019786e-01
3.586567804517048607e-03 1.634660023600184586e-02 -1.246966654059435652e-02 9.997821925842019786e-01
2.699535073518733504e-03 1.675368277655559304e-02 -1.291758579432874220e-02 9.997725554350127553e-01
3.304719621215359768e-03 1.691826090173506950e-02 -1.258014804712816528e-02 9.997722696451418756e-01
3.304719621215359768e-03 1.691826090173506950e-02 -1.258014804712816528e-02 9.997722696451418756e-01
2.726653167957426935e-03 1.658907104518465847e-02 -1.278496615830312759e-02 9.997769314825635245e-01
2.977248706214258994e-03 1.726589686157909906e-02 -1.294877389380576921e-02 9.997626488573944092e-01
2.977248706214258994e-03 1.726589686157909906e-02 -1.294877389380576921e-02 9.997626488573944092e-01
2.805914127326068156e-03 1.698124332334500011e-02 -1.331731519907733766e-02 9.997631786263144749e-01
2.805914127326068156e-03 1.698124332334500011e-02 -1.331731519907733766e-02 9.997631786263144749e-01
3.097056699419752524e-03 1.690222109626450878e-02 -1.331267460792129320e-02 9.997637200141827885e-01
2.454255556609617576e-03 1.757489954566027537e-02 -1.309547153040182231e-02 9.997567745011879392e-01
2.454255556609617576e-03 1.757489954566027537e-02 -1.309547153040182231e-02 9.997567745011879392e-01
1.180643312841046268e-02 2.050452990465015043e-02 -1.414581882731856359e-02 9.996199618854549884e-01
1.156807546828109157e-02 2.058028874026186783e-02 -1.416871441087854191e-02 9.996208675679347788e-01
1.156807546828109157e-02 2.058028874026186783e-02 -1.416871441087854191e-02 9.996208675679347788e-01
1.125209264838875414e-02 2.082693611455583779e-02 -1.418551112764425588e-02 9.996191276767165679e-01
1.125209264838875414e-02 2.082693611455583779e-02 -1.418551112764425588e-02 9.996191276767165679e-01
1.125209264838875414e-02 2.082693611455583779e-02 -1.418551112764425588e-02 9.996191276767165679e-01
1.213616777796924957e-02 2.049066308711415541e-02 -1.385457858452950400e-02 9.996203763480216997e-01
1.213616777796924957e-02 2.049066308711415541e-02 -1.385457858452950400e-02 9.996203763480216997e-01
1.181060974325673710e-02 2.084171166841303560e-02 -1.378604307141257507e-02 9.996179658092667619e-01
1.196557817305872809e-02 2.121235045092104837e-02 -1.432208369743546636e-02 9.996007898385712576e-01
1.196557817305872809e-02 2.121235045092104837e-02 -1.432208369743546636e-02 9.996007898385712576e-01
1.191551644753370033e-02 2.108333518793290701e-02 -1.356624520586779785e-02 9.996146609749959611e-01
1.157044643016314628e-02 2.092810287240880196e-02 -1.379588840085464903e-02 9.996188337275362379e-01
1.120145684401424764e-02 2.087602951306227750e-02 -1.476086189374781199e-02 9.996103419395455658e-01
1.120145684401424764e-02 2.087602951306227750e-02 -1.476086189374781199e-02 9.996103419395455658e-01
1.136991256816002362e-02 2.111711945736708188e-02 -1.380851652608205797e-02 9.996169852625377272e-01
1.196310706610170631e-02 2.096179672019982815e-02 -1.426113480103599271e-02 9.996069763570945010e-01
1.196310706610170631e-02 2.096179672019982815e-02 -1.426113480103599271e-02 9.996069763570945010e-01
1.152086900559060045e-02 2.128456834848183044e-02 -1.400209496168333331e-02 9.996090125965546580e-01
1.152086900559060045e-02 2.128456834848183044e-02 -1.400209496168333331e-02 9.996090125965546580e-01
1.180722825375697151e-02 2.150046545380490670e-02 -1.389075417565621695e-02 9.996026041856158617e-01
1.180722825375697151e-02 2.150046545380490670e-02 -1.389075417565621695e-02 9.996026041856158617e-01
1.150909510471214738e-02 2.160873705241095691e-02 -1.454372134018750221e-02 9.995944594596597454e-01
1.208498795981220557e-02 2.135461273440400487e-02 -1.414582186502949535e-02 9.995988341853634385e-01
1.208498795981220557e-02 2.135461273440400487e-02 -1.414582186502949535e-02 9.995988341853634385e-01
1.155018062570773926e-02 2.115677837643153286e-02 -1.401727826185816643e-02 9.996111743905096159e-01
1.165327508002191904e-02 2.149615945946657322e-02 -1.399590602187470237e-02 9.996030366715726867e-01
1.165327508002191904e-02 2.149615945946657322e-02 -1.399590602187470237e-02 9.996030366715726867e-01
1.179432553370127895e-02 2.134878571292923508e-02 -1.406065148731352847e-02 9.996036321030155047e-01
1.157823116851821807e-02 2.159628301161631292e-02 -1.383962986305477261e-02 9.996039264470424346e-01
1.157823116851821807e-02 2.159628301161631292e-02 -1.383962986305477261e-02 9.996039264470424346e-01
1.149704923002461618e-02 2.149965880515577327e-02 -1.454144869799165775e-02 9.995969831887389079e-01
1.149704923002461618e-02 2.149965880515577327e-02 -1.454144869799165775e-02 9.995969831887389079e-01
1.150785408564067996e-02 2.158920251194369755e-02 -1.391050984213802917e-02 9.996039082282409671e-01
1.150785408564067996e-02 2.158920251194369755e-02 -1.391050984213802917e-02 9.996039082282409671e-01
1.150785408564067996e-02 2.158920251194369755e-02 -1.391050984213802917e-02 9.996039082282409671e-01
1.150785408564067996e-02 2.158920251194369755e-02 -1.391050984213802917e-02 9.996039082282409671e-01
1.161551373125829269e-02 2.168350560333500571e-02 -1.376654450327588139e-02 9.996026148815080337e-01
