1.753178848411500692e+09
1.753178848416202545e+09
1.753178848420223713e+09
1.753178848425297737e+09
1.753178848432253599e+09
1.753178848436630964e+09
1.753178848441483259e+09
1.753178848445523739e+09
1.753178848451818943e+09
1.753178848456165791e+09
1.753178848461920500e+09
1.753178848466226101e+09
1.753178848471668005e+09
1.753178848475372314e+09
1.753178848480201244e+09
1.753178848486289501e+09
1.753178848491065264e+09
1.753178848495963097e+09
1.753178848501703501e+09
1.753178848505868912e+09
1.753178848512604475e+09
1.753178848516073942e+09
1.753178848521608591e+09
1.753178848525928974e+09
1.753178848532147408e+09
1.753178848535428047e+09
1.753178848540248394e+09
1.753178848546065092e+09
1.753178848551550388e+09
1.753178848555303574e+09
1.753178848561647654e+09
1.753178848565967321e+09
1.753178848571691990e+09
1.753178848576021433e+09
1.753178848581437111e+09
1.753178848586088896e+09
1.753178848591661215e+09
1.753178848595425844e+09
1.753178848601459503e+09
1.753178848606526375e+09
1.753178848612051725e+09
1.753178848617186546e+09
1.753178848620058298e+09
1.753178848624675274e+09
1.753178848633722782e+09
1.753178848635340691e+09
1.753178848641466618e+09
1.753178848646133184e+09
1.753178848651806355e+09
1.753178848655322313e+09
1.753178848661614418e+09
1.753178848665288448e+09
1.753178848671494961e+09
1.753178848676498413e+09
1.753178848681961536e+09
1.753178848686261415e+09
1.753178848692035437e+09
1.753178848696200848e+09
1.753178848701937437e+09
1.753178848706203222e+09
1.753178848711816311e+09
1.753178848716043234e+09
1.753178848719591618e+09
1.753178848725422144e+09
1.753178848731812716e+09
1.753178848736577988e+09
1.753178848742684364e+09
1.753178848745882511e+09
1.753178848751699448e+09
1.753178848755455017e+09
1.753178848759614468e+09
1.753178848766074181e+09
1.753178848770447016e+09
1.753178848775383711e+09
1.753178848781426668e+09
1.753178848785876274e+09
1.753178848791493893e+09
1.753178848795162439e+09
1.753178848799610376e+09
1.753178848806037188e+09
1.753178848811955452e+09
1.753178848815537453e+09
1.753178848821694374e+09
1.753178848826285601e+09
1.753178848831777811e+09
1.753178848836676836e+09
1.753178848841527462e+09
1.753178848845966101e+09
1.753178848851627588e+09
1.753178848855131388e+09
1.753178848861408949e+09
1.753178848865249872e+09
1.753178848871795654e+09
1.753178848875625372e+09
1.753178848882125378e+09
1.753178848886815310e+09
1.753178848891582966e+09
1.753178848895221949e+09
1.753178848899828196e+09
1.753178848906095028e+09
1.753178848911132336e+09
1.753178848916109085e+09
1.753178848921636105e+09
1.753178848925307035e+09
1.753178848931782722e+09
1.753178848935331821e+09
1.753178848941914558e+09
1.753178848945371151e+09
1.753178848951899052e+09
1.753178848956039906e+09
1.753178848961573601e+09
1.753178848965312719e+09
1.753178848971729755e+09
1.753178848976958513e+09
1.753178848980026960e+09
1.753178848985473394e+09
1.753178848991656303e+09
1.753178848995320797e+09
1.753178848999855518e+09
1.753178849005270243e+09
1.753178849012059450e+09
1.753178849015397072e+09
1.753178849022365808e+09
1.753178849026208162e+09
1.753178849031694174e+09
1.753178849036100864e+09
1.753178849041571379e+09
1.753178849045403957e+09
1.753178849050561428e+09
1.753178849056033134e+09
1.753178849061321020e+09
1.753178849065859556e+09
1.753178849070185661e+09
1.753178849076436758e+09
1.753178849081400633e+09
1.753178849085865021e+09
1.753178849092314720e+09
1.753178849096016884e+09
1.753178849101222515e+09
1.753178849105168819e+09
1.753178849111592293e+09
1.753178849118482590e+09
1.753178849121671677e+09
1.753178849126151323e+09
1.753178849132226706e+09
1.753178849136117458e+09
1.753178849139796019e+09
1.753178849145589590e+09
1.753178849151707649e+09
1.753178849156227827e+09
1.753178849161962509e+09
1.753178849166398287e+09
1.753178849172058582e+09
1.753178849176347017e+09
1.753178849181914806e+09
1.753178849185266733e+09
1.753178849190911055e+09
1.753178849196125269e+09
1.753178849201797009e+09
1.753178849206757307e+09
1.753178849211803436e+09
1.753178849215260744e+09
1.753178849221665621e+09
1.753178849226301670e+09
1.753178849231568336e+09
1.753178849235146761e+09
1.753178849239887953e+09
1.753178849245304346e+09
1.753178849251724243e+09
1.753178849257588387e+09
1.753178849261548996e+09
1.753178849265330791e+09
1.753178849271767616e+09
1.753178849276070356e+09
1.753178849281624079e+09
1.753178849285820484e+09
1.753178849291738510e+09
1.753178849295297623e+09
1.753178849299691677e+09
1.753178849305087328e+09
1.753178849310531139e+09
1.753178849315892220e+09
1.753178849321683884e+09
1.753178849325886011e+09
1.753178849330389738e+09
1.753178849336305618e+09
1.753178849339742422e+09
1.753178849346062183e+09
1.753178849352056980e+09
1.753178849356030703e+09
1.753178849360151768e+09
1.753178849365416288e+09
1.753178849371786356e+09
1.753178849375974655e+09
1.753178849381450891e+09
1.753178849385138273e+09
1.753178849391623735e+09
1.753178849397999525e+09
1.753178849400443316e+09
1.753178849405317307e+09
1.753178849411653280e+09
1.753178849415269613e+09
1.753178849421466351e+09
1.753178849426441431e+09
1.753178849432056665e+09
1.753178849435355663e+09
1.753178849441622972e+09
1.753178849447623491e+09
1.753178849452459574e+09
1.753178849455317974e+09
1.753178849461317301e+09
1.753178849466216564e+09
1.753178849471228838e+09
1.753178849475563526e+09
1.753178849481638193e+09
1.753178849486491442e+09
1.753178849492037058e+09
1.753178849495323896e+09
1.753178849501337767e+09
1.753178849506345510e+09
1.753178849512286186e+09
1.753178849515257835e+09
1.753178849521254539e+09
1.753178849526308060e+09
1.753178849532159090e+09
1.753178849535301447e+09
1.753178849540332556e+09
1.753178849546813726e+09
1.753178849551937580e+09
1.753178849556011677e+09
1.753178849561596155e+09
1.753178849565832138e+09
1.753178849571761608e+09
1.753178849576188326e+09
1.753178849581837893e+09
1.753178849585350990e+09
1.753178849591890097e+09
1.753178849596082449e+09
1.753178849601670980e+09
1.753178849605333567e+09
1.753178849612329006e+09
1.753178849616289854e+09
1.753178849621889353e+09
1.753178849626141787e+09
1.753178849631723881e+09
1.753178849635356426e+09
1.753178849641806841e+09
1.753178849645315170e+09
1.753178849651809692e+09
1.753178849656101465e+09
1.753178849661464214e+09
1.753178849665516853e+09
1.753178849671713829e+09
1.753178849675248146e+09
1.753178849681191683e+09
1.753178849685122967e+09
1.753178849692371368e+09
1.753178849696170807e+09
1.753178849701872349e+09
1.753178849705364227e+09
1.753178849711888075e+09
1.753178849716068029e+09
1.753178849722694635e+09
1.753178849726552010e+09
1.753178849730356693e+09
1.753178849735188484e+09
1.753178849741447210e+09
1.753178849746189833e+09
1.753178849750963211e+09
1.753178849755211592e+09
1.753178849761574507e+09
1.753178849765342236e+09
1.753178849772093296e+09
1.753178849776346207e+09
1.753178849781504154e+09
1.753178849785869598e+09
1.753178849791849613e+09
1.753178849795610428e+09
1.753178849801212788e+09
1.753178849805195570e+09
1.753178849811788559e+09
1.753178849815347910e+09
1.753178849819559336e+09
1.753178849825389147e+09
1.753178849831743956e+09
1.753178849835328817e+09
1.753178849841504335e+09
1.753178849846383810e+09
1.753178849850065470e+09
1.753178849855494261e+09
1.753178849861388445e+09
1.753178849866093874e+09
1.753178849871705055e+09
1.753178849875358582e+09
1.753178849881951571e+09
1.753178849885423422e+09
1.753178849891062260e+09
1.753178849897532225e+09
1.753178849901918411e+09
1.753178849905306816e+09
1.753178849911492825e+09
1.753178849915662766e+09
1.753178849920182705e+09
1.753178849926176071e+09
1.753178849931516647e+09
1.753178849935260057e+09
1.753178849941473961e+09
1.753178849945503950e+09
1.753178849951802254e+09
1.753178849955370188e+09
1.753178849961547613e+09
1.753178849966094255e+09
1.753178849972113609e+09
1.753178849976657391e+09
1.753178849985383987e+09
1.753178849986704826e+09
1.753178849992076397e+09
1.753178849995342255e+09
1.753178850001579046e+09
1.753178850005362034e+09
1.753178850011914968e+09
1.753178850015380383e+09
1.753178850021290064e+09
1.753178850025168419e+09
1.753178850030508995e+09
1.753178850036500931e+09
1.753178850041564465e+09
1.753178850045218706e+09
1.753178850051881313e+09
1.753178850056126356e+09
1.753178850061843157e+09
1.753178850065967321e+09
1.753178850071689367e+09
1.753178850075652361e+09
1.753178850079863787e+09
1.753178850085989475e+09
1.753178850091440439e+09
1.753178850095262289e+09
1.753178850100245714e+09
1.753178850106598854e+09
1.753178850112253428e+09
1.753178850116098166e+09
1.753178850121701002e+09
1.753178850125269413e+09
1.753178850130120039e+09
1.753178850136217833e+09
1.753178850142963171e+09
1.753178850148454428e+09
1.753178850150644064e+09
1.753178850155272245e+09
1.753178850161810637e+09
1.753178850166304588e+09
1.753178850171025038e+09
1.753178850176048994e+09
1.753178850181542397e+09
1.753178850185314894e+09
1.753178850191793203e+09
1.753178850196384668e+09
1.753178850201588392e+09
1.753178850205341101e+09
1.753178850211736202e+09
1.753178850215327501e+09
1.753178850221835375e+09
1.753178850226552725e+09
1.753178850231674671e+09
1.753178850235194445e+09
1.753178850240012646e+09
1.753178850246376991e+09
1.753178850251873493e+09
1.753178850255934954e+09
1.753178850261628866e+09
1.753178850265849829e+09
1.753178850271536827e+09
1.753178850276712418e+09
1.753178850282069206e+09
1.753178850285169125e+09
1.753178850291689873e+09
1.753178850297184229e+09
1.753178850302035570e+09
1.753178850305175543e+09
1.753178850311384678e+09
1.753178850316379070e+09
1.753178850320095778e+09
1.753178850325138330e+09
1.753178850331417322e+09
1.753178850336304426e+09
1.753178850339989662e+09
1.753178850345429182e+09
1.753178850351923466e+09
1.753178850355375290e+09
1.753178850361817360e+09
1.753178850366180182e+09
1.753178850371804714e+09
1.753178850376106739e+09
1.753178850381108761e+09
1.753178850385974646e+09
1.753178850391840458e+09
1.753178850395307541e+09
1.753178850399821281e+09
1.753178850405362844e+09
1.753178850411667824e+09
1.753178850416364193e+09
1.753178850422321320e+09
1.753178850425796747e+09
1.753178850431574583e+09
1.753178850436280489e+09
1.753178850439964056e+09
1.753178850446201801e+09
1.753178850451211691e+09
1.753178850455270767e+09
1.753178850461698771e+09
1.753178850465388298e+09
1.753178850471653223e+09
1.753178850475479126e+09
1.753178850481481791e+09
1.753178850485280991e+09
1.753178850491924047e+09
1.753178850495285273e+09
1.753178850501253366e+09
1.753178850505234480e+09
1.753178850512255430e+09
1.753178850516495466e+09
1.753178850520197153e+09
1.753178850526106834e+09
1.753178850532047510e+09
1.753178850535360575e+09
1.753178850541383743e+09
1.753178850545162439e+09
1.753178850552037716e+09
1.753178850556446791e+09
1.753178850561681271e+09
1.753178850565743208e+09
1.753178850571769238e+09
1.753178850575982809e+09
1.753178850581465960e+09
1.753178850586134672e+09
1.753178850591075659e+09
1.753178850595487595e+09
1.753178850601650000e+09
1.753178850605242014e+09
1.753178850611608982e+09
1.753178850615313292e+09
1.753178850619972467e+09
1.753178850625677586e+09
1.753178850631630898e+09
1.753178850636023045e+09
1.753178850641412973e+09
1.753178850645349264e+09
1.753178850651566267e+09
1.753178850655176640e+09
1.753178850660045624e+09
1.753178850666059971e+09
1.753178850671747923e+09
1.753178850675276279e+09
1.753178850679790735e+09
1.753178850685655117e+09
1.753178850692163467e+09
1.753178850697703838e+09
1.753178850701110840e+09
1.753178850705276012e+09
1.753178850711814642e+09
1.753178850715379715e+09
1.753178850719660044e+09
1.753178850725468636e+09
1.753178850731440306e+09
1.753178850735939741e+09
1.753178850741724253e+09
1.753178850746123314e+09
1.753178850750920534e+09
1.753178850756482363e+09
1.753178850761874437e+09
1.753178850765943289e+09
1.753178850772181511e+09
1.753178850776500463e+09
1.753178850781641245e+09
1.753178850785479784e+09
1.753178850790324450e+09
1.753178850797276497e+09
1.753178850799842119e+09
1.753178850805889845e+09
1.753178850811882496e+09
1.753178850815567970e+09
1.753178850819896936e+09
1.753178850826386213e+09
1.753178850831766605e+09
1.753178850835364103e+09
1.753178850841746807e+09
1.753178850845757484e+09
1.753178850851777077e+09
1.753178850856086016e+09
1.753178850861520290e+09
1.753178850866265059e+09
1.753178850871284485e+09
1.753178850875498533e+09
1.753178850881943464e+09
1.753178850885966301e+09
1.753178850891777754e+09
1.753178850895307302e+09
1.753178850901867151e+09
1.753178850906298637e+09
1.753178850911867857e+09
1.753178850915289402e+09
1.753178850920005083e+09
1.753178850926484585e+09
1.753178850931599617e+09
1.753178850936028242e+09
1.753178850940045357e+09
1.753178850945609570e+09
1.753178850951681376e+09
1.753178850956035376e+09
1.753178850959598780e+09
1.753178850966339111e+09
1.753178850971765518e+09
1.753178850975302458e+09
1.753178850981777668e+09
1.753178850985407829e+09
1.753178850991759539e+09
1.753178850996245623e+09
1.753178851001648664e+09
1.753178851005893230e+09
1.753178851010573387e+09
1.753178851015304565e+09
1.753178851021942377e+09
1.753178851026368618e+09
1.753178851031780243e+09
1.753178851035175085e+09
1.753178851041618109e+09
1.753178851046459198e+09
1.753178851052026033e+09
1.753178851056091785e+09
1.753178851061967134e+09
1.753178851066091299e+09
1.753178851071692228e+09
1.753178851075953722e+09
1.753178851083353519e+09
1.753178851085366488e+09
1.753178851091950417e+09
1.753178851096264124e+09
1.753178851100054979e+09
1.753178851105304241e+09
1.753178851112198114e+09
1.753178851116336346e+09
1.753178851121733904e+09
1.753178851125325203e+09
1.753178851131842136e+09
1.753178851136078835e+09
1.753178851140011787e+09
1.753178851145372391e+09
1.753178851151058197e+09
1.753178851155273199e+09
1.753178851161497831e+09
1.753178851165312767e+09
1.753178851171877146e+09
1.753178851176727533e+09
1.753178851180285692e+09
1.753178851185231209e+09
1.753178851191837788e+09
1.753178851197326660e+09
1.753178851199896097e+09
1.753178851205409765e+09
1.753178851211690664e+09
1.753178851215144634e+09
1.753178851220105410e+09
1.753178851225992203e+09
1.753178851231755972e+09
1.753178851236495256e+09
1.753178851240411043e+09
1.753178851245380402e+09
1.753178851251689434e+09
1.753178851256196499e+09
1.753178851261616707e+09
1.753178851265427113e+09
1.753178851271767378e+09
1.753178851275192261e+09
1.753178851281392574e+09
1.753178851286730766e+09
1.753178851290975809e+09
1.753178851295382977e+09
1.753178851301573515e+09
1.753178851306065559e+09
1.753178851311601877e+09
1.753178851315854311e+09
1.753178851321494102e+09
1.753178851326329708e+09
1.753178851331891060e+09
1.753178851336080790e+09
1.753178851341610193e+09
1.753178851348432541e+09
1.753178851351895094e+09
1.753178851355207443e+09
1.753178851361647844e+09
1.753178851366114855e+09
1.753178851371536016e+09
1.753178851375262260e+09
1.753178851380014181e+09
1.753178851386121988e+09
1.753178851391809940e+09
1.753178851395306349e+09
1.753178851401304483e+09
1.753178851405289650e+09
1.753178851410198927e+09
1.753178851416426897e+09
1.753178851421614408e+09
1.753178851425316334e+09
1.753178851430517197e+09
1.753178851435880423e+09
1.753178851441700459e+09
1.753178851445324898e+09
1.753178851451772213e+09
1.753178851455590963e+09
1.753178851461585045e+09
1.753178851466040373e+09
1.753178851471696138e+09
1.753178851475843191e+09
1.753178851481418848e+09
1.753178851485173464e+09
1.753178851491626978e+09
1.753178851496084929e+09
1.753178851502443314e+09
1.753178851506093740e+09
1.753178851511546612e+09
1.753178851515414953e+09
1.753178851521594524e+09
1.753178851526155949e+09
1.753178851531469345e+09
1.753178851535313606e+09
1.753178851541489601e+09
1.753178851545331478e+09
1.753178851551707506e+09
1.753178851556063414e+09
1.753178851559856892e+09
1.753178851565874577e+09
1.753178851570560694e+09
1.753178851575612783e+09
1.753178851580050230e+09
1.753178851586462021e+09
1.753178851591534376e+09
1.753178851595134258e+09
1.753178851599828959e+09
1.753178851606508970e+09
1.753178851610249519e+09
1.753178851615535498e+09
1.753178851620028019e+09
1.753178851626067638e+09
1.753178851631825447e+09
1.753178851635515451e+09
1.753178851642953873e+09
1.753178851646006823e+09
1.753178851651767015e+09
1.753178851655997515e+09
1.753178851659601212e+09
1.753178851665656090e+09
1.753178851671689510e+09
1.753178851675990820e+09
1.753178851681483030e+09
1.753178851685281038e+09
1.753178851691779852e+09
1.753178851696227312e+09
1.753178851701724768e+09
1.753178851706035137e+09
1.753178851711162567e+09
1.753178851715357065e+09
1.753178851721705914e+09
1.753178851725538254e+09
1.753178851731366634e+09
1.753178851735718489e+09
1.753178851741841316e+09
1.753178851746280432e+09
1.753178851751702785e+09
1.753178851755326748e+09
1.753178851761968374e+09
1.753178851766243219e+09
1.753178851771689177e+09
1.753178851775950193e+09
1.753178851784218311e+09
1.753178851784600496e+09
1.753178851792480230e+09
1.753178851795175791e+09
1.753178851801339865e+09
1.753178851806371212e+09
1.753178851812003136e+09
1.753178851815140724e+09
1.753178851821691275e+09
1.753178851825860977e+09
1.753178851831432343e+09
1.753178851835152388e+09
1.753178851839999199e+09
1.753178851846227646e+09
1.753178851851243734e+09
1.753178851855203390e+09
1.753178851861267567e+09
1.753178851866614580e+09
1.753178851871999502e+09
1.753178851875317097e+09
1.753178851881372213e+09
1.753178851886233568e+09
1.753178851892577887e+09
1.753178851895330667e+09
1.753178851901300907e+09
1.753178851905256987e+09
1.753178851912261724e+09
1.753178851915379524e+09
1.753178851922183990e+09
1.753178851926620960e+09
1.753178851931968451e+09
1.753178851935254812e+09
1.753178851941592216e+09
1.753178851947632551e+09
1.753178851952033997e+09
1.753178851955300093e+09
1.753178851961317062e+09
1.753178851966395855e+09
1.753178851972536802e+09
1.753178851975616693e+09
1.753178851981288910e+09
1.753178851985337496e+09
1.753178851990468979e+09
1.753178851995839834e+09
1.753178852001342297e+09
1.753178852005317926e+09
1.753178852012165308e+09
1.753178852016636133e+09
1.753178852019785881e+09
1.753178852026051044e+09
1.753178852031759977e+09
1.753178852035482407e+09
1.753178852039678812e+09
1.753178852045984030e+09
1.753178852051886559e+09
1.753178852056148052e+09
1.753178852062729120e+09
1.753178852065253258e+09
1.753178852072281122e+09
1.753178852076421261e+09
1.753178852081400394e+09
1.753178852085753441e+09
1.753178852091947556e+09
1.753178852096421003e+09
1.753178852101301670e+09
1.753178852105270863e+09
1.753178852111562490e+09
1.753178852115450382e+09
1.753178852121442556e+09
1.753178852125223875e+09
1.753178852130882502e+09
1.753178852136566877e+09
1.753178852141313076e+09
1.753178852145248175e+09
1.753178852152073622e+09
1.753178852156648636e+09
1.753178852161511183e+09
1.753178852165298939e+09
1.753178852171586037e+09
1.753178852175286531e+09
1.753178852179611444e+09
1.753178852186292410e+09
1.753178852191651583e+09
1.753178852195275307e+09
1.753178852203003883e+09
1.753178852205113888e+09
1.753178852212246180e+09
1.753178852215043068e+09
1.753178852221398830e+09
1.753178852225319147e+09
1.753178852231996298e+09
1.753178852235277414e+09
1.753178852241436481e+09
1.753178852246027470e+09
1.753178852252108574e+09
1.753178852256138802e+09
1.753178852259578228e+09
1.753178852265414238e+09
1.753178852270336866e+09
1.753178852275599957e+09
1.753178852281759262e+09
1.753178852285283566e+09
1.753178852291778326e+09
1.753178852296017647e+09
1.753178852301720381e+09
1.753178852306091309e+09
1.753178852312014341e+09
1.753178852316014051e+09
1.753178852321645498e+09
1.753178852326155663e+09
1.753178852331869841e+09
1.753178852336145401e+09
1.753178852343959332e+09
1.753178852347254276e+09
1.753178852351806879e+09
1.753178852355339050e+09
1.753178852361668110e+09
1.753178852366060019e+09
1.753178852371871233e+09
1.753178852376014948e+09
1.753178852381605625e+09
1.753178852386202097e+09
1.753178852391799927e+09
1.753178852395450830e+09
1.753178852401904345e+09
1.753178852405939341e+09
1.753178852411745071e+09
1.753178852416216373e+09
1.753178852421490669e+09
1.753178852426601171e+09
1.753178852430450201e+09
1.753178852435342073e+09
1.753178852441294670e+09
1.753178852445836544e+09
1.753178852451691151e+09
1.753178852455444813e+09
1.753178852461929560e+09
1.753178852466038942e+09
1.753178852471791267e+09
1.753178852476044178e+09
1.753178852482842922e+09
1.753178852485525131e+09
1.753178852492012501e+09
1.753178852496004581e+09
1.753178852499702215e+09
1.753178852505913258e+09
1.753178852511685610e+09
1.753178852515478373e+09
1.753178852521793842e+09
1.753178852526082993e+09
1.753178852531772137e+09
1.753178852536095142e+09
1.753178852539555550e+09
1.753178852546223640e+09
1.753178852551253557e+09
1.753178852555331945e+09
1.753178852559843302e+09
1.753178852565929890e+09
1.753178852571590900e+09
1.753178852575124979e+09
1.753178852581557512e+09
1.753178852585560560e+09
1.753178852591765642e+09
1.753178852596253395e+09
1.753178852601653814e+09
1.753178852606067896e+09
1.753178852612035990e+09
1.753178852615823507e+09
1.753178852623456717e+09
1.753178852625127077e+09
1.753178852631635427e+09
1.753178852636148453e+09
1.753178852641561747e+09
1.753178852645474911e+09
1.753178852651830196e+09
1.753178852655333042e+09
1.753178852661593914e+09
1.753178852666195631e+09
1.753178852672335625e+09
1.753178852675753355e+09
1.753178852681480169e+09
1.753178852686124802e+09
1.753178852691070318e+09
1.753178852695122719e+09
1.753178852700055838e+09
1.753178852705652952e+09
1.753178852711485386e+09
1.753178852716453075e+09
1.753178852721886158e+09
1.753178852725166321e+09
1.753178852731498480e+09
1.753178852736501217e+09
1.753178852740020752e+09
1.753178852745258093e+09
1.753178852751764059e+09
1.753178852755364180e+09
1.753178852760138035e+09
1.753178852765819550e+09
1.753178852771759987e+09
1.753178852777490616e+09
1.753178852781796932e+09
1.753178852785115480e+09
1.753178852791565895e+09
1.753178852797445774e+09
1.753178852799886942e+09
1.753178852805168152e+09
1.753178852812137842e+09
1.753178852816266060e+09
1.753178852821294069e+09
1.753178852825493336e+09
1.753178852831711292e+09
1.753178852835968018e+09
1.753178852841593742e+09
1.753178852845324278e+09
1.753178852851909399e+09
1.753178852856085062e+09
1.753178852861581564e+09
1.753178852866008043e+09
1.753178852871776342e+09
1.753178852876107216e+09
1.753178852881600142e+09
1.753178852885318041e+09
1.753178852892749310e+09
1.753178852897611856e+09
1.753178852900061607e+09
1.753178852905884504e+09
1.753178852912234068e+09
1.753178852916600227e+09
1.753178852920688152e+09
1.753178852925540686e+09
1.753178852931637526e+09
1.753178852935231447e+09
1.753178852941698074e+09
1.753178852946257830e+09
1.753178852951384783e+09
1.753178852955292463e+09
1.753178852960023403e+09
1.753178852966061354e+09
1.753178852974678516e+09
1.753178852975079060e+09
1.753178852982381344e+09
1.753178852986064672e+09
1.753178852991707087e+09
1.753178852995329142e+09
1.753178852999739885e+09
1.753178853006565094e+09
1.753178853011667490e+09
1.753178853015328884e+09
1.753178853021907806e+09
1.753178853026295185e+09
1.753178853031856537e+09
1.753178853036066055e+09
1.753178853044016838e+09
1.753178853045387506e+09
1.753178853051689625e+09
1.753178853056070089e+09
1.753178853061976671e+09
1.753178853066089630e+09
1.753178853071816206e+09
1.753178853075197935e+09
1.753178853081599236e+09
1.753178853086391449e+09
1.753178853091919899e+09
1.753178853096111536e+09
1.753178853101500273e+09
1.753178853106156111e+09
1.753178853111436367e+09
1.753178853115251541e+09
1.753178853121626139e+09
1.753178853125293732e+09
1.753178853131850004e+09
1.753178853135992527e+09
1.753178853139592648e+09
1.753178853145110369e+09
1.753178853151453257e+09
1.753178853155082941e+09
1.753178853161881447e+09
1.753178853165430307e+09
1.753178853171749830e+09
1.753178853175403833e+09
1.753178853183570862e+09
1.753178853185534239e+09
1.753178853191728354e+09
1.753178853195333719e+09
1.753178853201723814e+09
1.753178853206017256e+09
1.753178853211447001e+09
1.753178853216095209e+09
1.753178853219963074e+09
1.753178853225450516e+09
1.753178853231633186e+09
1.753178853235320091e+09
1.753178853241713524e+09
1.753178853246083736e+09
1.753178853253647089e+09
1.753178853255374908e+09
1.753178853259599924e+09
1.753178853266050577e+09
1.753178853271642208e+09
1.753178853276076794e+09
1.753178853279797554e+09
1.753178853286145687e+09
1.753178853291785002e+09
1.753178853295422316e+09
1.753178853299866915e+09
1.753178853306169510e+09
1.753178853311642408e+09
1.753178853315562725e+09
1.753178853320216894e+09
1.753178853324968815e+09
1.753178853331775427e+09
1.753178853335273266e+09
1.753178853339598179e+09
1.753178853346116543e+09
1.753178853353617907e+09
1.753178853355600595e+09
1.753178853361855507e+09
1.753178853365354061e+09
1.753178853371509790e+09
1.753178853375197649e+09
1.753178853381356478e+09
1.753178853385496378e+09
1.753178853391810417e+09
1.753178853395181417e+09
1.753178853401372194e+09
1.753178853406211376e+09
1.753178853411813259e+09
1.753178853415649891e+09
1.753178853419667959e+09
1.753178853425393343e+09
1.753178853431718349e+09
1.753178853436228514e+09
1.753178853440188885e+09
1.753178853446118355e+09
1.753178853451813698e+09
1.753178853456330538e+09
1.753178853459726810e+09
1.753178853465381145e+09
1.753178853471716404e+09
1.753178853475282192e+09
1.753178853481926680e+09
1.753178853486308575e+09
1.753178853491717100e+09
1.753178853495217323e+09
1.753178853501531124e+09
1.753178853505547523e+09
1.753178853511654139e+09
1.753178853515899897e+09
1.753178853521736860e+09
1.753178853526529312e+09
1.753178853530934572e+09
1.753178853535324097e+09
1.753178853541257381e+09
1.753178853547406912e+09
1.753178853551771164e+09
1.753178853555190086e+09
1.753178853561405659e+09
1.753178853565285921e+09
1.753178853572066307e+09
1.753178853575137377e+09
1.753178853581261873e+09
1.753178853585128784e+09
1.753178853591498613e+09
1.753178853597305298e+09
1.753178853603839636e+09
1.753178853605281830e+09
1.753178853611913919e+09
1.753178853616293669e+09
1.753178853621607780e+09
1.753178853625288010e+09
1.753178853631881952e+09
1.753178853636169672e+09
1.753178853639998674e+09
1.753178853645260096e+09
1.753178853651430368e+09
1.753178853655345917e+09
1.753178853659980536e+09
1.753178853665309191e+09
1.753178853673059225e+09
1.753178853677331924e+09
1.753178853681515932e+09
1.753178853685229540e+09
1.753178853691621304e+09
1.753178853696388245e+09
1.753178853699896574e+09
1.753178853705165625e+09
1.753178853711447716e+09
1.753178853715385437e+09
1.753178853721504927e+09
1.753178853726215601e+09
1.753178853732050180e+09
1.753178853735278606e+09
1.753178853741208076e+09
1.753178853745433092e+09
1.753178853752375603e+09
1.753178853755215406e+09
1.753178853761395693e+09
1.753178853765324354e+09
1.753178853771773815e+09
1.753178853775400162e+09
1.753178853781665564e+09
1.753178853785364389e+09
1.753178853791652679e+09
1.753178853796057463e+09
1.753178853799706936e+09
1.753178853806072950e+09
1.753178853810823917e+09
1.753178853815396309e+09
1.753178853821491480e+09
1.753178853825299740e+09
1.753178853831832886e+09
1.753178853836593866e+09
1.753178853841997623e+09
1.753178853845384359e+09
1.753178853851941586e+09
1.753178853855332613e+09
1.753178853861632586e+09
1.753178853865342617e+09
1.753178853872118950e+09
1.753178853876626492e+09
1.753178853881486893e+09
1.753178853887150049e+09
1.753178853891608238e+09
1.753178853896091223e+09
1.753178853901986122e+09
1.753178853905428648e+09
1.753178853911764145e+09
1.753178853916095734e+09
1.753178853921559572e+09
1.753178853926016331e+09
1.753178853931896687e+09
1.753178853935529470e+09
1.753178853941512108e+09
1.753178853946106434e+09
1.753178853951558113e+09
1.753178853956253529e+09
1.753178853961694717e+09
1.753178853965384722e+09
1.753178853971850395e+09
1.753178853975348234e+09
1.753178853981733084e+09
1.753178853987457514e+09
1.753178853990185976e+09
1.753178853995316505e+09
1.753178854001657009e+09
1.753178854005295515e+09
1.753178854011358261e+09
1.753178854015135050e+09
1.753178854022866726e+09
1.753178854026322603e+09
1.753178854032019138e+09
1.753178854035270929e+09
1.753178854041560173e+09
1.753178854045361042e+09
1.753178854051917315e+09
1.753178854055296659e+09
1.753178854059600115e+09
1.753178854066079140e+09
1.753178854071807384e+09
1.753178854075313330e+09
1.753178854081438303e+09
1.753178854085923433e+09
1.753178854090451479e+09
1.753178854095332623e+09
1.753178854101554394e+09
1.753178854106541157e+09
1.753178854110381126e+09
1.753178854115349054e+09
1.753178854121397257e+09
1.753178854125965834e+09
1.753178854132084846e+09
1.753178854135259151e+09
1.753178854141405582e+09
1.753178854146085262e+09
1.753178854151892662e+09
1.753178854155289888e+09
1.753178854159559488e+09
1.753178854166228294e+09
1.753178854171587944e+09
1.753178854175095320e+09
1.753178854182043314e+09
1.753178854186375380e+09
1.753178854191687107e+09
1.753178854195962429e+09
1.753178854201698065e+09
1.753178854205218792e+09
1.753178854212023973e+09
1.753178854215408087e+09
1.753178854221799374e+09
1.753178854225484371e+09
1.753178854230211735e+09
1.753178854235290289e+09
1.753178854240266562e+09
1.753178854245908737e+09
1.753178854251601219e+09
1.753178854255107403e+09
1.753178854262094021e+09
1.753178854265378237e+09
1.753178854271877527e+09
1.753178854275290251e+09
1.753178854280014038e+09
1.753178854286083698e+09
1.753178854291492462e+09
1.753178854295510054e+09
1.753178854303200722e+09
1.753178854304905176e+09
1.753178854311975956e+09
1.753178854316222429e+09
1.753178854321275949e+09
1.753178854325284243e+09
1.753178854332005262e+09
1.753178854336515903e+09
1.753178854341369629e+09
1.753178854345126867e+09
1.753178854351851463e+09
1.753178854355283976e+09
1.753178854361682415e+09
1.753178854365350485e+09
1.753178854371837139e+09
1.753178854376371145e+09
1.753178854381895781e+09
1.753178854385417223e+09
1.753178854391469479e+09
1.753178854397336483e+09
1.753178854402041197e+09
1.753178854405153990e+09
1.753178854411656141e+09
1.753178854415317535e+09
1.753178854421344995e+09
1.753178854426666975e+09
1.753178854432020426e+09
1.753178854436716318e+09
1.753178854442658663e+09
1.753178854445322990e+09
1.753178854451862335e+09
1.753178854455679178e+09
1.753178854461632252e+09
1.753178854465241194e+09
1.753178854471631289e+09
1.753178854475172043e+09
1.753178854481690645e+09
1.753178854485297680e+09
1.753178854491612673e+09
1.753178854496132135e+09
1.753178854499877453e+09
1.753178854505338669e+09
1.753178854514183760e+09
1.753178854515367031e+09
1.753178854525567293e+09
1.753178854531792164e+09
1.753178854536041975e+09
1.753178854541401863e+09
1.753178854545344591e+09
1.753178854552195787e+09
1.753178854555217505e+09
1.753178854561930895e+09
1.753178854566045046e+09
1.753178854571934462e+09
1.753178854576084375e+09
1.753178854581870556e+09
1.753178854586421013e+09
1.753178854591622829e+09
1.753178854595111132e+09
1.753178854599601507e+09
1.753178854605298996e+09
1.753178854611814976e+09
1.753178854615385532e+09
1.753178854621681213e+09
1.753178854625381470e+09
1.753178854631559134e+09
1.753178854636425257e+09
1.753178854639844894e+09
1.753178854645323515e+09
1.753178854655091286e+09
1.753178854658357859e+09
1.753178854660157442e+09
1.753178854666389227e+09
1.753178854671973467e+09
1.753178854675326347e+09
1.753178854681539059e+09
1.753178854685388327e+09
1.753178854691638231e+09
1.753178854697353125e+09
1.753178854702071667e+09
1.753178854705127954e+09
1.753178854711854696e+09
1.753178854715656281e+09
1.753178854721666813e+09
1.753178854725023985e+09
1.753178854731382847e+09
1.753178854735964298e+09
1.753178854741367102e+09
1.753178854746238232e+09
1.753178854752384424e+09
1.753178854756001234e+09
1.753178854761355639e+09
1.753178854766236067e+09
1.753178854772349596e+09
1.753178854775359392e+09
1.753178854781491041e+09
1.753178854785479307e+09
1.753178854790493488e+09
1.753178854795284510e+09
1.753178854801567793e+09
1.753178854805245161e+09
1.753178854812069416e+09
1.753178854815376759e+09
1.753178854821191072e+09
1.753178854825096607e+09
1.753178854831997871e+09
1.753178854836352587e+09
1.753178854841850996e+09
1.753178854845935106e+09
1.753178854851785898e+09
1.753178854855876923e+09
1.753178854862083673e+09
1.753178854865342617e+09
1.753178854872120380e+09
1.753178854875453711e+09
1.753178854881344080e+09
1.753178854885388136e+09
1.753178854890173674e+09
1.753178854897532940e+09
1.753178854901863337e+09
1.753178854906175852e+09
1.753178854911758423e+09
1.753178854915346146e+09
1.753178854921549082e+09
1.753178854925340176e+09
1.753178854933323145e+09
1.753178854935335636e+09
1.753178854941542387e+09
1.753178854945291758e+09
1.753178854951574087e+09
1.753178854955221415e+09
1.753178854961766958e+09
1.753178854965349197e+09
1.753178854971664667e+09
1.753178854975200415e+09
1.753178854981445551e+09
1.753178854985250711e+09
1.753178854991744995e+09
1.753178854995848179e+09
1.753178855001242876e+09
1.753178855005112410e+09
1.753178855011491060e+09
1.753178855015355587e+09
1.753178855021972895e+09
1.753178855025413036e+09
1.753178855031656742e+09
1.753178855035257101e+09
1.753178855041541576e+09
1.753178855046174526e+09
1.753178855051775217e+09
1.753178855055624485e+09
1.753178855061210394e+09
1.753178855065111876e+09
1.753178855071732998e+09
1.753178855076686621e+09
1.753178855081378460e+09
1.753178855085510492e+09
1.753178855091684580e+09
1.753178855095336914e+09
1.753178855101600409e+09
1.753178855105272770e+09
1.753178855111870527e+09
1.753178855115352392e+09
1.753178855121466160e+09
1.753178855126039743e+09
1.753178855131614685e+09
1.753178855135268450e+09
1.753178855139816523e+09
1.753178855145138025e+09
1.753178855151699305e+09
1.753178855156029940e+09
1.753178855161561966e+09
1.753178855165295839e+09
1.753178855171305656e+09
1.753178855175407410e+09
1.753178855181510210e+09
1.753178855185282469e+09
1.753178855191791773e+09
1.753178855195266962e+09
1.753178855201768160e+09
1.753178855205493689e+09
1.753178855211478949e+09
1.753178855215116024e+09
1.753178855221230745e+09
1.753178855225310802e+09
1.753178855232181311e+09
1.753178855235450268e+09
1.753178855241691589e+09
1.753178855245392561e+09
1.753178855251765966e+09
1.753178855256007433e+09
1.753178855259901524e+09
1.753178855266140938e+09
1.753178855271698236e+09
1.753178855275271416e+09
1.753178855281520128e+09
1.753178855285526752e+09
1.753178855291857958e+09
1.753178855295546293e+09
1.753178855301730633e+09
1.753178855306400061e+09
1.753178855311949492e+09
1.753178855315912724e+09
1.753178855321472168e+09
1.753178855326235533e+09
1.753178855331746101e+09
1.753178855335318089e+09
1.753178855341681480e+09
1.753178855347060442e+09
1.753178855355638742e+09
1.753178855362085581e+09
1.753178855365314007e+09
1.753178855371783257e+09
1.753178855375272989e+09
1.753178855381794930e+09
1.753178855385938883e+09
1.753178855391993761e+09
1.753178855395360708e+09
1.753178855399659157e+09
1.753178855405265331e+09
1.753178855411709547e+09
