-1.512498382613450758e+03 1.668537665503474500e+03 4.534374269859770834e+02
-1.512428878329741792e+03 1.668558042981133440e+03 4.534436934789690667e+02
-1.512628572028738290e+03 1.668575763540014805e+03 4.534614293381023344e+02
-1.512291709868174848e+03 1.668436753794265314e+03 4.535969205688804209e+02
-1.512709993090862326e+03 1.668566207904832709e+03 4.538297879848360026e+02
-1.512776795025593401e+03 1.668536851713717851e+03 4.539994964007864837e+02
-1.512680618261667405e+03 1.667796975271492784e+03 4.546988897417062958e+02
-1.512754100078863303e+03 1.667640401137408389e+03 4.551693458105218042e+02
-1.512755544224583900e+03 1.667244879401531080e+03 4.563131604335357565e+02
-1.513475525326286288e+03 1.667582811975424875e+03 4.569670569252217547e+02
-1.513073989305668874e+03 1.666855910539273964e+03 4.580024708277073842e+02
-1.512959573746549495e+03 1.666476852159639293e+03 4.588778479046982284e+02
-1.513403261399889288e+03 1.665925734576220293e+03 4.589848971714345112e+02
-1.513365706349616175e+03 1.665271655120685637e+03 4.604701100177460376e+02
-1.512700018604268735e+03 1.664956673113302941e+03 4.620332931842357880e+02
-1.512878739652876675e+03 1.664642281130780930e+03 4.625654312060351572e+02
-1.512957855857313461e+03 1.663974477574520051e+03 4.636539181298076073e+02
-1.512216610520197719e+03 1.662961279065841609e+03 4.651729933844050606e+02
-1.511597897751635173e+03 1.662278894123913688e+03 4.659918797783938089e+02
-1.511517642127115096e+03 1.661768885261256401e+03 4.667019211589826568e+02
-1.511425016685050650e+03 1.660619328527919151e+03 4.674806449699441941e+02
-1.510814818784750514e+03 1.659901607421026483e+03 4.682539914616592114e+02
-1.510651433165682874e+03 1.659117895405671561e+03 4.694347018050646625e+02
-1.510387066330868947e+03 1.658555609421204281e+03 4.699876532993071692e+02
-1.508844428645825246e+03 1.656236284451882511e+03 4.717477594990451166e+02
-1.508657611206620231e+03 1.655574629281330544e+03 4.721163251106431744e+02
-1.508545147985810900e+03 1.655181635201032122e+03 4.724975175898359225e+02
-1.506868713328668719e+03 1.653572120502826692e+03 4.734755671952455600e+02
-1.506039104346758222e+03 1.652706163326215346e+03 4.742060078692881575e+02
-1.503682795854894721e+03 1.650304152083847839e+03 4.752795304516893111e+02
-1.503390201203923425e+03 1.649828214443659817e+03 4.754795623493751577e+02
-1.502972456114375746e+03 1.649238575019576729e+03 4.756865009527299435e+02
-1.501322494572950745e+03 1.647723693881824829e+03 4.762729776176661858e+02
-1.499765606321268706e+03 1.646254793182547019e+03 4.767839704281104787e+02
-1.498020413310518052e+03 1.644835210175539714e+03 4.773000548730780679e+02
-1.497219011148539948e+03 1.644101382035965571e+03 4.776745026255024413e+02
-1.495634445936478642e+03 1.642763557442288629e+03 4.779694724741304981e+02
-1.495095129166456672e+03 1.642301388334955618e+03 4.781329130927977076e+02
-1.492761004551957967e+03 1.640318838804863617e+03 4.788539639368685243e+02
-1.497229622377008809e+03 1.641905565518541152e+03 4.769680001061624353e+02
-1.495745448395108951e+03 1.641283946036008729e+03 4.768117420877932773e+02
-1.494723437306049391e+03 1.640550807058413284e+03 4.769036659100724478e+02
-1.492509381258968006e+03 1.638929456181128444e+03 4.771624174131096652e+02
-1.490958864031092162e+03 1.638199412270078483e+03 4.773265590886468885e+02
-1.486282182850657819e+03 1.633699443114289124e+03 4.782255265555937740e+02
-1.486001605522055797e+03 1.633789013039713836e+03 4.777789247280319387e+02
-1.483727867202778043e+03 1.631689946944912208e+03 4.784019891192231171e+02
-1.475265231996368811e+03 1.626916090965815101e+03 4.808415404731329090e+02
-1.472151378218728041e+03 1.624912197198214471e+03 4.809601279460781598e+02
-1.476136758346776787e+03 1.626240261192660910e+03 4.786663630956169300e+02
-1.474139815072632018e+03 1.625272469812017334e+03 4.783414280371537188e+02
-1.472501816803605152e+03 1.624272945263455085e+03 4.782738823089933931e+02
-1.468302469039893595e+03 1.621991111887728721e+03 4.795409173162395859e+02
-1.466381245381089684e+03 1.620830735474171206e+03 4.795271713503049682e+02
-1.461265356279892330e+03 1.617460496254590907e+03 4.794587041467564745e+02
-1.459583219774248846e+03 1.616339452931526921e+03 4.796483302059325524e+02
-1.456605171899076140e+03 1.614417680081325898e+03 4.800973663203406545e+02
-1.454872953772184019e+03 1.612811499778001235e+03 4.801191874939411264e+02
-1.453567936178529635e+03 1.610637136594608592e+03 4.790981219786114025e+02
-1.449654943511692181e+03 1.608602423541584812e+03 4.793855396065067112e+02
-1.446385515723306980e+03 1.606218309979471314e+03 4.797113785094438754e+02
-1.443217511401731372e+03 1.603753788747699900e+03 4.791895176387157562e+02
-1.441640709075301857e+03 1.602616854888529360e+03 4.794408460767367615e+02
-1.440002894570850231e+03 1.601440573825278079e+03 4.793741412208919428e+02
-1.434421080760584573e+03 1.598092833087530835e+03 4.791424191203823852e+02
-1.432868301632035582e+03 1.597006286079258189e+03 4.790605650293620101e+02
-1.429190629748817855e+03 1.594336403896195179e+03 4.788749430940217735e+02
-1.426588900844835734e+03 1.593041700455162982e+03 4.791629611863154423e+02
-1.422962684726365524e+03 1.590697135741852890e+03 4.789861325447938611e+02
-1.421991722417261371e+03 1.589633714965865693e+03 4.786664634978184836e+02
-1.418546329995755514e+03 1.587026714745297795e+03 4.785767492038111186e+02
-1.416694562553628657e+03 1.585895081513406694e+03 4.786656531569720414e+02
-1.413045986287325832e+03 1.583580879904152198e+03 4.784605661591695025e+02
-1.411549506259718100e+03 1.582508356066304486e+03 4.783934113776664958e+02
-1.407332787720522447e+03 1.579948624415313361e+03 4.784684828303630297e+02
-1.403873450185371439e+03 1.577758642843659345e+03 4.784690248445310203e+02
-1.400268724832633325e+03 1.575685523858729312e+03 4.781212925160293707e+02
-1.398453248252969388e+03 1.574247823985997229e+03 4.781748968167923408e+02
-1.394761461419279158e+03 1.571875801858988098e+03 4.783896294059002798e+02
-1.393074146205608713e+03 1.570649393956284030e+03 4.784481136996442387e+02
-1.388981300159648072e+03 1.567972621659766446e+03 4.785614025050729765e+02
-1.387084961294550794e+03 1.566716364792832792e+03 4.786908612366456168e+02
-1.383194615214092437e+03 1.564231517023267543e+03 4.791945608039370654e+02
-1.381137159146971044e+03 1.562567743077732985e+03 4.796593367308277607e+02
-1.376001723962369852e+03 1.558422761982768634e+03 4.807433636214149715e+02
-1.374865809220058509e+03 1.558403499219050445e+03 4.806216606940539009e+02
-1.371462694169594897e+03 1.556352086540718801e+03 4.810849681504093383e+02
-1.369311816112609222e+03 1.554850078173574047e+03 4.816271344947857642e+02
-1.364430211038387142e+03 1.551772315839901694e+03 4.828642673816977435e+02
-1.363002949536974029e+03 1.551102898485918331e+03 4.831422677159987984e+02
-1.358757379392324083e+03 1.548373324249670532e+03 4.841598800669392517e+02
-1.356635614877429589e+03 1.547072453436342130e+03 4.855071091735372875e+02
-1.352200075156536059e+03 1.544512122691476861e+03 4.863659177015669002e+02
-1.349932252181444710e+03 1.543101221261805222e+03 4.866857218059233787e+02
-1.343150296397932834e+03 1.538843208859798779e+03 4.878618479384118700e+02
-1.339431029035427173e+03 1.534762413098924071e+03 4.888273697559656625e+02
-1.334843670503518297e+03 1.532061541376239575e+03 4.896313197141457181e+02
-1.332526333462480352e+03 1.530654790019231086e+03 4.900717078464930410e+02
-1.327710017685064031e+03 1.527727242289579635e+03 4.905099624971804815e+02
-1.325529336574640183e+03 1.525759785289603769e+03 4.910003753986601396e+02
-1.320734215862551309e+03 1.523253155963646122e+03 4.912681891000789847e+02
-1.318407289610800717e+03 1.521870093788843178e+03 4.915871410326361115e+02
-1.311338250153427225e+03 1.517066090616596966e+03 4.920599670748812287e+02
-1.308928797889298266e+03 1.515944493528244038e+03 4.918956458139915640e+02
-1.304118022697456809e+03 1.513193655028490184e+03 4.918899107555465093e+02
-1.301762733100913692e+03 1.511705158335184933e+03 4.919639625893192374e+02
-1.296873964321596986e+03 1.508795533165517099e+03 4.915095728549284786e+02
-1.294495394497511825e+03 1.507325417276184226e+03 4.914481630542973107e+02
-1.289478293339775291e+03 1.504358453731519148e+03 4.910310915936215679e+02
-1.287042194640438765e+03 1.502794053303447072e+03 4.908080615320837410e+02
-1.280804428342440588e+03 1.501264860661545072e+03 4.914170092034916024e+02
-1.278310783012064803e+03 1.499648196062595616e+03 4.911060107951420264e+02
-1.272901349502146786e+03 1.496802023309173364e+03 4.897304980808502251e+02
-1.270356230444682069e+03 1.495168206566632534e+03 4.893731808355877320e+02
-1.262646001043393653e+03 1.490077361654361994e+03 4.885698669055122991e+02
-1.260558595502468506e+03 1.487841470589080018e+03 4.888368662067641139e+02
-1.255915137090457620e+03 1.484129921164530515e+03 4.889467945546892338e+02
-1.253742727507976724e+03 1.482290211396183622e+03 4.893858169153631934e+02
-1.249457290439474036e+03 1.478666304395675979e+03 4.899718684642566018e+02
-1.247314333469699704e+03 1.476884785902934709e+03 4.902940332699051282e+02
-1.242924515236903972e+03 1.473364303218558234e+03 4.909622009703063554e+02
-1.240890422396185613e+03 1.471651785885215759e+03 4.916413799826105446e+02
-1.236199494163966619e+03 1.468650940259160507e+03 4.921917883701295295e+02
-1.235642785148685562e+03 1.464969864888917755e+03 4.917844428159151562e+02
-1.228849177917880752e+03 1.461165022693991659e+03 4.932987040096504643e+02
-1.226444500217016639e+03 1.459944567435749150e+03 4.938552507762894948e+02
-1.221582846576923885e+03 1.457478295808343091e+03 4.948516507020707422e+02
-1.219066597557116893e+03 1.456111739282925555e+03 4.951972497284888846e+02
-1.214263439429525988e+03 1.453449648036181088e+03 4.961424063658208183e+02
-1.211645211724409819e+03 1.451968980314359442e+03 4.964126000832065415e+02
-1.209089507335083681e+03 1.450574181773871715e+03 4.966982354973186489e+02
-1.204052247937830771e+03 1.447587565573746815e+03 4.973174158675998910e+02
-1.198975782268245439e+03 1.444607725535792724e+03 4.976837938532377166e+02
-1.196422504126944204e+03 1.443173190754307370e+03 4.979244993269560382e+02
-1.188915098154627003e+03 1.438787571270813942e+03 4.985282315156559321e+02
-1.186455319681463379e+03 1.437279470120886799e+03 4.986363950701220915e+02
-1.181495948835209674e+03 1.434412500647578327e+03 4.988888250168262744e+02
-1.179039781549587588e+03 1.432966095437499462e+03 4.990078140130952420e+02
-1.176571317525573249e+03 1.431209498004868919e+03 4.989707519454318003e+02
-1.173048420235849562e+03 1.429869519061571509e+03 5.002308301728238575e+02
-1.168308444054572647e+03 1.427395842774892117e+03 4.997073121262811242e+02
-1.165766793153460412e+03 1.425882723266942094e+03 4.995837688944404249e+02
-1.160976038838986142e+03 1.422828180909824368e+03 4.994291699626872969e+02
-1.155866863591349556e+03 1.419978478065419722e+03 4.989919292236060642e+02
-1.149972779575452705e+03 1.415571842743461730e+03 4.982661964310045164e+02
-1.148241406499167169e+03 1.414732734303673851e+03 4.984139013617912042e+02
-1.145481997321134259e+03 1.413070912250371748e+03 4.978040331422808435e+02
-1.140698556475789019e+03 1.410723273120604290e+03 4.973373321015511124e+02
-1.136062593164463351e+03 1.408065000699175926e+03 4.964056091619063409e+02
-1.133790381494358144e+03 1.406726288974221916e+03 4.962106286519043579e+02
-1.128373440014092012e+03 1.403377883299550831e+03 4.950247481782172940e+02
-1.125975761028887746e+03 1.401905949471549775e+03 4.945899607110545730e+02
-1.121144536948963832e+03 1.398975893574799557e+03 4.933751916764412613e+02
-1.118589393119089664e+03 1.397434594971618480e+03 4.928314565732253527e+02
-1.111015820922260900e+03 1.392699723697919126e+03 4.909992120649121148e+02
-1.108674339426666393e+03 1.391204748389768156e+03 4.905618047144159846e+02
-1.103417107793585046e+03 1.387912046554569770e+03 4.890146025190173305e+02
-1.100980788802280586e+03 1.386330864194245578e+03 4.884247589966060445e+02
-1.098614660839266207e+03 1.384666205351169310e+03 4.878760479374474812e+02
-1.093298221737156382e+03 1.381467937460122585e+03 4.861851471547187202e+02
-1.088191848286980530e+03 1.378342623536802876e+03 4.848184490522869510e+02
-1.083074144455353689e+03 1.375216994592813080e+03 4.832176100743898246e+02
-1.080219576183169011e+03 1.373379213153024466e+03 4.822233942800720001e+02
-1.075281481438795254e+03 1.370237115297263472e+03 4.808958142970287781e+02
-1.070098035638981855e+03 1.366767965292881854e+03 4.792621833498074011e+02
-1.067678895920856576e+03 1.365251640991561089e+03 4.785610561746853477e+02
-1.062418970827194244e+03 1.361844666285018548e+03 4.768184100679546304e+02
-1.059626626545090403e+03 1.360269584118520015e+03 4.756261777983125967e+02
-1.054431664279928782e+03 1.356922374325636838e+03 4.737577692833690435e+02
-1.052098373677451491e+03 1.355480052761239222e+03 4.730140560749413794e+02
-1.046679571133417994e+03 1.352262016225485695e+03 4.708220117995231249e+02
-1.044221485337831837e+03 1.350785801688586844e+03 4.699618946323757314e+02
-1.039325704913901745e+03 1.347609078688204590e+03 4.683036517072187053e+02
-1.033750884882047558e+03 1.344353325738049989e+03 4.659307590950191980e+02
-1.031603683106640801e+03 1.342911538494487104e+03 4.654269521279199466e+02
-1.024053413271636600e+03 1.339133555155304748e+03 4.649283693550939347e+02
-1.021071503634332544e+03 1.335669064841117915e+03 4.612657356288924575e+02
-1.016524534077696558e+03 1.333731632066313978e+03 4.621834280157137869e+02
-1.013630667397301181e+03 1.329978601873767275e+03 4.587393560842178317e+02
-1.011172248480105281e+03 1.328133896200864456e+03 4.580408803087949536e+02
-1.006210043856657421e+03 1.324455313447404478e+03 4.568669952613123542e+02
-1.003696911935279672e+03 1.322663131543003828e+03 4.565727799850053543e+02
-9.986106648169977689e+02 1.319229062276333252e+03 4.560288307042833935e+02
-9.917331297047823000e+02 1.315638371881166904e+03 4.579620142422363074e+02
-9.882984436565661781e+02 1.312009265383895809e+03 4.558115430446479195e+02
-9.856183190315675802e+02 1.310374886251051294e+03 4.557778042314590152e+02
-9.802707894337355583e+02 1.306785031665538554e+03 4.558157771327283854e+02
-9.777568980281230324e+02 1.304982532290999870e+03 4.558903456551540785e+02
-9.724444206389607643e+02 1.301348677519672037e+03 4.560715575137127189e+02
-9.698326493662074199e+02 1.299490345663686867e+03 4.563137925354756135e+02
-9.646326274878317690e+02 1.295623083848935721e+03 4.568123939583616107e+02
-9.621975573821517855e+02 1.293669385468215296e+03 4.570800361360217039e+02
-9.569904743982668833e+02 1.289660190706172443e+03 4.575345471062315710e+02
-9.516823447357651276e+02 1.285523936526831449e+03 4.577065366747154371e+02
-9.491673247300392404e+02 1.283521604577921607e+03 4.579968647836714126e+02
-9.441896113145951404e+02 1.279448085362573465e+03 4.582806566192842865e+02
-9.392824541577286936e+02 1.275553316228819767e+03 4.584364213717292387e+02
-9.367973838796541486e+02 1.273759244310310805e+03 4.583639657013558235e+02
-9.345289237148144821e+02 1.271870152787215375e+03 4.585045531026921708e+02
-9.294436369606395374e+02 1.268012533516976646e+03 4.578822607009801118e+02
-9.248850655396165621e+02 1.264203276268184709e+03 4.576819507204076558e+02
-9.199545723276875151e+02 1.260423304885276593e+03 4.567609903491827481e+02
-9.176555920787191098e+02 1.258425568579146784e+03 4.563158944344812085e+02
-9.152174951590388901e+02 1.256511304987754556e+03 4.558848373465629606e+02
-9.080820781269172812e+02 1.250482439581806148e+03 4.541141205657662567e+02
-9.054650052983882915e+02 1.248461687385191908e+03 4.532116627151601165e+02
-9.003658989594913464e+02 1.244190224096614656e+03 4.514857449099103519e+02
-8.979913819051801056e+02 1.242282875786662771e+03 4.507589280214975815e+02
-8.927892807942515674e+02 1.238140111276985863e+03 4.488287335340054369e+02
-8.902046052791777129e+02 1.235987397616563840e+03 4.478845755013338703e+02
-8.852375741373409710e+02 1.231597430193013452e+03 4.464081508136093248e+02
-8.828270663741818680e+02 1.229328811832564497e+03 4.457969996889891036e+02
-8.778431429547953257e+02 1.225419026546199575e+03 4.454059021298040761e+02
-8.728827820621610272e+02 1.221705431042291593e+03 4.458444238424976334e+02
-8.679333428088567643e+02 1.218334743132699032e+03 4.468283072341025104e+02
-8.657131497963492848e+02 1.216826124516920800e+03 4.476610973423877340e+02
-8.608712000846957153e+02 1.213811673590361124e+03 4.488755073627003753e+02
-8.585319484381465145e+02 1.212293530484598705e+03 4.496017446839163654e+02
-8.561849436469815373e+02 1.210775818499236493e+03 4.503271455942517036e+02
-8.514523804234363524e+02 1.207954648337685740e+03 4.519235627573958141e+02
-8.467639149281341133e+02 1.205230913201660087e+03 4.534773910104468655e+02
-8.421674766463822834e+02 1.202514838690887927e+03 4.552427533838777549e+02
-8.397931690922569032e+02 1.201089465773750817e+03 4.560689463942042039e+02
-8.374946851051009844e+02 1.199827976681471455e+03 4.569044171489126143e+02
-8.304398637563002694e+02 1.195612305353776719e+03 4.592444308428908357e+02
-8.281064968751646802e+02 1.194073382394605687e+03 4.600149529376258783e+02
-8.234714242499768488e+02 1.191200123934847625e+03 4.614807008057615008e+02
-8.209825254429470078e+02 1.189818882764228192e+03 4.621904621811016796e+02
-8.161700955073451951e+02 1.186990310251472920e+03 4.635382896847620486e+02
-8.138502785679014551e+02 1.185677970200410073e+03 4.642192620274520323e+02
-8.090345065335594654e+02 1.182913214448961980e+03 4.654741517203483454e+02
-8.042710040711515376e+02 1.181951916924710531e+03 4.673414348797344360e+02
-7.997006504589209044e+02 1.179060102633835186e+03 4.687465824591500905e+02
-7.947206369391329872e+02 1.176166205429242609e+03 4.695933655921562035e+02
-7.896459604979743290e+02 1.173466138185022373e+03 4.702989360652539972e+02
-7.873657151802304952e+02 1.172333176007578913e+03 4.709754129905517743e+02
-7.823853308233043435e+02 1.169890562319252467e+03 4.717137222691954435e+02
-7.798367251796399842e+02 1.168584350841239711e+03 4.718468152157423674e+02
-7.750791022228465863e+02 1.166218852220425333e+03 4.727508509836519579e+02
-7.727688251600843614e+02 1.165134732453818287e+03 4.731789155198088679e+02
-7.684836069732148189e+02 1.162857038571708244e+03 4.739412408701338109e+02
-7.661293197492195759e+02 1.161584504185150536e+03 4.743613350193807037e+02
-7.587877169556655872e+02 1.158110330818054990e+03 4.746993050522451654e+02
-7.587877169556655872e+02 1.158110330818054990e+03 4.746993050522451654e+02
-7.516076047211163313e+02 1.154464654176297245e+03 4.753275010015441353e+02
-7.491991951653159276e+02 1.153224155199773577e+03 4.754138325152744642e+02
-7.466893778725075208e+02 1.151888254911503964e+03 4.754130011042297497e+02
-7.418811665438040563e+02 1.149297203249294625e+03 4.756466267454958370e+02
-7.369061877969542138e+02 1.146779407077016231e+03 4.755540940495766904e+02
-7.344725555704392264e+02 1.145369502924827884e+03 4.755487271293692970e+02
-7.289874848403749183e+02 1.142427099662575756e+03 4.750467907593607038e+02
-7.263792017182390737e+02 1.141140515703730671e+03 4.746818214378076846e+02
-7.213540277985885041e+02 1.138442444952198002e+03 4.742409597038553670e+02
-7.191314350870098906e+02 1.137099848919011947e+03 4.745659809859855613e+02
-7.117664327775486299e+02 1.133045054675303618e+03 4.737666929561207780e+02
-7.091839700563583619e+02 1.131775254334567308e+03 4.734132817031568834e+02
-7.016700707612961878e+02 1.127804629755028145e+03 4.722088767927365893e+02
-7.016700707612961878e+02 1.127804629755028145e+03 4.722088767927365893e+02
-6.967405772754675581e+02 1.125321205622523166e+03 4.715924173676932014e+02
-6.942631887922242413e+02 1.123996989416847327e+03 4.711455966408407789e+02
-6.916946331922780473e+02 1.122679719977007608e+03 4.706119912933022533e+02
-6.873635227316771079e+02 1.120233056356098814e+03 4.700169464490278415e+02
-6.823114733582117424e+02 1.117746690787163516e+03 4.689467052249528365e+02
-6.772843950029939606e+02 1.115309793319344635e+03 4.678163703222916183e+02
-6.718134129931465850e+02 1.112699585442740045e+03 4.662412867198969479e+02
-6.692460306581889427e+02 1.111559815545113679e+03 4.656528693912987933e+02
-6.692460306581889427e+02 1.111559815545113679e+03 4.656528693912987933e+02
-6.616663223332991492e+02 1.107955616762028967e+03 4.635792467554232417e+02
-6.566414297934769593e+02 1.105460105924342997e+03 4.622471140506002030e+02
-6.540004643625179597e+02 1.104365366726357706e+03 4.616364301777472292e+02
-6.491061405388520598e+02 1.101474506416178883e+03 4.604652639107339382e+02
-6.442074467406930580e+02 1.098728138966622964e+03 4.594798519670968631e+02
-6.417907417939418337e+02 1.097261333180212659e+03 4.589235622208849463e+02
-6.364831106695684184e+02 1.094244360895580712e+03 4.572864603386396993e+02
-6.340405824094235641e+02 1.092729321220643442e+03 4.567898571603927849e+02
-6.292318452263140216e+02 1.089914825066557796e+03 4.558325518061682260e+02
-6.268999135871835051e+02 1.088558733475175586e+03 4.556387945228663057e+02
-6.222798069172381474e+02 1.085756637293947279e+03 4.558304514292753424e+02
-6.171374854270716241e+02 1.082736928147580784e+03 4.560551994804098968e+02
-6.144978746639718565e+02 1.081233227751660252e+03 4.562101570425247132e+02
-6.093287108461601065e+02 1.078096933902795172e+03 4.570042839622108204e+02
-6.064697323006060969e+02 1.076452949273941613e+03 4.571972096058235024e+02
-6.013566103038702977e+02 1.073428827592756306e+03 4.584725696785925493e+02
-5.986473039808048497e+02 1.071845626522664134e+03 4.589333637833352668e+02
-5.904085000849506741e+02 1.067052872476938091e+03 4.603042453980510231e+02
-5.877697160543028758e+02 1.065657865609346345e+03 4.607429249478295787e+02
-5.824264962574062565e+02 1.062689179346047013e+03 4.617870872277912326e+02
-5.798693954049848571e+02 1.061192990630225722e+03 4.623659794296310679e+02
-5.747819605404102958e+02 1.058093138530623037e+03 4.638337203347033437e+02
-5.721646580315255051e+02 1.056633618100329841e+03 4.642445717932507705e+02
-5.668348064524822121e+02 1.053380512024041991e+03 4.652059646586932331e+02
-5.614989607055395027e+02 1.050182195770549015e+03 4.661679865699627499e+02
-5.589026189739402071e+02 1.048510999324348859e+03 4.668591680628558720e+02
-5.560902936738546032e+02 1.046989792016115871e+03 4.671101815246644833e+02
-5.508113706017114737e+02 1.043869453720784122e+03 4.678954209163640030e+02
-5.455638536356597115e+02 1.040822303060620470e+03 4.686538607834143022e+02
-5.402326124070888227e+02 1.037842407183010891e+03 4.690811181292591527e+02
-5.376477010798845413e+02 1.036377433127287077e+03 4.694612254572447227e+02
-5.324049528244748899e+02 1.033419808481229893e+03 4.698593092085039871e+02
-5.297639488194510022e+02 1.031910147212128550e+03 4.698935566428738753e+02
-5.244077789148908550e+02 1.028995560931274440e+03 4.701387903274301152e+02
-5.217054047358474236e+02 1.027453616440619498e+03 4.701566393816610230e+02
-5.163931028879969745e+02 1.024497257923537063e+03 4.702034432808582096e+02
-5.137456473857691890e+02 1.022894971865922685e+03 4.702012368497680654e+02
-5.052832104343433457e+02 1.018202927693602874e+03 4.695191021055288161e+02
-5.029259765954749355e+02 1.016675556879743795e+03 4.694298074850294142e+02
-4.968608381596379218e+02 1.013436025079348042e+03 4.688302917279200983e+02
-4.943531849967986318e+02 1.011868538659561750e+03 4.685131953802090266e+02
-4.877822608932971775e+02 1.008550019563013961e+03 4.673116608146925159e+02
-4.849109286945444524e+02 1.006961909825405087e+03 4.669545611841371056e+02
-4.819479401028736447e+02 1.005266195548057340e+03 4.664852138832595756e+02
-4.762007834294723807e+02 1.001877937377415492e+03 4.657771939898107689e+02
-4.705397981975446555e+02 9.979953640638351544e+02 4.653642264574702381e+02
-4.677620099105747613e+02 9.960263900661614116e+02 4.654222482007369308e+02
-4.598986062006384827e+02 9.898522744083911675e+02 4.663584977205430846e+02
-4.571746203356615865e+02 9.881490736022157080e+02 4.665903297053992560e+02
-4.542294417435647915e+02 9.863114480738055363e+02 4.668152979051474745e+02
-4.488244678287974239e+02 9.830457123275676850e+02 4.678806475871733710e+02
-4.434994783332414841e+02 9.804401410091137450e+02 4.694513094316565684e+02
-4.434994783332414841e+02 9.804401410091137450e+02 4.694513094316565684e+02
-4.407238836226699163e+02 9.791882914983671071e+02 4.702088310716630417e+02
-4.407238836226699163e+02 9.791882914983671071e+02 4.702088310716630417e+02
-4.407238836226699163e+02 9.791882914983671071e+02 4.702088310716630417e+02
-4.407238836226699163e+02 9.791882914983671071e+02 4.702088310716630417e+02
-4.407238836226699163e+02 9.791882914983671071e+02 4.702088310716630417e+02
-4.407238836226699163e+02 9.791882914983671071e+02 4.702088310716630417e+02
-4.268700036460667775e+02 9.726362156753756381e+02 4.737896201361074304e+02
-4.268700036460667775e+02 9.726362156753756381e+02 4.737896201361074304e+02
-4.268700036460667775e+02 9.726362156753756381e+02 4.737896201361074304e+02
-4.268700036460667775e+02 9.726362156753756381e+02 4.737896201361074304e+02
-4.268700036460667775e+02 9.726362156753756381e+02 4.737896201361074304e+02
-4.268700036460667775e+02 9.726362156753756381e+02 4.737896201361074304e+02
-4.131411699045248724e+02 9.657777221796196727e+02 4.770572710250155524e+02
-4.131411699045248724e+02 9.657777221796196727e+02 4.770572710250155524e+02
-4.131411699045248724e+02 9.657777221796196727e+02 4.770572710250155524e+02
-4.131411699045248724e+02 9.657777221796196727e+02 4.770572710250155524e+02
-4.131411699045248724e+02 9.657777221796196727e+02 4.770572710250155524e+02
-4.131411699045248724e+02 9.657777221796196727e+02 4.770572710250155524e+02
-4.131411699045248724e+02 9.657777221796196727e+02 4.770572710250155524e+02
-4.131411699045248724e+02 9.657777221796196727e+02 4.770572710250155524e+02
-4.131411699045248724e+02 9.657777221796196727e+02 4.770572710250155524e+02
-4.131411699045248724e+02 9.657777221796196727e+02 4.770572710250155524e+02
-3.658271932910354280e+02 9.406370684449635746e+02 4.839077932607955859e+02
-3.319380816863549057e+02 9.254659626146858500e+02 4.813376460253057871e+02
-3.262090101761791061e+02 9.227508873696359615e+02 4.803576492666533113e+02
-3.233978792250869105e+02 9.214926422228041929e+02 4.799332728352796380e+02
-3.177399598801490015e+02 9.186865964396780555e+02 4.789908773067442667e+02
-3.149550530145244807e+02 9.172308672289243532e+02 4.785265537303079668e+02
-3.096661083973162363e+02 9.144451440214581908e+02 4.776246810021398801e+02
-3.066496968331863400e+02 9.130502414419385104e+02 4.771548881785652156e+02
-3.038906913641426399e+02 9.115994816010260138e+02 4.767654916209368139e+02
-2.982924477340223461e+02 9.085836398579698425e+02 4.758603914496113703e+02
-2.932230921549162304e+02 9.056469104178615908e+02 4.750740402213955917e+02
-2.900638707976233945e+02 9.041672539887887297e+02 4.745878014484123923e+02
-2.849022207919397829e+02 9.010593147781706875e+02 4.736487611345233972e+02
-2.849022207919397829e+02 9.010593147781706875e+02 4.736487611345233972e+02
-2.818245631038229249e+02 8.994269202891064197e+02 4.730421611230216286e+02
-2.760856001251937641e+02 8.960498080019923464e+02 4.720957344744702482e+02
-2.674278005761017880e+02 8.909396331756289555e+02 4.708717437759873405e+02
-2.674278005761017880e+02 8.909396331756289555e+02 4.708717437759873405e+02
-2.618237523672726752e+02 8.880059710056807489e+02 4.706585470122207653e+02
-2.618237523672726752e+02 8.880059710056807489e+02 4.706585470122207653e+02
-2.618237523672726752e+02 8.880059710056807489e+02 4.706585470122207653e+02
-2.618237523672726752e+02 8.880059710056807489e+02 4.706585470122207653e+02
-2.484857655457760472e+02 8.823073892609894529e+02 4.724266691590319738e+02
-2.484857655457760472e+02 8.823073892609894529e+02 4.724266691590319738e+02
-2.295541796828972565e+02 8.731724622857569784e+02 4.750441241199034152e+02
-2.267721115427247582e+02 8.717594399407903438e+02 4.753157266615119170e+02
-2.215985797808323525e+02 8.691172257631081948e+02 4.759481194322780198e+02
-2.189143859492721731e+02 8.679431638286221187e+02 4.763671370506743870e+02
-2.136885851080918428e+02 8.655112419510949167e+02 4.768000259402807615e+02
-2.136885851080918428e+02 8.655112419510949167e+02 4.768000259402807615e+02
-2.060748844097538210e+02 8.620312381397667423e+02 4.775223761445330410e+02
-2.035216748599581251e+02 8.610387227182919787e+02 4.777827823313258477e+02
-1.985252780425087735e+02 8.590845079733209104e+02 4.780047583640941298e+02
-1.934551564726266975e+02 8.570260380646810745e+02 4.780222308321007745e+02
-1.884998076393709994e+02 8.550219576032631039e+02 4.780792048844951410e+02
-1.859294628429427405e+02 8.539813329061788636e+02 4.780656832928054314e+02
-1.807776145306112028e+02 8.520021768338046968e+02 4.778366740780838882e+02
-1.782999497888947928e+02 8.510326225696528581e+02 4.778416947943395030e+02
-1.732267401973922460e+02 8.490833603895895294e+02 4.775785986206797133e+02
-1.706914925019837597e+02 8.481157836411153994e+02 4.774695916893914500e+02
-1.630200095707641594e+02 8.452162370739177959e+02 4.769252578307244903e+02
-1.630200095707641594e+02 8.452162370739177959e+02 4.769252578307244903e+02
-1.555949427923812038e+02 8.422190440909363360e+02 4.762647447066129871e+02
-1.527131006760648972e+02 8.413086637240799064e+02 4.760841747618335944e+02
-1.474709746083344442e+02 8.392711164300575319e+02 4.755191284816928601e+02
-1.449992558336344359e+02 8.383444440694045170e+02 4.753775577740309473e+02
-1.398265797739973948e+02 8.363843200563125038e+02 4.748670430349186518e+02
-1.372834803249889717e+02 8.353856125081722439e+02 4.746440904714224871e+02
-1.320841468221301511e+02 8.334174314163824420e+02 4.740319682293461483e+02
-1.295631538753478083e+02 8.325626786366381111e+02 4.738156186418893867e+02
-1.243375272547527146e+02 8.306923433907149956e+02 4.732348446312110468e+02
-1.218825224929242239e+02 8.298453626799939684e+02 4.730208262753749295e+02
-1.141037893872590701e+02 8.272760897131726097e+02 4.721415973775047519e+02
-1.113359296844709547e+02 8.264129620662096158e+02 4.715036830171337101e+02
-1.063271455087387665e+02 8.246648825324962218e+02 4.713486668219669014e+02
-1.037763976050550241e+02 8.237608408883205584e+02 4.712166107988678618e+02
-9.880702191348110830e+01 8.219294426320632283e+02 4.711705135517647136e+02
-9.629817391552310823e+01 8.210013901474267186e+02 4.712238057868545411e+02
-8.899800640933777629e+01 8.181722918018410837e+02 4.714161402256734164e+02
-8.682908883683182921e+01 8.172573657408022427e+02 4.715206991065100510e+02
-8.410260834849728440e+01 8.163336068508431254e+02 4.715801181643031441e+02
-8.222926988245970392e+01 8.149078282684668011e+02 4.696603309301017930e+02
-7.422190378026567714e+01 8.129642959604952921e+02 4.712533974480884922e+02
-7.204143270993210990e+01 8.120983344109839663e+02 4.710908121881715260e+02
-6.659889407041191589e+01 8.104608464077256258e+02 4.707454125542616907e+02
-6.401141414873256963e+01 8.096281624171724616e+02 4.707357118820893334e+02
-5.873053955911110080e+01 8.076726903224803209e+02 4.705292632762781295e+02
-5.603114273426432845e+01 8.067408252803082860e+02 4.705014860639163885e+02
-5.336565097853495843e+01 8.055979855986923894e+02 4.703655107602469911e+02
-4.784722784336717893e+01 8.034661503213750393e+02 4.702209315502872187e+02
-4.235072433902971056e+01 8.011522560531677755e+02 4.698347516825304524e+02
-3.968028228990515061e+01 8.001015710236524683e+02 4.696966848212109085e+02
-3.144239215003567978e+01 7.966464588081722695e+02 4.687060314623345789e+02
-2.867397350100969433e+01 7.954360986075953406e+02 4.683406887814902007e+02
-2.598256144060413675e+01 7.942046439087313274e+02 4.678018221380971795e+02
-2.045948870348221504e+01 7.918964608567021060e+02 4.668964341389969377e+02
-1.491112570305466178e+01 7.896522236958618350e+02 4.656468526175774514e+02
-1.210953767589612440e+01 7.884807653193827264e+02 4.649908466295055973e+02
-6.534282146632104826e+00 7.863180370196243985e+02 4.635104553351407048e+02
-3.668575241140977550e+00 7.851907787311344009e+02 4.626632110039395229e+02
1.934833068139387047e+00 7.832102959555860480e+02 4.611561505828215104e+02
7.313165604947375442e+00 7.815126150441012669e+02 4.600844156896404229e+02
1.250623491039754853e+01 7.799690797375735656e+02 4.592105489738156052e+02
1.520951739791304469e+01 7.791141087053343881e+02 4.586991149092926889e+02
1.520951739791304469e+01 7.791141087053343881e+02 4.586991149092926889e+02
2.280481883249302300e+01 7.767143909603861403e+02 4.578300374065299820e+02
2.792569052923274597e+01 7.745500744189254192e+02 4.573331111906211959e+02
3.332144534352916310e+01 7.720751954246064770e+02 4.573679661362213551e+02
3.608155456524755067e+01 7.706553921179146300e+02 4.574145982399742252e+02
4.169373310999110060e+01 7.678692708000702396e+02 4.578226986124789732e+02
4.441088522303126496e+01 7.665585819537815269e+02 4.578976165141214665e+02
4.732744238120155700e+01 7.651731032708794373e+02 4.580768381542319503e+02
5.279546515324163636e+01 7.624395429793828498e+02 4.585562190740798769e+02
5.812648834707226797e+01 7.599466378890236911e+02 4.592147659012484269e+02
6.365322360005050939e+01 7.573884131385805176e+02 4.596624204299831149e+02
6.637943764383379630e+01 7.562524622033294008e+02 4.599715037182947981e+02
7.167931866623736425e+01 7.540925614546081306e+02 4.606047059119647429e+02
7.437617541332936355e+01 7.529288993767854663e+02 4.608047366750346328e+02
7.970415750109499697e+01 7.508414327287775905e+02 4.613074312685786253e+02
8.238004953978642675e+01 7.498680376265591576e+02 4.616510032827946475e+02
8.503057490474823510e+01 7.488761129360997302e+02 4.618427040227740008e+02
9.036639090749343950e+01 7.469623649734800210e+02 4.624366840442434068e+02
9.828396828444908806e+01 7.440683504487270739e+02 4.630804867663011919e+02
1.009948804409170009e+02 7.429877329803358634e+02 4.633489930688593290e+02
1.063475259140526958e+02 7.410838537370105996e+02 4.637286497127071243e+02
1.090938176113068607e+02 7.400445857300406942e+02 4.637812658103015906e+02
1.143775994530655993e+02 7.380492732854274891e+02 4.639790967734406877e+02
1.169628561724417608e+02 7.371168123377424308e+02 4.640689196797251839e+02
1.224134384814002203e+02 7.350583005395134251e+02 4.638818793197920058e+02
1.251292327719686597e+02 7.340108532548357516e+02 4.638036221485192527e+02
1.306994493072247394e+02 7.319945863100188035e+02 4.633918928543370157e+02
1.361992539709143841e+02 7.300183061186032774e+02 4.628724506527082099e+02
1.420567445630107386e+02 7.277753298513513300e+02 4.621207854464454954e+02
1.449491456790020152e+02 7.267883882122179102e+02 4.617315287574836589e+02
1.510449977940510848e+02 7.245378675732299598e+02 4.607556515953628491e+02
1.540650726676702504e+02 7.234946202928772436e+02 4.602633395165220236e+02
1.604682049519642533e+02 7.211556695838560245e+02 4.590425194892966942e+02
1.635643954107586637e+02 7.200103964135184924e+02 4.585747431370481308e+02
1.699945070896747268e+02 7.173650888847927263e+02 4.575642731330418655e+02
1.729139283961947342e+02 7.160438461653308195e+02 4.574325667660750696e+02
1.758166458262857645e+02 7.145846562402467725e+02 4.574872262996424297e+02
1.842587904110138197e+02 7.099291740452504200e+02 4.585274311122333302e+02
1.895095898984978078e+02 7.070151687824558167e+02 4.596492109829372907e+02
1.923028070822679183e+02 7.055363996565804428e+02 4.602832458140076142e+02
1.950005615439523865e+02 7.042199393663627234e+02 4.608790841005804850e+02
2.002400714779959685e+02 7.017758719273526822e+02 4.622693546755956504e+02
2.054903179243027580e+02 6.994915534119608083e+02 4.638202966823101860e+02
2.081670302200608944e+02 6.984978463316035686e+02 4.646655875589216862e+02
2.133486365455526084e+02 6.962182220320052011e+02 4.662971277957020675e+02
2.159758901349336213e+02 6.951546284909537690e+02 4.671289321791817883e+02
2.212567378479484717e+02 6.929527207503952013e+02 4.687750708702322981e+02
2.238693335150462644e+02 6.918592297905976238e+02 4.695812521990669097e+02
2.264629473600286076e+02 6.906994554185907873e+02 4.702765358027141360e+02
2.341827895509748885e+02 6.872661715617198297e+02 4.725163356186660053e+02
2.394680638430216106e+02 6.849783979609144353e+02 4.738668714896513166e+02
2.421837399918982214e+02 6.837544471365598611e+02 4.744265288561244915e+02
2.473072184315061577e+02 6.814797238887158528e+02 4.755633445309265426e+02
2.499806500448378586e+02 6.803156216214598544e+02 4.760065526705913044e+02
2.549985690297830843e+02 6.779913180894160405e+02 4.767595963902186895e+02
2.576413587786680068e+02 6.768140613595051036e+02 4.771637428795818323e+02
2.626443166875350812e+02 6.743794725362088229e+02 4.778509628674313490e+02
2.653224028372337671e+02 6.731847961009867731e+02 4.782117229106394802e+02
2.708590372704147740e+02 6.709259893126235283e+02 4.788403795071700983e+02
2.760466569424965542e+02 6.685553829192838293e+02 4.793889831326662829e+02
2.812640319152905590e+02 6.662408209362997695e+02 4.798697906798112740e+02
2.838969028643851402e+02 6.650115296754754581e+02 4.799853922835504818e+02
2.891087158887511919e+02 6.626617487271215623e+02 4.803323323905815414e+02
2.917546773829731137e+02 6.615127770758716679e+02 4.804370358262960963e+02
2.944660689953964265e+02 6.603159228092082458e+02 4.805604238728237760e+02
2.944660689953964265e+02 6.603159228092082458e+02 4.805604238728237760e+02
2.995097346538934744e+02 6.581319561723256584e+02 4.806594738243611573e+02
3.047212796062543703e+02 6.559166509183766038e+02 4.806062276512010385e+02
3.152685780889569855e+02 6.513473561414001551e+02 4.804152506411581953e+02
3.152685780889569855e+02 6.513473561414001551e+02 4.804152506411581953e+02
3.201434586015522541e+02 6.489724722580699563e+02 4.801260591725499580e+02
3.253901327159018706e+02 6.466688388698579502e+02 4.797911491296662234e+02
3.306195513984829972e+02 6.442855476105252137e+02 4.793796560035106040e+02
3.306195513984829972e+02 6.442855476105252137e+02 4.793796560035106040e+02
3.383841536549506941e+02 6.404179459283727738e+02 4.769965336103342111e+02
3.408966611384329894e+02 6.393150086034632977e+02 4.767975054124174221e+02
3.460662756508538109e+02 6.368146228540780385e+02 4.761841767521071915e+02
3.489461055267761367e+02 6.356149215726130706e+02 4.760966129111947112e+02
3.539075511592896532e+02 6.333334166116566166e+02 4.747742566802226065e+02
3.569473686760734950e+02 6.325666238333712954e+02 4.756433102405569571e+02
3.593146699785037868e+02 6.314833028884263513e+02 4.748832687733033140e+02
3.593146699785037868e+02 6.314833028884263513e+02 4.748832687733033140e+02
3.701934676759087779e+02 6.263818623318999244e+02 4.725220198239092042e+02
3.728838291011589945e+02 6.256195900719793599e+02 4.727189681781879926e+02
3.809691257184278470e+02 6.219605665652422886e+02 4.714377865732779469e+02
3.834470509455783827e+02 6.205121327945490748e+02 4.705610827716291737e+02
3.889784536015947651e+02 6.179206002352414089e+02 4.696275742011857801e+02
3.917961325275288118e+02 6.165890406720478722e+02 4.690914581101701515e+02
3.972506609260074129e+02 6.139122283012640082e+02 4.680577079754971805e+02
4.030154049017517650e+02 6.111103076257196562e+02 4.669937500816244551e+02
4.056172237712683568e+02 6.098150655029207883e+02 4.667215091981730097e+02
4.083813773705965673e+02 6.084331877985447363e+02 4.664342274901497376e+02
4.165722783642397644e+02 6.041980056634835137e+02 4.664052033302312452e+02
4.165722783642397644e+02 6.041980056634835137e+02 4.664052033302312452e+02
4.219355263300263346e+02 6.015145296352706055e+02 4.668619170467061963e+02
4.273999062859389255e+02 5.988096710210701303e+02 4.676740834156115625e+02
4.329754528022737645e+02 5.961574497062940736e+02 4.685818062587590589e+02
4.356638168921341503e+02 5.948724409946087235e+02 4.691023519471543182e+02
4.412056366259624838e+02 5.922543632937394023e+02 4.699892027181189746e+02
4.438432071051811931e+02 5.909908925820972172e+02 4.706100264669415765e+02
4.493199890710907312e+02 5.885649304278935006e+02 4.715274799051342711e+02
4.520181353469229748e+02 5.872631287344360089e+02 4.719053694471381846e+02
4.574706817204884146e+02 5.847535978847195111e+02 4.727560685891708658e+02
4.600840103775682906e+02 5.835529233815002499e+02 4.731782649309595854e+02
4.681725089832042954e+02 5.796620823875006181e+02 4.742251084845435116e+02
4.708984844170013844e+02 5.784834182563649847e+02 4.746475943066240575e+02
4.763632776496006613e+02 5.758036193066225223e+02 4.750226643506909454e+02
4.790115990548900982e+02 5.745824797880256938e+02 4.753016601089206574e+02
4.846557463253824380e+02 5.720672732547343458e+02 4.758704533612738032e+02
4.872659883355012198e+02 5.707564210275672849e+02 4.759107103374785197e+02
4.927367489809985273e+02 5.681034694135059908e+02 4.760829970840773626e+02
4.984243256459189411e+02 5.654054636470734749e+02 4.759524786040470303e+02
5.012177368560396076e+02 5.640792738691210388e+02 4.760194910177771703e+02
5.064780525039182635e+02 5.616267583241663033e+02 4.762681921248770323e+02
5.121978385292311486e+02 5.592086631932503451e+02 4.763582479639372309e+02
5.147175264370815739e+02 5.580006143159954490e+02 4.761526186057303107e+02
5.176094873903299458e+02 5.567913824151562494e+02 4.760497344866788580e+02
5.176094873903299458e+02 5.567913824151562494e+02 4.760497344866788580e+02
5.289125870442076121e+02 5.521844387007436126e+02 4.759001688504407639e+02
5.312410485882148805e+02 5.509307811431167465e+02 4.754143058206508385e+02
5.369705395962432704e+02 5.486117355128260442e+02 4.751106637193437336e+02
5.396548341689814379e+02 5.474968414218363932e+02 4.748010115520459635e+02
5.452758347164450470e+02 5.451596814774180757e+02 4.742994257583014814e+02
5.480993361002633719e+02 5.440357888685566650e+02 4.740161656066425167e+02
5.538267802833635187e+02 5.416314510741291315e+02 4.734137849727457024e+02
5.596024601146829127e+02 5.393581669790100932e+02 4.728972332463249018e+02
5.656791062996327355e+02 5.368580528172847153e+02 4.722513099366043434e+02
5.685201253712909875e+02 5.355891998586390628e+02 4.716098854842917376e+02
5.746405039095782286e+02 5.330616030800251792e+02 4.709674024351975845e+02
5.778009069998556697e+02 5.317047538132528643e+02 4.707665903133280949e+02
5.836889396281460449e+02 5.287976754154647097e+02 4.702074811682253426e+02
5.864703946925300215e+02 5.271807931810793661e+02 4.699956440541669735e+02
5.921017035032730291e+02 5.238633341520633167e+02 4.702660665655025696e+02
5.948555996198369940e+02 5.222833809231264013e+02 4.706421687072738109e+02
6.001579220598263191e+02 5.187520172783101771e+02 4.709195248708884947e+02
6.027719313923596474e+02 5.173768622100748189e+02 4.710084636609241784e+02
6.053111610829881784e+02 5.159760201331866938e+02 4.715402344082435206e+02
6.053111610829881784e+02 5.159760201331866938e+02 4.715402344082435206e+02
6.181806209873550415e+02 5.094770457161758941e+02 4.738022152959860023e+02
6.209331900753605851e+02 5.082723140317212938e+02 4.749934405338007650e+02
6.264057429444106901e+02 5.065223025205439740e+02 4.759680047310971531e+02
6.290082180342867559e+02 5.055271216143524384e+02 4.764349650671943550e+02
6.343761408905437520e+02 5.034523495840643363e+02 4.775871856089183325e+02
6.371312911197950370e+02 5.023758946883352223e+02 4.780986027816268233e+02
6.454459594891915231e+02 4.986288022888381306e+02 4.797964670278815902e+02
6.481970039667950232e+02 4.975489362815600884e+02 4.798825446112808777e+02
6.536700712203299872e+02 4.948886060197121424e+02 4.809908764687675671e+02
6.563298603857515445e+02 4.937622408783207106e+02 4.811190028413299160e+02
6.645425280643850101e+02 4.897463181241942038e+02 4.819615367548890958e+02
6.645425280643850101e+02 4.897463181241942038e+02 4.819615367548890958e+02
6.700740132048680380e+02 4.870879909821124443e+02 4.824297791763177656e+02
6.700740132048680380e+02 4.870879909821124443e+02 4.824297791763177656e+02
6.700740132048680380e+02 4.870879909821124443e+02 4.824297791763177656e+02
6.838145375379666575e+02 4.802110893812931636e+02 4.830584078210644066e+02
6.891757171635434815e+02 4.775933151540905328e+02 4.830415395035452093e+02
6.919687285974587212e+02 4.762379940276471757e+02 4.830726702430011983e+02
6.972939600946552900e+02 4.737016105930182448e+02 4.829353198241362293e+02
7.000714804562089739e+02 4.723954332775329590e+02 4.828051073274073701e+02
7.084782482440342619e+02 4.687687803129005033e+02 4.821565626191774072e+02
7.110227341657142688e+02 4.676250847732472948e+02 4.818310205251796106e+02
7.164287203800816997e+02 4.654846683678046588e+02 4.813791505828170898e+02
7.190684207369559999e+02 4.641485696536047953e+02 4.813576323645779667e+02
7.243205668113989759e+02 4.618960049278551878e+02 4.813612592084441530e+02
7.268751673751118005e+02 4.605805587000725723e+02 4.809947423970052114e+02
7.322077933516369512e+02 4.578919650171634999e+02 4.806693046900052195e+02
7.348327991286704446e+02 4.565292982090508076e+02 4.805118027430942789e+02
7.428165339984570892e+02 4.523899150170720418e+02 4.798981862613992462e+02
7.428165339984570892e+02 4.523899150170720418e+02 4.798981862613992462e+02
7.505393471686109024e+02 4.484428060703231154e+02 4.792475911337477896e+02
7.533857521598984022e+02 4.469918095189526070e+02 4.789776320521169737e+02
7.586500429038684388e+02 4.443617319998363655e+02 4.783266869030633757e+02
7.614577275222228536e+02 4.430351234071758313e+02 4.781355240970070781e+02
7.670256902621267727e+02 4.403757882109806587e+02 4.774080363113655494e+02
7.695218646154283988e+02 4.389886360483252474e+02 4.767510799585633663e+02
7.751205397751268720e+02 4.359251160028306344e+02 4.747106566651823982e+02
7.781710567222612553e+02 4.345262013912136467e+02 4.745409545398645150e+02
7.840887450980090989e+02 4.314503224568329642e+02 4.737777646154876834e+02
7.867517783815866323e+02 4.301845768841598669e+02 4.728296481073173254e+02
7.950093162999911556e+02 4.261009190142218017e+02 4.725735904379380941e+02
7.977489881596681016e+02 4.250536637705566818e+02 4.718139210786682725e+02
8.029991804860638922e+02 4.226530509807677731e+02 4.721400781254499748e+02
8.054667857619158440e+02 4.213191904072521083e+02 4.723873184256508466e+02
8.110529871990706852e+02 4.186899742343589423e+02 4.726624960047621471e+02
8.137889569195461945e+02 4.172549560528862003e+02 4.729379831422929783e+02
8.193990688075730304e+02 4.140920666484624917e+02 4.738709990275377777e+02
8.220637690553082848e+02 4.128075455494209223e+02 4.739529299199743946e+02
8.277430700046331822e+02 4.099037126063278151e+02 4.744712004948347612e+02
8.305655103417220744e+02 4.085243181485856212e+02 4.747866027814845893e+02
8.360034120832142435e+02 4.058369229455619802e+02 4.754484397722085873e+02
8.413862807658308611e+02 4.036022834249002358e+02 4.757981181949020311e+02
8.467741262617024631e+02 4.013258943150962068e+02 4.763797641956581970e+02
8.494786302327581780e+02 4.001544847706957739e+02 4.769332907045192087e+02
8.521928062390927607e+02 3.993499994010364276e+02 4.770415388863129920e+02
8.573208757421190285e+02 3.970852201774226273e+02 4.774088980000790343e+02
8.627917428406057070e+02 3.950541063172998975e+02 4.779161823896055807e+02
8.653903144850130502e+02 3.938920674955980417e+02 4.781720386346820533e+02
8.703845197060702503e+02 3.917641164935160987e+02 4.782642891363554440e+02
8.733252738147741638e+02 3.906840103305219714e+02 4.785664364763036360e+02
8.814080764639558083e+02 3.873991498164263589e+02 4.787181774016061695e+02
8.839338599727647079e+02 3.863016960170048151e+02 4.790038888803079544e+02
8.895067929679056533e+02 3.840797099361100777e+02 4.787286021879912141e+02
8.921536401391272193e+02 3.829132849806308627e+02 4.786796076409242460e+02
8.974507269606494901e+02 3.806286460762702859e+02 4.785199032570475310e+02
9.001075338022892538e+02 3.794242480163554205e+02 4.783901736460847474e+02
9.057358056351156392e+02 3.770261138824486125e+02 4.780347699710022198e+02
9.083919881209324103e+02 3.758421280484370754e+02 4.781509806587062030e+02
9.138512200984165474e+02 3.735640291526958663e+02 4.776360574917017061e+02
9.164595793690824621e+02 3.727634130031420341e+02 4.771462833412780924e+02
9.246444657648642078e+02 3.694850247733744482e+02 4.764949087157221470e+02
9.272248601334844125e+02 3.686131509581883847e+02 4.762719628779201457e+02
9.325701179022154292e+02 3.667316300253533541e+02 4.752078641191499173e+02
9.354558321370059275e+02 3.656527479134076088e+02 4.752218094951887224e+02
9.406669018811146543e+02 3.639581923718342296e+02 4.743376965099046743e+02
9.436886480071991627e+02 3.628552906437492425e+02 4.742314824395254504e+02
9.464058046298099498e+02 3.621235245167025028e+02 4.735301998366598468e+02
9.489671573004405900e+02 3.612201984645573702e+02 4.733233561285681503e+02
9.573244005701374135e+02 3.585802572996630033e+02 4.722258606463620936e+02
9.599505595953673946e+02 3.575225439457637435e+02 4.716773707917624279e+02
9.682862158273668456e+02 3.544157592033978403e+02 4.704502146970474428e+02
9.711578396790789611e+02 3.535586919841512668e+02 4.711729222679562099e+02
9.761667870209623743e+02 3.507839170019082644e+02 4.712514503182765111e+02
9.786900474827019707e+02 3.494810771184287432e+02 4.715266761712840093e+02
9.837480761065012302e+02 3.467453609874408471e+02 4.721257522616837150e+02
9.862651869231767705e+02 3.453942942408901331e+02 4.726800757741658572e+02
9.909824581854752523e+02 3.430004002927181546e+02 4.735273139305801919e+02
9.934262105288421481e+02 3.417344987761188122e+02 4.739231575489687316e+02
9.983095441736932116e+02 3.393445855129460256e+02 4.749504738789063936e+02
1.000593477940709136e+03 3.380864819491625326e+02 4.750788316873726558e+02
1.005456829809633859e+03 3.361405896639165007e+02 4.760436743896630105e+02
1.010561972212704518e+03 3.342719546707609766e+02 4.768733051927991369e+02
1.015564348413157973e+03 3.325127233482547808e+02 4.776751975859597223e+02
1.018042231248326402e+03 3.317321035871293589e+02 4.780104687566052348e+02
1.023181002661683578e+03 3.301021963716245864e+02 4.784791490433871104e+02
1.025832994511724564e+03 3.291607095259291214e+02 4.787669429779904817e+02
1.031038824115297530e+03 3.271803428871481856e+02 4.793559495829741195e+02
1.033736690466941127e+03 3.261353690278676254e+02 4.796780202252085701e+02
1.041699918234041206e+03 3.226505839871400099e+02 4.803265568354233892e+02
1.041699918234041206e+03 3.226505839871400099e+02 4.803265568354233892e+02
1.049802893106650117e+03 3.190359781130000556e+02 4.810862237293918042e+02
1.052149263944072118e+03 3.177428106235026348e+02 4.810656420984512351e+02
1.055020427966160241e+03 3.163516010186335166e+02 4.812964361081218385e+02
1.060283840018548517e+03 3.136515700204465702e+02 4.814593861421749352e+02
1.065509981334465692e+03 3.112709250487056920e+02 4.814663763482688523e+02
1.068283211405056136e+03 3.098926901532830129e+02 4.814999509127957822e+02
1.073444110823425490e+03 3.074298954458317894e+02 4.812899034011377353e+02
1.079104007110961675e+03 3.049292568633260316e+02 4.812561091284140389e+02
1.081631609996184579e+03 3.038288538267644867e+02 4.811167824681092497e+02
1.086871608943380352e+03 3.014522102705698217e+02 4.809819581846626306e+02
1.092369519488358492e+03 2.991443264027114992e+02 4.807927905557199892e+02
1.094980087287987317e+03 2.976998590885200997e+02 4.803675959715102408e+02
1.100234556781599395e+03 2.953839138821732035e+02 4.797781224352521576e+02
1.102919151533472586e+03 2.943883554336010775e+02 4.794892116959886721e+02
1.108325627499736129e+03 2.920549318348241172e+02 4.788882253319880533e+02
1.111240034478929829e+03 2.908642959067943821e+02 4.785428353478063173e+02
1.116611370712598045e+03 2.884443316868371880e+02 4.777642400037473180e+02
1.119459376946687371e+03 2.872475059189108038e+02 4.774088326034019474e+02
1.124806444304462730e+03 2.848224772563773399e+02 4.765322076121247505e+02
1.130268295976033187e+03 2.822448340622767091e+02 4.756597681035482310e+02
1.135975346907756830e+03 2.796515214878089637e+02 4.748779820610790807e+02
1.138854746966453604e+03 2.783647228629403685e+02 4.744440834563877729e+02
1.144442285256882769e+03 2.754272342362691575e+02 4.734472695071339103e+02
1.147499683239201431e+03 2.741395257366848455e+02 4.731041356639209994e+02
1.153353308495329657e+03 2.713960830931641226e+02 4.722866528889777555e+02
1.156253471202239325e+03 2.699086585047414246e+02 4.715635479606722242e+02
1.162099454341169803e+03 2.670210317398774578e+02 4.703405676541403864e+02
1.167867737649014316e+03 2.644642761560663189e+02 4.695573855472115952e+02
1.170679719874161265e+03 2.631242482879428053e+02 4.691979628299959586e+02
1.173302725634312083e+03 2.618710426319468070e+02 4.688843218654839688e+02
1.181229681662983012e+03 2.580742895689176635e+02 4.686524943760884412e+02
1.183615174808813435e+03 2.567638775911890434e+02 4.677713618313445636e+02
1.189150317182614117e+03 2.547485510864078719e+02 4.682527133100488186e+02
1.191662834287390751e+03 2.535918703042929963e+02 4.683005728763332627e+02
1.197103601449277221e+03 2.508344717848412131e+02 4.686615143159248760e+02
1.199945036211498973e+03 2.492322797364736289e+02 4.687878997190372274e+02
1.205039041749035960e+03 2.460170981915891275e+02 4.693072274357825791e+02
1.208070969586126694e+03 2.445456019221440727e+02 4.694064102502548508e+02
1.219508962555750031e+03 2.386059928288290166e+02 4.705527193148373613e+02
1.225101696985389935e+03 2.359531748101567246e+02 4.712920663541582940e+02
1.227477628576584721e+03 2.346099046184604902e+02 4.714721380280954008e+02
1.233375164318974385e+03 2.326895126715936328e+02 4.722756951852794600e+02
1.235805948226391592e+03 2.312885260918548340e+02 4.723124250287887662e+02
1.241087559676579531e+03 2.291643554130489520e+02 4.729766394129738956e+02
1.243616023509357092e+03 2.282023648389548498e+02 4.733225488145047848e+02
1.249142265685214852e+03 2.263573556188997884e+02 4.742737787453209535e+02
1.251893447899748708e+03 2.252891728872056945e+02 4.745451692244270703e+02
1.257177570963826838e+03 2.230865402874238725e+02 4.749876125169585066e+02
1.259576272547538110e+03 2.218654285063671807e+02 4.750013616938356336e+02
1.267597904743058962e+03 2.189190375713554033e+02 4.755989556939024396e+02
1.270271119569466691e+03 2.182732161789610359e+02 4.765583326048974300e+02
1.275609766329399463e+03 2.159504570196029078e+02 4.767030450596046762e+02
1.278168552481701909e+03 2.150369995954346791e+02 4.770407389470555586e+02
1.283628931351015581e+03 2.123249697693065343e+02 4.768172233004767122e+02
1.286361164797533547e+03 2.110738921234788847e+02 4.768902459490888646e+02
1.291917529311260523e+03 2.089692235737345527e+02 4.767617062741980476e+02
1.294617007937624066e+03 2.078164849912702721e+02 4.765498513025004854e+02
1.299824256231134086e+03 2.052985964054180386e+02 4.760778993605442793e+02
1.302651672725513208e+03 2.044778761496530421e+02 4.761459281119360298e+02
1.310825561310871763e+03 2.013850611970103159e+02 4.759503137427833508e+02
1.313492588555699967e+03 1.999406591951202188e+02 4.750238326051067475e+02
1.318970341722750618e+03 1.982228782478883033e+02 4.750197191026773567e+02
1.318970341722750618e+03 1.982228782478883033e+02 4.750197191026773567e+02
1.327199157454917213e+03 1.950334809056874690e+02 4.741521649616686318e+02
1.329709462333305964e+03 1.937697197088436667e+02 4.736577494832403659e+02
1.335141214209824057e+03 1.918965307961834696e+02 4.729919615767295227e+02
1.337945720289604651e+03 1.911469801915471862e+02 4.728996719393572903e+02
1.343193280945696642e+03 1.889317640760239385e+02 4.715216908707977836e+02
1.345940690664111116e+03 1.882716240507999430e+02 4.714791245638305099e+02
1.351466809684424561e+03 1.866320446492325686e+02 4.705856817087089325e+02
1.356524119876080022e+03 1.844214037274936970e+02 4.695682815766081717e+02
1.362234045108345526e+03 1.824684582495989957e+02 4.690109040643891376e+02
1.364869528713830277e+03 1.815118050637686338e+02 4.688295873857135803e+02
1.367531369340448919e+03 1.803711854506117902e+02 4.688159746320155818e+02
1.372440711386793737e+03 1.771154636893127474e+02 4.688842761562161172e+02
1.377384422121550642e+03 1.747385247482300770e+02 4.695213569205266708e+02
1.382475481299299872e+03 1.719704677517733558e+02 4.708268413913448853e+02
1.384802916993671943e+03 1.705346070683073663e+02 4.708651651272362528e+02
1.387027846181836594e+03 1.690095751821757517e+02 4.711253018277328124e+02
1.394234237918958570e+03 1.650576903373910511e+02 4.726300201880944769e+02
1.396917593397337669e+03 1.642893827889275258e+02 4.731296671700650904e+02
1.399355586328335448e+03 1.631388327621771737e+02 4.736331362666065274e+02
1.404154503055792702e+03 1.609385229048244241e+02 4.745727270543254122e+02
1.409295918853216563e+03 1.591041438433297230e+02 4.754631152369763072e+02
1.411519050425942396e+03 1.570688235645236261e+02 4.754429641205189796e+02
1.416435499686711410e+03 1.558213514521674767e+02 4.766484289452899361e+02
1.419073622823139885e+03 1.549317885082276405e+02 4.770430839512660555e+02
1.424435309291212207e+03 1.527430585549165016e+02 4.775683326985678718e+02
1.426939196664140809e+03 1.517276809243806497e+02 4.779663875910201796e+02
1.429373328932528693e+03 1.507722978030871559e+02 4.780983106316286921e+02
1.429373328932528693e+03 1.507722978030871559e+02 4.780983106316286921e+02
1.442096415037924999e+03 1.448297712036334133e+02 4.791251738729176282e+02
1.442096415037924999e+03 1.448297712036334133e+02 4.791251738729176282e+02
1.449813805506669041e+03 1.407847020014990278e+02 4.794191503444752129e+02
1.452091844379383701e+03 1.390859207571282070e+02 4.797710567415675200e+02
1.457371473916096647e+03 1.363889305376407322e+02 4.795684524688246597e+02
1.459658590124934562e+03 1.347817780033814472e+02 4.795684778749929933e+02
1.465167751490433375e+03 1.324145445277721649e+02 4.794920754467197526e+02
1.470559535734614883e+03 1.299637008288351581e+02 4.790783154191992139e+02
1.475235862640919095e+03 1.267524929667402347e+02 4.787548597211049923e+02
1.478074809537084775e+03 1.255428010629492945e+02 4.784322475790386875e+02
1.483171496740153543e+03 1.226790776161303995e+02 4.775830110217828519e+02
1.485606588960347835e+03 1.211212807026899583e+02 4.771408159019800337e+02
1.491042055327035087e+03 1.182409195986112707e+02 4.762985007605195733e+02
1.493879028264198496e+03 1.170663335987964331e+02 4.762008621358876894e+02
1.499232805163383546e+03 1.139761553086812853e+02 4.753322473921788855e+02
1.502001185470478504e+03 1.125270821893941786e+02 4.747850360388510467e+02
1.507677147633793311e+03 1.094062482969277994e+02 4.735582359608476963e+02
1.513388829668690050e+03 1.061796985788136851e+02 4.727742806456853373e+02
1.518844742838050706e+03 1.029636116838901785e+02 4.713472803738654306e+02
1.521945409537192745e+03 1.015170199168166363e+02 4.710567751446628222e+02
1.527503436871098984e+03 9.791166417022218127e+01 4.697090931684346629e+02
1.533167837680612820e+03 9.494847421886287009e+01 4.688692688349491391e+02
1.533167837680612820e+03 9.494847421886287009e+01 4.688692688349491391e+02
1.538913901884549432e+03 9.120742167011124479e+01 4.676446692965540137e+02
1.544519536343846767e+03 8.850008590728641877e+01 4.675583936590373355e+02
1.546964833206429830e+03 8.665675446975494367e+01 4.671172925517219028e+02
1.552507294165343410e+03 8.383253896880160028e+01 4.670041575432475724e+02
1.557660658476247363e+03 8.158431560151734629e+01 4.675210169958828601e+02
1.562629411080715499e+03 7.840325286152912554e+01 4.675415640550917828e+02
1.565152830204474867e+03 7.689582617341434911e+01 4.676791517348145817e+02
1.570293410213478410e+03 7.357554619591465439e+01 4.679159945061425674e+02
1.572867801875527221e+03 7.174467352711459966e+01 4.679990349913080649e+02
1.577782914366228397e+03 6.880154524254386672e+01 4.684924980701763388e+02
1.580311224226686136e+03 6.724721167097463592e+01 4.686727440601496255e+02
1.585511746155937999e+03 6.387960354944254249e+01 4.689383610707855610e+02
1.587887681814424923e+03 6.204369248801491210e+01 4.686426036885131907e+02
1.593001393808136754e+03 5.969834323057941106e+01 4.698323206606980307e+02
1.598013149788185046e+03 5.717130572719425174e+01 4.701049431722120744e+02
1.602930123671161482e+03 5.375917619467057307e+01 4.699732201067797064e+02
1.605872262123053360e+03 5.254468760241120151e+01 4.702271147675850784e+02
1.610766539046707976e+03 4.931552302593319581e+01 4.700527175654100347e+02
1.613475921745299274e+03 4.792202651904214150e+01 4.704570656547561498e+02
1.618431477506639567e+03 4.461398274576975354e+01 4.692833848485274189e+02
1.621228402587564233e+03 4.337870034612103609e+01 4.693301269935341793e+02
1.626288100502505813e+03 4.095257500966610564e+01 4.699538553973270041e+02
