3.252911030032097726e-03 1.853685296213217898e-02 -9.948165864816055706e-03 9.997733931486760817e-01
3.252911030032097726e-03 1.853685296213217898e-02 -9.948165864816055706e-03 9.997733931486760817e-01
3.252911030032097726e-03 1.853685296213217898e-02 -9.948165864816055706e-03 9.997733931486760817e-01
3.252911030032097726e-03 1.853685296213217898e-02 -9.948165864816055706e-03 9.997733931486760817e-01
3.252911030032097726e-03 1.853685296213217898e-02 -9.948165864816055706e-03 9.997733931486760817e-01
3.252911030032097726e-03 1.853685296213217898e-02 -9.948165864816055706e-03 9.997733931486760817e-01
3.252911030032097726e-03 1.853685296213217898e-02 -9.948165864816055706e-03 9.997733931486760817e-01
3.252911030032097726e-03 1.853685296213217898e-02 -9.948165864816055706e-03 9.997733931486760817e-01
3.783098101477659105e-03 1.889559997832210639e-02 -9.928294959268812656e-03 9.997650091043472909e-01
-2.381212257919809380e-03 2.150333853447321253e-02 -1.163283070291966891e-02 9.996982612318038308e-01
-2.381212257919809380e-03 2.150333853447321253e-02 -1.163283070291966891e-02 9.996982612318038308e-01
3.234412568323633257e-03 1.932100211486031255e-02 -9.765603526186231176e-03 9.997604065176740606e-01
-1.662554368294189965e-03 2.129984830919700450e-02 -1.168440280314449534e-02 9.997034695879131183e-01
-1.878314610439561381e-03 2.135898757718126054e-02 -1.179710286167750741e-02 9.997005021244977918e-01
-1.878314610439561381e-03 2.135898757718126054e-02 -1.179710286167750741e-02 9.997005021244977918e-01
2.853515706854556268e-03 1.927547514320766472e-02 -9.919498548836953866e-03 9.997609299500825886e-01
2.853515706854556268e-03 1.927547514320766472e-02 -9.919498548836953866e-03 9.997609299500825886e-01
-1.770870504355881838e-03 2.134739763850211983e-02 -1.180026164849349267e-02 9.997009085005112983e-01
3.603211343779817374e-03 1.932464256744427511e-02 -1.014544829826407452e-02 9.997552925273663904e-01
3.603211343779817374e-03 1.932464256744427511e-02 -1.014544829826407452e-02 9.997552925273663904e-01
3.235361042019979910e-03 1.927978816260004363e-02 -1.030250749099033240e-02 9.997558104590996697e-01
3.080609021898226933e-03 1.924334586878714490e-02 -1.036876108454865171e-02 9.997563164498637356e-01
3.080609021898226933e-03 1.924334586878714490e-02 -1.036876108454865171e-02 9.997563164498637356e-01
2.916962945864890258e-03 1.950936886909797677e-02 -1.034222891014664227e-02 9.997519263070575590e-01
2.916962945864890258e-03 1.950936886909797677e-02 -1.034222891014664227e-02 9.997519263070575590e-01
2.916962945864890258e-03 1.950936886909797677e-02 -1.034222891014664227e-02 9.997519263070575590e-01
2.916962945864890258e-03 1.950936886909797677e-02 -1.034222891014664227e-02 9.997519263070575590e-01
2.256028931019514721e-03 1.969483525598368645e-02 -1.020576149338284742e-02 9.997514022145916890e-01
2.256028931019514721e-03 1.969483525598368645e-02 -1.020576149338284742e-02 9.997514022145916890e-01
2.571388958532469949e-03 1.984929720813812665e-02 -1.027368621484976360e-02 9.997468903331111489e-01
2.571388958532469949e-03 1.984929720813812665e-02 -1.027368621484976360e-02 9.997468903331111489e-01
8.444642183900219522e-04 1.980439744515301304e-02 -9.910495205225990784e-03 9.997543972430457115e-01
2.335558338604935922e-03 1.977425869838780881e-02 -1.038274352150802583e-02 9.997478294535792065e-01
2.335558338604935922e-03 1.977425869838780881e-02 -1.038274352150802583e-02 9.997478294535792065e-01
-9.667542098463305052e-05 2.006606702800406081e-02 -9.886490666431366203e-03 9.997497691473568038e-01
1.984202253288315683e-03 2.004354061682507224e-02 -1.040345407895261823e-02 9.997430107603588745e-01
1.984202253288315683e-03 2.004354061682507224e-02 -1.040345407895261823e-02 9.997430107603588745e-01
2.464337128946581749e-03 2.007085389671090653e-02 -1.015592569989873586e-02 9.997439397363456770e-01
2.096818989907415880e-03 2.002264522367518812e-02 -1.036716381149986946e-02 9.997435765949567177e-01
2.096818989907415880e-03 2.002264522367518812e-02 -1.036716381149986946e-02 9.997435765949567177e-01
2.074379668512856944e-03 2.014859744120664486e-02 -1.044678072095417930e-02 9.997402641399971701e-01
2.074379668512856944e-03 2.014859744120664486e-02 -1.044678072095417930e-02 9.997402641399971701e-01
2.034579801205961720e-03 2.021017672855478231e-02 -1.011308341561857269e-02 9.997425342484242972e-01
2.444033330636347697e-03 2.031410057270592942e-02 -1.013688450022289141e-02 9.997392698056978277e-01
2.444033330636347697e-03 2.031410057270592942e-02 -1.013688450022289141e-02 9.997392698056978277e-01
2.236443534430758613e-03 2.027996635324341365e-02 -1.033842551896238700e-02 9.997383849001785228e-01
2.230539753036148327e-03 2.031588488945405835e-02 -1.034452891653068161e-02 9.997376056921454257e-01
2.230539753036148327e-03 2.031588488945405835e-02 -1.034452891653068161e-02 9.997376056921454257e-01
2.317311419227935203e-03 2.026473232443672459e-02 -1.011768693438064304e-02 9.997407679507238631e-01
2.317311419227935203e-03 2.026473232443672459e-02 -1.011768693438064304e-02 9.997407679507238631e-01
2.317311419227935203e-03 2.026473232443672459e-02 -1.011768693438064304e-02 9.997407679507238631e-01
2.541642737410446280e-03 2.042705889731570926e-02 -1.029609173107657455e-02 9.997350978194504689e-01
2.506371671508736930e-03 2.055761076379251581e-02 -1.032355731930915781e-02 9.997322276014731779e-01
2.506371671508736930e-03 2.055761076379251581e-02 -1.032355731930915781e-02 9.997322276014731779e-01
2.414241510583761598e-03 2.083244799141614756e-02 -1.019199078356688992e-02 9.997281149755073981e-01
2.414241510583761598e-03 2.083244799141614756e-02 -1.019199078356688992e-02 9.997281149755073981e-01
3.035080390361196822e-03 2.077217987218142950e-02 -1.046339786757151391e-02 9.997248732203508625e-01
2.588900332610108608e-03 2.077823519187252388e-02 -1.029031637067371295e-02 9.997277989164703449e-01
2.588900332610108608e-03 2.077823519187252388e-02 -1.029031637067371295e-02 9.997277989164703449e-01
2.793628653986246057e-03 2.103700292936337354e-02 -1.021543976750036511e-02 9.997226039942531672e-01
2.982061417848792719e-03 2.106064045814963481e-02 -1.023647787738902852e-02 9.997213468031271866e-01
2.982061417848792719e-03 2.106064045814963481e-02 -1.023647787738902852e-02 9.997213468031271866e-01
2.700377949219018824e-03 2.101241608934047503e-02 -1.037440091414142986e-02 9.997217403531306612e-01
3.077284378880757940e-03 2.117674855619565075e-02 -1.026584272663789987e-02 9.997183043810646819e-01
3.077284378880757940e-03 2.117674855619565075e-02 -1.026584272663789987e-02 9.997183043810646819e-01
2.917895559526502598e-03 2.126508825403853470e-02 -1.030893420641981056e-02 9.997164636948715488e-01
3.213502686449794601e-03 2.146668006055902841e-02 -1.037536628390941899e-02 9.997105615237524834e-01
3.213502686449794601e-03 2.146668006055902841e-02 -1.037536628390941899e-02 9.997105615237524834e-01
3.065448470472910761e-03 2.140731079726147096e-02 -1.030517325561056650e-02 9.997130255599735449e-01
3.065448470472910761e-03 2.140731079726147096e-02 -1.030517325561056650e-02 9.997130255599735449e-01
3.461745994997563955e-03 2.141368038159648102e-02 -1.017760666125505468e-02 9.997129022523565389e-01
3.178739563970682091e-03 2.136603110344734158e-02 -1.039509081534134398e-02 9.997126239157990701e-01
3.178739563970682091e-03 2.136603110344734158e-02 -1.039509081534134398e-02 9.997126239157990701e-01
3.178739563970682091e-03 2.136603110344734158e-02 -1.039509081534134398e-02 9.997126239157990701e-01
3.178739563970682091e-03 2.136603110344734158e-02 -1.039509081534134398e-02 9.997126239157990701e-01
3.575374386256916295e-03 2.161091105709667462e-02 -1.009685731708756182e-02 9.997090770287118122e-01
3.391663734004417632e-03 2.167407043241707451e-02 -1.018959608387720074e-02 9.997074089050523860e-01
2.113865355906290044e-03 2.179113639305932382e-02 -9.576075655744418699e-03 9.997144475914068185e-01
2.113865355906290044e-03 2.179113639305932382e-02 -9.576075655744418699e-03 9.997144475914068185e-01
3.649303006607983700e-03 2.170905666996334957e-02 -1.015850950309157841e-02 9.997060588646754509e-01
2.497656478168027751e-03 2.184701681248498589e-02 -9.859417411330777259e-03 9.997095885590081554e-01
2.497656478168027751e-03 2.184701681248498589e-02 -9.859417411330777259e-03 9.997095885590081554e-01
2.354870352830333319e-03 2.189082830877797300e-02 -9.828218003963726593e-03 9.997092839183017166e-01
2.354870352830333319e-03 2.189082830877797300e-02 -9.828218003963726593e-03 9.997092839183017166e-01
2.196195586153385556e-03 2.186137002402392324e-02 -1.015095841444421318e-02 9.997070647289076906e-01
1.874739562364547991e-03 2.180572846361994790e-02 -1.027172227836331900e-02 9.997077009202142150e-01
1.874739562364547991e-03 2.180572846361994790e-02 -1.027172227836331900e-02 9.997077009202142150e-01
2.030695513389249845e-03 2.198096777241571528e-02 -9.945932525862566376e-03 9.997068529112477231e-01
1.251293801923512080e-03 2.129245479406820241e-02 -1.039011395950957366e-02 9.997185159656554188e-01
1.251293801923512080e-03 2.129245479406820241e-02 -1.039011395950957366e-02 9.997185159656554188e-01
3.741057415771418052e-03 2.180276209770721715e-02 -1.071437586166575778e-02 9.996978774630951303e-01
3.741057415771418052e-03 2.180276209770721715e-02 -1.071437586166575778e-02 9.996978774630951303e-01
1.482637969423438633e-03 2.157162237172296354e-02 -1.023746559391219835e-02 9.997137896373726740e-01
1.847036300284195113e-03 2.140504433357826378e-02 -1.032162774693509873e-02 9.997158979103196730e-01
1.847036300284195113e-03 2.140504433357826378e-02 -1.032162774693509873e-02 9.997158979103196730e-01
3.612062968684994716e-03 2.196927452007406065e-02 -1.068062945886188476e-02 9.996950675743750958e-01
2.451500470870103879e-03 2.204116914791396861e-02 -1.050819382448202333e-02 9.996988320842340459e-01
