1.753182301528431892e+09
1.753182301575548172e+09
1.753182301576336622e+09
1.753182301589828014e+09
1.753182301590640068e+09
1.753182301593401909e+09
1.753182301594277143e+09
1.753182301610222101e+09
1.753182301611035824e+09
1.753182301612101793e+09
1.753182301612890005e+09
1.753182301631318569e+09
1.753182301632421970e+09
1.753182301633714676e+09
1.753182301634716272e+09
1.753182301660048485e+09
1.753182301660942793e+09
1.753182301662045002e+09
1.753182301662809134e+09
1.753182301674283266e+09
1.753182301675224543e+09
1.753182301676352501e+09
1.753182301677253723e+09
1.753182301693169594e+09
1.753182301694117785e+09
1.753182301695376158e+09
1.753182301696281910e+09
1.753182301708230734e+09
1.753182301709061384e+09
1.753182301710386515e+09
1.753182301711165190e+09
1.753182301721015215e+09
1.753182301721832037e+09
1.753182301722867250e+09
1.753182301723618031e+09
1.753182301742770672e+09
1.753182301743803978e+09
1.753182301744924307e+09
1.753182301745747566e+09
1.753182301757268667e+09
1.753182301758112907e+09
1.753182301759159327e+09
1.753182301759984732e+09
1.753182301774025440e+09
1.753182301774867773e+09
1.753182301775936842e+09
1.753182301776711941e+09
1.753182301787940502e+09
1.753182301788814783e+09
1.753182301789880037e+09
1.753182301790668011e+09
1.753182301802394629e+09
1.753182301803264856e+09
1.753182301804244757e+09
1.753182301805018902e+09
1.753182301818306923e+09
1.753182301819446087e+09
1.753182301820898533e+09
1.753182301822280407e+09
1.753182301835868359e+09
1.753182301836842775e+09
1.753182301837948322e+09
1.753182301838834286e+09
1.753182301850993395e+09
1.753182301851911068e+09
1.753182301853087187e+09
1.753182301853899956e+09
1.753182301866543531e+09
1.753182301867608309e+09
1.753182301868882179e+09
1.753182301869927168e+09
1.753182301883807421e+09
1.753182301884979725e+09
1.753182301886254311e+09
1.753182301887194395e+09
1.753182301901200294e+09
1.753182301902236223e+09
1.753182301903467894e+09
1.753182301904522896e+09
1.753182301918840408e+09
1.753182301919680834e+09
1.753182301920661211e+09
1.753182301921458006e+09
1.753182301931315660e+09
1.753182301932125092e+09
1.753182301933115959e+09
1.753182301933908701e+09
1.753182301944709539e+09
1.753182301945781231e+09
1.753182301947051287e+09
1.753182301948062658e+09
1.753182301961070538e+09
1.753182301961890221e+09
1.753182301962995529e+09
1.753182301964028835e+09
1.753182301974011898e+09
1.753182301974918842e+09
1.753182301980100155e+09
1.753182301980999470e+09
1.753182301992811203e+09
1.753182301993605852e+09
1.753182301994573832e+09
1.753182301995376348e+09
1.753182302004918337e+09
1.753182302005729437e+09
1.753182302006705999e+09
1.753182302007601261e+09
1.753182302019709587e+09
1.753182302020617008e+09
1.753182302021618843e+09
1.753182302022417068e+09
1.753182302031793356e+09
1.753182302032566071e+09
1.753182302033529282e+09
1.753182302034303665e+09
1.753182302044937611e+09
1.753182302045908451e+09
1.753182302047018051e+09
1.753182302047868252e+09
1.753182302059561968e+09
1.753182302060406446e+09
1.753182302061400175e+09
1.753182302062145710e+09
1.753182302072223663e+09
1.753182302073032856e+09
1.753182302074163675e+09
1.753182302075335026e+09
1.753182302085720539e+09
1.753182302086551905e+09
1.753182302087539673e+09
1.753182302088291168e+09
1.753182302098159552e+09
1.753182302098948002e+09
1.753182302099891424e+09
1.753182302100653887e+09
1.753182302110794544e+09
1.753182302111840487e+09
1.753182302112899303e+09
1.753182302113682985e+09
1.753182302123507023e+09
1.753182302124307156e+09
1.753182302125265360e+09
1.753182302126035690e+09
1.753182302135399342e+09
1.753182302136164904e+09
1.753182302137123585e+09
1.753182302137895107e+09
1.753182302149072170e+09
1.753182302149882793e+09
1.753182302150902987e+09
1.753182302151646137e+09
1.753182302161373854e+09
1.753182302162264109e+09
1.753182302163215160e+09
1.753182302163980246e+09
1.753182302173840284e+09
1.753182302174775839e+09
1.753182302177788258e+09
1.753182302178566694e+09
1.753182302188360929e+09
1.753182302189161777e+09
1.753182302190106392e+09
1.753182302190925837e+09
1.753182302200565100e+09
1.753182302201393843e+09
1.753182302202365637e+09
1.753182302203092337e+09
1.753182302219031572e+09
1.753182302220159531e+09
1.753182302221458197e+09
1.753182302222459555e+09
1.753182302236166239e+09
1.753182302237179041e+09
1.753182302238506317e+09
1.753182302239416599e+09
1.753182302251647472e+09
1.753182302252516747e+09
1.753182302253558636e+09
1.753182302254380703e+09
1.753182302265052319e+09
1.753182302266037464e+09
1.753182302267256021e+09
1.753182302268221140e+09
1.753182302281338692e+09
1.753182302282169819e+09
1.753182302283188820e+09
1.753182302283958197e+09
1.753182302294487000e+09
1.753182302295261145e+09
1.753182302296220779e+09
1.753182302296979427e+09
1.753182302306321144e+09
1.753182302310021162e+09
1.753182302311131954e+09
1.753182302312048197e+09
1.753182302322152138e+09
1.753182302322925806e+09
1.753182302323899031e+09
1.753182302324648142e+09
1.753182302334082365e+09
1.753182302334938049e+09
1.753182302335925579e+09
1.753182302336720943e+09
1.753182302350922585e+09
1.753182302351755619e+09
1.753182302352815151e+09
1.753182302353703737e+09
1.753182302363309383e+09
1.753182302364169359e+09
1.753182302365175247e+09
1.753182302365936041e+09
1.753182302377033472e+09
1.753182302382036448e+09
1.753182302385902643e+09
1.753182302386698723e+09
1.753182302396850348e+09
1.753182302397657394e+09
1.753182302398672581e+09
1.753182302399472237e+09
1.753182302410480499e+09
1.753182302411386967e+09
1.753182302415603638e+09
1.753182302416401386e+09
1.753182302426223755e+09
1.753182302427026510e+09
1.753182302428035021e+09
1.753182302428771496e+09
1.753182302440709114e+09
1.753182302441876888e+09
1.753182302443114758e+09
1.753182302444111586e+09
1.753182302455917835e+09
1.753182302456687689e+09
1.753182302457691193e+09
1.753182302458475351e+09
1.753182302468328953e+09
1.753182302469097614e+09
1.753182302470070362e+09
1.753182302470844269e+09
1.753182302483397007e+09
1.753182302484220266e+09
1.753182302485198498e+09
1.753182302485995054e+09
1.753182302496440411e+09
1.753182302497275829e+09
1.753182302498266459e+09
1.753182302499037504e+09
1.753182302510008097e+09
1.753182302510873556e+09
1.753182302511878252e+09
1.753182302512633562e+09
1.753182302523996353e+09
1.753182302525002718e+09
1.753182302526224852e+09
1.753182302527185440e+09
1.753182302543536663e+09
1.753182302544487000e+09
1.753182302545654297e+09
1.753182302546563625e+09
1.753182302556983471e+09
1.753182302558011055e+09
1.753182302559034348e+09
1.753182302559838295e+09
1.753182302570208549e+09
1.753182302571259975e+09
1.753182302572324753e+09
1.753182302573178291e+09
1.753182302584053516e+09
1.753182302584852934e+09
1.753182302585844040e+09
1.753182302586704969e+09
1.753182302597069025e+09
1.753182302598053932e+09
1.753182302599259377e+09
1.753182302600291729e+09
1.753182302615367413e+09
1.753182302616235971e+09
1.753182302617200136e+09
1.753182302617973089e+09
1.753182302627379179e+09
1.753182302628207922e+09
1.753182302629218578e+09
1.753182302630023956e+09
1.753182302640850544e+09
1.753182302641797543e+09
1.753182302642960548e+09
1.753182302643754482e+09
1.753182302653694630e+09
1.753182302654522896e+09
1.753182302655519724e+09
1.753182302656280041e+09
1.753182302666585922e+09
1.753182302667635441e+09
1.753182302668832064e+09
1.753182302669802427e+09
1.753182302684015512e+09
1.753182302684852123e+09
1.753182302685887575e+09
1.753182302686674118e+09
1.753182302696691036e+09
1.753182302697531223e+09
1.753182302698565722e+09
1.753182302699384928e+09
1.753182302709784746e+09
1.753182302710589170e+09
1.753182302711595297e+09
1.753182302712381601e+09
1.753182302722217798e+09
1.753182302723006248e+09
1.753182302723946095e+09
1.753182302724709749e+09
1.753182302733777046e+09
1.753182302734552622e+09
1.753182302735510349e+09
1.753182302736271143e+09
1.753182302748381853e+09
1.753182302749191523e+09
1.753182302750284910e+09
1.753182302751016378e+09
1.753182302761304855e+09
1.753182302762110949e+09
1.753182302763102531e+09
1.753182302763847828e+09
1.753182302774489403e+09
1.753182302775443554e+09
1.753182302776509285e+09
1.753182302777267218e+09
1.753182302786912441e+09
1.753182302787745237e+09
1.753182302788727999e+09
1.753182302789492846e+09
1.753182302799459219e+09
1.753182302800263643e+09
1.753182302801253796e+09
1.753182302802023411e+09
1.753182302812534332e+09
1.753182302813355684e+09
1.753182302814360857e+09
1.753182302815146685e+09
1.753182302825696707e+09
1.753182302826472282e+09
1.753182302827404261e+09
1.753182302828178883e+09
1.753182302838001013e+09
1.753182302838817120e+09
1.753182302840065718e+09
1.753182302840877295e+09
1.753182302850936174e+09
1.753182302851750612e+09
1.753182302852762461e+09
1.753182302853537321e+09
1.753182302863531113e+09
1.753182302864315033e+09
1.753182302865257740e+09
1.753182302866011143e+09
1.753182302876916170e+09
1.753182302877727985e+09
1.753182302878712654e+09
1.753182302879448891e+09
1.753182302889237642e+09
1.753182302890016556e+09
1.753182302890972614e+09
1.753182302891711235e+09
1.753182302901603222e+09
1.753182302902384996e+09
1.753182302903332710e+09
1.753182302904099703e+09
1.753182302916110992e+09
1.753182302916950703e+09
1.753182302917932034e+09
1.753182302918702841e+09
1.753182302928843737e+09
1.753182302929645061e+09
1.753182302930598259e+09
1.753182302931386471e+09
1.753182302943169594e+09
1.753182302944049358e+09
1.753182302945077181e+09
1.753182302945848465e+09
1.753182302955828905e+09
1.753182302956661940e+09
1.753182302957648039e+09
1.753182302958419800e+09
1.753182302967731476e+09
1.753182302968508482e+09
1.753182302969468355e+09
1.753182302970207930e+09
1.753182302981184006e+09
1.753182302981993437e+09
1.753182302982989550e+09
1.753182302983724117e+09
1.753182302993483067e+09
1.753182302994256973e+09
1.753182302995460749e+09
1.753182302996206045e+09
1.753182303006785870e+09
1.753182303007728577e+09
1.753182303008887053e+09
1.753182303009767056e+09
1.753182303025955439e+09
1.753182303026785851e+09
1.753182303027789116e+09
1.753182303028610468e+09
1.753182303038705349e+09
1.753182303039598703e+09
1.753182303040863752e+09
1.753182303043950558e+09
1.753182303054613829e+09
1.753182303055641890e+09
1.753182303056858063e+09
1.753182303057849407e+09
1.753182303070244074e+09
1.753182303071062088e+09
1.753182303072852373e+09
1.753182303074394703e+09
1.753182303085451841e+09
1.753182303086282015e+09
1.753182303087261677e+09
1.753182303088026762e+09
1.753182303098381281e+09
1.753182303099195480e+09
1.753182303100224972e+09
1.753182303101009846e+09
1.753182303114345551e+09
1.753182303115210772e+09
1.753182303116218090e+09
1.753182303117054701e+09
1.753182303126815796e+09
1.753182303127607584e+09
1.753182303128571987e+09
1.753182303129344463e+09
1.753182303138807058e+09
1.753182303143714666e+09
1.753182303144783497e+09
1.753182303145574808e+09
1.753182303155908823e+09
1.753182303156706810e+09
1.753182303157722712e+09
1.753182303158497095e+09
1.753182303168422461e+09
1.753182303169284344e+09
1.753182303170356989e+09
1.753182303171190023e+09
1.753182303184509516e+09
1.753182303185550451e+09
1.753182303186887741e+09
1.753182303187923431e+09
1.753182303199541092e+09
1.753182303200365782e+09
1.753182303201341867e+09
1.753182303202112675e+09
1.753182303212473392e+09
1.753182303213287354e+09
1.753182303214332104e+09
1.753182303215113878e+09
1.753182303224882603e+09
1.753182303225699663e+09
1.753182303226765156e+09
1.753182303227591515e+09
1.753182303237919569e+09
1.753182303238778830e+09
1.753182303239880800e+09
1.753182303240852118e+09
1.753182303251555920e+09
1.753182303252420664e+09
1.753182303253473520e+09
1.753182303254296303e+09
1.753182303264308453e+09
1.753182303265091419e+09
1.753182303266064405e+09
1.753182303266850471e+09
1.753182303277952671e+09
1.753182303279017687e+09
1.753182303280738354e+09
1.753182303281867743e+09
1.753182303295118093e+09
1.753182303295948982e+09
1.753182303296991825e+09
1.753182303297805309e+09
1.753182303308826208e+09
1.753182303309709787e+09
1.753182303310888290e+09
1.753182303311844110e+09
1.753182303323505402e+09
1.753182303324383736e+09
1.753182303325470448e+09
1.753182303326339006e+09
1.753182303336889744e+09
1.753182303337748766e+09
1.753182303338788033e+09
1.753182303339686394e+09
1.753182303353016376e+09
1.753182303353852987e+09
1.753182303354909897e+09
1.753182303355731487e+09
1.753182303365533352e+09
1.753182303366371393e+09
1.753182303367416620e+09
1.753182303368181229e+09
1.753182303381404161e+09
1.753182303382499695e+09
1.753182303383852959e+09
1.753182303384944677e+09
1.753182303396685839e+09
1.753182303397477388e+09
1.753182303398462296e+09
1.753182303399222612e+09
1.753182303414039850e+09
1.753182303414942265e+09
1.753182303415979862e+09
1.753182303416777372e+09
1.753182303426598310e+09
1.753182303427452326e+09
1.753182303428472281e+09
1.753182303429269552e+09
1.753182303442949057e+09
1.753182303443905830e+09
1.753182303445067406e+09
1.753182303445962667e+09
1.753182303456310987e+09
1.753182303457197666e+09
1.753182303458251715e+09
1.753182303459067822e+09
1.753182303470985889e+09
1.753182303472001076e+09
1.753182303473329067e+09
1.753182303474362612e+09
1.753182303487116575e+09
1.753182303487961292e+09
1.753182303489012718e+09
1.753182303489832401e+09
1.753182303500369310e+09
1.753182303501179934e+09
1.753182303502187967e+09
1.753182303502989531e+09
1.753182303514601946e+09
1.753182303515449286e+09
1.753182303516465187e+09
1.753182303517249346e+09
1.753182303527467728e+09
1.753182303528287649e+09
1.753182303529254675e+09
1.753182303530045271e+09
1.753182303541967630e+09
1.753182303543054104e+09
1.753182303544375658e+09
1.753182303546499729e+09
1.753182303557548761e+09
1.753182303558378935e+09
1.753182303559373140e+09
1.753182303560118437e+09
1.753182303570006371e+09
1.753182303570825100e+09
1.753182303571827650e+09
1.753182303572601080e+09
1.753182303585768700e+09
1.753182303586619854e+09
1.753182303587671757e+09
1.753182303588484526e+09
1.753182303598146677e+09
1.753182303598983049e+09
1.753182303599961758e+09
1.753182303600761414e+09
1.753182303616074562e+09
1.753182303617234468e+09
1.753182303618504047e+09
1.753182303619481087e+09
1.753182303629618168e+09
1.753182303630441904e+09
1.753182303631515741e+09
1.753182303632345915e+09
1.753182303643256903e+09
1.753182303644123077e+09
1.753182303645175219e+09
1.753182303645993233e+09
1.753182303656957865e+09
1.753182303657985687e+09
1.753182303659278870e+09
1.753182303660281181e+09
1.753182303672485352e+09
1.753182303673310280e+09
1.753182303674599409e+09
1.753182303675411701e+09
1.753182303685617685e+09
1.753182303686393261e+09
1.753182303687403679e+09
1.753182303688159227e+09
1.753182303698043823e+09
1.753182303698855400e+09
1.753182303699812412e+09
1.753182303700559855e+09
1.753182303710660696e+09
1.753182303711509943e+09
1.753182303712550879e+09
1.753182303713382959e+09
1.753182303723303080e+09
1.753182303724088430e+09
1.753182303725071192e+09
1.753182303725819111e+09
1.753182303735470057e+09
1.753182303736284971e+09
1.753182303737285376e+09
1.753182303738323689e+09
1.753182303750271559e+09
1.753182303751087904e+09
1.753182303752080679e+09
1.753182303752888918e+09
1.753182303762951612e+09
1.753182303763740778e+09
1.753182303764707088e+09
1.753182303765480518e+09
1.753182303779235601e+09
1.753182303780349493e+09
1.753182303781667948e+09
1.753182303782701015e+09
1.753182303794682026e+09
1.753182303795553207e+09
1.753182303796560049e+09
1.753182303797364950e+09
1.753182303807579279e+09
1.753182303808491707e+09
1.753182303812976599e+09
1.753182303813914537e+09
1.753182303824825764e+09
1.753182303825675726e+09
1.753182303826689720e+09
1.753182303827466726e+09
1.753182303837840080e+09
1.753182303838684559e+09
1.753182303839702129e+09
1.753182303840548277e+09
1.753182303851745367e+09
1.753182303852563620e+09
1.753182303853647470e+09
1.753182303854435921e+09
1.753182303864563942e+09
1.753182303865386486e+09
1.753182303866390228e+09
1.753182303867162228e+09
1.753182303877382040e+09
1.753182303878334045e+09
1.753182303879467010e+09
1.753182303880370140e+09
1.753182303895354509e+09
1.753182303896173239e+09
1.753182303897290707e+09
1.753182303898193836e+09
1.753182303907856464e+09
1.753182303908770800e+09
1.753182303910533190e+09
1.753182303911458015e+09
1.753182303922495842e+09
1.753182303923334360e+09
1.753182303924369812e+09
1.753182303925217628e+09
1.753182303934391975e+09
1.753182303935220003e+09
1.753182303936233282e+09
1.753182303937050104e+09
1.753182303950448036e+09
1.753182303951333284e+09
1.753182303952431440e+09
1.753182303953297853e+09
1.753182303963223219e+09
1.753182303964088678e+09
1.753182303965069294e+09
1.753182303965872526e+09
1.753182303976317883e+09
1.753182303977272511e+09
1.753182303978461742e+09
1.753182303979406357e+09
1.753182303989841461e+09
1.753182303990722656e+09
1.753182303991752863e+09
1.753182303992528439e+09
1.753182304002707243e+09
1.753182304003496408e+09
1.753182304004513264e+09
1.753182304005294323e+09
1.753182304016474009e+09
1.753182304017322063e+09
1.753182304018385649e+09
1.753182304019178867e+09
1.753182304029214859e+09
1.753182304030066967e+09
1.753182304031118870e+09
1.753182304031915426e+09
1.753182304041198730e+09
1.753182304042010546e+09
1.753182304043723106e+09
1.753182304044693708e+09
1.753182304058060169e+09
1.753182304058902740e+09
1.753182304059874058e+09
1.753182304060682058e+09
1.753182304070058823e+09
1.753182304070858955e+09
1.753182304071931839e+09
1.753182304072728872e+09
1.753182304084802866e+09
1.753182304085697889e+09
1.753182304086725712e+09
1.753182304087486982e+09
1.753182304097329855e+09
1.753182304098191977e+09
1.753182304099172354e+09
1.753182304099959135e+09
1.753182304109787464e+09
1.753182304110720396e+09
1.753182304111856699e+09
1.753182304114715338e+09
1.753182304126358032e+09
1.753182304127204895e+09
1.753182304128202200e+09
1.753182304128984928e+09
1.753182304138988733e+09
1.753182304139837980e+09
1.753182304140832424e+09
1.753182304141641378e+09
1.753182304154141903e+09
1.753182304155060768e+09
1.753182304156105280e+09
1.753182304156958818e+09
1.753182304167203903e+09
1.753182304168012857e+09
1.753182304169015646e+09
1.753182304169834852e+09
1.753182304179511547e+09
1.753182304180326700e+09
1.753182304181343317e+09
1.753182304182109594e+09
1.753182304193027020e+09
1.753182304194097996e+09
1.753182304195394278e+09
1.753182304196410894e+09
1.753182304206931829e+09
1.753182304207935810e+09
1.753182304209031343e+09
1.753182304209842443e+09
1.753182304223258734e+09
1.753182304224080086e+09
1.753182304225138664e+09
1.753182304225912571e+09
1.753182304235555887e+09
1.753182304236477375e+09
1.753182304237520695e+09
1.753182304238292933e+09
1.753182304253392696e+09
1.753182304254683971e+09
1.753182304255939722e+09
1.753182304256892920e+09
1.753182304268642664e+09
1.753182304269589424e+09
1.753182304270671606e+09
1.753182304271482944e+09
1.753182304282541990e+09
1.753182304283371210e+09
1.753182304284378052e+09
1.753182304285173178e+09
1.753182304298079729e+09
1.753182304298995972e+09
1.753182304300077200e+09
1.753182304300899982e+09
1.753182304311537266e+09
1.753182304312422991e+09
1.753182304313419342e+09
1.753182304314205170e+09
1.753182304324589491e+09
1.753182304325696230e+09
1.753182304326915503e+09
1.753182304328024387e+09
1.753182304338736296e+09
1.753182304339582443e+09
1.753182304340569973e+09
1.753182304341456652e+09
1.753182304351509571e+09
1.753182304352358103e+09
1.753182304353443384e+09
1.753182304354272604e+09
1.753182304366719723e+09
1.753182304367581129e+09
1.753182304368626118e+09
1.753182304369480371e+09
1.753182304379662037e+09
1.753182304380522490e+09
1.753182304381588221e+09
1.753182304382399797e+09
1.753182304393433571e+09
1.753182304394422054e+09
1.753182304395650148e+09
1.753182304396476269e+09
1.753182304406472683e+09
1.753182304407299042e+09
1.753182304408365011e+09
1.753182304409213066e+09
1.753182304419823170e+09
1.753182304420647621e+09
1.753182304421711683e+09
1.753182304422621965e+09
1.753182304434581995e+09
1.753182304435399055e+09
1.753182304436415911e+09
1.753182304437222481e+09
1.753182304447485447e+09
1.753182304448346853e+09
1.753182304449355364e+09
1.753182304450118542e+09
1.753182304461053133e+09
1.753182304462121010e+09
1.753182304463323593e+09
1.753182304464185715e+09
1.753182304474612713e+09
1.753182304475487947e+09
1.753182304476569653e+09
1.753182304477400064e+09
1.753182304487119198e+09
1.753182304488001823e+09
1.753182304489058971e+09
1.753182304490003109e+09
1.753182304502098322e+09
1.753182304502955914e+09
1.753182304503994942e+09
1.753182304504805803e+09
1.753182304514835596e+09
1.753182304515612125e+09
1.753182304516757965e+09
1.753182304517552137e+09
1.753182304530275106e+09
1.753182304531236172e+09
1.753182304532410622e+09
1.753182304533256769e+09
1.753182304543568611e+09
1.753182304544410706e+09
1.753182304545469999e+09
1.753182304546280861e+09
1.753182304556908369e+09
1.753182304557878256e+09
1.753182304559138298e+09
1.753182304560092926e+09
1.753182304570169926e+09
1.753182304570986032e+09
1.753182304572068691e+09
1.753182304572889090e+09
1.753182304584082365e+09
1.753182304585101604e+09
1.753182304586314917e+09
1.753182304587334633e+09
1.753182304601887226e+09
1.753182304602946043e+09
1.753182304604263306e+09
1.753182304605231762e+09
1.753182304617543936e+09
1.753182304618380070e+09
1.753182304619452238e+09
1.753182304620278358e+09
1.753182304631943464e+09
1.753182304632797241e+09
1.753182304633843184e+09
1.753182304634633780e+09
1.753182304645036221e+09
1.753182304645899773e+09
1.753182304646922588e+09
1.753182304647890091e+09
1.753182304662765741e+09
1.753182304663822889e+09
1.753182304665322542e+09
1.753182304666488886e+09
1.753182304677706242e+09
1.753182304678531408e+09
1.753182304679562569e+09
1.753182304680339098e+09
1.753182304691056013e+09
1.753182304692272425e+09
1.753182304693418264e+09
1.753182304694232464e+09
1.753182304704395056e+09
1.753182304705207586e+09
1.753182304706213713e+09
1.753182304706969738e+09
1.753182304716744900e+09
1.753182304717604160e+09
1.753182304718622684e+09
1.753182304719425201e+09
1.753182304733834267e+09
1.753182304734708548e+09
1.753182304735803127e+09
1.753182304736670017e+09
1.753182304746380329e+09
1.753182304747180223e+09
1.753182304748182535e+09
1.753182304749089479e+09
1.753182304760794401e+09
1.753182304761712790e+09
1.753182304762762547e+09
1.753182304763642788e+09
1.753182304773219109e+09
1.753182304774059057e+09
1.753182304775098085e+09
1.753182304775850058e+09
1.753182304787074566e+09
1.753182304788075924e+09
1.753182304789328575e+09
1.753182304794007063e+09
1.753182304806362629e+09
1.753182304807192326e+09
1.753182304808210135e+09
1.753182304809026480e+09
1.753182304818768024e+09
1.753182304819566488e+09
1.753182304820614576e+09
1.753182304821384668e+09
1.753182304833402395e+09
1.753182304834282160e+09
1.753182304835344553e+09
1.753182304836109400e+09
1.753182304846481085e+09
1.753182304847248316e+09
1.753182304848303318e+09
1.753182304849090338e+09
1.753182304859586477e+09
1.753182304860585690e+09
1.753182304861850023e+09
1.753182304862742424e+09
1.753182304872977734e+09
1.753182304873768330e+09
1.753182304874774933e+09
1.753182304875566244e+09
1.753182304885261059e+09
1.753182304886045218e+09
1.753182304887094498e+09
1.753182304887882710e+09
1.753182304899259329e+09
1.753182304900084972e+09
1.753182304901113033e+09
1.753182304901895761e+09
1.753182304912803650e+09
1.753182304913815022e+09
1.753182304915013075e+09
1.753182304916001320e+09
1.753182304931022644e+09
1.753182304932216167e+09
1.753182304933522701e+09
1.753182304934539080e+09
1.753182304946524143e+09
1.753182304947342873e+09
1.753182304948385715e+09
1.753182304949177027e+09
1.753182304961338997e+09
1.753182304962308645e+09
1.753182304963544846e+09
1.753182304964599609e+09
1.753182304974994898e+09
1.753182304975851059e+09
1.753182304976886034e+09
1.753182304977735996e+09
1.753182304987954140e+09
1.753182304988750696e+09
1.753182304989770889e+09
1.753182304991785049e+09
1.753182305004495859e+09
1.753182305005400658e+09
1.753182305006448746e+09
1.753182305007253170e+09
1.753182305017381907e+09
1.753182305018213987e+09
1.753182305019245386e+09
1.753182305020054340e+09
1.753182305032632351e+09
1.753182305033476591e+09
1.753182305034508944e+09
1.753182305035337210e+09
1.753182305045530796e+09
1.753182305046445847e+09
1.753182305047471046e+09
1.753182305048280478e+09
1.753182305060408592e+09
1.753182305061369419e+09
1.753182305062565804e+09
1.753182305063668013e+09
1.753182305075701475e+09
1.753182305076605082e+09
1.753182305077607155e+09
1.753182305078384638e+09
1.753182305088034868e+09
1.753182305089027405e+09
1.753182305090186596e+09
1.753182305091195583e+09
1.753182305103314877e+09
1.753182305104122400e+09
1.753182305105191231e+09
1.753182305105989933e+09
1.753182305115488052e+09
1.753182305116339684e+09
1.753182305117347240e+09
1.753182305118159056e+09
1.753182305129982471e+09
1.753182305130812407e+09
1.753182305131816149e+09
1.753182305132630348e+09
1.753182305141862869e+09
1.753182305142693520e+09
1.753182305143650293e+09
1.753182305144399405e+09
1.753182305155040741e+09
1.753182305155977249e+09
1.753182305159969091e+09
1.753182305160772800e+09
1.753182305170688868e+09
1.753182305171531916e+09
1.753182305172530651e+09
1.753182305173337460e+09
1.753182305183406353e+09
1.753182305184222937e+09
1.753182305185235023e+09
1.753182305186028481e+09
1.753182305197115183e+09
1.753182305197962761e+09
1.753182305199022293e+09
1.753182305199819088e+09
1.753182305209633589e+09
1.753182305210421324e+09
1.753182305211382389e+09
1.753182305212134600e+09
1.753182305221583605e+09
1.753182305222573519e+09
1.753182305225907564e+09
1.753182305226753473e+09
1.753182305237354755e+09
1.753182305238125801e+09
1.753182305239102125e+09
1.753182305239891052e+09
1.753182305249105930e+09
1.753182305249925137e+09
1.753182305250924349e+09
1.753182305251744270e+09
1.753182305263657808e+09
1.753182305264518976e+09
1.753182305265565395e+09
1.753182305266365528e+09
1.753182305275805712e+09
1.753182305276623249e+09
1.753182305277631283e+09
1.753182305278443813e+09
1.753182305292148829e+09
1.753182305293039322e+09
1.753182305294060707e+09
1.753182305294857740e+09
1.753182305307403088e+09
1.753182305308423996e+09
1.753182305309709072e+09
1.753182305310659647e+09
1.753182305324731350e+09
1.753182305325518608e+09
1.753182305326515675e+09
1.753182305327349663e+09
1.753182305337908506e+09
1.753182305338733196e+09
1.753182305339722157e+09
1.753182305340492487e+09
1.753182305351359844e+09
1.753182305352159977e+09
1.753182305353152037e+09
1.753182305353910685e+09
1.753182305366047382e+09
1.753182305366889477e+09
1.753182305368004799e+09
1.753182305368764162e+09
1.753182305379707813e+09
1.753182305380484104e+09
1.753182305381467819e+09
1.753182305382266283e+09
1.753182305400151491e+09
1.753182305401035309e+09
1.753182305402096987e+09
1.753182305402900696e+09
1.753182305414449692e+09
1.753182305415261507e+09
1.753182305416262388e+09
1.753182305417057037e+09
1.753182305429310799e+09
1.753182305430138350e+09
1.753182305431183577e+09
1.753182305431987286e+09
1.753182305442948103e+09
1.753182305443740129e+09
1.753182305444684029e+09
1.753182305445558071e+09
1.753182305456238270e+09
1.753182305457217693e+09
1.753182305458351374e+09
1.753182305459300756e+09
1.753182305471345901e+09
1.753182305472170353e+09
1.753182305473160028e+09
1.753182305473933935e+09
1.753182305484773636e+09
1.753182305485585690e+09
1.753182305486613750e+09
1.753182305487430811e+09
1.753182305500262976e+09
1.753182305501125097e+09
1.753182305502165794e+09
1.753182305502953291e+09
1.753182305513624430e+09
1.753182305514434338e+09
1.753182305515418768e+09
1.753182305516196966e+09
1.753182305530010939e+09
1.753182305531070948e+09
1.753182305532365799e+09
1.753182305533346891e+09
1.753182305547051430e+09
1.753182305547842741e+09
1.753182305548836708e+09
1.753182305549643755e+09
1.753182305565311670e+09
1.753182305566351891e+09
1.753182305567642212e+09
1.753182305568524837e+09
1.753182305579536200e+09
1.753182305580402374e+09
1.753182305581429005e+09
1.753182305582241297e+09
1.753182305594671249e+09
1.753182305595773458e+09
1.753182305597013950e+09
1.753182305597904921e+09
1.753182305608978033e+09
1.753182305609756947e+09
1.753182305610734224e+09
1.753182305611535311e+09
1.753182305622775555e+09
1.753182305625053644e+09
1.753182305626303911e+09
1.753182305627308369e+09
1.753182305639303684e+09
1.753182305640129328e+09
1.753182305641181707e+09
1.753182305642069101e+09
1.753182305653029680e+09
1.753182305653923988e+09
1.753182305654936075e+09
1.753182305655752659e+09
1.753182305666411638e+09
1.753182305667188168e+09
1.753182305668210745e+09
1.753182305668982506e+09
1.753182305679365635e+09
1.753182305680146217e+09
1.753182305681165457e+09
1.753182305681940556e+09
1.753182305693173409e+09
1.753182305694051504e+09
1.753182305695240736e+09
1.753182305696130991e+09
1.753182305706713676e+09
1.753182305707486391e+09
1.753182305708464146e+09
1.753182305709224701e+09
1.753182305718801737e+09
1.753182305719605923e+09
1.753182305720596075e+09
1.753182305721425056e+09
1.753182305734496832e+09
1.753182305735493183e+09
1.753182305736704826e+09
1.753182305737655878e+09
1.753182305749286890e+09
1.753182305750083923e+09
1.753182305751035452e+09
1.753182305751785994e+09
1.753182305768387318e+09
1.753182305769199371e+09
1.753182305770168781e+09
1.753182305770941496e+09
1.753182305780751705e+09
1.753182305781669617e+09
1.753182305782643795e+09
1.753182305783472300e+09
1.753182305794111013e+09
1.753182305795012951e+09
1.753182305796179295e+09
1.753182305797007561e+09
1.753182305806697369e+09
1.753182305807554960e+09
1.753182305808577061e+09
1.753182305809382915e+09
1.753182305819477081e+09
1.753182305820249319e+09
1.753182305821196556e+09
1.753182305821947336e+09
1.753182305832100391e+09
1.753182305832935333e+09
1.753182305834034920e+09
1.753182305834819317e+09
1.753182305844670534e+09
1.753182305845486879e+09
1.753182305846466780e+09
1.753182305847259045e+09
1.753182305857129097e+09
1.753182305857981205e+09
1.753182305860344648e+09
1.753182305861213923e+09
1.753182305873265982e+09
1.753182305874027252e+09
1.753182305875019789e+09
1.753182305875873566e+09
1.753182305885742426e+09
1.753182305886538267e+09
1.753182305887524366e+09
1.753182305888322830e+09
1.753182305899953365e+09
1.753182305900859118e+09
1.753182305901940107e+09
1.753182305902736425e+09
1.753182305912489891e+09
1.753182305913366795e+09
1.753182305914369345e+09
1.753182305915150881e+09
1.753182305926067829e+09
1.753182305926982641e+09
1.753182305928184271e+09
1.753182305929181337e+09
1.753182305939448833e+09
1.753182305940273762e+09
1.753182305941320181e+09
1.753182305942081213e+09
1.753182305952330828e+09
1.753182305953139782e+09
1.753182305954110146e+09
1.753182305954886198e+09
1.753182305967540026e+09
1.753182305968364000e+09
1.753182305969411373e+09
1.753182305970200777e+09
1.753182305980289936e+09
1.753182305981058121e+09
1.753182305982028008e+09
1.753182305982821226e+09
1.753182305992205620e+09
1.753182305993183374e+09
1.753182305996288538e+09
1.753182306000608683e+09
1.753182306011333942e+09
1.753182306012160301e+09
1.753182306013200998e+09
1.753182306013959169e+09
1.753182306023429871e+09
1.753182306024255753e+09
1.753182306029019594e+09
1.753182306030030251e+09
1.753182306040595293e+09
1.753182306041403055e+09
1.753182306042399406e+09
1.753182306043173075e+09
1.753182306052615166e+09
1.753182306053431511e+09
1.753182306054424047e+09
1.753182306055206299e+09
1.753182306067100763e+09
1.753182306067922354e+09
1.753182306068946838e+09
1.753182306069739103e+09
1.753182306079189062e+09
1.753182306080012560e+09
1.753182306081022024e+09
1.753182306081810951e+09
1.753182306091841221e+09
1.753182306092813969e+09
1.753182306093961477e+09
1.753182306094877243e+09
1.753182306104890585e+09
1.753182306105705023e+09
1.753182306106654644e+09
1.753182306107423306e+09
1.753182306117799997e+09
1.753182306118597269e+09
1.753182306119588852e+09
1.753182306120380402e+09
1.753182306133040428e+09
1.753182306133849621e+09
1.753182306134822845e+09
1.753182306135603428e+09
1.753182306147732019e+09
1.753182306148776054e+09
1.753182306149992466e+09
1.753182306150957584e+09
1.753182306164672852e+09
1.753182306165731430e+09
1.753182306166830540e+09
1.753182306167702198e+09
1.753182306178009748e+09
1.753182306178856134e+09
1.753182306179822445e+09
1.753182306180656910e+09
1.753182306191491127e+09
1.753182306192527533e+09
1.753182306197081804e+09
1.753182306198116779e+09
1.753182306211033106e+09
1.753182306211852551e+09
1.753182306212872744e+09
1.753182306213673115e+09
1.753182306223010063e+09
1.753182306223872423e+09
1.753182306224897861e+09
1.753182306225988150e+09
1.753182306237836838e+09
1.753182306238624573e+09
1.753182306239649057e+09
1.753182306240398169e+09
1.753182306250829220e+09
1.753182306251728058e+09
1.753182306252825260e+09
1.753182306253601789e+09
1.753182306267897844e+09
1.753182306269789696e+09
1.753182306270918369e+09
1.753182306271760225e+09
1.753182306283598185e+09
1.753182306284644365e+09
1.753182306285880327e+09
1.753182306286844969e+09
1.753182306300499439e+09
1.753182306301352739e+09
1.753182306302383661e+09
1.753182306303159952e+09
1.753182306313298464e+09
1.753182306314098120e+09
1.753182306315150261e+09
1.753182306315971613e+09
1.753182306327062845e+09
1.753182306327961206e+09
1.753182306329008818e+09
1.753182306329819918e+09
1.753182306340739250e+09
1.753182306341762304e+09
1.753182306343014479e+09
1.753182306343962908e+09
1.753182306356263161e+09
1.753182306357316017e+09
1.753182306358548641e+09
1.753182306359586716e+09
1.753182306370638371e+09
1.753182306371460915e+09
1.753182306372456074e+09
1.753182306373238325e+09
1.753182306383307219e+09
1.753182306384125471e+09
1.753182306385115623e+09
1.753182306385886908e+09
1.753182306396466970e+09
1.753182306400696516e+09
1.753182306401782274e+09
1.753182306402616978e+09
1.753182306412839174e+09
1.753182306413673401e+09
1.753182306414685011e+09
1.753182306415484905e+09
1.753182306424865007e+09
1.753182306425699234e+09
1.753182306426797628e+09
1.753182306428506374e+09
1.753182306438819408e+09
1.753182306439651489e+09
1.753182306440635204e+09
1.753182306441438198e+09
1.753182306451073170e+09
1.753182306451991320e+09
1.753182306452990770e+09
1.753182306453789949e+09
1.753182306465764761e+09
1.753182306466847420e+09
1.753182306468196392e+09
1.753182306469163418e+09
1.753182306479234457e+09
1.753182306480098009e+09
1.753182306481133938e+09
1.753182306481896400e+09
1.753182306491865158e+09
1.753182306492706537e+09
1.753182306493724823e+09
1.753182306497673512e+09
1.753182306513643742e+09
1.753182306514533043e+09
1.753182306515630484e+09
1.753182306516463518e+09
1.753182306526652336e+09
1.753182306530735970e+09
1.753182306531933069e+09
1.753182306532872677e+09
1.753182306543816566e+09
1.753182306544668436e+09
1.753182306545768499e+09
1.753182306546546936e+09
1.753182306556555748e+09
1.753182306557360649e+09
1.753182306558363676e+09
1.753182306559185505e+09
1.753182306570646286e+09
1.753182306571519136e+09
