1.753178438244489431e+09
1.753178438249158144e+09
1.753178438254916430e+09
1.753178438258281946e+09
1.753178438264524460e+09
1.753178438269155502e+09
1.753178438274945974e+09
1.753178438279064655e+09
1.753178438285100460e+09
1.753178438288163185e+09
1.753178438294395447e+09
1.753178438299202204e+09
1.753178438304995537e+09
1.753178438308223248e+09
1.753178438314270973e+09
1.753178438319179773e+09
1.753178438325103521e+09
1.753178438329126596e+09
1.753178438332501173e+09
1.753178438338978052e+09
1.753178438344777107e+09
1.753178438348251343e+09
1.753178438352816105e+09
1.753178438359015942e+09
1.753178438365094662e+09
1.753178438368454933e+09
1.753178438372723818e+09
1.753178438379002571e+09
1.753178438384941578e+09
1.753178438389120340e+09
1.753178438392600536e+09
1.753178438398967981e+09
1.753178438404607296e+09
1.753178438408782244e+09
1.753178438413356543e+09
1.753178438419208765e+09
1.753178438424800396e+09
1.753178438431129932e+09
1.753178438434578419e+09
1.753178438438235283e+09
1.753178438444935083e+09
1.753178438448812485e+09
1.753178438452730894e+09
1.753178438459442139e+09
1.753178438464367390e+09
1.753178438468940496e+09
1.753178438475154877e+09
1.753178438479382753e+09
1.753178438484534502e+09
1.753178438488187790e+09
1.753178438492742538e+09
1.753178438499338150e+09
1.753178438504520893e+09
1.753178438508858919e+09
1.753178438514552832e+09
1.753178438519108057e+09
1.753178438524686337e+09
1.753178438528904200e+09
1.753178438534778357e+09
1.753178438539321423e+09
1.753178438544532537e+09
1.753178438548846245e+09
1.753178438554947376e+09
1.753178438559422016e+09
1.753178438564906836e+09
1.753178438570831776e+09
1.753178438573054552e+09
1.753178438578983784e+09
1.753178438584781647e+09
1.753178438588948250e+09
1.753178438594512939e+09
1.753178438598258972e+09
1.753178438604800224e+09
1.753178438608196497e+09
1.753178438614601374e+09
1.753178438619295835e+09
1.753178438624956369e+09
1.753178438629006624e+09
1.753178438634478331e+09
1.753178438639669180e+09
1.753178438644912720e+09
1.753178438648917437e+09
1.753178438654542685e+09
1.753178438658280134e+09
1.753178438664935350e+09
1.753178438668833494e+09
1.753178438674404383e+09
1.753178438678820372e+09
1.753178438684604645e+09
1.753178438689064264e+09
1.753178438694397211e+09
1.753178438698945761e+09
1.753178438704804420e+09
1.753178438707904100e+09
1.753178438712820292e+09
1.753178438718381643e+09
1.753178438724709272e+09
1.753178438728808641e+09
1.753178438732511520e+09
1.753178438738183975e+09
1.753178438744339466e+09
1.753178438748470545e+09
1.753178438752588272e+09
1.753178438759055614e+09
1.753178438764676332e+09
1.753178438768836498e+09
1.753178438772581577e+09
1.753178438778603315e+09
1.753178438784701109e+09
1.753178438789069653e+09
1.753178438792500019e+09
1.753178438798823118e+09
1.753178438804948330e+09
1.753178438809114456e+09
1.753178438814661741e+09
1.753178438818845749e+09
1.753178438824752092e+09
1.753178438828649044e+09
1.753178438834369183e+09
1.753178438839605093e+09
1.753178438845005989e+09
1.753178438850315571e+09
1.753178438853075981e+09
1.753178438859088182e+09
1.753178438864879608e+09
1.753178438869185209e+09
1.753178438874321461e+09
1.753178438879173517e+09
1.753178438884493113e+09
1.753178438888840914e+09
1.753178438892540693e+09
1.753178438899041891e+09
1.753178438904991388e+09
1.753178438909102678e+09
1.753178438914206505e+09
1.753178438918217897e+09
1.753178438923082590e+09
1.753178438929596424e+09
1.753178438934786797e+09
1.753178438938210249e+09
1.753178438944738150e+09
1.753178438949097872e+09
1.753178438952940702e+09
1.753178438958863974e+09
1.753178438964771986e+09
1.753178438968880177e+09
1.753178438972945452e+09
1.753178438978911400e+09
1.753178438984762192e+09
1.753178438989266872e+09
1.753178438993586779e+09
1.753178438999434948e+09
1.753178439004750013e+09
1.753178439008250475e+09
1.753178439012923717e+09
1.753178439019005537e+09
1.753178439025014162e+09
1.753178439029023409e+09
1.753178439034266710e+09
1.753178439039098263e+09
1.753178439044772625e+09
1.753178439048192263e+09
1.753178439052823782e+09
1.753178439059683561e+09
1.753178439063155890e+09
1.753178439068954945e+09
1.753178439073012829e+09
1.753178439079147816e+09
1.753178439084573984e+09
1.753178439088186264e+09
1.753178439092601061e+09
1.753178439098998070e+09
1.753178439104637861e+09
1.753178439109054327e+09
1.753178439113071442e+09
1.753178439118263006e+09
1.753178439124782085e+09
1.753178439129585743e+09
1.753178439134909153e+09
1.753178439139866590e+09
1.753178439144249201e+09
1.753178439149532080e+09
1.753178439152981997e+09
1.753178439158929348e+09
1.753178439164417982e+09
1.753178439169249296e+09
1.753178439172835827e+09
1.753178439179084539e+09
1.753178439184914589e+09
1.753178439189151764e+09
1.753178439194762230e+09
1.753178439199132681e+09
1.753178439203500271e+09
1.753178439208883762e+09
1.753178439215968847e+09
1.753178439217909575e+09
1.753178439223072767e+09
1.753178439228309155e+09
1.753178439236351252e+09
1.753178439239169359e+09
1.753178439244900465e+09
1.753178439248979568e+09
1.753178439252488852e+09
1.753178439258477449e+09
1.753178439264968157e+09
1.753178439270054579e+09
1.753178439274609566e+09
1.753178439279078484e+09
1.753178439284777403e+09
1.753178439288885355e+09
1.753178439294704437e+09
1.753178439298961878e+09
1.753178439304692745e+09
1.753178439309094667e+09
1.753178439314825296e+09
1.753178439319134712e+09
1.753178439323354721e+09
1.753178439329053640e+09
1.753178439332750797e+09
1.753178439338364601e+09
1.753178439344908953e+09
1.753178439348472357e+09
1.753178439355100632e+09
1.753178439359064102e+09
1.753178439364680290e+09
1.753178439368765116e+09
1.753178439372953415e+09
1.753178439379974604e+09
1.753178439384678364e+09
1.753178439388185263e+09
1.753178439392521143e+09
1.753178439398789167e+09
1.753178439404737234e+09
1.753178439409126043e+09
1.753178439415105104e+09
1.753178439419678211e+09
1.753178439424742699e+09
1.753178439428234577e+09
1.753178439434662580e+09
1.753178439439725161e+09
1.753178439444738626e+09
1.753178439448391199e+09
1.753178439452547312e+09
1.753178439459130526e+09
1.753178439463169813e+09
1.753178439469141006e+09
1.753178439474460602e+09
1.753178439478365183e+09
1.753178439485297441e+09
1.753178439487622499e+09
1.753178439494317055e+09
1.753178439498278379e+09
1.753178439504961967e+09
1.753178439508523703e+09
1.753178439514796972e+09
1.753178439518725872e+09
1.753178439524790764e+09
1.753178439528167486e+09
1.753178439532582283e+09
1.753178439539388180e+09
1.753178439545200825e+09
1.753178439549184084e+09
1.753178439554834366e+09
1.753178439558263540e+09
1.753178439564869404e+09
1.753178439569213390e+09
1.753178439573163271e+09
1.753178439578830957e+09
1.753178439584600925e+09
1.753178439588734865e+09
1.753178439594433546e+09
1.753178439599669456e+09
1.753178439605304480e+09
1.753178439608964205e+09
1.753178439614363432e+09
1.753178439619766474e+09
1.753178439624944448e+09
1.753178439629356146e+09
1.753178439634685516e+09
1.753178439639244318e+09
1.753178439644886971e+09
1.753178439648929596e+09
1.753178439654971600e+09
1.753178439659330368e+09
1.753178439664972305e+09
1.753178439668969631e+09
1.753178439672855139e+09
1.753178439679083586e+09
1.753178439686193228e+09
1.753178439690476894e+09
1.753178439693220854e+09
1.753178439698251009e+09
1.753178439704917192e+09
1.753178439709117889e+09
1.753178439712543964e+09
1.753178439719431877e+09
1.753178439725255251e+09
1.753178439729134560e+09
1.753178439734472036e+09
1.753178439738694906e+09
1.753178439744842768e+09
1.753178439749171972e+09
1.753178439752960443e+09
1.753178439759236336e+09
1.753178439763598680e+09
1.753178439768917084e+09
1.753178439772634268e+09
1.753178439778995037e+09
1.753178439784414053e+09
1.753178439788335085e+09
1.753178439792690754e+09
1.753178439799007893e+09
1.753178439804831266e+09
1.753178439809001446e+09
1.753178439814668179e+09
1.753178439819093466e+09
1.753178439825331450e+09
1.753178439830103159e+09
1.753178439834426403e+09
1.753178439838884115e+09
1.753178439844829798e+09
1.753178439848572254e+09
1.753178439852597713e+09
1.753178439859006405e+09
1.753178439864847898e+09
1.753178439869066000e+09
1.753178439872630119e+09
1.753178439878532648e+09
1.753178439884896994e+09
1.753178439889014006e+09
1.753178439892596722e+09
1.753178439898288965e+09
1.753178439904584885e+09
1.753178439909482241e+09
1.753178439912760496e+09
1.753178439918834686e+09
1.753178439924657822e+09
1.753178439929341793e+09
1.753178439932933569e+09
1.753178439938667774e+09
1.753178439944273710e+09
1.753178439949027300e+09
1.753178439952818155e+09
1.753178439959160805e+09
1.753178439965499640e+09
1.753178439970420599e+09
1.753178439973078012e+09
1.753178439978998423e+09
1.753178439984352350e+09
1.753178439988175154e+09
1.753178439992733002e+09
1.753178439999238253e+09
1.753178440004568100e+09
1.753178440009306192e+09
1.753178440014546633e+09
1.753178440018336058e+09
1.753178440025180340e+09
1.753178440029621363e+09
1.753178440033191442e+09
1.753178440038891792e+09
1.753178440044243574e+09
1.753178440048824787e+09
1.753178440054399967e+09
1.753178440059318304e+09
1.753178440065263987e+09
1.753178440069298029e+09
1.753178440074892282e+09
1.753178440079132318e+09
1.753178440084783316e+09
1.753178440088680029e+09
1.753178440093132973e+09
1.753178440097528219e+09
1.753178440104446888e+09
1.753178440108295679e+09
1.753178440113135815e+09
1.753178440119228125e+09
1.753178440125005722e+09
1.753178440129178047e+09
1.753178440134702682e+09
1.753178440139303207e+09
1.753178440144622803e+09
1.753178440148245335e+09
1.753178440152500153e+09
1.753178440158985615e+09
1.753178440164998293e+09
1.753178440168920517e+09
1.753178440172635555e+09
1.753178440179535627e+09
1.753178440185075283e+09
1.753178440189041138e+09
1.753178440194554090e+09
1.753178440198907614e+09
1.753178440204917192e+09
1.753178440209166765e+09
1.753178440212808371e+09
1.753178440218979120e+09
1.753178440225037098e+09
1.753178440229058027e+09
1.753178440232487917e+09
1.753178440239042282e+09
1.753178440244994402e+09
1.753178440249573231e+09
1.753178440254540682e+09
1.753178440259053469e+09
1.753178440264749527e+09
1.753178440269159079e+09
1.753178440274610996e+09
1.753178440278230190e+09
1.753178440284335852e+09
1.753178440289578438e+09
1.753178440292739630e+09
1.753178440298269272e+09
1.753178440304447412e+09
1.753178440309318066e+09
1.753178440312945604e+09
1.753178440318939209e+09
1.753178440325093269e+09
1.753178440329149485e+09
1.753178440334938526e+09
1.753178440339317560e+09
1.753178440345201969e+09
1.753178440348856926e+09
1.753178440354376078e+09
1.753178440358867168e+09
1.753178440364660263e+09
1.753178440368706703e+09
1.753178440375037432e+09
1.753178440379259348e+09
1.753178440384920597e+09
1.753178440390837193e+09
1.753178440394705296e+09
1.753178440399175644e+09
1.753178440405020714e+09
1.753178440408237934e+09
1.753178440412942171e+09
1.753178440419308901e+09
1.753178440424827814e+09
1.753178440428618193e+09
1.753178440432917833e+09
1.753178440439028502e+09
1.753178440444892883e+09
1.753178440448934317e+09
1.753178440454697132e+09
1.753178440458383560e+09
1.753178440464984417e+09
1.753178440469269276e+09
1.753178440472634792e+09
1.753178440479085684e+09
1.753178440484968662e+09
1.753178440489403248e+09
1.753178440492592096e+09
1.753178440498838186e+09
1.753178440504837513e+09
1.753178440509049177e+09
1.753178440514606953e+09
1.753178440519000769e+09
1.753178440524842262e+09
1.753178440529693842e+09
1.753178440534528255e+09
1.753178440538981199e+09
1.753178440544415474e+09
1.753178440549127817e+09
1.753178440553107023e+09
1.753178440558846712e+09
1.753178440564826965e+09
1.753178440569001913e+09
1.753178440574474096e+09
1.753178440579100847e+09
1.753178440584946156e+09
1.753178440588888168e+09
1.753178440594357491e+09
1.753178440598202944e+09
1.753178440603097439e+09
1.753178440609222651e+09
1.753178440614481449e+09
1.753178440619062424e+09
1.753178440624891043e+09
1.753178440628888607e+09
1.753178440632587433e+09
1.753178440639049292e+09
1.753178440644985199e+09
1.753178440649024487e+09
1.753178440654561281e+09
1.753178440658227444e+09
1.753178440664388657e+09
1.753178440670156002e+09
1.753178440674860716e+09
1.753178440679016352e+09
1.753178440684823751e+09
1.753178440689125299e+09
1.753178440692939997e+09
1.753178440699154139e+09
1.753178440705068111e+09
1.753178440709165573e+09
1.753178440714908600e+09
1.753178440719228506e+09
1.753178440725090742e+09
1.753178440729052067e+09
1.753178440732887983e+09
1.753178440738885164e+09
1.753178440744857311e+09
1.753178440749147654e+09
1.753178440754653692e+09
1.753178440758825541e+09
1.753178440764914513e+09
1.753178440769285679e+09
1.753178440774263859e+09
1.753178440778531790e+09
1.753178440784938097e+09
1.753178440789184809e+09
1.753178440794572830e+09
1.753178440798915148e+09
1.753178440811016083e+09
1.753178440813178062e+09
1.753178440819164753e+09
1.753178440824881077e+09
1.753178440829131842e+09
1.753178440832777977e+09
1.753178440838921785e+09
1.753178440845379114e+09
1.753178440849148512e+09
1.753178440852939367e+09
1.753178440858367205e+09
1.753178440864845991e+09
1.753178440868393898e+09
1.753178440874404192e+09
1.753178440880209208e+09
1.753178440883409500e+09
1.753178440889070749e+09
1.753178440892741203e+09
1.753178440899153233e+09
1.753178440904875755e+09
1.753178440908933640e+09
1.753178440912488222e+09
1.753178440919198036e+09
1.753178440925260067e+09
1.753178440929218769e+09
1.753178440934736490e+09
1.753178440938839436e+09
1.753178440944344759e+09
1.753178440950181961e+09
1.753178440954310417e+09
1.753178440958805084e+09
1.753178440964368582e+09
1.753178440969222069e+09
1.753178440974868536e+09
1.753178440979035616e+09
1.753178440984844208e+09
1.753178440989184141e+09
1.753178440992719650e+09
1.753178441000189543e+09
1.753178441003523350e+09
1.753178441007983446e+09
1.753178441014283657e+09
1.753178441021651030e+09
1.753178441023168802e+09
1.753178441028819561e+09
1.753178441034322500e+09
1.753178441039102316e+09
1.753178441045157909e+09
1.753178441048472643e+09
1.753178441054372311e+09
1.753178441059098005e+09
1.753178441064369917e+09
1.753178441068377495e+09
1.753178441072744370e+09
1.753178441079201937e+09
1.753178441084619045e+09
1.753178441090226412e+09
1.753178441092797756e+09
1.753178441099118710e+09
1.753178441104424715e+09
1.753178441108421326e+09
1.753178441115266800e+09
1.753178441119447708e+09
1.753178441124822378e+09
1.753178441128936768e+09
1.753178441132766008e+09
1.753178441139237881e+09
1.753178441144881248e+09
1.753178441148936272e+09
1.753178441154476643e+09
1.753178441158971071e+09
1.753178441165215492e+09
1.753178441169291258e+09
1.753178441175025225e+09
1.753178441179201365e+09
1.753178441185130596e+09
1.753178441189095020e+09
1.753178441194559336e+09
1.753178441199149370e+09
1.753178441204998732e+09
1.753178441208977461e+09
1.753178441212565422e+09
1.753178441219152212e+09
1.753178441223078251e+09
1.753178441229012489e+09
1.753178441233567476e+09
1.753178441238976955e+09
1.753178441244989395e+09
1.753178441248930216e+09
1.753178441252621651e+09
1.753178441259141207e+09
1.753178441264703512e+09
1.753178441268168688e+09
1.753178441274724722e+09
1.753178441279163599e+09
1.753178441283064365e+09
1.753178441289295197e+09
1.753178441292728901e+09
1.753178441298857689e+09
1.753178441303169966e+09
1.753178441309761047e+09
1.753178441312787771e+09
1.753178441318962336e+09
1.753178441324894428e+09
1.753178441329598904e+09
1.753178441332962513e+09
1.753178441339077711e+09
1.753178441344760895e+09
1.753178441349266529e+09
1.753178441352802277e+09
1.753178441358195305e+09
1.753178441364392519e+09
1.753178441369020939e+09
1.753178441374490738e+09
1.753178441379201889e+09
1.753178441384938478e+09
1.753178441388921261e+09
1.753178441392697096e+09
1.753178441399079323e+09
1.753178441404952049e+09
1.753178441408972979e+09
1.753178441412817478e+09
1.753178441419105053e+09
1.753178441424887896e+09
1.753178441429196835e+09
1.753178441433011532e+09
1.753178441439049482e+09
1.753178441444384575e+09
1.753178441449140787e+09
1.753178441452597857e+09
1.753178441458919287e+09
1.753178441464777231e+09
1.753178441469008684e+09
1.753178441472786903e+09
1.753178441479039669e+09
1.753178441485003710e+09
1.753178441488948822e+09
1.753178441494604349e+09
1.753178441499192715e+09
1.753178441505535841e+09
1.753178441510553598e+09
1.753178441515387058e+09
1.753178441519365788e+09
1.753178441525333166e+09
1.753178441528762579e+09
1.753178441534764051e+09
1.753178441538899899e+09
1.753178441544945002e+09
1.753178441549379587e+09
1.753178441552963257e+09
1.753178441558930635e+09
1.753178441564486742e+09
1.753178441569612503e+09
1.753178441572916031e+09
1.753178441579158545e+09
1.753178441584984779e+09
1.753178441589011669e+09
1.753178441592544317e+09
1.753178441599235535e+09
1.753178441605250597e+09
1.753178441609183788e+09
1.753178441614774942e+09
1.753178441619266987e+09
1.753178441624810457e+09
1.753178441629334688e+09
1.753178441632986784e+09
1.753178441638739347e+09
1.753178441644751072e+09
1.753178441649037123e+09
1.753178441652931690e+09
1.753178441659080267e+09
1.753178441664903641e+09
1.753178441669188023e+09
1.753178441674625397e+09
1.753178441678907394e+09
1.753178441685063124e+09
1.753178441689584732e+09
1.753178441692960739e+09
1.753178441698375225e+09
1.753178441704844236e+09
1.753178441709062338e+09
1.753178441714545727e+09
1.753178441719092131e+09
1.753178441724929333e+09
1.753178441728852034e+09
1.753178441734662056e+09
1.753178441740476131e+09
1.753178441743481159e+09
1.753178441748294592e+09
1.753178441754355431e+09
1.753178441758930922e+09
1.753178441763137341e+09
1.753178441769221067e+09
1.753178441774691820e+09
1.753178441779595375e+09
1.753178441785164833e+09
1.753178441788805008e+09
1.753178441792459726e+09
1.753178441798814297e+09
1.753178441805110455e+09
1.753178441809382677e+09
1.753178441814624548e+09
1.753178441819019556e+09
1.753178441823369503e+09
1.753178441828018665e+09
1.753178441834325075e+09
1.753178441838971138e+09
1.753178441842943907e+09
1.753178441849568844e+09
1.753178441852802753e+09
1.753178441859101772e+09
1.753178441863561153e+09
1.753178441869445086e+09
1.753178441874792814e+09
1.753178441878907919e+09
1.753178441884898901e+09
1.753178441889208078e+09
1.753178441894565582e+09
1.753178441898304224e+09
1.753178441903251648e+09
1.753178441909675360e+09
1.753178441912542582e+09
1.753178441919052362e+09
1.753178441924796104e+09
1.753178441929010153e+09
1.753178441934441328e+09
1.753178441939085007e+09
1.753178441944905519e+09
1.753178441949063778e+09
1.753178441952616215e+09
1.753178441959067583e+09
1.753178441964946747e+09
1.753178441969088078e+09
1.753178441972693920e+09
1.753178441978935719e+09
1.753178441984936237e+09
1.753178441989068270e+09
1.753178441992903948e+09
1.753178441998925209e+09
1.753178442003486156e+09
1.753178442009098053e+09
1.753178442012945175e+09
1.753178442019198179e+09
1.753178442025180817e+09
1.753178442028921843e+09
1.753178442035148621e+09
1.753178442041815996e+09
1.753178442044659376e+09
1.753178442048236609e+09
1.753178442055613995e+09
1.753178442058908939e+09
1.753178442064488173e+09
1.753178442069055319e+09
1.753178442075547218e+09
1.753178442079187155e+09
1.753178442085342169e+09
1.753178442087968111e+09
1.753178442092729092e+09
1.753178442098236084e+09
1.753178442104943514e+09
1.753178442108681202e+09
1.753178442113461971e+09
1.753178442118955851e+09
1.753178442125589132e+09
1.753178442129532576e+09
1.753178442133059502e+09
1.753178442138822079e+09
1.753178442144980192e+09
1.753178442148893356e+09
1.753178442154870749e+09
1.753178442158922911e+09
1.753178442165014267e+09
1.753178442168405771e+09
1.753178442172749519e+09
1.753178442179019690e+09
1.753178442185021877e+09
1.753178442188970566e+09
1.753178442192694426e+09
1.753178442199043274e+09
1.753178442204964876e+09
1.753178442209469557e+09
1.753178442213573694e+09
1.753178442218758583e+09
1.753178442224570513e+09
1.753178442229445457e+09
1.753178442232925653e+09
1.753178442239311695e+09
1.753178442244869471e+09
1.753178442249091148e+09
1.753178442252551794e+09
1.753178442259092569e+09
1.753178442264981031e+09
1.753178442269514322e+09
1.753178442272753716e+09
1.753178442280922174e+09
1.753178442285234690e+09
1.753178442288240433e+09
1.753178442294354677e+09
1.753178442299548388e+09
1.753178442302953243e+09
1.753178442309146166e+09
1.753178442312983751e+09
1.753178442318250179e+09
1.753178442324590921e+09
1.753178442328972816e+09
1.753178442332746744e+09
1.753178442338072062e+09
1.753178442344887972e+09
1.753178442349068642e+09
1.753178442353266954e+09
1.753178442359425545e+09
1.753178442364654064e+09
1.753178442368666172e+09
1.753178442372995377e+09
1.753178442379152060e+09
1.753178442384931803e+09
1.753178442389041185e+09
1.753178442394653797e+09
1.753178442399008036e+09
1.753178442405186415e+09
1.753178442409045935e+09
1.753178442412610292e+09
1.753178442419010639e+09
1.753178442423316002e+09
1.753178442429402351e+09
1.753178442432755709e+09
1.753178442438950300e+09
1.753178442444355488e+09
1.753178442448942423e+09
1.753178442453099251e+09
1.753178442459280729e+09
1.753178442464423895e+09
1.753178442468697071e+09
1.753178442472940445e+09
1.753178442479155779e+09
1.753178442484626770e+09
1.753178442488830566e+09
1.753178442493980169e+09
1.753178442499078989e+09
1.753178442504869461e+09
1.753178442509209156e+09
1.753178442514358759e+09
1.753178442518681288e+09
1.753178442525403500e+09
1.753178442529274940e+09
1.753178442532706738e+09
1.753178442538991213e+09
1.753178442544452429e+09
1.753178442548824787e+09
1.753178442552946806e+09
1.753178442559479713e+09
1.753178442563691616e+09
1.753178442569578648e+09
1.753178442573051691e+09
1.753178442578378677e+09
1.753178442584880590e+09
1.753178442589561939e+09
1.753178442594491959e+09
1.753178442598726988e+09
1.753178442605319500e+09
1.753178442609322548e+09
1.753178442612567663e+09
1.753178442618947029e+09
1.753178442625274181e+09
1.753178442628958225e+09
1.753178442634140968e+09
1.753178442639346361e+09
1.753178442645240545e+09
1.753178442649225235e+09
1.753178442652711153e+09
1.753178442658510447e+09
1.753178442664885283e+09
1.753178442669110060e+09
1.753178442674436092e+09
1.753178442678481102e+09
1.753178442684723139e+09
1.753178442688841581e+09
1.753178442692637444e+09
1.753178442698989391e+09
1.753178442703674078e+09
1.753178442708944321e+09
1.753178442714876175e+09
1.753178442719317675e+09
1.753178442725161076e+09
1.753178442728741169e+09
1.753178442732928276e+09
1.753178442739342690e+09
1.753178442744930983e+09
1.753178442748941898e+09
1.753178442752842665e+09
1.753178442759097099e+09
1.753178442764983892e+09
1.753178442769124746e+09
1.753178442774163008e+09
1.753178442779059172e+09
1.753178442784892321e+09
1.753178442788876295e+09
1.753178442794589996e+09
1.753178442798983335e+09
1.753178442805080175e+09
1.753178442809133291e+09
1.753178442812614918e+09
1.753178442819124699e+09
1.753178442824917316e+09
1.753178442828929424e+09
1.753178442832553625e+09
1.753178442839131355e+09
1.753178442844954967e+09
1.753178442849057674e+09
1.753178442854686737e+09
1.753178442859045029e+09
1.753178442865107059e+09
1.753178442869106770e+09
1.753178442872676134e+09
1.753178442879028797e+09
1.753178442884853363e+09
1.753178442888512850e+09
1.753178442894476652e+09
1.753178442899084091e+09
1.753178442904871941e+09
1.753178442909455299e+09
1.753178442912941217e+09
1.753178442919090033e+09
1.753178442924536467e+09
1.753178442928711414e+09
1.753178442934646606e+09
1.753178442939914703e+09
1.753178442944941282e+09
1.753178442948789358e+09
1.753178442954531908e+09
1.753178442958982944e+09
1.753178442965481281e+09
1.753178442969578743e+09
1.753178442973365784e+09
1.753178442978938341e+09
1.753178442984889030e+09
1.753178442989614487e+09
1.753178442992937326e+09
1.753178442999244213e+09
1.753178443005377054e+09
1.753178443008999586e+09
1.753178443014725447e+09
1.753178443019054890e+09
1.753178443024992228e+09
1.753178443029130459e+09
1.753178443033199310e+09
1.753178443039015770e+09
1.753178443045008898e+09
1.753178443048960686e+09
1.753178443055412531e+09
1.753178443057867527e+09
1.753178443065300226e+09
1.753178443069097042e+09
1.753178443074451447e+09
1.753178443079172373e+09
1.753178443085272074e+09
1.753178443089073896e+09
1.753178443094906330e+09
1.753178443098206043e+09
1.753178443105442524e+09
1.753178443109197855e+09
1.753178443112713575e+09
1.753178443119165182e+09
1.753178443125745773e+09
1.753178443128880024e+09
1.753178443132764816e+09
1.753178443139573574e+09
1.753178443144529104e+09
1.753178443149723530e+09
1.753178443153038263e+09
1.753178443159130573e+09
1.753178443164910555e+09
1.753178443168918371e+09
1.753178443172928810e+09
1.753178443179163694e+09
1.753178443184451103e+09
1.753178443188821316e+09
1.753178443194237709e+09
1.753178443199126005e+09
1.753178443204999924e+09
1.753178443209188700e+09
1.753178443212622404e+09
1.753178443219231129e+09
1.753178443225410223e+09
1.753178443229020357e+09
1.753178443232672215e+09
1.753178443238869905e+09
1.753178443244452238e+09
1.753178443249054670e+09
1.753178443252932549e+09
1.753178443258976936e+09
1.753178443265048742e+09
1.753178443269166946e+09
1.753178443273005009e+09
1.753178443279460669e+09
1.753178443284437656e+09
1.753178443288227797e+09
1.753178443292916775e+09
1.753178443299539566e+09
1.753178443304378033e+09
1.753178443308639050e+09
1.753178443313054800e+09
1.753178443319235802e+09
1.753178443324945211e+09
1.753178443328942060e+09
1.753178443334929943e+09
1.753178443337962151e+09
1.753178443345288992e+09
1.753178443349174738e+09
1.753178443354284048e+09
1.753178443358742714e+09
1.753178443363241434e+09
1.753178443369534492e+09
1.753178443372542143e+09
1.753178443378613949e+09
1.753178443383173704e+09
1.753178443389261723e+09
1.753178443392467499e+09
1.753178443398361206e+09
1.753178443404767752e+09
1.753178443409023762e+09
1.753178443414818764e+09
1.753178443418948650e+09
1.753178443424820662e+09
1.753178443429188013e+09
1.753178443432630062e+09
1.753178443439029694e+09
1.753178443444761515e+09
1.753178443449178696e+09
1.753178443452667713e+09
1.753178443459313393e+09
1.753178443465052366e+09
1.753178443469155073e+09
1.753178443472523451e+09
1.753178443479280710e+09
1.753178443484807253e+09
1.753178443489090919e+09
1.753178443494804382e+09
1.753178443499114037e+09
1.753178443504964828e+09
1.753178443509124041e+09
1.753178443514639139e+09
1.753178443519030333e+09
1.753178443524955034e+09
1.753178443528934002e+09
1.753178443532701254e+09
1.753178443539798021e+09
1.753178443544734478e+09
1.753178443548949003e+09
1.753178443552637339e+09
1.753178443558975935e+09
1.753178443564792395e+09
1.753178443569437265e+09
1.753178443573014021e+09
1.753178443578941345e+09
1.753178443585379124e+09
1.753178443589948654e+09
1.753178443592766285e+09
1.753178443598901272e+09
1.753178443604336739e+09
1.753178443609391212e+09
1.753178443614112854e+09
1.753178443618973255e+09
1.753178443624864101e+09
1.753178443628827810e+09
1.753178443634519100e+09
1.753178443638758898e+09
1.753178443643247366e+09
1.753178443649345398e+09
1.753178443652920008e+09
1.753178443658998251e+09
1.753178443664811373e+09
1.753178443668659210e+09
1.753178443672945738e+09
1.753178443681107998e+09
1.753178443684590340e+09
1.753178443689189434e+09
1.753178443692914963e+09
1.753178443699093580e+09
1.753178443704629183e+09
1.753178443709006786e+09
1.753178443712971926e+09
1.753178443719023705e+09
1.753178443725000381e+09
1.753178443729663372e+09
1.753178443733164549e+09
1.753178443738853931e+09
1.753178443744551897e+09
1.753178443749560833e+09
1.753178443753131866e+09
1.753178443757863522e+09
1.753178443765161276e+09
1.753178443768790960e+09
1.753178443772535086e+09
1.753178443779497623e+09
1.753178443783161640e+09
1.753178443789061308e+09
1.753178443792480707e+09
1.753178443799169302e+09
1.753178443804869175e+09
1.753178443809059381e+09
1.753178443812679529e+09
1.753178443818911314e+09
1.753178443826135397e+09
1.753178443829210043e+09
1.753178443833000898e+09
1.753178443838850975e+09
1.753178443844686508e+09
1.753178443849153757e+09
1.753178443852732897e+09
1.753178443859581232e+09
1.753178443865026474e+09
1.753178443868929863e+09
1.753178443874820471e+09
1.753178443879363775e+09
1.753178443883134127e+09
1.753178443888995886e+09
1.753178443894684553e+09
1.753178443898495436e+09
1.753178443905025005e+09
1.753178443908946514e+09
1.753178443914896965e+09
1.753178443919112444e+09
1.753178443924808025e+09
1.753178443929105759e+09
1.753178443932620764e+09
1.753178443938991785e+09
1.753178443944427013e+09
1.753178443948745251e+09
1.753178443953080654e+09
1.753178443959186077e+09
1.753178443965267897e+09
1.753178443969023705e+09
1.753178443974560261e+09
1.753178443979050636e+09
1.753178443985022783e+09
1.753178443989066124e+09
1.753178443992725849e+09
1.753178443998716354e+09
1.753178444005197525e+09
1.753178444007924557e+09
1.753178444012785435e+09
1.753178444019215107e+09
1.753178444024859428e+09
1.753178444029191732e+09
1.753178444033815622e+09
1.753178444038841963e+09
1.753178444045150757e+09
1.753178444048934221e+09
1.753178444052715063e+09
1.753178444059114456e+09
1.753178444065003872e+09
1.753178444069355488e+09
1.753178444072675943e+09
1.753178444079058409e+09
1.753178444086149454e+09
1.753178444089307547e+09
1.753178444094462156e+09
1.753178444099066734e+09
1.753178444103338242e+09
1.753178444108930826e+09
1.753178444112823963e+09
1.753178444118794918e+09
1.753178444124727011e+09
1.753178444128985882e+09
1.753178444132566452e+09
1.753178444138962269e+09
1.753178444144813538e+09
1.753178444149540424e+09
1.753178444152894735e+09
1.753178444158981085e+09
1.753178444164710760e+09
1.753178444169580221e+09
1.753178444173370361e+09
1.753178444178452253e+09
1.753178444184879065e+09
1.753178444189412117e+09
1.753178444192938566e+09
1.753178444198976517e+09
1.753178444204752684e+09
1.753178444209178686e+09
1.753178444214789391e+09
1.753178444219077110e+09
1.753178444224921942e+09
1.753178444229133606e+09
1.753178444232748747e+09
1.753178444239045620e+09
1.753178444243985653e+09
1.753178444249178410e+09
1.753178444253006220e+09
1.753178444259090662e+09
1.753178444264851093e+09
1.753178444269183636e+09
1.753178444272762060e+09
1.753178444279107571e+09
1.753178444285004616e+09
1.753178444289219379e+09
1.753178444294703960e+09
1.753178444299111128e+09
1.753178444305161238e+09
1.753178444309131145e+09
1.753178444313781738e+09
1.753178444318676233e+09
1.753178444324524403e+09
1.753178444328827620e+09
1.753178444332730055e+09
1.753178444339225054e+09
1.753178444346960306e+09
1.753178444348999262e+09
1.753178444355227709e+09
1.753178444359445333e+09
1.753178444365119219e+09
1.753178444369291544e+09
1.753178444372772932e+09
1.753178444378820419e+09
1.753178444385174513e+09
1.753178444388946295e+09
1.753178444392618179e+09
1.753178444398960829e+09
1.753178444404937983e+09
1.753178444409471512e+09
1.753178444412675619e+09
1.753178444419049740e+09
1.753178444424876451e+09
1.753178444429150820e+09
1.753178444432674646e+09
1.753178444438930035e+09
1.753178444444481850e+09
1.753178444449292898e+09
1.753178444452966213e+09
1.753178444459108591e+09
1.753178444464611292e+09
1.753178444469985723e+09
1.753178444473333836e+09
1.753178444478359699e+09
1.753178444484637737e+09
1.753178444489529371e+09
1.753178444493030310e+09
1.753178444498996496e+09
1.753178444505033016e+09
1.753178444509237051e+09
1.753178444512952805e+09
1.753178444519013405e+09
1.753178444523639202e+09
1.753178444528376818e+09
1.753178444532536983e+09
1.753178444539355278e+09
1.753178444545336246e+09
1.753178444549162388e+09
1.753178444552954435e+09
1.753178444560250044e+09
1.753178444563292742e+09
1.753178444568857670e+09
1.753178444574442387e+09
1.753178444579125643e+09
1.753178444583191156e+09
1.753178444589155912e+09
1.753178444597306967e+09
1.753178444597552299e+09
1.753178444604665041e+09
1.753178444609470606e+09
1.753178444613109589e+09
1.753178444619366646e+09
1.753178444624968052e+09
1.753178444628943920e+09
1.753178444632690907e+09
1.753178444639021158e+09
1.753178444645067453e+09
1.753178444649080515e+09
1.753178444652979851e+09
1.753178444659062624e+09
1.753178444665110588e+09
1.753178444667917252e+09
1.753178444674255848e+09
1.753178444677723169e+09
1.753178444684576988e+09
1.753178444689014196e+09
1.753178444694418192e+09
1.753178444699272633e+09
1.753178444704698324e+09
1.753178444709957838e+09
1.753178444713334799e+09
1.753178444719086885e+09
1.753178444724930048e+09
1.753178444728843927e+09
1.753178444734746933e+09
1.753178444739695549e+09
1.753178444744998217e+09
1.753178444749106884e+09
1.753178444754742861e+09
1.753178444759162188e+09
1.753178444765103579e+09
1.753178444769300461e+09
1.753178444773241758e+09
1.753178444779884577e+09
1.753178444784943104e+09
1.753178444789084435e+09
1.753178444794896364e+09
1.753178444799124002e+09
1.753178444805410862e+09
1.753178444809239864e+09
1.753178444814604521e+09
1.753178444819242001e+09
1.753178444824995756e+09
1.753178444829062700e+09
1.753178444835009336e+09
1.753178444839165211e+09
1.753178444845053196e+09
1.753178444849024296e+09
1.753178444852645397e+09
1.753178444859123707e+09
1.753178444865238428e+09
1.753178444869111061e+09
1.753178444874876261e+09
1.753178444879135847e+09
1.753178444884833574e+09
1.753178444889453650e+09
1.753178444892745495e+09
1.753178444898987770e+09
1.753178444904733181e+09
1.753178444908672094e+09
1.753178444912939548e+09
1.753178444919439554e+09
1.753178444925455570e+09
1.753178444929154158e+09
1.753178444934730053e+09
1.753178444939036369e+09
1.753178444945380449e+09
1.753178444949053526e+09
1.753178444954632759e+09
1.753178444958989620e+09
1.753178444964989424e+09
1.753178444969330549e+09
1.753178444972935438e+09
1.753178444979312897e+09
1.753178444984635115e+09
1.753178444988819361e+09
1.753178444994548559e+09
1.753178444999048948e+09
1.753178445004370689e+09
1.753178445008848906e+09
1.753178445015174389e+09
1.753178445018817902e+09
1.753178445025047779e+09
1.753178445029340506e+09
1.753178445032919884e+09
1.753178445039024591e+09
1.753178445045090199e+09
1.753178445049398422e+09
1.753178445054716349e+09
1.753178445059053421e+09
1.753178445064919949e+09
1.753178445069341660e+09
1.753178445075673342e+09
1.753178445079923630e+09
1.753178445083809137e+09
1.753178445088912725e+09
1.753178445094785452e+09
1.753178445099138021e+09
1.753178445103231430e+09
1.753178445109229326e+09
1.753178445114713669e+09
1.753178445119170904e+09
1.753178445125018835e+09
1.753178445129244566e+09
1.753178445132671595e+09
1.753178445138911009e+09
1.753178445144844532e+09
1.753178445148258448e+09
1.753178445152925491e+09
1.753178445159602404e+09
1.753178445164961576e+09
1.753178445169263363e+09
1.753178445172734499e+09
1.753178445179025888e+09
1.753178445184882641e+09
1.753178445189151287e+09
1.753178445192617893e+09
1.753178445198872805e+09
1.753178445204437256e+09
1.753178445209241152e+09
1.753178445212882519e+09
1.753178445219112158e+09
1.753178445225580215e+09
1.753178445228852987e+09
1.753178445232827663e+09
1.753178445238844633e+09
1.753178445244694710e+09
