1.753177795304873943e+09
1.753177795308965921e+09
1.753177795314785480e+09
1.753177795318353176e+09
1.753177795324815273e+09
1.753177795328529835e+09
1.753177795334567785e+09
1.753177795338975191e+09
1.753177795345248222e+09
1.753177795350421667e+09
1.753177795353300810e+09
1.753177795358372450e+09
1.753177795364673853e+09
1.753177795368283033e+09
1.753177795374697208e+09
1.753177795379647970e+09
1.753177795384734154e+09
1.753177795389390707e+09
1.753177795394541025e+09
1.753177795398299932e+09
1.753177795404164076e+09
1.753177795409126759e+09
1.753177795414446115e+09
1.753177795419031143e+09
1.753177795424772024e+09
1.753177795429478168e+09
1.753177795434731722e+09
1.753177795439127207e+09
1.753177795444772243e+09
1.753177795449026108e+09
1.753177795454765797e+09
1.753177795458230972e+09
1.753177795464496374e+09
1.753177795470770359e+09
1.753177795472725391e+09
1.753177795478493452e+09
1.753177795484858036e+09
1.753177795488275290e+09
1.753177795494976521e+09
1.753177795498264790e+09
1.753177795504902363e+09
1.753177795508208036e+09
1.753177795514447451e+09
1.753177795518378019e+09
1.753177795525054216e+09
1.753177795528298378e+09
1.753177795534723997e+09
1.753177795539187431e+09
1.753177795547069073e+09
1.753177795548949718e+09
1.753177795554238558e+09
1.753177795558167696e+09
1.753177795564753771e+09
1.753177795569074869e+09
1.753177795573150158e+09
1.753177795578348398e+09
1.753177795584363461e+09
1.753177795588108063e+09
1.753177795594217062e+09
1.753177795598349571e+09
1.753177795605575323e+09
1.753177795610432863e+09
1.753177795614356756e+09
1.753177795618153811e+09
1.753177795625117779e+09
1.753177795629930496e+09
1.753177795634715557e+09
1.753177795639028072e+09
1.753177795644885540e+09
1.753177795649152756e+09
1.753177795652755260e+09
1.753177795658921242e+09
1.753177795665016890e+09
1.753177795668813705e+09
1.753177795674286842e+09
1.753177795678269625e+09
1.753177795685108900e+09
1.753177795689775705e+09
1.753177795694966555e+09
1.753177795698437452e+09
1.753177795704527140e+09
1.753177795708242416e+09
1.753177795714805841e+09
1.753177795719033957e+09
1.753177795724916220e+09
1.753177795730127335e+09
1.753177795734381914e+09
1.753177795739113808e+09
1.753177795744707346e+09
1.753177795749732494e+09
1.753177795754602671e+09
1.753177795758264542e+09
1.753177795764507532e+09
1.753177795768845320e+09
1.753177795774477005e+09
1.753177795779808760e+09
1.753177795784760714e+09
1.753177795788310051e+09
1.753177795792622089e+09
1.753177795798861504e+09
1.753177795804893255e+09
1.753177795809120417e+09
1.753177795814855337e+09
1.753177795818500042e+09
1.753177795826443672e+09
1.753177795828031540e+09
1.753177795832756042e+09
1.753177795838877439e+09
1.753177795844769716e+09
1.753177795849230528e+09
1.753177795852920771e+09
1.753177795859117508e+09
1.753177795866252661e+09
1.753177795871105909e+09
1.753177795873821974e+09
1.753177795878111601e+09
1.753177795884511232e+09
1.753177795889266253e+09
1.753177795894808769e+09
1.753177795898276091e+09
1.753177795904911041e+09
1.753177795909067154e+09
1.753177795914706230e+09
1.753177795918152809e+09
1.753177795924479008e+09
1.753177795930016279e+09
1.753177795932837725e+09
1.753177795938280344e+09
1.753177795944627047e+09
1.753177795948331118e+09
1.753177795954627514e+09
1.753177795959103823e+09
1.753177795963762522e+09
1.753177795969090462e+09
1.753177795974525213e+09
1.753177795978132486e+09
1.753177795984409332e+09
1.753177795989075422e+09
1.753177795992926359e+09
1.753177795998284578e+09
1.753177796005122662e+09
1.753177796009012938e+09
1.753177796014555216e+09
1.753177796019017220e+09
1.753177796024691105e+09
1.753177796028500795e+09
1.753177796033167362e+09
1.753177796038314581e+09
1.753177796044717073e+09
1.753177796049632311e+09
1.753177796053277254e+09
1.753177796058505297e+09
1.753177796064800739e+09
1.753177796068108082e+09
1.753177796075109720e+09
1.753177796079926729e+09
1.753177796084698439e+09
1.753177796089087725e+09
1.753177796095161438e+09
1.753177796098154068e+09
1.753177796103428364e+09
1.753177796109529495e+09
1.753177796114270210e+09
1.753177796119203091e+09
1.753177796125004292e+09
1.753177796128330469e+09
1.753177796134947777e+09
1.753177796139160872e+09
1.753177796144844770e+09
1.753177796149155855e+09
1.753177796154829741e+09
1.753177796158631563e+09
1.753177796164776564e+09
1.753177796168280840e+09
1.753177796174543142e+09
1.753177796179892540e+09
1.753177796184913397e+09
1.753177796188517094e+09
1.753177796192907333e+09
1.753177796199052572e+09
1.753177796204657555e+09
1.753177796208937645e+09
1.753177796212617397e+09
1.753177796218636513e+09
1.753177796224690676e+09
1.753177796229757547e+09
1.753177796234616280e+09
1.753177796238323450e+09
1.753177796244207859e+09
1.753177796248627424e+09
1.753177796254730940e+09
1.753177796259226799e+09
1.753177796264866590e+09
1.753177796269078255e+09
1.753177796274658203e+09
1.753177796278604507e+09
1.753177796284712791e+09
1.753177796288297892e+09
1.753177796294702768e+09
1.753177796300036192e+09
1.753177796303065062e+09
1.753177796309233904e+09
1.753177796313530922e+09
1.753177796318122149e+09
1.753177796325296640e+09
1.753177796329993486e+09
1.753177796332704067e+09
1.753177796338566303e+09
1.753177796344920635e+09
1.753177796349117279e+09
1.753177796354872465e+09
1.753177796359024048e+09
1.753177796363298655e+09
1.753177796368305206e+09
1.753177796374737978e+09
1.753177796380077362e+09
1.753177796383996248e+09
1.753177796388926029e+09
1.753177796394780159e+09
1.753177796399288416e+09
1.753177796404775381e+09
1.753177796408837080e+09
1.753177796414468765e+09
1.753177796418764353e+09
1.753177796424742699e+09
1.753177796429911613e+09
1.753177796432936668e+09
1.753177796438933611e+09
1.753177796444766045e+09
1.753177796450151443e+09
1.753177796454543114e+09
1.753177796458376169e+09
1.753177796464848757e+09
1.753177796468293428e+09
1.753177796474368572e+09
1.753177796479847670e+09
1.753177796484939098e+09
1.753177796488333464e+09
1.753177796494975567e+09
1.753177796499135971e+09
1.753177796505713940e+09
1.753177796510685444e+09
1.753177796514425993e+09
1.753177796518477678e+09
1.753177796526904821e+09
1.753177796530025244e+09
1.753177796534742355e+09
1.753177796538380623e+09
1.753177796545033455e+09
1.753177796548408270e+09
1.753177796554775476e+09
1.753177796559059143e+09
1.753177796564717054e+09
1.753177796568269730e+09
1.753177796574403763e+09
1.753177796579937696e+09
1.753177796585335016e+09
1.753177796588146925e+09
1.753177796592764378e+09
1.753177796599087000e+09
1.753177796605125427e+09
1.753177796608312368e+09
1.753177796614703655e+09
1.753177796619626760e+09
1.753177796625025034e+09
1.753177796628381014e+09
1.753177796634385347e+09
1.753177796639328718e+09
1.753177796645291805e+09
1.753177796649272203e+09
1.753177796654466391e+09
1.753177796658323050e+09
1.753177796664887905e+09
1.753177796668916702e+09
1.753177796674546957e+09
1.753177796679923296e+09
1.753177796684735298e+09
1.753177796688963652e+09
1.753177796692713261e+09
1.753177796699010372e+09
1.753177796704927444e+09
1.753177796708395481e+09
1.753177796714451790e+09
1.753177796718881607e+09
1.753177796724856615e+09
1.753177796729692221e+09
1.753177796734014034e+09
1.753177796738500357e+09
1.753177796744742155e+09
1.753177796748148441e+09
1.753177796754226685e+09
1.753177796758496284e+09
1.753177796764744043e+09
1.753177796768530130e+09
1.753177796774760246e+09
1.753177796779812813e+09
1.753177796784465551e+09
1.753177796789002657e+09
1.753177796793052912e+09
1.753177796798801661e+09
1.753177796803407907e+09
1.753177796808212757e+09
1.753177796814853191e+09
1.753177796819707632e+09
1.753177796824758768e+09
1.753177796828330994e+09
1.753177796834527493e+09
1.753177796839322329e+09
1.753177796844882965e+09
1.753177796848318100e+09
1.753177796854648113e+09
1.753177796858555794e+09
1.753177796864781141e+09
1.753177796870054007e+09
1.753177796872819901e+09
1.753177796879713535e+09
1.753177796884775400e+09
1.753177796889371395e+09
1.753177796893097162e+09
1.753177796898543119e+09
1.753177796904761314e+09
1.753177796908517361e+09
1.753177796914473295e+09
1.753177796918303490e+09
1.753177796924912453e+09
1.753177796929713488e+09
1.753177796932676792e+09
1.753177796939240932e+09
1.753177796944663048e+09
1.753177796948159695e+09
1.753177796953368425e+09
1.753177796958342552e+09
1.753177796964656353e+09
1.753177796969068527e+09
1.753177796974548578e+09
1.753177796978286028e+09
1.753177796983763218e+09
1.753177796990114927e+09
1.753177796994696140e+09
1.753177796998268366e+09
1.753177797005224466e+09
1.753177797010046721e+09
1.753177797013489008e+09
1.753177797018344879e+09
1.753177797025004387e+09
1.753177797029685020e+09
1.753177797034741879e+09
1.753177797039096117e+09
1.753177797045271635e+09
1.753177797049123287e+09
1.753177797054643154e+09
1.753177797058364391e+09
1.753177797065063715e+09
1.753177797069099426e+09
1.753177797073317289e+09
1.753177797078285933e+09
1.753177797084374428e+09
1.753177797089073658e+09
1.753177797093093634e+09
1.753177797097790956e+09
1.753177797104556799e+09
1.753177797108318090e+09
1.753177797113014460e+09
1.753177797119206667e+09
1.753177797124777794e+09
1.753177797129847765e+09
1.753177797132901192e+09
1.753177797138966084e+09
1.753177797144769430e+09
1.753177797148291111e+09
1.753177797153006554e+09
1.753177797159080505e+09
1.753177797164935112e+09
1.753177797168957472e+09
1.753177797172585011e+09
1.753177797179483175e+09
1.753177797184738398e+09
1.753177797189251661e+09
1.753177797194693565e+09
1.753177797199134111e+09
1.753177797204979181e+09
1.753177797209131241e+09
1.753177797214523315e+09
1.753177797218294859e+09
1.753177797223452330e+09
1.753177797229868650e+09
1.753177797234605551e+09
1.753177797239056110e+09
1.753177797244747877e+09
1.753177797249102592e+09
1.753177797253024340e+09
1.753177797259237289e+09
1.753177797264824867e+09
1.753177797268188953e+09
1.753177797274394989e+09
1.753177797279996634e+09
1.753177797285632610e+09
1.753177797288406372e+09
1.753177797296448469e+09
1.753177797298124790e+09
1.753177797304434776e+09
1.753177797309225559e+09
1.753177797313212633e+09
1.753177797318301439e+09
1.753177797324683189e+09
1.753177797329928637e+09
1.753177797333109140e+09
1.753177797338942289e+09
1.753177797344702482e+09
1.753177797348464489e+09
1.753177797352933884e+09
1.753177797359183788e+09
1.753177797363867283e+09
1.753177797369433880e+09
1.753177797373052359e+09
1.753177797379601240e+09
1.753177797384665251e+09
1.753177797388193130e+09
1.753177797393110037e+09
1.753177797398960114e+09
1.753177797404456615e+09
1.753177797408169270e+09
1.753177797413421869e+09
1.753177797419108868e+09
1.753177797424692631e+09
1.753177797428314209e+09
1.753177797434314966e+09
1.753177797438455105e+09
1.753177797445032120e+09
1.753177797449036837e+09
1.753177797454439163e+09
1.753177797458374977e+09
1.753177797463267565e+09
1.753177797468123913e+09
1.753177797474424124e+09
1.753177797478225231e+09
1.753177797485162020e+09
1.753177797489596844e+09
1.753177797494386196e+09
1.753177797498263836e+09
1.753177797503288984e+09
1.753177797508160114e+09
1.753177797512627125e+09
1.753177797519242764e+09
1.753177797524532318e+09
1.753177797528351784e+09
1.753177797532781839e+09
1.753177797538517475e+09
1.753177797545101166e+09
1.753177797549200296e+09
1.753177797554482222e+09
1.753177797558325052e+09
1.753177797564971924e+09
1.753177797569063187e+09
1.753177797574552059e+09
1.753177797579706430e+09
1.753177797584603310e+09
1.753177797588246346e+09
1.753177797593065262e+09
1.753177797599467278e+09
1.753177797604804754e+09
1.753177797608265877e+09
1.753177797614395142e+09
1.753177797618259668e+09
1.753177797624926567e+09
1.753177797629313946e+09
1.753177797633132219e+09
1.753177797638313055e+09
1.753177797643935680e+09
1.753177797648922682e+09
1.753177797652612686e+09
1.753177797659132004e+09
1.753177797665340662e+09
1.753177797669189692e+09
1.753177797674789667e+09
1.753177797679738045e+09
1.753177797684788465e+09
1.753177797688525200e+09
1.753177797694620609e+09
1.753177797698305130e+09
1.753177797704461336e+09
1.753177797708123922e+09
1.753177797714601755e+09
1.753177797719715595e+09
1.753177797724701643e+09
1.753177797728290081e+09
1.753177797734377146e+09
1.753177797739037514e+09
1.753177797745023727e+09
1.753177797749859810e+09
1.753177797754674673e+09
1.753177797758232832e+09
1.753177797764881849e+09
1.753177797769541979e+09
1.753177797773028135e+09
1.753177797778316975e+09
1.753177797783273935e+09
1.753177797788126945e+09
1.753177797794235468e+09
1.753177797799433470e+09
1.753177797804783106e+09
1.753177797808686733e+09
1.753177797814649582e+09
1.753177797818320751e+09
1.753177797824838161e+09
1.753177797830318689e+09
1.753177797832867861e+09
1.753177797838520765e+09
1.753177797844576359e+09
1.753177797850079775e+09
1.753177797854179859e+09
1.753177797858253717e+09
1.753177797865468264e+09
1.753177797869683981e+09
1.753177797874293566e+09
1.753177797880226374e+09
1.753177797884982824e+09
1.753177797888778210e+09
1.753177797892892361e+09
1.753177797899313927e+09
1.753177797904980183e+09
1.753177797908319235e+09
1.753177797914296389e+09
1.753177797919251919e+09
1.753177797923171520e+09
1.753177797929900646e+09
1.753177797934640408e+09
1.753177797939021826e+09
1.753177797944635630e+09
1.753177797948251963e+09
1.753177797954236746e+09
1.753177797959330320e+09
1.753177797963371277e+09
1.753177797968256235e+09
1.753177797972730398e+09
1.753177797979508638e+09
1.753177797984739304e+09
1.753177797989100695e+09
1.753177797994159460e+09
1.753177797998396397e+09
1.753177798004808664e+09
1.753177798009122372e+09
1.753177798014502287e+09
1.753177798018949270e+09
1.753177798024704218e+09
1.753177798029882669e+09
1.753177798032862902e+09
1.753177798038319349e+09
1.753177798044698477e+09
1.753177798049095154e+09
1.753177798054611444e+09
1.753177798059231997e+09
1.753177798065692186e+09
1.753177798069444418e+09
1.753177798072718382e+09
1.753177798078259230e+09
1.753177798084526539e+09
1.753177798088366508e+09
1.753177798092845678e+09
1.753177798099863291e+09
1.753177798103240967e+09
1.753177798108252048e+09
1.753177798114264727e+09
1.753177798119179010e+09
1.753177798125146389e+09
1.753177798128334522e+09
1.753177798133332491e+09
1.753177798138200998e+09
1.753177798144742250e+09
1.753177798148901463e+09
1.753177798154666901e+09
1.753177798158276796e+09
1.753177798164792299e+09
1.753177798168256998e+09
1.753177798174460173e+09
1.753177798179733753e+09
1.753177798184995890e+09
1.753177798189191103e+09
1.753177798194767714e+09
1.753177798198993444e+09
1.753177798205611944e+09
1.753177798209048986e+09
1.753177798212846994e+09
1.753177798219077110e+09
1.753177798224724770e+09
1.753177798228342772e+09
1.753177798234702110e+09
1.753177798239175797e+09
1.753177798244877815e+09
1.753177798248923540e+09
1.753177798252630711e+09
1.753177798258298635e+09
1.753177798264733791e+09
1.753177798269790173e+09
1.753177798274943113e+09
1.753177798278286219e+09
1.753177798284393787e+09
1.753177798288154602e+09
1.753177798293027878e+09
1.753177798299701214e+09
1.753177798304858685e+09
1.753177798308936357e+09
1.753177798314717293e+09
1.753177798319059610e+09
1.753177798324382305e+09
1.753177798328308105e+09
1.753177798334493876e+09
1.753177798338303328e+09
1.753177798343049526e+09
1.753177798348999023e+09
1.753177798354793310e+09
1.753177798359037638e+09
1.753177798364565134e+09
1.753177798368139744e+09
1.753177798375017881e+09
1.753177798380070686e+09
1.753177798384511471e+09
1.753177798388164520e+09
1.753177798395116091e+09
1.753177798399228811e+09
1.753177798404690981e+09
1.753177798408250570e+09
1.753177798413461924e+09
1.753177798418890476e+09
1.753177798423207760e+09
1.753177798427912951e+09
1.753177798433114052e+09
1.753177798438130856e+09
1.753177798445116043e+09
1.753177798448947668e+09
1.753177798452582598e+09
1.753177798458578110e+09
1.753177798464557409e+09
1.753177798468276024e+09
1.753177798474370003e+09
1.753177798478256702e+09
1.753177798483176947e+09
1.753177798488456726e+09
1.753177798492782831e+09
1.753177798499125242e+09
1.753177798504786968e+09
1.753177798508320093e+09
1.753177798512611866e+09
1.753177798518616915e+09
1.753177798525247574e+09
1.753177798531343222e+09
1.753177798533080578e+09
1.753177798538193226e+09
1.753177798544612646e+09
1.753177798548729181e+09
1.753177798554583073e+09
1.753177798559743166e+09
1.753177798565042734e+09
1.753177798568313122e+09
1.753177798572901487e+09
1.753177798580380917e+09
1.753177798585036993e+09
1.753177798588855743e+09
1.753177798594364405e+09
1.753177798599186420e+09
1.753177798603418350e+09
1.753177798608421803e+09
1.753177798614619970e+09
1.753177798619220018e+09
1.753177798623786449e+09
1.753177798628288031e+09
1.753177798634895563e+09
1.753177798638776779e+09
1.753177798644663334e+09
1.753177798649096489e+09
1.753177798652825594e+09
1.753177798658259153e+09
1.753177798664800882e+09
1.753177798669275999e+09
1.753177798674739122e+09
1.753177798679751396e+09
1.753177798684756517e+09
1.753177798689013481e+09
1.753177798696938515e+09
1.753177798700633287e+09
1.753177798705078125e+09
1.753177798708287716e+09
1.753177798712897301e+09
1.753177798719112396e+09
1.753177798724718571e+09
1.753177798729823828e+09
1.753177798732634068e+09
1.753177798739317179e+09
1.753177798744818211e+09
1.753177798748887062e+09
1.753177798752567053e+09
1.753177798759431362e+09
1.753177798767356396e+09
1.753177798767664194e+09
1.753177798774660587e+09
1.753177798780194521e+09
1.753177798784725904e+09
1.753177798788308382e+09
1.753177798794705153e+09
1.753177798798272610e+09
1.753177798804626703e+09
1.753177798809373617e+09
1.753177798812682152e+09
1.753177798818231106e+09
1.753177798824825525e+09
1.753177798830119848e+09
1.753177798832804203e+09
1.753177798839000940e+09
1.753177798844496012e+09
1.753177798849110842e+09
1.753177798854911566e+09
1.753177798858588934e+09
1.753177798864641905e+09
1.753177798868976593e+09
1.753177798872720718e+09
1.753177798879660845e+09
1.753177798884674311e+09
1.753177798888465881e+09
1.753177798894551516e+09
1.753177798898317814e+09
1.753177798903830051e+09
1.753177798909113884e+09
1.753177798912887812e+09
1.753177798918483734e+09
1.753177798924606323e+09
1.753177798928406000e+09
1.753177798934537172e+09
1.753177798939066410e+09
1.753177798944499493e+09
1.753177798948870659e+09
1.753177798954534292e+09
1.753177798958406448e+09
1.753177798964974165e+09
1.753177798968312740e+09
1.753177798974478245e+09
1.753177798979839087e+09
1.753177798984485865e+09
1.753177798988280058e+09
1.753177798993180990e+09
1.753177798999279022e+09
1.753177799004931688e+09
1.753177799008404016e+09
1.753177799014488220e+09
1.753177799018992901e+09
1.753177799024706841e+09
1.753177799029903173e+09
1.753177799034965992e+09
1.753177799039212942e+09
1.753177799047431469e+09
1.753177799048098803e+09
1.753177799052599907e+09
1.753177799059239626e+09
1.753177799064343452e+09
1.753177799068352461e+09
1.753177799074385881e+09
1.753177799078186750e+09
1.753177799084763765e+09
1.753177799089049578e+09
1.753177799092641115e+09
1.753177799098547697e+09
1.753177799104628086e+09
1.753177799108497381e+09
1.753177799112898350e+09
1.753177799119158506e+09
1.753177799124657393e+09
1.753177799129739761e+09
1.753177799134804249e+09
1.753177799138447523e+09
1.753177799144767761e+09
1.753177799148979664e+09
1.753177799154615879e+09
1.753177799158301353e+09
1.753177799165031910e+09
1.753177799169565201e+09
1.753177799174518347e+09
1.753177799179798126e+09
1.753177799185817719e+09
1.753177799189103127e+09
1.753177799194919825e+09
1.753177799199310541e+09
1.753177799204730034e+09
1.753177799209096670e+09
1.753177799214576721e+09
1.753177799219208956e+09
1.753177799224719524e+09
1.753177799230086327e+09
1.753177799234647274e+09
1.753177799239261627e+09
1.753177799244869232e+09
1.753177799248930216e+09
1.753177799254387617e+09
1.753177799259024620e+09
1.753177799264751196e+09
1.753177799268310070e+09
1.753177799274375200e+09
1.753177799279886007e+09
1.753177799285320997e+09
1.753177799288847208e+09
1.753177799294438124e+09
1.753177799299449205e+09
1.753177799303048134e+09
