3.431012455887227919e-03 1.516662962619752010e-02 -3.001413433155565927e-02 9.994285133213064443e-01
3.431012455887227919e-03 1.516662962619752010e-02 -3.001413433155565927e-02 9.994285133213064443e-01
2.246572738358158534e-03 1.441947758231506248e-02 -3.040942779514733615e-02 9.994309872514240967e-01
2.246572738358158534e-03 1.441947758231506248e-02 -3.040942779514733615e-02 9.994309872514240967e-01
2.763426697566139217e-03 1.455689858995532458e-02 -3.035680262022592488e-02 9.994292995059759210e-01
2.763426697566139217e-03 1.455689858995532458e-02 -3.035680262022592488e-02 9.994292995059759210e-01
2.683907757693345698e-03 1.449354082878475010e-02 -3.033068897336093847e-02 9.994312298601609745e-01
3.430161705111323643e-03 1.598058388373015809e-02 -3.001778425502711969e-02 9.994157230891610455e-01
3.430161705111323643e-03 1.598058388373015809e-02 -3.001778425502711969e-02 9.994157230891610455e-01
4.899962203552490729e-03 1.630306173507966097e-02 -3.012054872961822047e-02 9.994012973238991515e-01
3.957676681494117464e-03 1.561559588920152612e-02 -3.041830209982362976e-02 9.994074328609298119e-01
3.898560304330363560e-03 1.653326262006781996e-02 -3.004576479391326757e-02 9.994041747324444724e-01
3.898560304330363560e-03 1.653326262006781996e-02 -3.004576479391326757e-02 9.994041747324444724e-01
3.898560304330363560e-03 1.653326262006781996e-02 -3.004576479391326757e-02 9.994041747324444724e-01
3.898560304330363560e-03 1.653326262006781996e-02 -3.004576479391326757e-02 9.994041747324444724e-01
5.341693365500898433e-03 1.800854739404065402e-02 -3.103856861089319269e-02 9.993416661939661383e-01
5.341693365500898433e-03 1.800854739404065402e-02 -3.103856861089319269e-02 9.993416661939661383e-01
5.341693365500898433e-03 1.800854739404065402e-02 -3.103856861089319269e-02 9.993416661939661383e-01
4.670458319063576502e-03 1.819164010246769256e-02 -3.098551489563814570e-02 9.993433588692749447e-01
3.653100424540246111e-03 1.636521242962996059e-02 -3.032395803363426359e-02 9.993994658036373657e-01
3.653100424540246111e-03 1.636521242962996059e-02 -3.032395803363426359e-02 9.993994658036373657e-01
5.009493071493279458e-03 1.838320911854069567e-02 -3.113434031239297253e-02 9.993335856734640865e-01
5.009493071493279458e-03 1.838320911854069567e-02 -3.113434031239297253e-02 9.993335856734640865e-01
5.230794293121558691e-03 1.832229793449078464e-02 -3.110956163063960736e-02 9.993343421321075892e-01
1.440436676855167027e-02 2.236247032961366163e-02 -3.235943169366693045e-02 9.991222654506389800e-01
1.440436676855167027e-02 2.236247032961366163e-02 -3.235943169366693045e-02 9.991222654506389800e-01
1.453507980112534424e-02 2.168851964790185008e-02 -3.312875361987035333e-02 9.991100165918923581e-01
1.446443155110969242e-02 2.170473981998523316e-02 -3.306871726927190780e-02 9.991126785440244129e-01
1.446443155110969242e-02 2.170473981998523316e-02 -3.306871726927190780e-02 9.991126785440244129e-01
1.560345331774048647e-02 2.152189123666186851e-02 -3.531687488301005901e-02 9.990225516927314642e-01
1.404160277336393911e-02 2.177091043074250165e-02 -3.266526922195762961e-02 9.991305425404773954e-01
1.404160277336393911e-02 2.177091043074250165e-02 -3.266526922195762961e-02 9.991305425404773954e-01
1.408651819485433505e-02 2.199487687623110505e-02 -3.300727542617128835e-02 9.991137648762959955e-01
1.498425389041215840e-02 2.195914988475846166e-02 -3.285534848650093626e-02 9.991064978006684028e-01
1.498425389041215840e-02 2.195914988475846166e-02 -3.285534848650093626e-02 9.991064978006684028e-01
1.488937935490853952e-02 2.141904299236652154e-02 -3.247115832841319244e-02 9.991322008906168284e-01
1.488937935490853952e-02 2.141904299236652154e-02 -3.247115832841319244e-02 9.991322008906168284e-01
1.375674265526985809e-02 1.990982088925753041e-02 -3.188642785269860114e-02 9.991984821758232993e-01
1.289325737380858823e-02 1.999603737825645169e-02 -3.163914375402152035e-02 9.992161362718140483e-01
1.289325737380858823e-02 1.999603737825645169e-02 -3.163914375402152035e-02 9.992161362718140483e-01
1.377041326328199908e-02 1.995356156567342984e-02 -3.155053807828074597e-02 9.992080837575195718e-01
1.283926106133836779e-02 2.021657067565115276e-02 -3.114969575086794923e-02 9.992277718819386756e-01
1.283926106133836779e-02 2.021657067565115276e-02 -3.114969575086794923e-02 9.992277718819386756e-01
1.340368170683683795e-02 2.007230073398127979e-02 -3.152894660958029116e-02 9.992113738271981571e-01
1.354124388656220528e-02 2.022083383287381908e-02 -3.147709260113989993e-02 9.992081591112470518e-01
1.354124388656220528e-02 2.022083383287381908e-02 -3.147709260113989993e-02 9.992081591112470518e-01
1.343697519935158936e-02 2.022509614786345555e-02 -3.207407487272338070e-02 9.991904958036583739e-01
1.343697519935158936e-02 2.022509614786345555e-02 -3.207407487272338070e-02 9.991904958036583739e-01
1.343405553540691182e-02 2.028779111991984088e-02 -3.107013705889692320e-02 9.992209857016052243e-01
1.329169100266017374e-02 2.043394583813746418e-02 -3.140089455425327386e-02 9.992095719262134024e-01
1.228955052306036043e-02 2.046514180468522737e-02 -3.166062518359717692e-02 9.992135656264075072e-01
1.228955052306036043e-02 2.046514180468522737e-02 -3.166062518359717692e-02 9.992135656264075072e-01
1.232882176685765746e-02 2.057528390696845844e-02 -3.148263723057441454e-02 9.992164437192758708e-01
1.232882176685765746e-02 2.057528390696845844e-02 -3.148263723057441454e-02 9.992164437192758708e-01
1.309008106294300144e-02 2.069412947934216873e-02 -3.173359770263113611e-02 9.991963678675506166e-01
1.309008106294300144e-02 2.069412947934216873e-02 -3.173359770263113611e-02 9.991963678675506166e-01
1.309008106294300144e-02 2.069412947934216873e-02 -3.173359770263113611e-02 9.991963678675506166e-01
1.309008106294300144e-02 2.069412947934216873e-02 -3.173359770263113611e-02 9.991963678675506166e-01
1.282521186605757590e-02 2.074434641855663064e-02 -3.242785558177558453e-02 9.991764710073116618e-01
1.255160638241167859e-02 2.069397873835209997e-02 -3.177805402264170104e-02 9.992018673439976295e-01
1.311612021325964106e-02 2.056679021449870498e-02 -3.240368935926677546e-02 9.991771491816314743e-01
1.311612021325964106e-02 2.056679021449870498e-02 -3.240368935926677546e-02 9.991771491816314743e-01
1.260831987611862361e-02 2.049224880497123660e-02 -3.263408496335487574e-02 9.991777191808377534e-01
1.239939153376269816e-02 2.070973521174115234e-02 -3.269924857784833883e-02 9.991737191797511741e-01
1.239939153376269816e-02 2.070973521174115234e-02 -3.269924857784833883e-02 9.991737191797511741e-01
1.221714246088253727e-02 2.068099632130875748e-02 -3.264212106104490141e-02 9.991784273861624710e-01
1.205341333406419538e-02 2.074866884895010949e-02 -3.279660009090128170e-02 9.991739543195030659e-01
1.205341333406419538e-02 2.074866884895010949e-02 -3.279660009090128170e-02 9.991739543195030659e-01
1.219668388253891678e-02 2.089532329635925348e-02 -3.256002943135746786e-02 9.991768966754781545e-01
1.150177863661635061e-02 2.078972396736723793e-02 -3.289350493290155164e-02 9.991764177555353399e-01
1.150177863661635061e-02 2.078972396736723793e-02 -3.289350493290155164e-02 9.991764177555353399e-01
1.182275806083666475e-02 2.098271880661522343e-02 -3.287186402916552480e-02 9.991693492389394082e-01
1.182275806083666475e-02 2.098271880661522343e-02 -3.287186402916552480e-02 9.991693492389394082e-01
1.252479549283777409e-02 2.095386928723495107e-02 -3.280116622729819381e-02 9.991637244985854815e-01
1.295751714945397697e-02 2.108819351115786070e-02 -3.304070192701363817e-02 9.991474880416444382e-01
1.295751714945397697e-02 2.108819351115786070e-02 -3.304070192701363817e-02 9.991474880416444382e-01
1.251975118874456422e-02 2.098875667685309171e-02 -3.276487946647942823e-02 9.991642460561120931e-01
1.200711710512572181e-02 2.099882171431805000e-02 -3.277455209821265175e-02 9.991700092377651110e-01
1.200711710512572181e-02 2.099882171431805000e-02 -3.277455209821265175e-02 9.991700092377651110e-01
1.275504692452774508e-02 2.112785537600665037e-02 -3.305830531322487970e-02 9.991486730987442222e-01
1.275504692452774508e-02 2.112785537600665037e-02 -3.305830531322487970e-02 9.991486730987442222e-01
1.275504692452774508e-02 2.112785537600665037e-02 -3.305830531322487970e-02 9.991486730987442222e-01
1.338447702275643268e-02 2.154980995966498253e-02 -3.285339255750455850e-02 9.991381866703885617e-01
1.338447702275643268e-02 2.154980995966498253e-02 -3.285339255750455850e-02 9.991381866703885617e-01
1.309943402214059673e-02 2.161502020398329421e-02 -3.250913795329972433e-02 9.991518161317700653e-01
1.341730153554277806e-02 2.167941245535439168e-02 -3.279569357255557316e-02 9.991368382650046565e-01
1.341730153554277806e-02 2.167941245535439168e-02 -3.279569357255557316e-02 9.991368382650046565e-01
1.299008552662703903e-02 2.143037945544843531e-02 -3.322351907291301587e-02 9.991337219285605364e-01
1.286273794125415530e-02 2.139617644782716710e-02 -3.272197378930195855e-02 9.991526540210962093e-01
1.286273794125415530e-02 2.139617644782716710e-02 -3.272197378930195855e-02 9.991526540210962093e-01
1.395540162958013031e-02 2.169715882531905379e-02 -3.303523353402353091e-02 9.991211905517861647e-01
1.296615533428186785e-02 2.145733757404807637e-02 -3.329512546883751228e-02 9.991310705308363849e-01
1.373254949905078001e-02 2.153384218325607447e-02 -3.247212258954898512e-02 9.991462715636845182e-01
1.373254949905078001e-02 2.153384218325607447e-02 -3.247212258954898512e-02 9.991462715636845182e-01
1.373254949905078001e-02 2.153384218325607447e-02 -3.247212258954898512e-02 9.991462715636845182e-01
1.381841607468273746e-02 2.207001233709390137e-02 -3.241970490642013397e-02 9.991350902988084259e-01
1.351680224983995218e-02 2.177967956179380216e-02 -3.230949804735357145e-02 9.991491570086281637e-01
