1.503210752380785241e-02 1.918728757332483631e-02 -1.637887971436124968e-02 9.995687150157680501e-01
1.503210752380785241e-02 1.918728757332483631e-02 -1.637887971436124968e-02 9.995687150157680501e-01
1.460185883553096961e-02 1.945011712588101682e-02 -1.646801837646193548e-02 9.995685484413209254e-01
1.321190378844546223e-02 1.873326957281588531e-02 -1.654784582462278872e-02 9.996002596077901980e-01
1.321190378844546223e-02 1.873326957281588531e-02 -1.654784582462278872e-02 9.996002596077901980e-01
1.321190378844546223e-02 1.873326957281588531e-02 -1.654784582462278872e-02 9.996002596077901980e-01
1.321190378844546223e-02 1.873326957281588531e-02 -1.654784582462278872e-02 9.996002596077901980e-01
4.486016620349137299e-03 1.639861566407127894e-02 -1.470713947404378094e-02 9.997472986248450155e-01
4.333252889638204361e-03 1.641974408866199789e-02 -1.551804460852483636e-02 9.997353675923369432e-01
4.333252889638204361e-03 1.641974408866199789e-02 -1.551804460852483636e-02 9.997353675923369432e-01
4.392509893736964814e-03 1.653226643318064099e-02 -1.509769209355660280e-02 9.997396909780384977e-01
3.994432105028693225e-03 1.697585058480487186e-02 -1.515871849875719685e-02 9.997330034877093263e-01
3.994432105028693225e-03 1.697585058480487186e-02 -1.515871849875719685e-02 9.997330034877093263e-01
3.114805761323478656e-03 1.689628769413846140e-02 -1.492166571685076167e-02 9.997410451409208809e-01
3.833616617986668109e-03 1.739475704123167460e-02 -1.515211623302136282e-02 9.997265322000631338e-01
3.833616617986668109e-03 1.739475704123167460e-02 -1.515211623302136282e-02 9.997265322000631338e-01
2.524001504401070066e-03 1.660858851024647753e-02 -1.465617552543596602e-02 9.997514594753391659e-01
1.972424082231835022e-03 1.653180627457412344e-02 -1.491687758674533314e-02 9.997501166229498804e-01
1.972424082231835022e-03 1.653180627457412344e-02 -1.491687758674533314e-02 9.997501166229498804e-01
2.771928971154840899e-03 1.693342043884792439e-02 -1.455878657892369088e-02 9.997467766466514583e-01
2.021581275781370989e-03 1.639369583683035481e-02 -1.477721160762988928e-02 9.997543668136980033e-01
2.021581275781370989e-03 1.639369583683035481e-02 -1.477721160762988928e-02 9.997543668136980033e-01
1.523963596593380524e-03 1.684659517629379100e-02 -1.516532826238507423e-02 9.997419079865644820e-01
1.565912050935872090e-03 1.640393787798782171e-02 -1.469056395406344133e-02 9.997562933396595408e-01
1.565912050935872090e-03 1.640393787798782171e-02 -1.469056395406344133e-02 9.997562933396595408e-01
1.724716422693438030e-03 1.690564561288477111e-02 -1.486138122478998513e-02 9.997451494494806745e-01
9.546603304818638506e-04 1.640976454306667179e-02 -1.481408939010488493e-02 9.997551455265617504e-01
9.546603304818638506e-04 1.640976454306667179e-02 -1.481408939010488493e-02 9.997551455265617504e-01
1.151335255525722185e-03 1.647712455283913829e-02 -1.454136549681176414e-02 9.997578344194596456e-01
1.151335255525722185e-03 1.647712455283913829e-02 -1.454136549681176414e-02 9.997578344194596456e-01
1.848013139396860070e-03 1.708113534385204829e-02 -1.455298075981154710e-02 9.997464830714866135e-01
1.848013139396860070e-03 1.708113534385204829e-02 -1.455298075981154710e-02 9.997464830714866135e-01
1.843237727764907323e-03 1.663776899510328519e-02 -1.444629044853340712e-02 9.997555160187020507e-01
1.767191641346544436e-03 1.693374417943401683e-02 -1.482787470451856111e-02 9.997450972490514731e-01
2.706634999379518673e-03 1.723128568369374294e-02 -1.481097324457114443e-02 9.997381617164644574e-01
2.706634999379518673e-03 1.723128568369374294e-02 -1.481097324457114443e-02 9.997381617164644574e-01
3.010224236495621843e-03 1.716575635187151880e-02 -1.534502163995436243e-02 9.997303664837752235e-01
3.079628516048502161e-03 1.716051477522695032e-02 -1.509505261172080191e-02 9.997340506392196069e-01
3.079628516048502161e-03 1.716051477522695032e-02 -1.509505261172080191e-02 9.997340506392196069e-01
2.460833643784668314e-03 1.784692084725659350e-02 -1.525363252249757780e-02 9.997213403788668407e-01
2.460833643784668314e-03 1.784692084725659350e-02 -1.525363252249757780e-02 9.997213403788668407e-01
2.460833643784668314e-03 1.784692084725659350e-02 -1.525363252249757780e-02 9.997213403788668407e-01
2.460833643784668314e-03 1.784692084725659350e-02 -1.525363252249757780e-02 9.997213403788668407e-01
2.873946496460712437e-03 1.787819116964277713e-02 -1.561356393574754760e-02 9.997141228037450533e-01
2.873946496460712437e-03 1.787819116964277713e-02 -1.561356393574754760e-02 9.997141228037450533e-01
2.873946496460712437e-03 1.787819116964277713e-02 -1.561356393574754760e-02 9.997141228037450533e-01
2.873946496460712437e-03 1.787819116964277713e-02 -1.561356393574754760e-02 9.997141228037450533e-01
3.090660418349186738e-03 1.852987516553781383e-02 -1.586540250636254284e-02 9.996976445645149312e-01
3.090660418349186738e-03 1.852987516553781383e-02 -1.586540250636254284e-02 9.996976445645149312e-01
3.401632866994861674e-03 1.792729456487299547e-02 -1.579439260674127266e-02 9.997087466685518065e-01
3.114893550460118982e-03 1.817202123764273883e-02 -1.608674131682781561e-02 9.997006010982055768e-01
3.114893550460118982e-03 1.817202123764273883e-02 -1.608674131682781561e-02 9.997006010982055768e-01
3.467659896156866269e-03 1.826060987542930253e-02 -1.628835379188417129e-02 9.996945608497489477e-01
2.819972395805901092e-03 1.851106369829372961e-02 -1.606867863457662679e-02 9.996955465757478843e-01
2.819972395805901092e-03 1.851106369829372961e-02 -1.606867863457662679e-02 9.996955465757478843e-01
4.300105058623522949e-03 1.839605428139800061e-02 -1.647497075492175209e-02 9.996857854455994952e-01
4.127865268333852193e-03 1.849171875505798909e-02 -1.638467736018002496e-02 9.996862304811511279e-01
4.522015146475361243e-03 1.864453711852694442e-02 -1.660498210745412970e-02 9.996780517665986299e-01
4.522015146475361243e-03 1.864453711852694442e-02 -1.660498210745412970e-02 9.996780517665986299e-01
3.992029600951393919e-03 1.892405751987610851e-02 -1.620890239101201516e-02 9.996815569119640310e-01
3.992029600951393919e-03 1.892405751987610851e-02 -1.620890239101201516e-02 9.996815569119640310e-01
4.147708026603417336e-03 1.922739928945181587e-02 -1.573206695265337920e-02 9.996827525290647998e-01
4.977649622346778067e-03 1.900438165268722446e-02 -1.620806391122004211e-02 9.996756249636609137e-01
4.977649622346778067e-03 1.900438165268722446e-02 -1.620806391122004211e-02 9.996756249636609137e-01
4.218931186730228919e-03 1.860306932354692522e-02 -1.559558382655844289e-02 9.996964060135925534e-01
4.218931186730228919e-03 1.860306932354692522e-02 -1.559558382655844289e-02 9.996964060135925534e-01
4.319938376859876368e-03 1.902129498546555053e-02 -1.572200778419144060e-02 9.996861242113596058e-01
4.662591294649030653e-03 1.886873933903208955e-02 -1.601548155691298603e-02 9.996828173319149968e-01
4.662591294649030653e-03 1.886873933903208955e-02 -1.601548155691298603e-02 9.996828173319149968e-01
4.446666568158975756e-03 1.898264533832226542e-02 -1.614646708386293858e-02 9.996795376184814952e-01
4.861737291063133320e-03 1.917289231765452462e-02 -1.646512523236030867e-02 9.996687768264901353e-01
4.861737291063133320e-03 1.917289231765452462e-02 -1.646512523236030867e-02 9.996687768264901353e-01
4.710864700782025662e-03 1.930390454213865362e-02 -1.592854237841086207e-02 9.996756716860214498e-01
4.710864700782025662e-03 1.930390454213865362e-02 -1.592854237841086207e-02 9.996756716860214498e-01
5.074032589290739491e-03 1.941209464369130985e-02 -1.580219352303733824e-02 9.996738045256001737e-01
1.077978729586310733e-02 2.048035664147587753e-02 -1.403453603555194704e-02 9.996336243724301962e-01
4.765395707476939406e-03 1.889070282106429521e-02 -1.657290805678016815e-02 9.996728320151643254e-01
4.765395707476939406e-03 1.889070282106429521e-02 -1.657290805678016815e-02 9.996728320151643254e-01
4.765395707476939406e-03 1.889070282106429521e-02 -1.657290805678016815e-02 9.996728320151643254e-01
4.765395707476939406e-03 1.889070282106429521e-02 -1.657290805678016815e-02 9.996728320151643254e-01
3.999383372513126700e-03 1.959290217323987962e-02 -1.574738711994419851e-02 9.996760189761302318e-01
4.547182815388984070e-03 1.958027634948241238e-02 -1.588281336447840489e-02 9.996717822096162775e-01
3.666082587306183482e-03 1.915436628973657754e-02 -1.635742425621399335e-02 9.996759998930673241e-01
3.666082587306183482e-03 1.915436628973657754e-02 -1.635742425621399335e-02 9.996759998930673241e-01
4.453117584927735947e-03 1.924715391555697347e-02 -1.622405754503580474e-02 9.996731949825908847e-01
4.453117584927735947e-03 1.924715391555697347e-02 -1.622405754503580474e-02 9.996731949825908847e-01
4.851251691813559565e-03 1.963513052308022908e-02 -1.560720870966369501e-02 9.996736177586449390e-01
4.672441108292890548e-03 1.959428814014207640e-02 -1.546001919981045483e-02 9.996775580019350294e-01
4.672441108292890548e-03 1.959428814014207640e-02 -1.546001919981045483e-02 9.996775580019350294e-01
4.032057968789479543e-03 1.907706081923384381e-02 -1.612839605857799979e-02 9.996797902826750626e-01
4.032057968789479543e-03 1.907706081923384381e-02 -1.612839605857799979e-02 9.996797902826750626e-01
4.997043743110878011e-03 1.954233295894164391e-02 -1.573737222493248877e-02 9.996726773758525253e-01
5.253916650891795291e-03 1.967242084710757455e-02 -1.598314734615850774e-02 9.996649094665426283e-01
5.253916650891795291e-03 1.967242084710757455e-02 -1.598314734615850774e-02 9.996649094665426283e-01
5.240829396414033343e-03 1.970970952089886458e-02 -1.596950183767794143e-02 9.996644617414864875e-01
4.587814039168960564e-03 1.990155004210025780e-02 -1.566934069581157538e-02 9.996686211092266072e-01
4.587814039168960564e-03 1.990155004210025780e-02 -1.566934069581157538e-02 9.996686211092266072e-01
