1.753177607664420128e+09
1.753177607667944908e+09
1.753177607674093962e+09
1.753177607678061247e+09
1.753177607685432673e+09
1.753177607689121723e+09
1.753177607694185495e+09
1.753177607697933912e+09
1.753177607704934120e+09
1.753177607708966970e+09
1.753177607714365482e+09
1.753177607718088865e+09
1.753177607724714994e+09
1.753177607728271246e+09
1.753177607735132217e+09
1.753177607738225222e+09
1.753177607744737864e+09
1.753177607750278711e+09
1.753177607755082846e+09
1.753177607758173704e+09
1.753177607764461040e+09
1.753177607768205881e+09
1.753177607773212671e+09
1.753177607778305292e+09
1.753177607785156727e+09
1.753177607788272381e+09
1.753177607793003321e+09
1.753177607798017740e+09
1.753177607805626869e+09
1.753177607810478687e+09
1.753177607813321114e+09
1.753177607817995310e+09
1.753177607823715687e+09
1.753177607828265429e+09
1.753177607834991217e+09
1.753177607838227510e+09
1.753177607844607115e+09
1.753177607848266602e+09
1.753177607854387283e+09
1.753177607858109474e+09
1.753177607864616394e+09
1.753177607868162632e+09
1.753177607874322891e+09
1.753177607877945662e+09
1.753177607885401487e+09
1.753177607889459133e+09
1.753177607896200657e+09
1.753177607897955179e+09
1.753177607904533863e+09
1.753177607908053398e+09
1.753177607914568186e+09
1.753177607918293953e+09
1.753177607924727917e+09
1.753177607928002357e+09
1.753177607934975147e+09
1.753177607938063145e+09
1.753177607944539309e+09
1.753177607948222876e+09
1.753177607954437017e+09
1.753177607957964182e+09
1.753177607964989424e+09
1.753177607969094515e+09
1.753177607974317789e+09
1.753177607978006601e+09
1.753177607985078573e+09
1.753177607989215136e+09
1.753177607994617462e+09
1.753177607998068810e+09
1.753177608004592657e+09
1.753177608007969379e+09
1.753177608014158249e+09
1.753177608017996311e+09
1.753177608024687052e+09
1.753177608028077841e+09
1.753177608033418417e+09
1.753177608038170815e+09
1.753177608044505596e+09
1.753177608048354387e+09
1.753177608054587364e+09
1.753177608058057070e+09
1.753177608064650059e+09
1.753177608068086624e+09
1.753177608074419975e+09
1.753177608078148365e+09
1.753177608085054874e+09
1.753177608088094473e+09
1.753177608094407320e+09
1.753177608098215818e+09
1.753177608104192019e+09
1.753177608108028412e+09
1.753177608114684105e+09
1.753177608118091583e+09
1.753177608124600649e+09
1.753177608128040791e+09
1.753177608135176420e+09
1.753177608138137102e+09
1.753177608144590139e+09
1.753177608149311543e+09
1.753177608154716253e+09
1.753177608159131050e+09
1.753177608164564848e+09
1.753177608168240309e+09
1.753177608176849604e+09
1.753177608181936979e+09
1.753177608184911013e+09
1.753177608188092709e+09
1.753177608194348574e+09
1.753177608198088646e+09
1.753177608204612255e+09
1.753177608208310843e+09
1.753177608214621782e+09
1.753177608218265295e+09
1.753177608224658251e+09
1.753177608228001356e+09
1.753177608234980583e+09
1.753177608238223553e+09
1.753177608244873762e+09
1.753177608248095512e+09
1.753177608254456758e+09
1.753177608258226156e+09
1.753177608264495373e+09
1.753177608268089533e+09
1.753177608274808407e+09
1.753177608278128624e+09
1.753177608285118818e+09
1.753177608288118124e+09
1.753177608294484138e+09
1.753177608298403740e+09
1.753177608304764509e+09
1.753177608308239937e+09
1.753177608312587500e+09
1.753177608317946911e+09
1.753177608324598312e+09
1.753177608328296185e+09
1.753177608334868193e+09
1.753177608338082552e+09
1.753177608344498873e+09
1.753177608348251820e+09
1.753177608354568481e+09
1.753177608359169245e+09
1.753177608364708424e+09
1.753177608368087769e+09
1.753177608374604464e+09
1.753177608379602432e+09
1.753177608384573698e+09
1.753177608388014078e+09
1.753177608394431114e+09
1.753177608398248434e+09
1.753177608404659510e+09
1.753177608408098698e+09
1.753177608414492607e+09
1.753177608418196201e+09
1.753177608425065279e+09
1.753177608428103209e+09
1.753177608435110331e+09
1.753177608438058853e+09
1.753177608444734812e+09
1.753177608449643612e+09
1.753177608453380585e+09
1.753177608458002329e+09
1.753177608464725256e+09
1.753177608469135523e+09
1.753177608474336624e+09
1.753177608478323698e+09
1.753177608485492468e+09
1.753177608488241911e+09
1.753177608494339228e+09
1.753177608498046160e+09
1.753177608504582167e+09
1.753177608508097649e+09
1.753177608514320374e+09
1.753177608518103838e+09
1.753177608523223639e+09
1.753177608529939890e+09
1.753177608532728434e+09
1.753177608538278341e+09
1.753177608544400215e+09
1.753177608548383474e+09
1.753177608554400921e+09
1.753177608558042526e+09
1.753177608564859390e+09
1.753177608568994284e+09
1.753177608573029518e+09
1.753177608578405380e+09
1.753177608585184097e+09
1.753177608588209152e+09
1.753177608596117258e+09
1.753177608597942591e+09
1.753177608604952097e+09
1.753177608608385801e+09
1.753177608614434481e+09
1.753177608617948771e+09
1.753177608624879122e+09
1.753177608628273487e+09
1.753177608632520914e+09
1.753177608638013363e+09
1.753177608644947290e+09
1.753177608648166895e+09
1.753177608652802229e+09
1.753177608658290863e+09
1.753177608663175821e+09
1.753177608669044971e+09
1.753177608674579144e+09
1.753177608678228140e+09
1.753177608685211658e+09
1.753177608687981129e+09
1.753177608694121122e+09
1.753177608698879004e+09
1.753177608704813719e+09
1.753177608708033085e+09
1.753177608714146137e+09
1.753177608717974186e+09
1.753177608724789619e+09
1.753177608729328871e+09
1.753177608735228777e+09
1.753177608738244534e+09
1.753177608744651556e+09
1.753177608750235081e+09
1.753177608752925634e+09
1.753177608758013010e+09
1.753177608764551640e+09
1.753177608769093037e+09
1.753177608774687290e+09
1.753177608778304100e+09
1.753177608784963608e+09
1.753177608788168192e+09
1.753177608794679880e+09
1.753177608798272371e+09
1.753177608804524660e+09
1.753177608807969809e+09
1.753177608814231873e+09
1.753177608818347692e+09
1.753177608824873447e+09
1.753177608828313351e+09
1.753177608834892035e+09
1.753177608838160038e+09
1.753177608844504356e+09
1.753177608848055363e+09
1.753177608854549408e+09
1.753177608858139277e+09
1.753177608864566326e+09
1.753177608867950916e+09
1.753177608876638412e+09
1.753177608877932787e+09
1.753177608885401011e+09
1.753177608889404058e+09
1.753177608894114971e+09
1.753177608897931099e+09
1.753177608904771090e+09
1.753177608909344435e+09
1.753177608914461613e+09
1.753177608918268442e+09
1.753177608924565554e+09
1.753177608928051233e+09
1.753177608934626341e+09
1.753177608938075066e+09
1.753177608947098732e+09
1.753177608948031425e+09
1.753177608954571962e+09
1.753177608958822966e+09
1.753177608964555740e+09
1.753177608968256474e+09
1.753177608974224806e+09
1.753177608978364944e+09
1.753177608985318184e+09
1.753177608989032745e+09
1.753177608994506836e+09
1.753177608998067617e+09
1.753177609004358768e+09
1.753177609008304358e+09
1.753177609013042212e+09
1.753177609019201040e+09
1.753177609024985075e+09
1.753177609028269053e+09
1.753177609032537937e+09
1.753177609038270473e+09
1.753177609044336557e+09
1.753177609049257755e+09
1.753177609054271698e+09
1.753177609057955503e+09
1.753177609064546585e+09
1.753177609068134546e+09
1.753177609074464560e+09
1.753177609078292131e+09
1.753177609085063696e+09
1.753177609088191032e+09
1.753177609094574690e+09
1.753177609098176241e+09
1.753177609104351044e+09
1.753177609107976198e+09
1.753177609114597797e+09
1.753177609119425297e+09
1.753177609124716043e+09
1.753177609128246784e+09
1.753177609132559299e+09
1.753177609138020515e+09
1.753177609144815683e+09
1.753177609148106098e+09
1.753177609153927326e+09
1.753177609158237696e+09
1.753177609164540052e+09
1.753177609168196917e+09
1.753177609174620390e+09
1.753177609178318262e+09
1.753177609185135365e+09
1.753177609188262939e+09
1.753177609194689751e+09
1.753177609197981834e+09
1.753177609204496622e+09
1.753177609208082199e+09
1.753177609212727070e+09
1.753177609218212843e+09
1.753177609224606276e+09
1.753177609228241205e+09
1.753177609234989166e+09
1.753177609238000631e+09
1.753177609244496107e+09
1.753177609248155117e+09
1.753177609254486561e+09
1.753177609258892059e+09
1.753177609265086412e+09
1.753177609268034458e+09
1.753177609272623062e+09
1.753177609278240442e+09
1.753177609285035610e+09
1.753177609288090229e+09
1.753177609294120789e+09
1.753177609298231602e+09
1.753177609304621220e+09
1.753177609308093786e+09
1.753177609314603806e+09
1.753177609318248272e+09
1.753177609324539661e+09
1.753177609328110933e+09
1.753177609334985733e+09
1.753177609339176416e+09
1.753177609344836950e+09
1.753177609348294497e+09
1.753177609354238510e+09
1.753177609358095646e+09
1.753177609364586353e+09
1.753177609370502710e+09
1.753177609373178005e+09
1.753177609379289627e+09
1.753177609385153055e+09
1.753177609388193607e+09
1.753177609394550800e+09
1.753177609398305893e+09
1.753177609404410839e+09
1.753177609408035278e+09
1.753177609412592411e+09
1.753177609418268681e+09
1.753177609424537897e+09
1.753177609428207397e+09
1.753177609436054468e+09
1.753177609438285828e+09
1.753177609444407225e+09
1.753177609447968245e+09
1.753177609454476833e+09
1.753177609459218979e+09
1.753177609464856625e+09
1.753177609468334675e+09
1.753177609474190950e+09
1.753177609478173733e+09
1.753177609485409021e+09
1.753177609488311529e+09
1.753177609494529247e+09
1.753177609498335838e+09
1.753177609504908562e+09
1.753177609508705378e+09
1.753177609514324188e+09
1.753177609518038511e+09
1.753177609524961710e+09
1.753177609528419733e+09
1.753177609535009623e+09
1.753177609538261652e+09
1.753177609544574022e+09
1.753177609548121929e+09
1.753177609554811478e+09
1.753177609558484554e+09
1.753177609564394236e+09
1.753177609568047285e+09
1.753177609575712681e+09
1.753177609578309536e+09
1.753177609584884882e+09
1.753177609588368893e+09
1.753177609594741344e+09
1.753177609598381042e+09
1.753177609604512930e+09
1.753177609608064651e+09
1.753177609614362717e+09
1.753177609618524790e+09
1.753177609624597549e+09
1.753177609628083229e+09
1.753177609634944439e+09
1.753177609638126850e+09
1.753177609644398689e+09
1.753177609648121357e+09
1.753177609654423237e+09
1.753177609658100128e+09
1.753177609665624857e+09
1.753177609669200897e+09
1.753177609673207998e+09
1.753177609678025961e+09
1.753177609684787512e+09
1.753177609688259840e+09
1.753177609694613457e+09
1.753177609698111534e+09
1.753177609704780102e+09
1.753177609708135366e+09
1.753177609714310169e+09
1.753177609718353987e+09
1.753177609724741459e+09
1.753177609728094101e+09
1.753177609734905958e+09
1.753177609738366127e+09
1.753177609743600368e+09
1.753177609748096704e+09
1.753177609754493713e+09
1.753177609758122921e+09
1.753177609764546871e+09
1.753177609768188477e+09
1.753177609774580956e+09
1.753177609778470755e+09
1.753177609786713839e+09
1.753177609788011312e+09
1.753177609794272661e+09
1.753177609799424887e+09
1.753177609804954290e+09
1.753177609810845613e+09
1.753177609814539671e+09
1.753177609819202900e+09
1.753177609823319912e+09
1.753177609827947617e+09
1.753177609834525347e+09
1.753177609838524342e+09
1.753177609844758272e+09
1.753177609848057508e+09
1.753177609856591463e+09
1.753177609858247519e+09
1.753177609864608049e+09
1.753177609868380070e+09
1.753177609874527454e+09
1.753177609878310919e+09
1.753177609884995937e+09
1.753177609888076067e+09
1.753177609894643545e+09
1.753177609898244143e+09
1.753177609904645920e+09
1.753177609908100605e+09
1.753177609914463997e+09
1.753177609918159246e+09
1.753177609925292969e+09
1.753177609928722620e+09
1.753177609934992552e+09
1.753177609938302279e+09
1.753177609944698811e+09
1.753177609948259830e+09
1.753177609954519510e+09
1.753177609958293915e+09
1.753177609964332104e+09
1.753177609967950583e+09
1.753177609974565983e+09
1.753177609979408026e+09
1.753177609985188007e+09
1.753177609988317251e+09
1.753177609993550301e+09
1.753177609998023510e+09
1.753177610004486561e+09
1.753177610008221388e+09
1.753177610014190912e+09
1.753177610018005848e+09
1.753177610024405241e+09
1.753177610027944565e+09
1.753177610035477877e+09
1.753177610038835764e+09
1.753177610044437170e+09
1.753177610048111677e+09
1.753177610054779053e+09
1.753177610058290958e+09
1.753177610064665318e+09
1.753177610068207502e+09
1.753177610074603796e+09
1.753177610078224182e+09
1.753177610084856749e+09
1.753177610087967396e+09
1.753177610094343662e+09
1.753177610098198414e+09
1.753177610104936361e+09
1.753177610110709906e+09
1.753177610114511251e+09
1.753177610118235588e+09
1.753177610125106096e+09
1.753177610128350258e+09
1.753177610136120558e+09
1.753177610138175964e+09
1.753177610144555569e+09
1.753177610148575783e+09
1.753177610154605389e+09
1.753177610158111334e+09
1.753177610164358854e+09
1.753177610168135405e+09
1.753177610174760342e+09
1.753177610178198576e+09
1.753177610185035706e+09
1.753177610188047647e+09
1.753177610194623470e+09
1.753177610198131084e+09
1.753177610204703808e+09
1.753177610208211899e+09
1.753177610214559555e+09
1.753177610218241692e+09
1.753177610224596262e+09
1.753177610228222609e+09
1.753177610235352993e+09
1.753177610239453554e+09
1.753177610244467974e+09
1.753177610248072624e+09
1.753177610254804134e+09
1.753177610259317875e+09
1.753177610264727592e+09
1.753177610267994642e+09
1.753177610275514126e+09
1.753177610277937651e+09
1.753177610285176277e+09
1.753177610289006710e+09
1.753177610294848442e+09
1.753177610297993898e+09
1.753177610304449081e+09
1.753177610309058189e+09
1.753177610314437389e+09
1.753177610318050861e+09
1.753177610324887991e+09
1.753177610329033613e+09
1.753177610335179090e+09
1.753177610338019609e+09
1.753177610344315052e+09
1.753177610348620892e+09
1.753177610354550838e+09
1.753177610358181953e+09
1.753177610365559101e+09
1.753177610368029594e+09
1.753177610374253273e+09
1.753177610378039122e+09
1.753177610385154963e+09
1.753177610388261557e+09
1.753177610394401073e+09
1.753177610398098469e+09
1.753177610404544115e+09
1.753177610410200834e+09
1.753177610412886620e+09
1.753177610417669535e+09
1.753177610424736023e+09
1.753177610429098129e+09
1.753177610434799671e+09
1.753177610438215494e+09
1.753177610444629669e+09
1.753177610448163271e+09
1.753177610454424620e+09
1.753177610458188295e+09
1.753177610464596272e+09
1.753177610468244791e+09
1.753177610474432707e+09
1.753177610478159428e+09
1.753177610485072613e+09
1.753177610488207579e+09
1.753177610494412184e+09
1.753177610498186588e+09
1.753177610504598618e+09
1.753177610508464098e+09
1.753177610514557838e+09
1.753177610518234968e+09
1.753177610524531603e+09
1.753177610528230190e+09
1.753177610535238504e+09
1.753177610538221836e+09
1.753177610544616461e+09
1.753177610548047781e+09
1.753177610554464340e+09
1.753177610558836699e+09
1.753177610564470291e+09
1.753177610568481445e+09
1.753177610574477673e+09
1.753177610578114748e+09
1.753177610584995985e+09
1.753177610588265181e+09
1.753177610594659090e+09
1.753177610598384619e+09
1.753177610604505062e+09
1.753177610608108044e+09
1.753177610614276171e+09
1.753177610618079424e+09
1.753177610626046181e+09
1.753177610628114223e+09
1.753177610635455370e+09
1.753177610638247967e+09
1.753177610644447327e+09
1.753177610648075342e+09
1.753177610654560566e+09
1.753177610659466028e+09
1.753177610664603233e+09
1.753177610668248415e+09
1.753177610674393415e+09
1.753177610678138018e+09
1.753177610685075998e+09
1.753177610688159227e+09
1.753177610694531918e+09
1.753177610699906111e+09
1.753177610704379559e+09
1.753177610708057404e+09
1.753177610714697838e+09
1.753177610718131542e+09
1.753177610724818707e+09
1.753177610728320599e+09
1.753177610732576370e+09
1.753177610738091230e+09
1.753177610744692564e+09
1.753177610749592781e+09
1.753177610752592325e+09
1.753177610757988930e+09
1.753177610764959335e+09
1.753177610768721581e+09
1.753177610774648428e+09
1.753177610778094530e+09
1.753177610785324097e+09
1.753177610788214445e+09
1.753177610794982433e+09
1.753177610798177242e+09
1.753177610804172993e+09
1.753177610809292793e+09
1.753177610815013409e+09
1.753177610819070101e+09
1.753177610824920416e+09
1.753177610828204632e+09
1.753177610836903334e+09
1.753177610838344812e+09
1.753177610844817162e+09
1.753177610848055840e+09
1.753177610854277849e+09
1.753177610858952284e+09
1.753177610864795446e+09
1.753177610868247271e+09
1.753177610874540806e+09
1.753177610878515244e+09
1.753177610885411978e+09
1.753177610888036013e+09
1.753177610894751787e+09
1.753177610899861813e+09
1.753177610904629946e+09
1.753177610908247471e+09
1.753177610914269447e+09
1.753177610918149948e+09
1.753177610924443722e+09
1.753177610928941727e+09
1.753177610932781458e+09
1.753177610938253164e+09
1.753177610944495440e+09
1.753177610948282003e+09
1.753177610954519510e+09
1.753177610958096743e+09
1.753177610964808702e+09
1.753177610968474150e+09
1.753177610975852251e+09
1.753177610978299618e+09
1.753177610984995604e+09
1.753177610988114834e+09
1.753177610992590189e+09
1.753177610998601198e+09
1.753177611004569769e+09
1.753177611007973433e+09
1.753177611014240026e+09
1.753177611019169092e+09
1.753177611024780989e+09
1.753177611028511286e+09
1.753177611035015583e+09
1.753177611038106918e+09
1.753177611044672966e+09
1.753177611047954798e+09
1.753177611054484129e+09
1.753177611058743000e+09
1.753177611064625502e+09
1.753177611068208933e+09
1.753177611074556828e+09
1.753177611078354836e+09
1.753177611085096598e+09
1.753177611088624477e+09
1.753177611094686270e+09
1.753177611099028587e+09
1.753177611104720116e+09
1.753177611108138561e+09
1.753177611115719318e+09
1.753177611119409084e+09
1.753177611124532938e+09
1.753177611128068686e+09
1.753177611134953260e+09
1.753177611138251066e+09
1.753177611144533873e+09
1.753177611148208857e+09
1.753177611154530764e+09
1.753177611158270836e+09
1.753177611164902687e+09
1.753177611168187857e+09
1.753177611178645134e+09
1.753177611185886145e+09
1.753177611188894272e+09
1.753177611194574594e+09
1.753177611198239565e+09
1.753177611204572916e+09
1.753177611208234310e+09
1.753177611213099003e+09
1.753177611218218088e+09
1.753177611224603176e+09
1.753177611228304148e+09
1.753177611235005140e+09
1.753177611238255501e+09
1.753177611244419098e+09
1.753177611248232603e+09
1.753177611256389856e+09
1.753177611258017063e+09
1.753177611265005827e+09
1.753177611269052505e+09
1.753177611274709463e+09
1.753177611278259754e+09
1.753177611285114527e+09
1.753177611288122654e+09
1.753177611294169426e+09
1.753177611297954559e+09
1.753177611304602385e+09
1.753177611308288336e+09
1.753177611314923286e+09
1.753177611318233490e+09
1.753177611324599504e+09
1.753177611328252077e+09
1.753177611334661722e+09
1.753177611338015318e+09
1.753177611345128298e+09
1.753177611348590851e+09
1.753177611352970600e+09
1.753177611358109236e+09
1.753177611365593195e+09
1.753177611370481730e+09
1.753177611374474287e+09
1.753177611377996445e+09
1.753177611385212660e+09
1.753177611388296127e+09
1.753177611392477751e+09
1.753177611398015499e+09
1.753177611405139685e+09
1.753177611408240795e+09
1.753177611414628029e+09
1.753177611418218613e+09
1.753177611424653053e+09
1.753177611428231716e+09
1.753177611435485840e+09
1.753177611438016176e+09
1.753177611444422007e+09
1.753177611449093580e+09
1.753177611454893827e+09
1.753177611457994461e+09
1.753177611464952230e+09
1.753177611468246460e+09
1.753177611473455191e+09
1.753177611478269339e+09
1.753177611485136032e+09
1.753177611488082647e+09
1.753177611494406939e+09
1.753177611498122931e+09
1.753177611504622221e+09
1.753177611508215904e+09
1.753177611514504433e+09
1.753177611518196583e+09
1.753177611524536371e+09
1.753177611528378963e+09
1.753177611535653353e+09
1.753177611540075541e+09
1.753177611544608593e+09
1.753177611550587893e+09
1.753177611553024769e+09
1.753177611558747292e+09
1.753177611564364910e+09
1.753177611567956209e+09
1.753177611574822664e+09
1.753177611579155445e+09
1.753177611585043192e+09
1.753177611588289261e+09
1.753177611594256639e+09
1.753177611597958088e+09
1.753177611606229305e+09
1.753177611608140707e+09
1.753177611615024328e+09
1.753177611618316889e+09
1.753177611624586821e+09
1.753177611628275394e+09
1.753177611635127544e+09
1.753177611637994289e+09
1.753177611644405842e+09
1.753177611648185253e+09
1.753177611654179335e+09
1.753177611659191608e+09
1.753177611665000439e+09
