1.753175511158084631e+09
1.753175511199015141e+09
1.753175511199906826e+09
1.753175511217083454e+09
1.753175511217931032e+09
1.753175511220413208e+09
1.753175511221263409e+09
1.753175511242892027e+09
1.753175511243827820e+09
1.753175511244904518e+09
1.753175511245671749e+09
1.753175511256680965e+09
1.753175511257447958e+09
1.753175511258437395e+09
1.753175511259191990e+09
1.753175511277821779e+09
1.753175511278944254e+09
1.753175511280246973e+09
1.753175511281260729e+09
1.753175511296299219e+09
1.753175511297301054e+09
1.753175511298501492e+09
1.753175511299404860e+09
1.753175511315144539e+09
1.753175511316283464e+09
1.753175511317595720e+09
1.753175511318565845e+09
1.753175511333527088e+09
1.753175511334392071e+09
1.753175511335400105e+09
1.753175511336139679e+09
1.753175511346570015e+09
1.753175511347318172e+09
1.753175511348248720e+09
1.753175511348961115e+09
1.753175511358968973e+09
1.753175511359842300e+09
1.753175511360928059e+09
1.753175511361769915e+09
1.753175511372828484e+09
1.753175511373600721e+09
1.753175511374516249e+09
1.753175511375232697e+09
1.753175511387672901e+09
1.753175511388494492e+09
1.753175511389533281e+09
1.753175511390290976e+09
1.753175511401307344e+09
1.753175511402101994e+09
1.753175511403077602e+09
1.753175511403815031e+09
1.753175511415116549e+09
1.753175511415915728e+09
1.753175511416873932e+09
1.753175511417634010e+09
1.753175511427993059e+09
1.753175511428831339e+09
1.753175511429815531e+09
1.753175511430544376e+09
1.753175511440686941e+09
1.753175511441460133e+09
1.753175511442421198e+09
1.753175511443176985e+09
1.753175511453503847e+09
1.753175511454249620e+09
1.753175511455221653e+09
1.753175511455962658e+09
1.753175511465781689e+09
1.753175511466657162e+09
1.753175511467741489e+09
1.753175511468589306e+09
1.753175511479191542e+09
1.753175511479988337e+09
1.753175511480929136e+09
1.753175511481675625e+09
1.753175511492132425e+09
1.753175511492914438e+09
1.753175511493860245e+09
1.753175511494624615e+09
1.753175511503632307e+09
1.753175511504496574e+09
1.753175511505435467e+09
1.753175511506136894e+09
1.753175511516228914e+09
1.753175511516983509e+09
1.753175511517907381e+09
1.753175511518612623e+09
1.753175511527580500e+09
1.753175511528357983e+09
1.753175511529304743e+09
1.753175511530053377e+09
1.753175511539566278e+09
1.753175511540283203e+09
1.753175511541213751e+09
1.753175511541923761e+09
1.753175511550919771e+09
1.753175511551667690e+09
1.753175511552579165e+09
1.753175511553323984e+09
1.753175511563137293e+09
1.753175511563869953e+09
1.753175511564896822e+09
1.753175511565655231e+09
1.753175511576117992e+09
1.753175511576906919e+09
1.753175511577867031e+09
1.753175511578598261e+09
1.753175511589572668e+09
1.753175511590389252e+09
1.753175511591326237e+09
1.753175511592208385e+09
1.753175511602125883e+09
1.753175511602944851e+09
1.753175511603901386e+09
1.753175511604611158e+09
1.753175511615745306e+09
1.753175511616568327e+09
1.753175511617609262e+09
1.753175511618412256e+09
1.753175511628634930e+09
1.753175511629420996e+09
1.753175511630378485e+09
1.753175511631124735e+09
1.753175511641410112e+09
1.753175511642179012e+09
1.753175511643190384e+09
1.753175511643955469e+09
1.753175511655983686e+09
1.753175511656831980e+09
1.753175511657818556e+09
1.753175511658558369e+09
1.753175511669508934e+09
1.753175511670309067e+09
1.753175511671349049e+09
1.753175511672067881e+09
1.753175511682554483e+09
1.753175511683360338e+09
1.753175511684340239e+09
1.753175511685191393e+09
1.753175511695695162e+09
1.753175511696490049e+09
1.753175511697474718e+09
1.753175511698223352e+09
1.753175511708265781e+09
1.753175511709033251e+09
1.753175511710015297e+09
1.753175511710722446e+09
1.753175511720518112e+09
1.753175511721304417e+09
1.753175511722255945e+09
1.753175511722974062e+09
1.753175511732259512e+09
1.753175511732993126e+09
1.753175511733912468e+09
1.753175511734657526e+09
1.753175511745808125e+09
1.753175511746657848e+09
1.753175511747753620e+09
1.753175511748653889e+09
1.753175511760036945e+09
1.753175511760936975e+09
1.753175511761957884e+09
1.753175511762753248e+09
1.753175511772974730e+09
1.753175511773757696e+09
1.753175511774716139e+09
1.753175511775488615e+09
1.753175511785002470e+09
1.753175511785744190e+09
1.753175511786693096e+09
1.753175511787397385e+09
1.753175511798604488e+09
1.753175511799371481e+09
1.753175511800340414e+09
1.753175511801069498e+09
1.753175511810281515e+09
1.753175511811049700e+09
1.753175511812008858e+09
1.753175511812736511e+09
1.753175511825891495e+09
1.753175511826844692e+09
1.753175511827990532e+09
1.753175511828873873e+09
1.753175511838588953e+09
1.753175511839381695e+09
1.753175511840340137e+09
1.753175511841088295e+09
1.753175511851302385e+09
1.753175511852090597e+09
1.753175511853058577e+09
1.753175511853806734e+09
1.753175511867867231e+09
1.753175511868649960e+09
1.753175511869593382e+09
1.753175511870331287e+09
1.753175511879906893e+09
1.753175511880701065e+09
1.753175511881703854e+09
1.753175511882446766e+09
1.753175511894160032e+09
1.753175511895022392e+09
1.753175511896040201e+09
1.753175511896820307e+09
1.753175511907218218e+09
1.753175511908023119e+09
1.753175511909005642e+09
1.753175511909711599e+09
1.753175511920098543e+09
1.753175511921064377e+09
1.753175511922247887e+09
1.753175511923159122e+09
1.753175511936924934e+09
1.753175511937882185e+09
1.753175511939051151e+09
1.753175511939962149e+09
1.753175511952749729e+09
1.753175511953722954e+09
1.753175511954925060e+09
1.753175511955870867e+09
1.753175511968338728e+09
1.753175511969087839e+09
1.753175511970030546e+09
1.753175511970777035e+09
1.753175511980368614e+09
1.753175511981101751e+09
1.753175511982043028e+09
1.753175511982799530e+09
1.753175511996130466e+09
1.753175511997114182e+09
1.753175511999631405e+09
1.753175512000416517e+09
1.753175512010125637e+09
1.753175512010897398e+09
1.753175512011911154e+09
1.753175512012655258e+09
1.753175512022458792e+09
1.753175512023233891e+09
1.753175512024259806e+09
1.753175512027136803e+09
1.753175512039155245e+09
1.753175512039961100e+09
1.753175512040889025e+09
1.753175512041739464e+09
1.753175512051739931e+09
1.753175512052511692e+09
1.753175512053432226e+09
1.753175512054190636e+09
1.753175512066276073e+09
1.753175512067208290e+09
1.753175512068390846e+09
1.753175512069310904e+09
1.753175512081788063e+09
1.753175512082619667e+09
1.753175512083625793e+09
1.753175512084522963e+09
1.753175512098675489e+09
1.753175512099550486e+09
1.753175512100559711e+09
1.753175512101356268e+09
1.753175512111793756e+09
1.753175512112606525e+09
1.753175512113569736e+09
1.753175512114339828e+09
1.753175512124019146e+09
1.753175512124947548e+09
1.753175512127858877e+09
1.753175512128747702e+09
1.753175512139809132e+09
1.753175512140620708e+09
1.753175512141656399e+09
1.753175512142400503e+09
1.753175512151748657e+09
1.753175512152601957e+09
1.753175512153529644e+09
1.753175512154326439e+09
1.753175512166064978e+09
1.753175512167067766e+09
1.753175512168303967e+09
1.753175512169218540e+09
1.753175512178761244e+09
1.753175512179581642e+09
1.753175512180575132e+09
1.753175512181394577e+09
1.753175512196895838e+09
1.753175512197821379e+09
1.753175512199340343e+09
1.753175512200216770e+09
1.753175512210317373e+09
1.753175512211089849e+09
1.753175512212059021e+09
1.753175512212844372e+09
1.753175512222677708e+09
1.753175512223452568e+09
1.753175512224431753e+09
1.753175512225226402e+09
1.753175512236469746e+09
1.753175512237292290e+09
1.753175512238380909e+09
1.753175512239140511e+09
1.753175512248938322e+09
1.753175512249709129e+09
1.753175512250766039e+09
1.753175512251555681e+09
1.753175512261863232e+09
1.753175512262870073e+09
1.753175512263988256e+09
1.753175512264851093e+09
1.753175512274792910e+09
1.753175512275577068e+09
1.753175512276533604e+09
1.753175512277326584e+09
1.753175512286799192e+09
1.753175512287643671e+09
1.753175512288591623e+09
1.753175512289380789e+09
1.753175512300106049e+09
1.753175512300877571e+09
1.753175512301846266e+09
1.753175512302568674e+09
1.753175512313017845e+09
1.753175512314034700e+09
1.753175512315285206e+09
1.753175512316254377e+09
1.753175512331944466e+09
1.753175512332966805e+09
1.753175512334243536e+09
1.753175512335383654e+09
1.753175512347288609e+09
1.753175512348116636e+09
1.753175512349080563e+09
1.753175512349897623e+09
1.753175512361426592e+09
1.753175512362355947e+09
1.753175512363482475e+09
1.753175512364315987e+09
1.753175512374118090e+09
1.753175512374963284e+09
1.753175512375974655e+09
1.753175512376864910e+09
1.753175512386555195e+09
1.753175512387347221e+09
1.753175512388346910e+09
1.753175512389143229e+09
1.753175512399628878e+09
1.753175512400430679e+09
1.753175512401417732e+09
1.753175512402197599e+09
1.753175512412504435e+09
1.753175512413307190e+09
1.753175512414276600e+09
1.753175512415026188e+09
1.753175512424607992e+09
1.753175512425458908e+09
1.753175512429919004e+09
1.753175512430709362e+09
1.753175512441406727e+09
1.753175512442170382e+09
1.753175512443146944e+09
1.753175512443946600e+09
1.753175512453418016e+09
1.753175512454231024e+09
1.753175512455230951e+09
1.753175512455989599e+09
1.753175512467312574e+09
1.753175512468131304e+09
1.753175512469106674e+09
1.753175512469843626e+09
1.753175512478976965e+09
1.753175512479762077e+09
1.753175512480740547e+09
1.753175512481486559e+09
1.753175512491132498e+09
1.753175512492029190e+09
1.753175512494334698e+09
1.753175512495220184e+09
1.753175512505135536e+09
1.753175512505907774e+09
1.753175512506871462e+09
1.753175512507610083e+09
1.753175512517502546e+09
1.753175512518280029e+09
1.753175512519291162e+09
1.753175512520075321e+09
1.753175512530425787e+09
1.753175512531306744e+09
1.753175512532591105e+09
1.753175512533517838e+09
1.753175512543650150e+09
1.753175512544458866e+09
1.753175512545464277e+09
1.753175512546235085e+09
1.753175512555358887e+09
1.753175512556118488e+09
1.753175512557048559e+09
1.753175512557781935e+09
1.753175512570393324e+09
1.753175512571221828e+09
1.753175512572190285e+09
1.753175512572972059e+09
1.753175512583077192e+09
1.753175512583871126e+09
1.753175512584859371e+09
1.753175512585655689e+09
1.753175512596517324e+09
1.753175512597496271e+09
1.753175512598613739e+09
1.753175512599478245e+09
1.753175512609455824e+09
1.753175512610240936e+09
1.753175512611235619e+09
1.753175512612000704e+09
1.753175512621953726e+09
1.753175512622709751e+09
1.753175512623658657e+09
1.753175512624400377e+09
1.753175512641474485e+09
1.753175512642543077e+09
1.753175512643665314e+09
1.753175512644471407e+09
1.753175512654274225e+09
1.753175512655086994e+09
1.753175512656057119e+09
1.753175512656822443e+09
1.753175512668541193e+09
1.753175512669346809e+09
1.753175512670376301e+09
1.753175512671262503e+09
1.753175512681616783e+09
1.753175512682429075e+09
1.753175512683388948e+09
1.753175512684150934e+09
1.753175512693326473e+09
1.753175512694138765e+09
1.753175512695128918e+09
1.753175512695879936e+09
1.753175512709770918e+09
1.753175512710740328e+09
1.753175512711767435e+09
1.753175512712568521e+09
1.753175512722378492e+09
1.753175512723153353e+09
1.753175512724123716e+09
1.753175512724878311e+09
1.753175512734791756e+09
1.753175512735561132e+09
1.753175512736554146e+09
1.753175512737612009e+09
1.753175512748629332e+09
1.753175512749443054e+09
1.753175512750410795e+09
1.753175512751153708e+09
1.753175512761204004e+09
1.753175512762002945e+09
1.753175512763014078e+09
1.753175512763905287e+09
1.753175512774063349e+09
1.753175512775014639e+09
1.753175512776211500e+09
1.753175512777124882e+09
1.753175512787306309e+09
1.753175512788090706e+09
1.753175512789046526e+09
1.753175512789811850e+09
1.753175512800156593e+09
1.753175512801193714e+09
1.753175512802398682e+09
1.753175512803864241e+09
1.753175512814989328e+09
1.753175512815788984e+09
1.753175512816759348e+09
1.753175512817504168e+09
1.753175512828329563e+09
1.753175512829334974e+09
1.753175512830510855e+09
1.753175512831471920e+09
1.753175512848564148e+09
1.753175512849364042e+09
1.753175512850332975e+09
1.753175512851084471e+09
1.753175512861102819e+09
1.753175512862066507e+09
1.753175512863246918e+09
1.753175512864165068e+09
1.753175512877898216e+09
1.753175512878682852e+09
1.753175512879651546e+09
1.753175512880460024e+09
1.753175512890519381e+09
1.753175512891282797e+09
1.753175512892357588e+09
1.753175512893109798e+09
1.753175512902861595e+09
1.753175512903694630e+09
1.753175512907995224e+09
1.753175512908849478e+09
1.753175512919260502e+09
1.753175512920028925e+09
1.753175512921045542e+09
1.753175512921850681e+09
1.753175512931551933e+09
1.753175512932413340e+09
1.753175512933393240e+09
1.753175512934149742e+09
1.753175512946594954e+09
1.753175512947398424e+09
1.753175512948465586e+09
1.753175512949228287e+09
1.753175512959418297e+09
1.753175512960216999e+09
1.753175512961238861e+09
1.753175512962037086e+09
1.753175512972467899e+09
1.753175512973478079e+09
1.753175512974732637e+09
1.753175512975535154e+09
1.753175512985527992e+09
1.753175512986364603e+09
1.753175512987437010e+09
1.753175512988215446e+09
1.753175512997640133e+09
1.753175512998420477e+09
1.753175512999379158e+09
1.753175513000138760e+09
1.753175513012872696e+09
1.753175513013685226e+09
1.753175513014694214e+09
1.753175513015487909e+09
1.753175513025481462e+09
1.753175513026358128e+09
1.753175513027355671e+09
1.753175513028147697e+09
1.753175513039914608e+09
1.753175513040772676e+09
1.753175513041774750e+09
1.753175513042548895e+09
1.753175513051781654e+09
1.753175513052548170e+09
1.753175513053503275e+09
1.753175513054407358e+09
1.753175513064123154e+09
1.753175513064894676e+09
1.753175513065857172e+09
1.753175513066604614e+09
1.753175513078772306e+09
1.753175513079585075e+09
1.753175513080544949e+09
1.753175513081326246e+09
1.753175513091576099e+09
1.753175513092399597e+09
1.753175513093408346e+09
1.753175513094151020e+09
1.753175513106561899e+09
1.753175513107536316e+09
1.753175513108649969e+09
1.753175513109662294e+09
1.753175513121833801e+09
1.753175513122908354e+09
1.753175513124166727e+09
1.753175513125189066e+09
1.753175513139254093e+09
1.753175513141720295e+09
1.753175513142987251e+09
1.753175513143970728e+09
1.753175513157271147e+09
1.753175513158165216e+09
1.753175513159142494e+09
1.753175513160015821e+09
1.753175513173736334e+09
1.753175513177967310e+09
1.753175513179041862e+09
1.753175513179854155e+09
1.753175513190701008e+09
1.753175513191494942e+09
1.753175513192508221e+09
1.753175513193276405e+09
1.753175513202733755e+09
1.753175513206947565e+09
1.753175513207995176e+09
1.753175513208761692e+09
1.753175513218836069e+09
1.753175513219615698e+09
1.753175513220635176e+09
1.753175513221445799e+09
1.753175513231959343e+09
1.753175513232769728e+09
1.753175513233794451e+09
1.753175513234640837e+09
1.753175513246809483e+09
1.753175513247632980e+09
1.753175513248677492e+09
1.753175513249446630e+09
1.753175513259108305e+09
1.753175513259881258e+09
1.753175513260828257e+09
1.753175513261610985e+09
1.753175513273186922e+09
1.753175513274154663e+09
1.753175513275225639e+09
1.753175513275987387e+09
1.753175513286247015e+09
1.753175513287037611e+09
1.753175513288047075e+09
1.753175513288784266e+09
1.753175513299853325e+09
1.753175513300861120e+09
1.753175513302105427e+09
1.753175513303103924e+09
1.753175513316821575e+09
1.753175513317642927e+09
1.753175513318674803e+09
1.753175513319453239e+09
1.753175513329663515e+09
1.753175513330448151e+09
1.753175513331407309e+09
1.753175513332127094e+09
1.753175513346665144e+09
1.753175513347745419e+09
1.753175513348740578e+09
1.753175513349527836e+09
1.753175513360013247e+09
1.753175513360863686e+09
1.753175513361850739e+09
1.753175513362614155e+09
1.753175513374197960e+09
1.753175513375176191e+09
1.753175513376326323e+09
1.753175513377175093e+09
1.753175513387701750e+09
1.753175513388519764e+09
1.753175513389538288e+09
1.753175513390568495e+09
1.753175513401629686e+09
1.753175513402623892e+09
1.753175513403718472e+09
1.753175513407993317e+09
1.753175513424134254e+09
1.753175513424968243e+09
1.753175513425949335e+09
1.753175513426691532e+09
1.753175513436740398e+09
1.753175513441169739e+09
1.753175513442342281e+09
1.753175513443194151e+09
1.753175513454537153e+09
1.753175513455365658e+09
1.753175513456355572e+09
1.753175513457096100e+09
1.753175513466559649e+09
1.753175513467534542e+09
1.753175513468575001e+09
1.753175513469317913e+09
1.753175513484264374e+09
1.753175513485119820e+09
1.753175513486152887e+09
1.753175513487044096e+09
1.753175513497420073e+09
1.753175513498452663e+09
1.753175513499701977e+09
1.753175513500705481e+09
1.753175513515475988e+09
1.753175513516270638e+09
1.753175513517273426e+09
1.753175513518107176e+09
1.753175513528078556e+09
1.753175513528918743e+09
1.753175513529880285e+09
1.753175513530659914e+09
1.753175513544939280e+09
1.753175513545964718e+09
1.753175513547095299e+09
1.753175513547977924e+09
1.753175513557987928e+09
1.753175513558840036e+09
1.753175513559839964e+09
1.753175513560623884e+09
1.753175513570846319e+09
1.753175513572826862e+09
1.753175513574054718e+09
1.753175513574909925e+09
1.753175513585591793e+09
1.753175513586399794e+09
1.753175513587430954e+09
1.753175513588168383e+09
1.753175513598359346e+09
1.753175513599179268e+09
1.753175513600226402e+09
1.753175513601013660e+09
1.753175513612899780e+09
1.753175513613719225e+09
1.753175513614793539e+09
1.753175513615576506e+09
1.753175513625994682e+09
1.753175513626798391e+09
1.753175513627802849e+09
1.753175513628624916e+09
1.753175513639212370e+09
1.753175513640527725e+09
1.753175513641906261e+09
1.753175513642850161e+09
1.753175513653463364e+09
1.753175513654299736e+09
1.753175513655336380e+09
1.753175513656108141e+09
1.753175513665883303e+09
1.753175513666678667e+09
1.753175513667680979e+09
1.753175513668528557e+09
1.753175513680136204e+09
1.753175513681067705e+09
1.753175513682076931e+09
1.753175513682828903e+09
1.753175513692530632e+09
1.753175513693360567e+09
1.753175513694352388e+09
1.753175513695120096e+09
1.753175513705981255e+09
1.753175513707888842e+09
1.753175513708972454e+09
1.753175513709787607e+09
1.753175513719529629e+09
1.753175513720342159e+09
1.753175513721312046e+09
1.753175513722062826e+09
1.753175513732064724e+09
1.753175513732825994e+09
1.753175513733827829e+09
1.753175513734655142e+09
1.753175513745323420e+09
1.753175513746129990e+09
1.753175513747114897e+09
1.753175513747850180e+09
1.753175513757857561e+09
1.753175513758646965e+09
1.753175513759593010e+09
1.753175513760360956e+09
1.753175513770053625e+09
1.753175513774898291e+09
1.753175513776060104e+09
1.753175513776948690e+09
1.753175513786911964e+09
1.753175513787672043e+09
1.753175513788660288e+09
1.753175513789449692e+09
1.753175513799449444e+09
1.753175513800268650e+09
1.753175513801272631e+09
1.753175513802030325e+09
1.753175513815680265e+09
1.753175513816560030e+09
1.753175513817573786e+09
1.753175513818381310e+09
1.753175513828320265e+09
1.753175513829124212e+09
1.753175513830133677e+09
1.753175513830937147e+09
1.753175513845172167e+09
1.753175513846011400e+09
1.753175513847044945e+09
1.753175513847796202e+09
1.753175513857934237e+09
1.753175513858839750e+09
1.753175513859852552e+09
1.753175513860598326e+09
1.753175513870871782e+09
1.753175513872417688e+09
1.753175513874783039e+09
1.753175513875621557e+09
1.753175513885498047e+09
1.753175513886320353e+09
1.753175513887330770e+09
1.753175513888088226e+09
1.753175513898229361e+09
1.753175513899071932e+09
1.753175513900074959e+09
1.753175513900838614e+09
1.753175513913006783e+09
1.753175513913785458e+09
1.753175513914769173e+09
1.753175513915539026e+09
1.753175513925685167e+09
1.753175513926490307e+09
1.753175513927456617e+09
1.753175513928228378e+09
1.753175513941218138e+09
1.753175513942161560e+09
1.753175513943314791e+09
1.753175513944261312e+09
1.753175513954821348e+09
1.753175513955670357e+09
1.753175513956690788e+09
1.753175513957609177e+09
1.753175513967143059e+09
1.753175513967928886e+09
1.753175513968928576e+09
1.753175513969808102e+09
1.753175513981783867e+09
1.753175513982600689e+09
1.753175513983599663e+09
1.753175513984375477e+09
1.753175513993596554e+09
1.753175513994411230e+09
1.753175513995364666e+09
1.753175513996134996e+09
1.753175514008304358e+09
1.753175514009268284e+09
1.753175514010433435e+09
1.753175514011352062e+09
1.753175514021014929e+09
1.753175514021830082e+09
1.753175514022819757e+09
1.753175514023651123e+09
1.753175514033695221e+09
1.753175514034470797e+09
1.753175514035447121e+09
1.753175514036226749e+09
1.753175514048285007e+09
1.753175514049170017e+09
1.753175514050172091e+09
1.753175514051022053e+09
1.753175514061237812e+09
1.753175514062052011e+09
1.753175514062985659e+09
1.753175514063735485e+09
1.753175514074146748e+09
1.753175514075191975e+09
1.753175514076299667e+09
1.753175514077138901e+09
1.753175514087695122e+09
1.753175514088539362e+09
1.753175514089616537e+09
1.753175514090425968e+09
1.753175514100624561e+09
1.753175514101574421e+09
1.753175514102732182e+09
1.753175514103566408e+09
1.753175514115790844e+09
1.753175514116578341e+09
1.753175514117649078e+09
1.753175514118490458e+09
1.753175514129399776e+09
1.753175514130400181e+09
1.753175514131634712e+09
1.753175514132622242e+09
1.753175514148305416e+09
1.753175514149371386e+09
1.753175514150667667e+09
1.753175514151688099e+09
1.753175514164810419e+09
1.753175514165842295e+09
1.753175514167090416e+09
1.753175514168072224e+09
1.753175514182258129e+09
1.753175514183347940e+09
1.753175514184612036e+09
1.753175514185585976e+09
1.753175514198606491e+09
1.753175514199658155e+09
1.753175514200903416e+09
1.753175514201914549e+09
1.753175514214765310e+09
1.753175514215563059e+09
1.753175514216537952e+09
1.753175514217322350e+09
1.753175514226970673e+09
1.753175514227745771e+09
1.753175514228697300e+09
1.753175514229472160e+09
1.753175514240090370e+09
1.753175514241118670e+09
1.753175514242372513e+09
1.753175514243384123e+09
1.753175514253277779e+09
1.753175514254140377e+09
1.753175514255149603e+09
1.753175514255932093e+09
1.753175514265761614e+09
1.753175514266553164e+09
1.753175514267591238e+09
1.753175514268429279e+09
1.753175514279638290e+09
1.753175514280492306e+09
1.753175514281533718e+09
1.753175514282327890e+09
1.753175514292055607e+09
1.753175514292842388e+09
1.753175514293814421e+09
1.753175514294584513e+09
1.753175514304673910e+09
1.753175514305576801e+09
1.753175514306711197e+09
1.753175514307504654e+09
1.753175514317605734e+09
1.753175514318519831e+09
1.753175514319502115e+09
1.753175514320271730e+09
1.753175514329478741e+09
1.753175514330261946e+09
1.753175514331205606e+09
1.753175514331938267e+09
1.753175514343660355e+09
1.753175514344613552e+09
1.753175514345749617e+09
1.753175514346511841e+09
1.753175514356161356e+09
1.753175514357022524e+09
1.753175514358030558e+09
1.753175514358781815e+09
1.753175514368422508e+09
1.753175514369223595e+09
1.753175514370254278e+09
1.753175514373915672e+09
1.753175514383916855e+09
1.753175514384709120e+09
1.753175514385708094e+09
1.753175514386506796e+09
1.753175514396294117e+09
1.753175514397107363e+09
1.753175514398095369e+09
1.753175514398894310e+09
1.753175514414190531e+09
1.753175514415054321e+09
1.753175514416091204e+09
1.753175514416901350e+09
1.753175514426702261e+09
1.753175514427474976e+09
1.753175514428424120e+09
1.753175514429165125e+09
1.753175514441199780e+09
1.753175514442090273e+09
1.753175514443086386e+09
1.753175514443841696e+09
1.753175514453796625e+09
1.753175514454695702e+09
1.753175514455641508e+09
1.753175514456408978e+09
1.753175514466725588e+09
1.753175514467757940e+09
1.753175514468983889e+09
1.753175514469990730e+09
1.753175514484149218e+09
1.753175514485170126e+09
1.753175514486406088e+09
1.753175514487376451e+09
1.753175514498529434e+09
1.753175514499320507e+09
1.753175514500278234e+09
1.753175514501039267e+09
1.753175514512637138e+09
1.753175514513456821e+09
1.753175514514447689e+09
1.753175514515216589e+09
1.753175514524649143e+09
1.753175514525466204e+09
1.753175514526445866e+09
1.753175514527189970e+09
1.753175514538916349e+09
1.753175514540538788e+09
1.753175514542025805e+09
1.753175514543123484e+09
1.753175514556130409e+09
1.753175514557244778e+09
1.753175514558519602e+09
1.753175514559481144e+09
1.753175514573195696e+09
1.753175514574021816e+09
1.753175514575062990e+09
1.753175514575816870e+09
1.753175514585420847e+09
1.753175514586196184e+09
1.753175514587187052e+09
1.753175514587973833e+09
1.753175514598245382e+09
1.753175514599027395e+09
1.753175514600000858e+09
1.753175514600803375e+09
1.753175514613244534e+09
1.753175514614035606e+09
1.753175514615034819e+09
1.753175514615778208e+09
1.753175514625489235e+09
1.753175514626313448e+09
1.753175514627336740e+09
1.753175514628082037e+09
1.753175514641015530e+09
1.753175514641870022e+09
1.753175514642906666e+09
1.753175514643684626e+09
1.753175514654278040e+09
1.753175514655055046e+09
1.753175514656015158e+09
1.753175514656780005e+09
1.753175514666406631e+09
1.753175514667179585e+09
1.753175514668146372e+09
1.753175514669018507e+09
1.753175514681097746e+09
1.753175514681915283e+09
1.753175514682950258e+09
1.753175514683774948e+09
1.753175514692968369e+09
1.753175514693732977e+09
