3.830891786541058650e+02 -1.778257732129017086e+03 4.268098860953346616e+02
3.831315584125797500e+02 -1.778260349277413980e+03 4.268518357287187541e+02
3.831315584125797500e+02 -1.778260349277413980e+03 4.268518357287187541e+02
3.831498825705897957e+02 -1.777951506023353204e+03 4.270244087818086882e+02
3.829329154866352383e+02 -1.777578567675681597e+03 4.270055216766209583e+02
3.824930153045300472e+02 -1.777100092242629216e+03 4.269901138203873074e+02
3.819877053015401884e+02 -1.776669707004323072e+03 4.273247191986283724e+02
3.816601877934391496e+02 -1.776482626877725579e+03 4.276754616903447186e+02
3.812397895539512547e+02 -1.776070869981917440e+03 4.290458438939841699e+02
3.811141395213181227e+02 -1.775784681641819134e+03 4.308851265444813521e+02
3.802850219670528418e+02 -1.775686203218412174e+03 4.320359393862461275e+02
3.801320503476105728e+02 -1.775516020197531589e+03 4.327683804824052913e+02
3.800710297065559189e+02 -1.774908488166561256e+03 4.346467251785231838e+02
3.798435902812620952e+02 -1.774687213788526378e+03 4.353877297264286312e+02
3.796411392465723793e+02 -1.774307616904889528e+03 4.371968734385130233e+02
3.793790073751171690e+02 -1.773052580699820737e+03 4.397084052438178787e+02
3.792609873393391808e+02 -1.772573603908783298e+03 4.407016762871587616e+02
3.792609873393391808e+02 -1.772573603908783298e+03 4.407016762871587616e+02
3.781407052733779892e+02 -1.770788511200151788e+03 4.426032204748306640e+02
3.786317062830173654e+02 -1.770101661119800838e+03 4.439040290208150168e+02
3.787785157055947138e+02 -1.768302630096010716e+03 4.458854532998300328e+02
3.780904591292820669e+02 -1.767505441318339535e+03 4.458767099783743788e+02
3.783553200829949219e+02 -1.765318364874424105e+03 4.475830309129968896e+02
3.783217226274500717e+02 -1.764247250258862323e+03 4.481929846858677138e+02
3.784918934016173466e+02 -1.762231806591129725e+03 4.494626464035284243e+02
3.783610612144258312e+02 -1.761143879184180605e+03 4.500241131884857282e+02
3.786885239273449315e+02 -1.758689485700354680e+03 4.511965034831405887e+02
3.784880001808585916e+02 -1.757561781380466300e+03 4.515272441348715802e+02
3.789366430537044153e+02 -1.754924601803572841e+03 4.527571642216194050e+02
3.789044898040414751e+02 -1.753578168809270210e+03 4.531325338646859109e+02
3.785070824423420390e+02 -1.751413751594822543e+03 4.534331207433174882e+02
3.784403083099477954e+02 -1.750211802650532945e+03 4.537393412820855474e+02
3.785791943883198769e+02 -1.747841186330696246e+03 4.539021804086528959e+02
3.790983562041571986e+02 -1.745533131975888637e+03 4.542790156141326747e+02
3.793025326707789304e+02 -1.743325129756423621e+03 4.542868110925472251e+02
3.792060918346920744e+02 -1.742375659460638872e+03 4.540430848483094337e+02
3.793145945920837221e+02 -1.740539566494106111e+03 4.541930337227408927e+02
3.795222572459230150e+02 -1.739485790903626594e+03 4.543975348526602147e+02
3.798610304091200760e+02 -1.737448465070883003e+03 4.546761812338277196e+02
3.799134684259705068e+02 -1.736447956247986212e+03 4.550584589945436846e+02
3.799887494788227400e+02 -1.733802757640616164e+03 4.548563025458948346e+02
3.799887494788227400e+02 -1.733802757640616164e+03 4.548563025458948346e+02
3.803381304581125733e+02 -1.730651377165130498e+03 4.550679176845656002e+02
3.809984168801620399e+02 -1.727902050031900899e+03 4.555326389763789621e+02
3.811953215454997803e+02 -1.722815028087896508e+03 4.553834903560683642e+02
3.811245747952095826e+02 -1.721205084592421599e+03 4.552985324044319100e+02
3.812046328506060036e+02 -1.717960151729002064e+03 4.551199595398704218e+02
3.814561678335126089e+02 -1.716751012788630987e+03 4.552945263419042021e+02
3.814790425549316524e+02 -1.713766541174361919e+03 4.547993856231217364e+02
3.812718616759359520e+02 -1.711962029830548317e+03 4.544177807622302794e+02
3.821488553608453458e+02 -1.709194922334122111e+03 4.548339225219414743e+02
3.824914754616663686e+02 -1.706427126265130482e+03 4.546217441255968765e+02
3.828767907451154997e+02 -1.705259253450534743e+03 4.548716545222790160e+02
3.827014852070135476e+02 -1.703972765395217266e+03 4.543612190415477698e+02
3.832159051638672622e+02 -1.700114843973702136e+03 4.541358959723798421e+02
3.832237162649786342e+02 -1.698430095274908808e+03 4.536807012226626057e+02
3.835515373304141917e+02 -1.695977912827577939e+03 4.532422548359998586e+02
3.833335571253942362e+02 -1.694195216236183796e+03 4.527646824630887181e+02
3.839372759202240672e+02 -1.690853690369310698e+03 4.528635307916778743e+02
3.838464035939180690e+02 -1.689317202836779870e+03 4.524538063401047339e+02
3.839195366147442314e+02 -1.686112401426547649e+03 4.518741557149660366e+02
3.834833630637688771e+02 -1.684278687427623936e+03 4.511385882875590028e+02
3.843496255415284963e+02 -1.680986917384665958e+03 4.513991342807684077e+02
3.843488020742200320e+02 -1.679164677213978393e+03 4.509275267961803593e+02
3.845769596633370497e+02 -1.673750156027058665e+03 4.500879519000862956e+02
3.846175420230179043e+02 -1.671697703112937916e+03 4.495918675445931285e+02
3.848707159515683998e+02 -1.668205425945310026e+03 4.490443034157152624e+02
3.852024407213795030e+02 -1.666522215250305180e+03 4.488728032782188393e+02
3.853288867921681913e+02 -1.662747826593868240e+03 4.481969744781372356e+02
3.854673336643264179e+02 -1.660929502686595697e+03 4.477702990291332981e+02
3.857633697988108565e+02 -1.657365828618246724e+03 4.470968327955940822e+02
3.858270364588860275e+02 -1.655726664385711274e+03 4.468544143942437472e+02
3.861075811279397385e+02 -1.652373893736116997e+03 4.468714101531916754e+02
3.863717590659499592e+02 -1.650842571014574105e+03 4.469586431528122716e+02
3.863957115162263563e+02 -1.646759629008528918e+03 4.466761024728700136e+02
3.869491943499155582e+02 -1.645482921439026541e+03 4.469680409313675682e+02
3.877882158862618667e+02 -1.639712365998911082e+03 4.471870151968722098e+02
3.875915387024491565e+02 -1.638026785946215341e+03 4.468646749544223553e+02
3.884985411571211671e+02 -1.634338891130554657e+03 4.471026035973783337e+02
3.879494543874906185e+02 -1.632094609629864408e+03 4.465240133940300780e+02
3.888247260734945598e+02 -1.628242203946148038e+03 4.467747610724428000e+02
3.886610743133150550e+02 -1.626382508073735607e+03 4.464717849289135074e+02
3.889148340253689184e+02 -1.624371698004516475e+03 4.463910340603022178e+02
3.889148340253689184e+02 -1.624371698004516475e+03 4.463910340603022178e+02
3.889148340253689184e+02 -1.624371698004516475e+03 4.463910340603022178e+02
3.910489365164829110e+02 -1.616714748755018036e+03 4.468780254760766866e+02
3.917268260844913357e+02 -1.608505900775755435e+03 4.455281459405865689e+02
3.919994609843160447e+02 -1.604386688538902035e+03 4.446497945424477507e+02
3.924585167754984809e+02 -1.602063852013901851e+03 4.443521352506256221e+02
3.928102818492423012e+02 -1.597989873399774297e+03 4.432145064368570502e+02
3.934718131571298727e+02 -1.593815927706767980e+03 4.421608577695966460e+02
3.938151559148406591e+02 -1.591270203504296887e+03 4.417200974612124469e+02
3.951074366071416080e+02 -1.586247358812961920e+03 4.406553335764281201e+02
3.949458434149324830e+02 -1.583515408975169976e+03 4.394066600770615310e+02
3.958849038086973451e+02 -1.578065735820660620e+03 4.385720059749420443e+02
3.959779916768610519e+02 -1.575110234701347963e+03 4.378103722003917824e+02
3.958686396045907827e+02 -1.569219788756733806e+03 4.367217729455226163e+02
3.967714320289035186e+02 -1.566345750236566118e+03 4.372160519517059356e+02
3.980165664021038197e+02 -1.561568204245570087e+03 4.381886049971023454e+02
3.977873218801031499e+02 -1.559149751244596018e+03 4.377494143876160138e+02
3.983909845157133987e+02 -1.554613498444692596e+03 4.381734913281088666e+02
3.990673044834875896e+02 -1.550615554920985005e+03 4.387207358462218849e+02
3.993883338103030951e+02 -1.548831597406070387e+03 4.391885209174437250e+02
4.003925508256089074e+02 -1.545127885855793011e+03 4.401008152647085581e+02
4.013671155839123230e+02 -1.541468993508219683e+03 4.411610343746444869e+02
4.017196612406376062e+02 -1.539618574887682144e+03 4.415857071754119829e+02
4.021147899277802367e+02 -1.537683547191225898e+03 4.419803758088367545e+02
4.028606845061031549e+02 -1.533956306298743812e+03 4.430311358212459254e+02
4.045459399599426433e+02 -1.529488338176996876e+03 4.439620879393677910e+02
4.045714964897486539e+02 -1.527523606179394392e+03 4.440255932511681749e+02
4.055518625029560553e+02 -1.523052476751160157e+03 4.449692237834114508e+02
4.055518625029560553e+02 -1.523052476751160157e+03 4.449692237834114508e+02
4.075850447130231373e+02 -1.514933957593204241e+03 4.460652037555011589e+02
4.080063467766103145e+02 -1.512670618287547995e+03 4.462053848253723345e+02
4.087646475356662563e+02 -1.508492987087320898e+03 4.465994159278253051e+02
4.092778601764724726e+02 -1.506254620372815907e+03 4.467010891388001141e+02
4.094291812489646532e+02 -1.504288477863834714e+03 4.467856064693199301e+02
4.094291812489646532e+02 -1.504288477863834714e+03 4.467856064693199301e+02
4.110504980245777347e+02 -1.495685754246342867e+03 4.472762324973255659e+02
4.113539146936558382e+02 -1.493452330849991995e+03 4.473705197233728654e+02
4.120303803479236535e+02 -1.488959240970945984e+03 4.473406742853645710e+02
4.127387862523561353e+02 -1.484787711835541586e+03 4.475564748746946862e+02
4.135309054597781824e+02 -1.480218546722589281e+03 4.475359316678616892e+02
4.131170364289251893e+02 -1.477593209259747937e+03 4.469633308476929301e+02
4.146412224768156420e+02 -1.473341140517278973e+03 4.474863922726588612e+02
4.147545000603582253e+02 -1.471092053796355685e+03 4.473392541217671123e+02
4.152822830735920547e+02 -1.465917758942244291e+03 4.469745870317460117e+02
4.155342041960743700e+02 -1.463676790331723396e+03 4.468358520299867109e+02
4.162252994003455342e+02 -1.459356262111929709e+03 4.473853929604005089e+02
4.167103232980702501e+02 -1.457277627256348296e+03 4.476129892215581094e+02
4.169368645831603430e+02 -1.453288928750543391e+03 4.480796731544673435e+02
4.168254666368641779e+02 -1.451383090919708820e+03 4.483666725625960794e+02
4.171583633678662864e+02 -1.445617003909719188e+03 4.497114158546542058e+02
4.172408146766700838e+02 -1.443827389506458758e+03 4.504277881653139843e+02
4.175527578194495391e+02 -1.439689471244475271e+03 4.510210571871392062e+02
4.176222393242103408e+02 -1.437752403067386695e+03 4.515667646785216220e+02
4.180578222849479175e+02 -1.433502716385338090e+03 4.522185293141784541e+02
4.179823526048911617e+02 -1.431741152689664887e+03 4.522516692771915814e+02
4.184139576269870986e+02 -1.427480567917446024e+03 4.528477420622137402e+02
4.182847380537454001e+02 -1.425527266364919569e+03 4.532040772617522748e+02
4.182847380537454001e+02 -1.425527266364919569e+03 4.532040772617522748e+02
4.190585710713306185e+02 -1.416999561931912922e+03 4.540793941937675982e+02
4.191954975458450576e+02 -1.414500772430843881e+03 4.544191700381921351e+02
4.199786014832906176e+02 -1.410377941577006141e+03 4.550745901200425010e+02
4.200863821018390922e+02 -1.406271878098294110e+03 4.556206552464710171e+02
4.203290192547346464e+02 -1.404105888094786678e+03 4.558731852783494674e+02
4.210033703108696841e+02 -1.400160228642388802e+03 4.565888578291310864e+02
4.215545967600352810e+02 -1.398196507767741650e+03 4.572642119973314152e+02
4.218243606340176939e+02 -1.394553903154670252e+03 4.577605705962456000e+02
4.223422262461297123e+02 -1.391167473157316181e+03 4.586812329209186032e+02
4.229028766770955485e+02 -1.387783874286998753e+03 4.595373703573272337e+02
4.230760577658711554e+02 -1.386201894122072417e+03 4.598804753666725560e+02
4.236059293511954138e+02 -1.384644705582577672e+03 4.604650051553941807e+02
4.237143026504890031e+02 -1.382959003606581064e+03 4.605886313880482703e+02
4.246559541105881976e+02 -1.378124482627667248e+03 4.621489372573602168e+02
4.245104673140273803e+02 -1.376333268318723867e+03 4.617850996829381529e+02
4.255767770728205051e+02 -1.373403335551845430e+03 4.630632265168252388e+02
4.255373810082203363e+02 -1.371707899895014634e+03 4.632264135158380327e+02
4.261851715988527189e+02 -1.368454244374402833e+03 4.637702237195380803e+02
4.266231005250036787e+02 -1.365187617768181781e+03 4.641863939742523257e+02
4.274497856753652059e+02 -1.361907467970131847e+03 4.649539555752649562e+02
4.275363555113240750e+02 -1.360364611356158548e+03 4.651034858542888628e+02
4.283645339901901821e+02 -1.356998794323513494e+03 4.658866302729108497e+02
4.284658032048261020e+02 -1.355328997301893651e+03 4.659990672914437937e+02
4.290563594766788924e+02 -1.352043250738703364e+03 4.662673696799602681e+02
4.286424963659884497e+02 -1.350116616360089211e+03 4.661167696909807887e+02
4.295256050468000808e+02 -1.347069313327926011e+03 4.666239212772710516e+02
4.297784455761187701e+02 -1.345505031426293272e+03 4.668170643652343870e+02
4.306944664363765014e+02 -1.342502218523743750e+03 4.677069456400609511e+02
4.309434677152224253e+02 -1.340973282153016498e+03 4.678341975090791038e+02
4.316948273322292948e+02 -1.337865707805148304e+03 4.682554844048262908e+02
4.319971936853134480e+02 -1.334957084177813385e+03 4.687809059866716552e+02
4.325718103586334564e+02 -1.332018621799765924e+03 4.690700948780472004e+02
4.326051756614499482e+02 -1.330471381915514712e+03 4.689008993078053322e+02
4.333451638869537987e+02 -1.327501187616612924e+03 4.693496491387423362e+02
4.335958796595143667e+02 -1.326024915397900713e+03 4.693466101251025862e+02
4.339999074921724969e+02 -1.323205375599912259e+03 4.693918252588865130e+02
4.342306592488379238e+02 -1.321685941980463440e+03 4.695767828993641047e+02
4.346872191427997905e+02 -1.318743283904363579e+03 4.699930346103492411e+02
4.351421721566294423e+02 -1.315819077523906799e+03 4.700534672669309657e+02
4.354689198951902540e+02 -1.314384916551645119e+03 4.704911678455098354e+02
4.360330066830895248e+02 -1.311369545956517413e+03 4.704704963461770717e+02
4.365668824769189200e+02 -1.308272611065008277e+03 4.707542413858780606e+02
4.368163708467957349e+02 -1.306662945317181538e+03 4.707425907309654463e+02
4.371968152476006821e+02 -1.303739665510752047e+03 4.707205917273133196e+02
4.376742764907440915e+02 -1.302167688833931834e+03 4.709097401621763197e+02
4.378937486020180359e+02 -1.298850267054887581e+03 4.705108679606253759e+02
4.382289576285909902e+02 -1.297199690630579198e+03 4.707811988796851779e+02
4.387631075963904550e+02 -1.293908043618213469e+03 4.707614842267847166e+02
4.395573986758965930e+02 -1.290715907103987092e+03 4.709424605456525796e+02
4.398853618058172970e+02 -1.289014805133704385e+03 4.709472413920727831e+02
4.401543293265961552e+02 -1.287858342605023381e+03 4.712194103287040434e+02
4.410974741573198230e+02 -1.282354083521264783e+03 4.712428355002400622e+02
4.416116548666264521e+02 -1.281102659040382150e+03 4.715648197538786235e+02
4.418562087816450230e+02 -1.279266781139266413e+03 4.714527609694009129e+02
4.422177336070899401e+02 -1.275660410688386946e+03 4.714175071180771965e+02
4.429636979238572962e+02 -1.272307892397144315e+03 4.714499087290613488e+02
4.433615420228601351e+02 -1.270774679582010094e+03 4.715671924370418537e+02
4.444553340252109024e+02 -1.265628376601813670e+03 4.716730901235802662e+02
4.446083898622980541e+02 -1.263969522998898356e+03 4.716200631534295553e+02
4.451393628250622783e+02 -1.262331341560055080e+03 4.717450004937001040e+02
4.459265743527849395e+02 -1.259005480716027932e+03 4.716827602935558161e+02
4.464661883985555733e+02 -1.255690139384147869e+03 4.713114542275803842e+02
4.467801227170713787e+02 -1.253939341576707193e+03 4.710922284237479403e+02
4.476169265369881600e+02 -1.250612586722786773e+03 4.712014369896421044e+02
4.480024943334141767e+02 -1.248899265294952784e+03 4.708187775302331488e+02
4.488016326453894749e+02 -1.245316253307197258e+03 4.703310908395357615e+02
4.491983483400302362e+02 -1.244004374740564572e+03 4.702787959203665196e+02
4.499949294527295365e+02 -1.240409208426092391e+03 4.699065899327137004e+02
4.509248273599829986e+02 -1.236889643228326577e+03 4.692465029575809581e+02
4.511692475080006375e+02 -1.235128684055585836e+03 4.689510141897159770e+02
4.519104814420953744e+02 -1.231721853199247334e+03 4.681782804285604129e+02
4.523855239802444430e+02 -1.230010860416050264e+03 4.679755288330887311e+02
4.532200490165561177e+02 -1.226548806444369120e+03 4.670767693332950898e+02
4.540823670948918220e+02 -1.223273236404161707e+03 4.664542671918299561e+02
4.546024933135287824e+02 -1.221577290526596016e+03 4.662403327702432989e+02
4.555638721711752623e+02 -1.217233708898047553e+03 4.656029547857593798e+02
4.566069286071905822e+02 -1.213202707776954867e+03 4.655411893446744784e+02
4.567794320102274810e+02 -1.211111396195115276e+03 4.653875592095268416e+02
4.576024348845490408e+02 -1.207077696828757553e+03 4.658273998170008099e+02
4.582110225291481242e+02 -1.203398777459794701e+03 4.664732688315950213e+02
4.585576989936679979e+02 -1.201523425280822494e+03 4.667651692859818127e+02
4.593978687419574953e+02 -1.197524599148521474e+03 4.672471672570823102e+02
4.597935742918195956e+02 -1.195900840987240372e+03 4.677319993540754126e+02
4.605507025922478874e+02 -1.192073046054016231e+03 4.682617553062673892e+02
4.608210701125521496e+02 -1.190606833525564298e+03 4.686293800246664318e+02
4.614078726379458431e+02 -1.187124100703934118e+03 4.693823437675960122e+02
4.617255699116321352e+02 -1.185111530908898885e+03 4.693758145370770762e+02
4.624747840697419861e+02 -1.181492633109486633e+03 4.698510165749445946e+02
4.629145823977118539e+02 -1.179645255669807284e+03 4.701028588592615733e+02
4.636480205846938816e+02 -1.176173293343916384e+03 4.705839430208922636e+02
4.644429095873795177e+02 -1.172430694587576909e+03 4.705930589279624883e+02
4.650460935094945967e+02 -1.168861731484246548e+03 4.707630282183923214e+02
4.653839974102633619e+02 -1.166929111678882691e+03 4.709526548331733125e+02
4.659548790633748467e+02 -1.163116101013300977e+03 4.708098591254070016e+02
4.668577119587804418e+02 -1.159555918809124478e+03 4.710317336434327444e+02
4.671241519189837277e+02 -1.157837610442071991e+03 4.711771927838764213e+02
4.673853926770169096e+02 -1.155908479035708069e+03 4.709941491638631987e+02
4.681516877167392749e+02 -1.152316564179845273e+03 4.709272481721506551e+02
4.687716627539050478e+02 -1.148724662132780168e+03 4.708993682319252798e+02
4.690144598655356845e+02 -1.146837690177635750e+03 4.707770989510290747e+02
4.694571868669717674e+02 -1.144918781735600305e+03 4.707303303197941773e+02
4.700812546752427465e+02 -1.139153881682846077e+03 4.703618681953134342e+02
4.708745672254302690e+02 -1.137530390274191632e+03 4.701152604562728357e+02
4.715405103177842534e+02 -1.133746137307550043e+03 4.699688950047528806e+02
4.718647077355816464e+02 -1.131897002953140827e+03 4.699634031620735755e+02
4.724846250180041238e+02 -1.128480713475862558e+03 4.695599887803475667e+02
4.727942965051003625e+02 -1.126590651184711760e+03 4.694151021954592125e+02
4.736476973058075828e+02 -1.122919175240137292e+03 4.691470445155287052e+02
4.739238554596537369e+02 -1.120948900645289541e+03 4.689738904096855663e+02
4.749186985083302943e+02 -1.117282318339958238e+03 4.685540258587483891e+02
4.749650826803715518e+02 -1.115244842168959394e+03 4.684118725582431466e+02
4.755231405777217901e+02 -1.113396012744266955e+03 4.682271184335314729e+02
4.766524115175386669e+02 -1.107246093647525413e+03 4.675512678508835620e+02
4.774415201963002460e+02 -1.103690504414495535e+03 4.673715405841705888e+02
4.780398022969069416e+02 -1.101599664579810678e+03 4.672818883365198985e+02
4.785498095715902309e+02 -1.097624798309594780e+03 4.667774578899010294e+02
4.790311705760908580e+02 -1.095647894397266100e+03 4.666557796351559659e+02
4.798939553533098206e+02 -1.091677494999796636e+03 4.663056407250478514e+02
4.804165067781216862e+02 -1.087570908849106900e+03 4.659057539427016650e+02
4.813611639917848493e+02 -1.083422139567519253e+03 4.655970908675631676e+02
4.816790684528180577e+02 -1.081315104157750056e+03 4.653588067398284238e+02
4.820665876793053144e+02 -1.079197789555434383e+03 4.651831187353961923e+02
4.831009475237854076e+02 -1.075047402862589024e+03 4.646440750952182270e+02
4.838966073208339367e+02 -1.070746277380293122e+03 4.644124762480562367e+02
4.841372376687862129e+02 -1.068593997368384407e+03 4.641666135614829614e+02
4.849656082040127103e+02 -1.064435973669371378e+03 4.634850096900460699e+02
4.853559698427040985e+02 -1.062233643216272412e+03 4.634301387923898119e+02
4.862157156132688556e+02 -1.057989417155791443e+03 4.631550658544822454e+02
4.867433158863019571e+02 -1.053888632416592372e+03 4.627859561446549606e+02
4.871271771254572513e+02 -1.051690607678790911e+03 4.625166519799840898e+02
4.877541822370280329e+02 -1.047371068268739236e+03 4.622733522535259567e+02
4.884341895798988276e+02 -1.043148946685117153e+03 4.620500196006883584e+02
4.887473025340696609e+02 -1.041090012695166251e+03 4.620736225185982562e+02
4.894222196326375638e+02 -1.037033397180076236e+03 4.616654354780869198e+02
4.895713528310459992e+02 -1.034863859849977189e+03 4.616982847892487030e+02
4.899058733367299965e+02 -1.030836549234504446e+03 4.612814905549146260e+02
4.901724136768256699e+02 -1.028778636705949793e+03 4.611996093560996997e+02
4.905621182732193688e+02 -1.024481878674276913e+03 4.608223208484905058e+02
4.909421659973775149e+02 -1.022614929969225500e+03 4.605227262344011478e+02
4.914242778761714021e+02 -1.017836224043194647e+03 4.602878374227192353e+02
4.914242778761714021e+02 -1.017836224043194647e+03 4.602878374227192353e+02
4.924770985678274542e+02 -1.011082932192335647e+03 4.597567140356076720e+02
4.930201808377150883e+02 -1.006401069794922705e+03 4.594985436123162117e+02
4.937082787167636866e+02 -1.001859613815464286e+03 4.591435035787876018e+02
4.937082787167636866e+02 -1.001859613815464286e+03 4.591435035787876018e+02
4.946610982442747400e+02 -9.950828964120190676e+02 4.583109212207534711e+02
4.950067617667132822e+02 -9.929868205414254589e+02 4.581092749488863092e+02
4.956849746439447699e+02 -9.881519963838059084e+02 4.572574289709182267e+02
4.964198981965953976e+02 -9.835219342958794186e+02 4.565682993755399934e+02
4.964198981965953976e+02 -9.835219342958794186e+02 4.565682993755399934e+02
4.973193197861948534e+02 -9.787347564250386540e+02 4.556124934493965384e+02
4.983252077581767026e+02 -9.717056835701127966e+02 4.539725415190721378e+02
4.985361191240838252e+02 -9.692854408436697895e+02 4.531571747690190364e+02
4.991664532960270435e+02 -9.640765019433093812e+02 4.519113377561100151e+02
4.996745806157829861e+02 -9.618004980453176813e+02 4.512343408863703758e+02
5.003312816441160180e+02 -9.566627758266755563e+02 4.497980635016966744e+02
5.007048773078754493e+02 -9.541233571621789906e+02 4.494170163930851913e+02
5.010950041415151759e+02 -9.484958603222041802e+02 4.487223200121027844e+02
5.012705502573876402e+02 -9.458859540319516555e+02 4.487494509953299371e+02
5.017427285491407929e+02 -9.380584128454997881e+02 4.488673826232645752e+02
5.018734574817278258e+02 -9.355819000932239078e+02 4.490064881502851222e+02
5.021521319695493162e+02 -9.310236378356974001e+02 4.491743009022062552e+02
5.023048447842665496e+02 -9.287434434873230202e+02 4.497724056781296440e+02
5.030139862078682995e+02 -9.241604360660446673e+02 4.506356764252618632e+02
5.032986042962362490e+02 -9.218925954026417457e+02 4.510524479973929033e+02
5.035960935603009716e+02 -9.177284131477296114e+02 4.519450836408187229e+02
5.037938842208822052e+02 -9.156557149073765913e+02 4.522722415575400419e+02
5.047246056765804383e+02 -9.116753637184517629e+02 4.531221039435008038e+02
5.051406558698485014e+02 -9.096893681307761881e+02 4.533901986772413011e+02
5.056061066068572813e+02 -9.053452635340806864e+02 4.546109621158658456e+02
5.065247417744370182e+02 -9.010069698110278296e+02 4.552461517472468131e+02
5.072166259756563704e+02 -8.968760478180947757e+02 4.560678434466957469e+02
5.073737919707600099e+02 -8.947894255103253727e+02 4.560775192647112135e+02
5.082342776745788342e+02 -8.905910513861326763e+02 4.565693788591969451e+02
5.085009014237587053e+02 -8.883253571073404373e+02 4.567575150005550881e+02
5.092811608020134031e+02 -8.838693963665647289e+02 4.574816796728931081e+02
5.095401108507559229e+02 -8.818339002363115924e+02 4.577167371624923362e+02
5.103415583775309869e+02 -8.774205962706578248e+02 4.579561498316481902e+02
5.109699516354896218e+02 -8.730589918920475156e+02 4.583369681794889630e+02
5.112036324838675228e+02 -8.708844449878530440e+02 4.583760732788358041e+02
5.114042866869662021e+02 -8.685413402896165280e+02 4.584984648434697760e+02
5.121255440251918571e+02 -8.642898450185278989e+02 4.586117015893173061e+02
5.126453223071158618e+02 -8.597587356953123390e+02 4.588116208428343157e+02
5.131288766428327790e+02 -8.554179998715063675e+02 4.586131075011935536e+02
5.132925724786846331e+02 -8.531589404405142432e+02 4.585048140412781095e+02
5.142117410198908374e+02 -8.487924256782094972e+02 4.585162655655479966e+02
5.142174174743530557e+02 -8.463472642742834751e+02 4.581151576536339007e+02
5.146894701299962662e+02 -8.417886887156979583e+02 4.578306594924732167e+02
5.155042170849488912e+02 -8.371283745407737342e+02 4.573449862616740802e+02
5.158658006205859010e+02 -8.320713517993949608e+02 4.567475141126019480e+02
5.162704386118949742e+02 -8.297480241594688550e+02 4.565528599236671425e+02
5.165818864318476926e+02 -8.250004673228637557e+02 4.565062446585988596e+02
5.168448881200907863e+02 -8.228476178904114704e+02 4.564112290272898349e+02
5.168763313062271436e+02 -8.181158851306249744e+02 4.569062790883310754e+02
5.170158834481908343e+02 -8.159495671904310257e+02 4.570636473472916919e+02
5.169740033475170549e+02 -8.112860868563124086e+02 4.581097760702538721e+02
5.169149815593514177e+02 -8.089600325869075732e+02 4.583726740165629963e+02
5.171991627415814037e+02 -8.042463555092105025e+02 4.591670503099785492e+02
5.172509465461881746e+02 -8.019673776362860735e+02 4.594734377971561230e+02
5.177125899089772929e+02 -7.974767235562395626e+02 4.601084207143599656e+02
5.176873167685827184e+02 -7.950739796146679055e+02 4.602519567543342873e+02
5.179419396723885711e+02 -7.927885980906540908e+02 4.604025853557635060e+02
5.186283286705737510e+02 -7.859685628209654169e+02 4.617304640914815081e+02
5.191422388701693080e+02 -7.816817358879067115e+02 4.625814524812699915e+02
5.193064141104086957e+02 -7.796326273191881455e+02 4.628080958069297139e+02
5.199225111191077531e+02 -7.758283722978039805e+02 4.636113488651362786e+02
5.202664002524875286e+02 -7.740208045119135249e+02 4.642200434402819837e+02
5.205967901532397946e+02 -7.707754961240343619e+02 4.650154301997401376e+02
5.208047752508261965e+02 -7.692733099583476815e+02 4.654538445798910971e+02
5.214021345890046177e+02 -7.661865442028524740e+02 4.665072350135148440e+02
5.217594133748906415e+02 -7.632323516864126987e+02 4.673847226274878039e+02
5.222947395954913645e+02 -7.602300686629796473e+02 4.683669329065518241e+02
5.224830145124744831e+02 -7.586869081526485843e+02 4.687730707906046632e+02
5.231256861063488941e+02 -7.555761682025485015e+02 4.694221765976358256e+02
5.233178219891573235e+02 -7.541319716303214591e+02 4.697654706186597195e+02
5.239656577897669649e+02 -7.509571021959471864e+02 4.704252497686240986e+02
5.241893104607390796e+02 -7.494340943419505265e+02 4.706718662782332672e+02
5.249125619970066055e+02 -7.460817091104348719e+02 4.712050432619266189e+02
5.253791278433780008e+02 -7.428271882005353746e+02 4.714307201570989037e+02
5.256237120752105056e+02 -7.412450741163087287e+02 4.715321787030313772e+02
5.256237120752105056e+02 -7.412450741163087287e+02 4.715321787030313772e+02
5.268845233230304075e+02 -7.342231579447731065e+02 4.721238858095888418e+02
5.271403257969333254e+02 -7.324686539665638065e+02 4.721644621297659228e+02
5.276883557400694826e+02 -7.290382915801801573e+02 4.724691680350057936e+02
5.278369106663870980e+02 -7.272289613602576992e+02 4.724417985546464251e+02
5.283293179350317814e+02 -7.236441418276581317e+02 4.726212827585700893e+02
5.286543085581797641e+02 -7.220131745861773425e+02 4.725442158951229885e+02
5.290056989437714492e+02 -7.183190667269443566e+02 4.726720046557857700e+02
5.290899110980449223e+02 -7.164924290447784188e+02 4.726160477131129483e+02
5.297127258195069999e+02 -7.131590881387719492e+02 4.729597968614192496e+02
5.300956313656701013e+02 -7.096778974523723491e+02 4.729359005128931130e+02
5.304920427654101331e+02 -7.062711927418508822e+02 4.730952741430656943e+02
5.307812990206743962e+02 -7.044671107000265238e+02 4.731998218649313230e+02
5.309624250828015875e+02 -7.027910223733450721e+02 4.732714484844809704e+02
5.314033086214645891e+02 -6.993851436631729257e+02 4.734966910071477173e+02
5.317464059899151607e+02 -6.959914910111132258e+02 4.735821859775597886e+02
5.321628999691444051e+02 -6.942415591222635385e+02 4.738802186628523714e+02
5.322633452658942588e+02 -6.908212820260681610e+02 4.740942668121247721e+02
5.325188812334985187e+02 -6.890641488738306180e+02 4.741997115909491072e+02
5.331616060934964025e+02 -6.838915523135677859e+02 4.747457144955903914e+02
5.334003636788366975e+02 -6.822189981261819867e+02 4.751318683047492186e+02
5.338501139911563769e+02 -6.786878274064496281e+02 4.753148515177942386e+02
5.342171661606080306e+02 -6.769267918754416087e+02 4.753733562772443406e+02
5.347086733706751147e+02 -6.733682785943037743e+02 4.758456598626297591e+02
5.349788855094175233e+02 -6.716249140086063107e+02 4.756434614047503828e+02
5.353369424908181600e+02 -6.679681806224825777e+02 4.757293289842553463e+02
5.357824090108061910e+02 -6.661720989784911353e+02 4.759785665237944272e+02
5.362984389992866454e+02 -6.624699381985934679e+02 4.758666558136905564e+02
5.365153174922151038e+02 -6.607748650410837854e+02 4.759959237505837564e+02
5.372433567055102230e+02 -6.571280119873739523e+02 4.760000631370623978e+02
5.376577845066289001e+02 -6.534335842575625293e+02 4.757855133625423605e+02
5.385460597478859199e+02 -6.498633866451679069e+02 4.757505403069865793e+02
5.386530984518344667e+02 -6.478497874122670055e+02 4.754551434218828376e+02
5.389035927298863271e+02 -6.462052603948222895e+02 4.755128604298447499e+02
5.394992205872724753e+02 -6.425791645596971193e+02 4.753027852812342076e+02
5.399665954838377502e+02 -6.389686585966758230e+02 4.748722558097934439e+02
5.403870689432443442e+02 -6.371584229640673129e+02 4.748610620581874855e+02
5.410529115355611793e+02 -6.334382844977847071e+02 4.744454489569984617e+02
5.415476656528136346e+02 -6.316915070667354257e+02 4.741416224097461054e+02
5.427909476953262811e+02 -6.260184434643477971e+02 4.734059604747447452e+02
5.432286122040170540e+02 -6.240751471822836720e+02 4.732465815829611984e+02
5.440132783159722294e+02 -6.201141360948563488e+02 4.731303320824811181e+02
5.444197708510113216e+02 -6.182669145239017325e+02 4.731342366531235939e+02
5.452518281880912809e+02 -6.146566744965405178e+02 4.735152308836496786e+02
5.453797428421607947e+02 -6.126767953045421109e+02 4.734478522791352475e+02
5.462169908206298032e+02 -6.089251598038167685e+02 4.737379006988469428e+02
5.468406698188059636e+02 -6.052283468578685870e+02 4.740529188541036092e+02
5.471040705075820370e+02 -6.031537193426131580e+02 4.743062541413834765e+02
5.477870722868324265e+02 -5.994481254024777854e+02 4.748217142774680610e+02
5.480357018309865680e+02 -5.975132687595869356e+02 4.749578020253476893e+02
5.483555767037739770e+02 -5.956421943181057941e+02 4.751435205312120615e+02
5.494410902564515027e+02 -5.899526308599733966e+02 4.754395989422956745e+02
5.494410902564515027e+02 -5.899526308599733966e+02 4.754395989422956745e+02
5.505272315357295838e+02 -5.840973703346079446e+02 4.754260305723778970e+02
5.506986246572491837e+02 -5.823611509998605698e+02 4.753346838985475529e+02
5.516361427609706425e+02 -5.784943086205767031e+02 4.755485788515947547e+02
5.517847140010703697e+02 -5.765912696411070328e+02 4.753650277258674350e+02
5.525604351917722852e+02 -5.727349574522619378e+02 4.752592251785695225e+02
5.528862127986456017e+02 -5.708232525582769767e+02 4.752113600373907616e+02
5.535791794963525945e+02 -5.670217299873459069e+02 4.748520481710771151e+02
5.542999020611938477e+02 -5.630554219579802293e+02 4.748210551216103568e+02
5.548325249336930938e+02 -5.610392497801902891e+02 4.748648482619363449e+02
5.555071894946987641e+02 -5.570462908818119558e+02 4.743070774724802732e+02
5.562190422447002902e+02 -5.532826433611184029e+02 4.736308338957487649e+02
5.565352620114715592e+02 -5.512300160328728680e+02 4.737047956279427581e+02
5.572394655971839939e+02 -5.474072235094427015e+02 4.731695166402250834e+02
5.577943093598573796e+02 -5.454649356748120681e+02 4.730506908688583962e+02
5.585126692301588491e+02 -5.414301711789245246e+02 4.725357221091067572e+02
5.588783818573728013e+02 -5.396306475007601193e+02 4.723139389988840549e+02
5.599421662283998558e+02 -5.356419388610826218e+02 4.716970145387679736e+02
5.604660779363121037e+02 -5.316336167537347137e+02 4.710913345650678252e+02
5.614482871260028105e+02 -5.274613214798883973e+02 4.706093329140510377e+02
5.618101223867487306e+02 -5.254328501898795594e+02 4.703936290311943935e+02
5.624142413436949255e+02 -5.212151636198179858e+02 4.697618110311986470e+02
5.631151059635882348e+02 -5.189370925683216456e+02 4.697791432416328803e+02
5.638509010729877673e+02 -5.146835582498637223e+02 4.688714724373461422e+02
5.642047434056566999e+02 -5.125341491180527100e+02 4.685769149847718609e+02
5.652068616403033730e+02 -5.079666522342534449e+02 4.681415117409301274e+02
5.657938720992319759e+02 -5.059123711169342528e+02 4.677363224110114288e+02
5.666783809948159387e+02 -5.015763314807457505e+02 4.670498548540401771e+02
5.669274337575219533e+02 -4.993234381705566420e+02 4.669261087660510725e+02
5.678594357461661275e+02 -4.951031749197416048e+02 4.661377609054953268e+02
5.685761375872253893e+02 -4.907146762574051877e+02 4.658773322150077547e+02
5.692789422632507694e+02 -4.864866400668656183e+02 4.654146339173927345e+02
5.698055663784884928e+02 -4.845529371229408184e+02 4.652650906977872864e+02
5.705789403368497688e+02 -4.803637744303895261e+02 4.649219552683807137e+02
5.708036619012070787e+02 -4.781720065108498829e+02 4.647257432146299152e+02
5.712733428233730137e+02 -4.736649083677883141e+02 4.644286073524310154e+02
5.716456435627669634e+02 -4.716865236625471880e+02 4.642377641550318685e+02
5.725828796750345191e+02 -4.652320316587898219e+02 4.638980296079357117e+02
5.730003802347023338e+02 -4.588631899703661929e+02 4.633579996413516824e+02
5.734592787838180357e+02 -4.566812074168255435e+02 4.633697263010148504e+02
5.739995709097198642e+02 -4.523674925368727600e+02 4.627244635836269140e+02
5.740945015518776700e+02 -4.498929290046659162e+02 4.627891971877573951e+02
5.747070999088027747e+02 -4.451806866659592856e+02 4.623818542602757020e+02
5.750764012209955354e+02 -4.429260450835865299e+02 4.621181267445708727e+02
5.758660969080136738e+02 -4.379787826080618629e+02 4.618335691903238853e+02
5.760179333257906364e+02 -4.354227748679656997e+02 4.616863820692977924e+02
5.769762330714917198e+02 -4.283272261259979814e+02 4.608747935606280066e+02
5.772831777464808738e+02 -4.259170951563001495e+02 4.606056808311989244e+02
5.777836617919300579e+02 -4.236054834804232314e+02 4.604936564661451825e+02
5.787939803337602598e+02 -4.164978409174558465e+02 4.591560075161592067e+02
5.789211664846071699e+02 -4.140264136536800379e+02 4.587322227322627555e+02
5.793954930216857520e+02 -4.116758608566528892e+02 4.582963614407351542e+02
5.801059722354945052e+02 -4.068561410868445591e+02 4.572557613712788793e+02
5.804515947159896996e+02 -4.044860176219829100e+02 4.565183301186692120e+02
5.813584953776770590e+02 -3.995706959621192595e+02 4.554187399653536090e+02
5.818480737675324690e+02 -3.942325334686548217e+02 4.537683021185287089e+02
5.822371781422879167e+02 -3.913506637204806111e+02 4.528781004167055357e+02
5.823885533699010466e+02 -3.882093731042699574e+02 4.520388717367456479e+02
5.836011857108317145e+02 -3.790711513604503011e+02 4.501626813326414549e+02
5.839064141899885954e+02 -3.760664495697874941e+02 4.497811738656237708e+02
5.844853654491662382e+02 -3.699965706956195390e+02 4.495409469899445867e+02
5.847280453267489975e+02 -3.670683997864936146e+02 4.495384507993415468e+02
5.852966939144766911e+02 -3.619458478445356491e+02 4.500400739010739812e+02
5.853818309723104676e+02 -3.595652132434098007e+02 4.502987273726928947e+02
5.858797618083907537e+02 -3.549460086909121515e+02 4.514207150760728950e+02
5.862251121456349665e+02 -3.529145119755888231e+02 4.518363244010003541e+02
5.868073700582928041e+02 -3.486001686400914537e+02 4.531205964135102136e+02
5.875285174435574618e+02 -3.444070110233226956e+02 4.544161813773019958e+02
5.882120160804311126e+02 -3.403929565515135209e+02 4.557356895065884714e+02
5.885077072693491118e+02 -3.383428183132889444e+02 4.564105826763986897e+02
5.889210480187474559e+02 -3.363040261192406888e+02 4.569150167367294557e+02
5.889210480187474559e+02 -3.363040261192406888e+02 4.569150167367294557e+02
5.889210480187474559e+02 -3.363040261192406888e+02 4.569150167367294557e+02
5.910515807374471251e+02 -3.255415745131256813e+02 4.592977327144806736e+02
5.919061952564514968e+02 -3.211678547704555058e+02 4.601282146153849908e+02
5.922461115824115723e+02 -3.189945417631739133e+02 4.605125342721275956e+02
5.932368407769940859e+02 -3.145402273960251023e+02 4.612951536967719335e+02
5.939186238245324603e+02 -3.099967185119389228e+02 4.620597876569290179e+02
5.946387653822022230e+02 -3.054902030012711407e+02 4.624351791626419299e+02
5.951751772543091192e+02 -3.031751364316992294e+02 4.626392500241374250e+02
5.955244218548713206e+02 -3.010454676835261694e+02 4.627590772405568487e+02
5.966022159493689969e+02 -2.966614144013109922e+02 4.628298471163950012e+02
5.972183073955943655e+02 -2.921016618617767904e+02 4.627098714787581457e+02
5.976803762425756759e+02 -2.898786796866437498e+02 4.624971330196886470e+02
5.984579221708186196e+02 -2.852962391408645999e+02 4.622635199846064893e+02
5.988834290091721186e+02 -2.831692861922487623e+02 4.621172838184630223e+02
5.997991461340897104e+02 -2.787323474384118072e+02 4.619484335060123499e+02
6.000087631383418056e+02 -2.764183071723660987e+02 4.615591389172194567e+02
6.000087631383418056e+02 -2.764183071723660987e+02 4.615591389172194567e+02
6.016116496217400709e+02 -2.670264510819648081e+02 4.603464000476796514e+02
6.021707637926067491e+02 -2.619218188762733917e+02 4.596675152410323903e+02
6.027068200114227920e+02 -2.592254118438303294e+02 4.592358206680834769e+02
6.034253828880493984e+02 -2.541933577653394423e+02 4.586418660749266110e+02
6.036545160524131006e+02 -2.515757078044797197e+02 4.584784558561362360e+02
6.039780916211424255e+02 -2.467044488046894912e+02 4.580818114238538215e+02
6.039921275537836891e+02 -2.443418913162034301e+02 4.584643241543952854e+02
6.039952322000750655e+02 -2.395442357640463626e+02 4.586339715753484825e+02
6.043472768051769890e+02 -2.371708039274440409e+02 4.586953135614358530e+02
6.044593583186141359e+02 -2.298847139058600817e+02 4.594155123723669476e+02
6.047138595648081036e+02 -2.274700154464642310e+02 4.598456847695535998e+02
6.047784357613999191e+02 -2.250656315956328797e+02 4.600387652322652343e+02
6.048766149093487456e+02 -2.201104676751545526e+02 4.607515096144282438e+02
6.053304686390260940e+02 -2.156149448903481982e+02 4.614564724853105417e+02
6.054954522490113504e+02 -2.134050663259123155e+02 4.617293496647250208e+02
6.059127041842814378e+02 -2.091367278096261089e+02 4.625552949128890532e+02
6.061104551725856027e+02 -2.072322853035814489e+02 4.633634580558472180e+02
6.063705803303425910e+02 -2.033604538384842044e+02 4.643657189272670394e+02
6.063705803303425910e+02 -2.033604538384842044e+02 4.643657189272670394e+02
6.071687104000227464e+02 -1.966073084018425163e+02 4.667138581759267026e+02
6.073499563824811958e+02 -1.950288506741751746e+02 4.670447838023854388e+02
6.077643081792817839e+02 -1.916402267210770560e+02 4.686946165342424706e+02
6.077307921950746277e+02 -1.902996627977883577e+02 4.687721294840928863e+02
6.083343247704439136e+02 -1.858006602991621889e+02 4.705590150232638962e+02
6.083343247704439136e+02 -1.858006602991621889e+02 4.705590150232638962e+02
6.087098707660700256e+02 -1.828929057221886580e+02 4.715127772387911023e+02
6.090968452773232684e+02 -1.797586977394620931e+02 4.722358438686887325e+02
6.093206454039701612e+02 -1.783702964995478908e+02 4.724302011529114793e+02
6.096940358660024231e+02 -1.766669245604325624e+02 4.727062316021456922e+02
6.106214967623096754e+02 -1.720593919891826715e+02 4.737797685624217934e+02
6.108463203654550853e+02 -1.704763039686091588e+02 4.738136150809822311e+02
6.108672700701530403e+02 -1.672740493784208127e+02 4.738474995374140804e+02
6.116669066020119772e+02 -1.655347697714695130e+02 4.744852857967431987e+02
6.115824321144415308e+02 -1.622603793059167856e+02 4.744308125246977283e+02
6.119276014203754812e+02 -1.605747727420585989e+02 4.745907721784615205e+02
6.125964207673775945e+02 -1.570422404568282388e+02 4.751122440117732708e+02
6.127233839137686573e+02 -1.536173105572077588e+02 4.752111287909357884e+02
6.131586478952459629e+02 -1.502316884866484656e+02 4.756985709097411359e+02
6.135162089264314318e+02 -1.484667913123324183e+02 4.759099446752906601e+02
6.137890926830400531e+02 -1.466903814019160279e+02 4.758522130799511842e+02
6.137890926830400531e+02 -1.466903814019160279e+02 4.758522130799511842e+02
6.145774074794742319e+02 -1.397655479649332619e+02 4.766386089475903418e+02
6.146149756756208262e+02 -1.365043398356657747e+02 4.762505140144871234e+02
6.151765560676914220e+02 -1.347652737189018808e+02 4.767082009281024852e+02
6.150409091489204911e+02 -1.331474560447460078e+02 4.762789580918282013e+02
6.156614939354111584e+02 -1.281053987568998878e+02 4.767951383826159599e+02
6.156614939354111584e+02 -1.281053987568998878e+02 4.767951383826159599e+02
6.163916528488822451e+02 -1.229787528379131487e+02 4.772960617071004776e+02
6.162961141729500696e+02 -1.214610049366815332e+02 4.771321108441823640e+02
6.166234884001027012e+02 -1.180825240614355351e+02 4.773491702875149940e+02
6.171546003300941265e+02 -1.164957018743245669e+02 4.781362707608942060e+02
6.171416795567732834e+02 -1.131887144935021894e+02 4.778485144737824726e+02
6.176065001226044160e+02 -1.115783878845573298e+02 4.781711787983797421e+02
6.178231789908874134e+02 -1.080937501085686421e+02 4.784980300446658248e+02
6.179131595740285547e+02 -1.065190362961380401e+02 4.786370227483587314e+02
6.178684034053699179e+02 -1.031036452110704715e+02 4.786464152539889483e+02
6.180696632359586147e+02 -1.014211417617870268e+02 4.788847923675423885e+02
6.183589463391587060e+02 -9.802289088032787845e+01 4.792498677705436307e+02
6.187496206615121537e+02 -9.453242027905008626e+01 4.797294074359571141e+02
6.189922823440862203e+02 -9.264949563293851043e+01 4.797301792226151633e+02
6.198553681124335526e+02 -8.905212627194511299e+01 4.805139040494170217e+02
6.198387589363617280e+02 -8.569686832663700216e+01 4.806112832920582036e+02
6.199465298794285673e+02 -8.393270727862365277e+01 4.805982833060271560e+02
6.208528253440165372e+02 -8.009637514850511764e+01 4.814239544102476316e+02
6.207844190720779807e+02 -7.851897585844433536e+01 4.809773600463737466e+02
6.211990882872610200e+02 -7.503835758062697892e+01 4.812349536875338458e+02
6.217893104252608509e+02 -7.315358918072826100e+01 4.815228711625626943e+02
6.220146322400639747e+02 -6.967785529738033290e+01 4.814946805391076623e+02
6.224685301505140842e+02 -6.600240564601341475e+01 4.814434822239622349e+02
6.230024656398971956e+02 -6.246792313403620511e+01 4.815389953974489003e+02
6.231254014008775357e+02 -6.062685401778220751e+01 4.815218827081623090e+02
6.237775895548844574e+02 -5.705631043179970163e+01 4.811830068936192220e+02
6.237385536118767959e+02 -5.525807058462246601e+01 4.812094626909395174e+02
6.241986370654685743e+02 -5.158275217622814779e+01 4.810941449219129140e+02
6.241986370654685743e+02 -5.158275217622814779e+01 4.810941449219129140e+02
6.249269508618285727e+02 -4.616506053039407220e+01 4.807047876400279733e+02
6.251101414323578638e+02 -4.429509496287227677e+01 4.805828657807548439e+02
6.255915663176663202e+02 -4.067815855924386170e+01 4.802768356813444370e+02
6.260957800467634797e+02 -3.688738540187346615e+01 4.800750733951303459e+02
6.266000318193496241e+02 -3.316366969631165063e+01 4.791065888552003003e+02
6.267671022122461864e+02 -3.127347184677063652e+01 4.788359946609962776e+02
6.273091026015979423e+02 -2.924421812273418197e+01 4.787628181415578865e+02
6.277734562769711602e+02 -2.521035543279134572e+01 4.781967368076347498e+02
6.284480037843118225e+02 -2.114864129784088931e+01 4.779962878574056049e+02
6.286812401524646248e+02 -1.918361091206227798e+01 4.780601336878069105e+02
6.292604258367017565e+02 -1.533321978223762905e+01 4.779972556336269349e+02
6.293932760637140973e+02 -1.332903202820961752e+01 4.780346159515052591e+02
6.297157257731369100e+02 -9.427615956435136724e+00 4.781530269838601157e+02
6.304160180749044002e+02 -5.507282073857974858e+00 4.787115837281178869e+02
6.308304154572820153e+02 -1.454977797357519975e+00 4.786582176498541230e+02
6.312265862724543695e+02 5.677097722050018502e-01 4.791571383089132610e+02
6.317332822282679672e+02 4.502811896837584094e+00 4.793482436327778373e+02
6.319605386257428563e+02 6.443127145552320911e+00 4.791338324485944327e+02
6.325193223635986897e+02 1.026472860364907902e+01 4.793041891543144288e+02
6.327660765533421454e+02 1.217786250787634117e+01 4.792250033749663203e+02
6.335008192023898346e+02 1.593526148819329258e+01 4.792943943308059147e+02
6.338103620891261016e+02 1.785262725747371348e+01 4.791404372913679595e+02
6.344752561400296145e+02 2.168643469642665167e+01 4.789456136563650261e+02
6.344752561400296145e+02 2.168643469642665167e+01 4.789456136563650261e+02
6.358218287746250326e+02 2.936177483002139255e+01 4.784825400561911692e+02
6.361253980185790624e+02 3.143558162261515676e+01 4.783830452931694026e+02
6.369205535706190631e+02 3.527699737322970464e+01 4.779813506692198644e+02
6.371824449962618928e+02 3.729269918147951302e+01 4.778556379482871534e+02
6.379133754943852637e+02 4.139064642803562322e+01 4.776977751724061250e+02
6.382350328643713055e+02 4.335692012743383827e+01 4.775340005620859642e+02
6.386925927706338371e+02 4.747434938249877945e+01 4.770537450780663562e+02
6.394978423785759105e+02 5.140860911042743453e+01 4.769150011490634142e+02
6.397119637852878213e+02 5.347385889472020892e+01 4.766190720056103487e+02
6.404248538785345772e+02 5.753845225708065669e+01 4.762761647754703631e+02
6.412518533329779302e+02 6.160146359302898134e+01 4.758106666848521513e+02
6.415345919619823007e+02 6.383841075894239481e+01 4.756290947382021841e+02
6.422957608234213467e+02 6.802987357877995578e+01 4.750676149985174561e+02
6.428051049939870154e+02 7.245215345012941555e+01 4.743916503975647174e+02
6.433802255162377151e+02 7.452155266939656997e+01 4.742280477250862987e+02
6.437721588422958803e+02 7.673151788062693868e+01 4.740087394603960433e+02
6.450322665972973937e+02 8.334148506297884751e+01 4.731810639329836476e+02
6.450322665972973937e+02 8.334148506297884751e+01 4.731810639329836476e+02
6.459127711009576842e+02 8.760881731396332839e+01 4.726211476551681585e+02
6.461126317828438914e+02 8.979892265593545631e+01 4.722486399442426546e+02
6.473852809703057574e+02 9.620423611950135978e+01 4.715607075665467960e+02
6.479184338147285871e+02 9.820252972373307898e+01 4.712763096491632950e+02
6.485791901626639628e+02 1.025513384388922162e+02 4.707393866739112696e+02
6.490453019675825317e+02 1.045108375956445741e+02 4.707125556401111908e+02
6.496498881537067973e+02 1.088102502182059368e+02 4.702319897548874792e+02
6.498955458638478149e+02 1.109213412604243842e+02 4.701053709542179604e+02
6.505116445879898492e+02 1.149086716485119837e+02 4.698368426719799800e+02
6.506875163020412174e+02 1.170720485103605739e+02 4.696408438103000549e+02
6.506875163020412174e+02 1.170720485103605739e+02 4.696408438103000549e+02
6.517874595765601953e+02 1.258012705060342569e+02 4.686977133541291778e+02
6.524946742048045962e+02 1.304179243088657358e+02 4.682030957658496959e+02
6.529192843391319911e+02 1.328243784077200473e+02 4.681126463507845301e+02
6.536697500511717180e+02 1.376635499997431680e+02 4.678062373938547012e+02
6.541740388087803240e+02 1.401226612893506172e+02 4.675104488855786826e+02
6.549914981231449929e+02 1.451335340149267950e+02 4.669838370093871731e+02
6.555055412312951830e+02 1.475662182975999599e+02 4.665641872067439522e+02
6.563878619410604642e+02 1.526203570272138563e+02 4.656221120145663690e+02
6.568925541938995138e+02 1.552022225898851957e+02 4.651075694024007703e+02
6.577265247900420491e+02 1.605067142110242173e+02 4.640447586915744296e+02
6.584774022301699006e+02 1.657635514576674609e+02 4.630942248617345172e+02
6.591133575692565501e+02 1.711536325903324496e+02 4.622120533485650071e+02
6.596879575303810270e+02 1.737918000749565124e+02 4.618301310341098542e+02
6.604908588641210372e+02 1.793052535684323061e+02 4.610165126837976572e+02
6.607810949191160717e+02 1.822123304792911824e+02 4.605250997295343041e+02
6.615755726831316679e+02 1.910972973453971804e+02 4.586432009834355199e+02
6.615755726831316679e+02 1.910972973453971804e+02 4.586432009834355199e+02
6.620603662852566913e+02 1.970971626229467120e+02 4.572315443257215861e+02
6.624316961164380473e+02 2.001886365506997549e+02 4.567672337706625285e+02
6.626351442639994502e+02 2.063834459148807241e+02 4.551328702357301381e+02
6.626920386904839688e+02 2.126633821624075438e+02 4.531997371661439047e+02
6.628807974012784143e+02 2.191102432503138289e+02 4.514606623133307721e+02
6.628575349216658879e+02 2.222580467892364879e+02 4.504694789521482789e+02
6.629684617042926220e+02 2.289852979228215872e+02 4.485249329543776753e+02
6.624256110950275342e+02 2.356284258298525174e+02 4.459090446031216288e+02
6.624332002477177639e+02 2.389245874991489984e+02 4.448352036259933584e+02
6.619817004828762492e+02 2.422491725064562331e+02 4.433914563102851503e+02
6.613937988255495384e+02 2.486424163441564303e+02 4.405643462475271122e+02
6.609509908005991292e+02 2.520003453934292850e+02 4.392201051794473869e+02
6.602256649343604522e+02 2.586370083867208223e+02 4.363397812893530272e+02
6.594707143105092655e+02 2.653266366021386489e+02 4.333013919059424666e+02
6.592808911604363402e+02 2.686410972774015136e+02 4.319395087462016818e+02
6.586471787058869722e+02 2.750860924007532162e+02 4.288953047921195321e+02
6.585625780359023338e+02 2.814594506331861226e+02 4.259593244974075219e+02
6.585260715265338831e+02 2.847710867475750547e+02 4.244093953324413633e+02
6.584376198910035782e+02 2.913415061552760221e+02 4.210266835731796959e+02
6.586576439420564384e+02 2.946953167919556904e+02 4.194712408531256642e+02
6.589531441662403495e+02 3.010902830615780204e+02 4.156440240041637253e+02
6.593167320958895061e+02 3.042068431648987143e+02 4.138925920443152791e+02
6.600078566424475639e+02 3.102865515580947999e+02 4.100744912058265186e+02
6.607423802427819055e+02 3.157075934540314393e+02 4.060923425018340822e+02
6.613175536804005787e+02 3.202674740168345124e+02 4.019915936978009654e+02
6.617894585450342220e+02 3.228550536046514026e+02 4.000214982611329333e+02
6.636159061405166995e+02 3.282319473395401133e+02 3.970329932023694255e+02
6.638842876769020904e+02 3.313580881438128358e+02 3.950326725865849085e+02
6.652539247437841823e+02 3.378939018684225175e+02 3.926190691776524773e+02
6.653035562408987289e+02 3.413856681327338265e+02 3.911957365074687800e+02
6.665118775189513372e+02 3.482825197280645853e+02 3.892483347796593876e+02
6.675374048378564567e+02 3.548179063549691250e+02 3.872153863440231589e+02
6.676298660458733139e+02 3.580980983956011414e+02 3.858278429088292683e+02
6.676298660458733139e+02 3.580980983956011414e+02 3.858278429088292683e+02
6.698648827193007946e+02 3.704786409402689742e+02 3.817455185053133278e+02
6.699364711769059113e+02 3.736101833823391303e+02 3.804246154642902980e+02
6.707991272780266172e+02 3.798657139104514044e+02 3.781769426406517596e+02
6.712126370784266101e+02 3.829158590458543472e+02 3.770336898560806276e+02
6.719482189879302041e+02 3.895246632661623494e+02 3.744359913838598004e+02
6.724637267179900846e+02 3.930972628616045768e+02 3.734207735247757114e+02
6.724637267179900846e+02 3.930972628616045768e+02 3.734207735247757114e+02
6.724637267179900846e+02 3.930972628616045768e+02 3.734207735247757114e+02
6.746400564690671899e+02 4.115414110163108035e+02 3.683882121453127070e+02
6.756989263747848327e+02 4.193681188182726487e+02 3.676700818168658316e+02
6.766263762286429255e+02 4.256640052806210406e+02 3.662212853082652373e+02
6.767595857199286229e+02 4.293472531127318916e+02 3.651464457842920410e+02
6.777187900118118478e+02 4.364715020533540724e+02 3.638522269816627386e+02
6.781350152987834008e+02 4.403000797196259555e+02 3.630481720808636510e+02
6.793034405278692702e+02 4.481259087541300232e+02 3.613142566480517530e+02
6.801149805557372474e+02 4.553011277801995220e+02 3.595965067148816274e+02
6.807579564979997713e+02 4.583867278208355174e+02 3.592482544151359320e+02
6.814363019296159791e+02 4.615870835559337593e+02 3.596243205210586211e+02
6.840364091922765510e+02 4.700151341371019953e+02 3.605838046871266442e+02
6.854238642270591981e+02 4.725329067030636452e+02 3.612174062988610785e+02
6.856604376970576595e+02 4.770953071028919226e+02 3.605195563631576761e+02
6.865051962856531418e+02 4.796164966891293489e+02 3.607680035950415345e+02
6.882177484872802324e+02 4.844072474127953569e+02 3.614088943085854453e+02
6.891252059222136950e+02 4.868954270712594621e+02 3.617532774506226474e+02
6.910186549912698410e+02 4.918225631863718377e+02 3.625988850161376718e+02
6.921456270344857558e+02 4.942034482175292283e+02 3.630554372723151459e+02
6.944011698111658006e+02 4.990115887766823448e+02 3.641076204842266861e+02
6.954029774743457892e+02 5.012681982352798400e+02 3.645586570691673387e+02
6.977679868878401521e+02 5.056322451577153174e+02 3.656128795535821041e+02
6.988368705602531463e+02 5.078080384134933070e+02 3.660860389370137113e+02
7.023121819921876750e+02 5.133614155279659599e+02 3.683280611153793984e+02
7.034045310751683928e+02 5.149619955995400460e+02 3.694085933374130377e+02
7.056124833963723404e+02 5.180825166053044768e+02 3.710260537805638705e+02
7.066730813859404634e+02 5.195890722192331168e+02 3.717539116853894825e+02
7.090461200315558017e+02 5.223328882297354312e+02 3.737506638739010896e+02
7.113797553098662547e+02 5.246975458356450872e+02 3.756883513205847294e+02
7.124834918385155333e+02 5.257621365862255516e+02 3.766150688588876960e+02
7.148070610624563415e+02 5.276967737152513109e+02 3.787255449483440088e+02
7.159527322593186227e+02 5.287280755417694991e+02 3.797722488962529042e+02
7.182066277407600410e+02 5.305348094008392081e+02 3.815824705948812721e+02
7.206441827293344886e+02 5.321040086855857680e+02 3.834671559216599235e+02
7.218480145307509019e+02 5.328334843545003423e+02 3.844118806546679821e+02
7.240909498522642025e+02 5.342970061155888288e+02 3.861408149508670817e+02
7.275875775303816226e+02 5.363047489734397004e+02 3.888897515750499565e+02
7.289708580894222223e+02 5.372379886393144943e+02 3.896802431284509680e+02
7.314509121164184080e+02 5.384550350546298887e+02 3.912447495414827472e+02
7.325285863516003246e+02 5.390061045983777603e+02 3.918319497884660336e+02
7.347851241813632441e+02 5.402451341637208770e+02 3.928950760000802234e+02
7.372271867379598689e+02 5.413921484010309086e+02 3.942201503367864461e+02
7.394680405473819746e+02 5.426657209291161053e+02 3.952915800487057822e+02
7.406238684405586810e+02 5.434594074176607137e+02 3.961271547635901698e+02
7.415354641957071635e+02 5.442510174169078709e+02 3.963820703207102270e+02
7.437510285980582694e+02 5.464261313969375351e+02 3.978010997408250660e+02
7.459814656395197972e+02 5.489895823270975370e+02 3.988721310651381486e+02
7.484266643432071078e+02 5.517886932433650600e+02 4.002759683191690669e+02
7.494859212508363271e+02 5.534346283446087682e+02 4.004686491547848846e+02
7.507939331229039226e+02 5.549276110756652542e+02 4.010939201034709640e+02
7.532898532915814940e+02 5.583356796032205693e+02 4.021209901671850844e+02
7.557991086932214557e+02 5.620761948046642829e+02 4.027992065389621530e+02
7.584247235622619883e+02 5.661773544929490072e+02 4.033939682501219863e+02
7.611268637516570834e+02 5.704251691716782489e+02 4.040549938108981678e+02
7.626319678354432199e+02 5.726461808898486652e+02 4.046578087088090001e+02
7.639803989872972352e+02 5.749921889235456547e+02 4.046613449818412960e+02
7.664883183831340148e+02 5.795358258295497080e+02 4.047438340706045210e+02
7.678473485312354114e+02 5.820223366302731165e+02 4.048689193612484587e+02
7.709768363177308856e+02 5.868777091092454157e+02 4.054458714356625251e+02
7.721855076621659464e+02 5.893179343074637018e+02 4.050634389837081244e+02
7.749059668337185940e+02 5.939313060489419058e+02 4.049263596811211983e+02
7.776126694417771432e+02 5.983078074162619941e+02 4.051813176081333836e+02
7.799148756961144500e+02 6.026282422213985228e+02 4.055895097563543459e+02
7.812254148724015295e+02 6.046255116774010503e+02 4.059758699602114689e+02
7.838226891959621980e+02 6.085629339690055986e+02 4.068817549985230926e+02
7.850864122874793338e+02 6.105998468153570684e+02 4.071814517950546133e+02
7.872914459914121608e+02 6.148927611466355074e+02 4.074630285019636631e+02
7.887801342035832022e+02 6.169943445237840933e+02 4.078883022175650694e+02
7.909368688651427419e+02 6.215172574314190115e+02 4.079555050829755487e+02
7.920895323644606378e+02 6.238377930860627885e+02 4.079027837626962310e+02
7.946032105148332221e+02 6.281554403225004535e+02 4.083793883512111051e+02
7.970961851902059152e+02 6.323242633044809509e+02 4.090246083279793652e+02
7.995367097744615421e+02 6.364796212822794814e+02 4.091889881758512502e+02
8.007257282985046913e+02 6.385481986990999985e+02 4.094176571117830008e+02
8.033420170186714131e+02 6.424493650692428446e+02 4.099387581825184270e+02
8.058217932764057423e+02 6.463965839878567294e+02 4.101207248246728909e+02
8.070284701845353084e+02 6.483845004230920495e+02 4.098770299315694956e+02
8.083348504052128192e+02 6.503942482059010217e+02 4.098412650220527667e+02
8.110126454018735558e+02 6.542828384831908579e+02 4.096794742522323531e+02
8.124198881334588123e+02 6.562710338514310706e+02 4.095995148883587262e+02
8.153138155630035726e+02 6.602242615124860095e+02 4.094265718810224826e+02
8.184438869355697079e+02 6.639048036250862879e+02 4.091655826595441567e+02
8.212972254805491730e+02 6.679649679755937086e+02 4.085208613042869388e+02
8.229405724300693237e+02 6.698525311851299193e+02 4.084044370972659408e+02
8.246007677429907972e+02 6.717817722754259648e+02 4.083974747258254183e+02
8.279247710401548375e+02 6.755402839303303608e+02 4.086955108986504683e+02
8.311081654276723611e+02 6.793696848414501801e+02 4.090804300328093746e+02
8.327054134097965061e+02 6.811083357995387360e+02 4.093186737399619233e+02
8.357543940207119704e+02 6.846481333965228941e+02 4.102966593945263867e+02
8.372828268376963479e+02 6.864706023739737475e+02 4.107963635860718909e+02
8.372828268376963479e+02 6.864706023739737475e+02 4.107963635860718909e+02
8.426567386463038929e+02 6.941183188886597009e+02 4.123107834645778667e+02
8.458098592384110361e+02 6.980111235444603608e+02 4.138086741522625402e+02
8.471225232428867002e+02 6.999386534323788283e+02 4.143719408443024577e+02
8.496117404026426811e+02 7.043756210602673491e+02 4.148689494512792635e+02
8.509230216444808548e+02 7.064328211755889697e+02 4.154828444327444572e+02
8.539048751860887023e+02 7.104807350390813099e+02 4.168882285736234508e+02
8.547136823284665752e+02 7.128470427299967014e+02 4.166786272475852684e+02
8.578912483487787313e+02 7.170522451070950183e+02 4.180374973354760755e+02
8.588703225785144468e+02 7.191113312481726325e+02 4.182670345282152766e+02
8.611473586581424797e+02 7.235888972742168335e+02 4.185816804978960022e+02
8.639555343108580701e+02 7.278139929450364889e+02 4.196049223945480549e+02
8.665665751051058123e+02 7.315829753512538218e+02 4.205162730161337095e+02
8.678464683419109633e+02 7.336873633071206768e+02 4.207570879616192201e+02
8.703709696361866008e+02 7.379022493722567333e+02 4.208818121532148666e+02
8.728210360132611640e+02 7.420147519696790823e+02 4.210509458679046588e+02
8.741526150225363381e+02 7.441213988603954022e+02 4.211384023192477457e+02
8.754673316317147282e+02 7.459700877008835960e+02 4.212389092200435243e+02
8.781369048797628238e+02 7.500746727607040611e+02 4.211682921675242710e+02
8.806643681513272668e+02 7.544900172601270469e+02 4.205677478802850828e+02
8.820755073946679659e+02 7.564864693031664729e+02 4.204832547170318549e+02
8.849422642581449736e+02 7.607823293971797511e+02 4.200982286610365009e+02
8.876845699455053591e+02 7.649475827751523411e+02 4.194511257415853152e+02
8.891411440601716549e+02 7.670538235943512291e+02 4.191695477874684457e+02
8.920080392308941555e+02 7.712954303847193387e+02 4.185647598118969199e+02
8.953608480892505668e+02 7.752981021008471316e+02 4.188868472796513061e+02
8.969840060632089944e+02 7.773743697032125510e+02 4.187752569022719058e+02
8.982517578004742518e+02 7.796084575008945876e+02 4.183183978195472150e+02
9.009891095121126909e+02 7.839929479040481510e+02 4.178392798869888338e+02
9.036236869185403293e+02 7.881049332125443243e+02 4.176565895966750759e+02
9.047504821020438612e+02 7.900081346730570431e+02 4.177673030530168035e+02
9.067788309281867214e+02 7.932180713111846444e+02 4.186212183708290695e+02
9.087892101371194258e+02 7.960060590618726337e+02 4.203090516336795304e+02
9.094794084213713177e+02 7.972842217288432494e+02 4.212060395723061106e+02
9.110093061387119633e+02 7.997186192550551596e+02 4.231900919185581529e+02
9.116743244457325090e+02 8.010435834970828637e+02 4.241220822904242027e+02
9.131792512140649478e+02 8.035823977753046847e+02 4.259753498110533201e+02
9.138764985690389722e+02 8.050483949711086780e+02 4.268489586659074462e+02
9.156263230759228691e+02 8.081014445394340555e+02 4.287273506983148081e+02
9.165512697787617071e+02 8.095972482124168437e+02 4.296326008351110772e+02
9.183659009487147387e+02 8.128995187686562076e+02 4.316814344944796744e+02
9.203169707337721093e+02 8.162543514213826938e+02 4.336946044911233571e+02
9.223593598025494202e+02 8.198470355225240382e+02 4.357577486394508810e+02
9.234202537912024127e+02 8.217078356388265092e+02 4.366589265143551870e+02
9.256161036251137375e+02 8.254820225926979447e+02 4.385242196598404689e+02
9.268469854234984950e+02 8.273949430373892255e+02 4.396407714690057560e+02
9.290672071327710455e+02 8.313811606209217189e+02 4.410838977179595872e+02
9.315579337202176475e+02 8.353651562558608248e+02 4.427069348470772070e+02
9.327280235146879477e+02 8.373335797856627778e+02 4.433707570446624118e+02
9.339919142317006617e+02 8.393840187842517935e+02 4.439682121084671849e+02
9.364850340250708314e+02 8.433680576606209343e+02 4.450854225147053853e+02
9.387576692715308582e+02 8.473779031405953219e+02 4.457846235351261157e+02
9.411170815176261613e+02 8.511940777376887581e+02 4.463937659813837513e+02
9.422886826693221565e+02 8.531032270960366759e+02 4.468018313387482294e+02
9.444316485718228478e+02 8.566586735128804548e+02 4.475603632918505923e+02
9.456062358459429333e+02 8.583922682614644373e+02 4.480637697116503659e+02
9.478728311131924329e+02 8.616405546985374713e+02 4.490555892944406082e+02
9.490933165208891751e+02 8.632162173758881636e+02 4.497770832615173049e+02
9.511064072401335352e+02 8.664033648416423148e+02 4.507508018506222243e+02
9.521694695624173619e+02 8.678683246099119515e+02 4.513078728496927852e+02
9.543202813661878281e+02 8.708585410000557658e+02 4.523463561789245659e+02
9.543202813661878281e+02 8.708585410000557658e+02 4.523463561789245659e+02
9.575149192273109975e+02 8.752459662512106888e+02 4.537828019387535505e+02
9.597326052922572899e+02 8.781553733925220513e+02 4.546190519339936031e+02
9.618834272948624857e+02 8.810862471177524640e+02 4.553578990781502398e+02
9.629894589559493170e+02 8.825573249662488706e+02 4.556761940375635049e+02
9.653309130508649787e+02 8.855159786487414522e+02 4.564701686530669917e+02
9.664577060991254029e+02 8.869875805325942792e+02 4.566828502957075102e+02
9.686246593618701581e+02 8.899002303510936827e+02 4.570642695779962423e+02
9.697316592777525557e+02 8.912992057707525646e+02 4.572114687417735581e+02
9.717479956084605419e+02 8.942182996245802542e+02 4.572186581264081724e+02
9.739350225100404259e+02 8.970887886392257542e+02 4.574532716952452347e+02
9.761349908101636856e+02 8.998992055364307134e+02 4.576263239849291722e+02
9.771323380007216883e+02 9.013116108994393016e+02 4.576529507599003637e+02
9.792413913317527658e+02 9.041104936122221716e+02 4.578110128263930392e+02
9.813467013819565636e+02 9.067965752161408091e+02 4.579446318978086197e+02
9.834306819285993697e+02 9.095729220834624584e+02 4.581838374123061612e+02
9.834306819285993697e+02 9.095729220834624584e+02 4.581838374123061612e+02
9.855050288925257291e+02 9.121773092328809298e+02 4.583141675167145763e+02
9.865399233628135107e+02 9.134871478302695778e+02 4.585033623305052402e+02
9.894246814364851161e+02 9.176024978558946259e+02 4.585818597942333099e+02
9.904320333679487476e+02 9.189297848604306864e+02 4.587299936275053938e+02
9.923562687784591390e+02 9.216553644196183086e+02 4.587785108977406026e+02
9.933962460414971929e+02 9.230257206210550294e+02 4.588781426210319410e+02
9.954177964706394732e+02 9.257402595699356880e+02 4.589901714619497284e+02
9.964257861589053391e+02 9.271355681175081145e+02 4.590399588519903773e+02
9.984844815668907358e+02 9.298807188920592353e+02 4.591926250210574381e+02
9.994763281422171985e+02 9.312609406540198052e+02 4.592297435091304578e+02
1.001457067197305150e+03 9.341012398186202290e+02 4.592944844508125470e+02
1.002680297232218777e+03 9.353400192590490860e+02 4.596563948609253885e+02
1.004604496623577575e+03 9.381821189578741951e+02 4.596897585644994706e+02
1.007749406201493002e+03 9.422943062493823163e+02 4.600783991859282764e+02
1.008785550916663738e+03 9.436098181047341313e+02 4.602159256890446386e+02
1.009750351806406798e+03 9.449934910756137469e+02 4.603279390839486496e+02
1.010792715760398210e+03 9.463225156945096614e+02 4.605319001897141220e+02
1.012793683364959065e+03 9.488906392416024573e+02 4.608462314304787242e+02
1.014897073231711261e+03 9.513790691827376804e+02 4.613423438921682873e+02
1.015791875180058469e+03 9.527330551470116689e+02 4.613737067065340511e+02
1.017764847968073809e+03 9.551942482918517499e+02 4.616346254218593685e+02
1.019825459362533479e+03 9.577428542977024790e+02 4.619088147379707721e+02
1.020886679897452041e+03 9.589714564025007348e+02 4.620585481568365367e+02
1.022927223908388783e+03 9.615416569955398245e+02 4.622752477921127934e+02
1.025025630803340619e+03 9.641820478968240877e+02 4.623474164394772856e+02
1.026134455466735972e+03 9.654009590084484671e+02 4.624071630221306464e+02
1.028219103328399569e+03 9.680551972647085677e+02 4.623671516325638322e+02
1.030455040640317748e+03 9.705321124085733118e+02 4.622344586429411493e+02
1.030455040640317748e+03 9.705321124085733118e+02 4.622344586429411493e+02
1.032647956335547633e+03 9.732313634845743309e+02 4.619305433680494275e+02
1.034834173061389720e+03 9.759863538528221625e+02 4.614044113184856428e+02
1.036040710691414461e+03 9.772525790103517238e+02 4.611533985634483201e+02
1.036040710691414461e+03 9.772525790103517238e+02 4.611533985634483201e+02
1.040662291171509196e+03 9.829892716299862059e+02 4.598406409781078992e+02
1.042978465119763541e+03 9.860089680669251493e+02 4.592398405376312098e+02
1.044167487116389339e+03 9.876271617976228754e+02 4.590232067270040375e+02
1.046406168206966186e+03 9.909487051425305708e+02 4.588261466637863464e+02
1.047554428668970104e+03 9.925713668927020308e+02 4.588587434464711237e+02
1.049684685865192705e+03 9.957858129774635927e+02 4.590513064196406390e+02
1.050614430974609604e+03 9.974087826422114631e+02 4.591333991467562328e+02
1.052675161794408496e+03 1.000449017721377118e+03 4.595845178173542536e+02
1.054629869778267448e+03 1.003400687594732403e+03 4.601323725400821445e+02
1.056488126046316211e+03 1.006264424201593783e+03 4.607455696330185901e+02
1.056488126046316211e+03 1.006264424201593783e+03 4.607455696330185901e+02
1.056488126046316211e+03 1.006264424201593783e+03 4.607455696330185901e+02
1.060082891184543996e+03 1.011767870900109529e+03 4.622882511763832554e+02
1.061782023432889218e+03 1.014656430068409122e+03 4.629540329858580776e+02
1.062608522798596141e+03 1.016146909334440011e+03 4.632256096135384382e+02
1.064451845994948826e+03 1.018948443159268663e+03 4.639504223421737947e+02
1.065294569329807700e+03 1.020398795695415970e+03 4.642505129823876473e+02
1.067065765313701149e+03 1.023221376974599934e+03 4.648747049028737024e+02
1.068707342189790324e+03 1.026227931286000967e+03 4.653772816151223992e+02
1.069511386727046101e+03 1.027691565993964787e+03 4.656268394816730165e+02
1.071312151088078281e+03 1.030574273822406894e+03 4.661933107411038577e+02
1.072026871661533960e+03 1.032168882884669983e+03 4.662151963796958398e+02
1.073669135604749272e+03 1.035262600801288727e+03 4.665222379444302305e+02
1.075271391962295411e+03 1.038336062007684404e+03 4.667112503207466716e+02
1.076179956257114100e+03 1.039924257347960520e+03 4.668699559333608136e+02
1.077814715585068598e+03 1.043065870190372607e+03 4.669750274957223155e+02
1.078621961104289085e+03 1.044575032434420791e+03 4.670212756548926905e+02
1.080326069873707183e+03 1.047694355524361072e+03 4.671195966299542874e+02
1.081961180476763957e+03 1.050806609640311308e+03 4.671095683753061962e+02
1.082833005387180265e+03 1.052355875837493613e+03 4.671159189996561167e+02
1.082833005387180265e+03 1.052355875837493613e+03 4.671159189996561167e+02
1.086128942172925008e+03 1.058473957306344346e+03 4.669591666138289838e+02
1.087007465450328482e+03 1.059962313469366109e+03 4.669119018947587278e+02
1.088625999342115165e+03 1.062998553052311763e+03 4.666809521329325321e+02
1.089506531420734518e+03 1.064513622541814584e+03 4.666486173554761194e+02
1.091231665592366653e+03 1.067645078737630456e+03 4.664433103192537828e+02
1.092047697548613087e+03 1.069206634355166443e+03 4.662935274125392766e+02
1.093788979091978490e+03 1.072415789643596554e+03 4.658818856818023164e+02
1.094735077287603644e+03 1.074020355736046440e+03 4.657797991775780133e+02
1.096482687763342483e+03 1.077163140749599734e+03 4.655137316292990590e+02
1.098190160307631459e+03 1.080324675063702671e+03 4.651620263601970464e+02
1.099864286489269716e+03 1.083555163549464169e+03 4.647040528790798248e+02
1.100658011039886787e+03 1.085215432996677464e+03 4.643844620552521860e+02
1.101483204646855938e+03 1.086762867649098098e+03 4.641853178396882527e+02
1.103353709640844954e+03 1.090008568708996563e+03 4.637481021053400241e+02
1.105122861269439909e+03 1.093268538102139246e+03 4.632337228994712177e+02
1.105989468381529832e+03 1.094915108636801051e+03 4.628934911255968814e+02
1.107836791585589253e+03 1.098304185323906722e+03 4.624146014699571765e+02
1.108576466135113833e+03 1.100035837626640614e+03 4.621369823691377405e+02
1.109910124502773897e+03 1.103306837802558903e+03 4.614680489891682100e+02
1.111789744688094743e+03 1.106871392257813341e+03 4.612462253583559004e+02
1.113257301283471406e+03 1.110156241171690226e+03 4.609629638715590545e+02
1.114047443102453144e+03 1.111778458905919933e+03 4.608693683727267398e+02
1.115509685853401379e+03 1.114979875656572858e+03 4.607260135382682620e+02
1.116380206000746057e+03 1.116780215688791259e+03 4.607413654052975289e+02
1.117706980466926552e+03 1.120001384278726619e+03 4.605950022915997124e+02
1.118609513189382369e+03 1.121616629199847011e+03 4.606307213639775000e+02
1.120063950721699939e+03 1.125154595652083572e+03 4.606015466409307919e+02
1.120887928378850575e+03 1.126847578218214721e+03 4.606317952731599235e+02
1.122392536116386509e+03 1.130378222116514735e+03 4.606046647597192987e+02
1.123132793037705596e+03 1.132140947513147694e+03 4.606901141012954781e+02
1.125397038071189172e+03 1.137121163072471973e+03 4.605628582195080867e+02
1.126192601426721922e+03 1.138908576902085997e+03 4.606922365078470989e+02
1.127802058948949480e+03 1.142360010469396457e+03 4.607954195576797929e+02
1.128571271536888389e+03 1.144008002399857787e+03 4.608416644961807833e+02
1.130173380076009835e+03 1.147386726299018392e+03 4.610710221976879097e+02
1.130992829754526383e+03 1.149003526812941573e+03 4.611071801410227522e+02
1.132469456944699687e+03 1.152329383781051092e+03 4.612706907119043649e+02
1.133218215705672492e+03 1.153966319323339803e+03 4.613583656923438525e+02
1.136252391877210357e+03 1.159329523566581429e+03 4.613698483253498352e+02
1.137005774989391739e+03 1.160983289191155336e+03 4.616181773995346020e+02
1.138356658468100704e+03 1.164195336545622467e+03 4.617311429952410435e+02
1.139043618768774877e+03 1.165733308670696488e+03 4.617385312012622762e+02
1.140615171015401529e+03 1.169132958442584368e+03 4.618769802364585644e+02
1.142477422596405631e+03 1.172864792844633257e+03 4.627052767435656619e+02
1.143380848186448929e+03 1.174623043308456772e+03 4.628290546205388409e+02
1.144073376019695161e+03 1.176235924613912857e+03 4.627811122442523128e+02
1.146001519427470157e+03 1.179757027903384369e+03 4.633616274803264332e+02
1.147489864598967870e+03 1.183159358919979923e+03 4.631690601966522536e+02
1.149043256371343205e+03 1.186292789258754965e+03 4.631518664015183049e+02
1.149043256371343205e+03 1.186292789258754965e+03 4.631518664015183049e+02
1.151371280223179383e+03 1.191131229178680996e+03 4.629925452015618816e+02
1.152203301783983306e+03 1.192684178722475735e+03 4.629083678241140092e+02
1.153665835117584038e+03 1.195895853206887068e+03 4.625693167398334822e+02
1.154565739961503596e+03 1.197502077928183326e+03 4.624958729222004195e+02
1.156107279516253584e+03 1.201289026924389418e+03 4.617402271520328441e+02
1.157004904211248913e+03 1.202758638461675446e+03 4.615843504839257889e+02
1.158855507766651726e+03 1.206150175290973948e+03 4.611376249426651270e+02
1.159737029576715031e+03 1.207933796162874160e+03 4.608176061207527709e+02
1.162386944457874051e+03 1.213087122552183246e+03 4.596902643782794371e+02
1.163154422581201970e+03 1.214889173092663214e+03 4.592701939461671259e+02
1.164363952956498451e+03 1.216723371137451977e+03 4.589022436254476247e+02
1.166164896320290381e+03 1.220288428047801744e+03 4.579837601085419010e+02
1.167883046663508821e+03 1.224185098380246245e+03 4.571705758422749000e+02
1.169080291020400409e+03 1.226358989309843082e+03 4.571284371609590380e+02
1.171921650907384901e+03 1.232499284307178186e+03 4.573211730793873357e+02
1.171921650907384901e+03 1.232499284307178186e+03 4.573211730793873357e+02
1.173673169758642644e+03 1.236540284816715712e+03 4.578522874255641000e+02
1.174594152133066473e+03 1.238535592733878275e+03 4.582205450566550553e+02
1.176236202026121191e+03 1.242325312070914833e+03 4.589431426457732073e+02
1.177764701104724281e+03 1.245257160171407577e+03 4.590570749582494159e+02
1.179525001394420769e+03 1.248794076675511178e+03 4.600654769021235779e+02
1.180229507453794440e+03 1.250454965992238613e+03 4.604360115829645110e+02
1.181851051673852453e+03 1.253719080405083560e+03 4.611854664902830336e+02
1.182625209123925060e+03 1.255263374544474800e+03 4.614554751102489831e+02
1.184213897468394407e+03 1.258237864639638019e+03 4.618641548340824556e+02
1.185186925329751830e+03 1.260065969022337640e+03 4.624849137293550143e+02
1.186935609309950905e+03 1.263273797135234645e+03 4.630739358073649328e+02
1.187630064746010703e+03 1.264761034178148975e+03 4.631805516043005468e+02
1.187630064746010703e+03 1.264761034178148975e+03 4.631805516043005468e+02
