2.212810771699234635e+02 -1.733547520677770990e+03 4.277364866930112726e+02
2.211829501915137826e+02 -1.733535818622773604e+03 4.276996952915947077e+02
2.215102724432972252e+02 -1.733958976221905004e+03 4.281068755869206939e+02
2.215102724432972252e+02 -1.733958976221905004e+03 4.281068755869206939e+02
2.217609388394397740e+02 -1.733483285214229227e+03 4.285127817938671342e+02
2.214911202665025769e+02 -1.733054428561580607e+03 4.286994865891674067e+02
2.213086529345509916e+02 -1.732667621071024996e+03 4.295897782177123645e+02
2.210145495859378570e+02 -1.732435705377217801e+03 4.298742442117848555e+02
2.203800037585959899e+02 -1.732220486223220405e+03 4.311727267767628859e+02
2.201229850356222357e+02 -1.731862500499659063e+03 4.318504049106749108e+02
2.195527020122032411e+02 -1.731347556414149267e+03 4.330274540227592865e+02
2.191228822426823513e+02 -1.731155373361197690e+03 4.336278052204006599e+02
2.188917971371570843e+02 -1.730635857023384006e+03 4.361996944355463484e+02
2.188917971371570843e+02 -1.730635857023384006e+03 4.361996944355463484e+02
2.186104397300973403e+02 -1.730201767120346631e+03 4.378413548722714381e+02
2.178970552611332323e+02 -1.729331343118741870e+03 4.392388780858238420e+02
2.179380156719357444e+02 -1.728851123102041356e+03 4.412037223957261745e+02
2.174628572805233659e+02 -1.728129616197649739e+03 4.418491898388361960e+02
2.173072268808604406e+02 -1.726894925295117218e+03 4.435315054475039460e+02
2.175159246952738101e+02 -1.726522838507080678e+03 4.445463093861029620e+02
2.174555065851302800e+02 -1.725337497672444897e+03 4.466387111396047089e+02
2.172530363533581976e+02 -1.724237581753473705e+03 4.469945377555113737e+02
2.168693162696280865e+02 -1.722517096003872894e+03 4.481781655419313211e+02
2.175184933346916125e+02 -1.720454426882780126e+03 4.501753117869109815e+02
2.170787047227969424e+02 -1.718554239321701061e+03 4.511199920567788126e+02
2.172439111781671102e+02 -1.717521324038683815e+03 4.519847626921045389e+02
2.174374515484070685e+02 -1.715260427604788447e+03 4.534128538109918622e+02
2.172246159095448945e+02 -1.713823406837933817e+03 4.534690774026097984e+02
2.170090985791125320e+02 -1.711451319302572756e+03 4.545002031062065839e+02
2.171091805937987829e+02 -1.708809620814581649e+03 4.551663747168304894e+02
2.170550694693120022e+02 -1.707508409989510483e+03 4.553908313768368998e+02
2.169548974906513195e+02 -1.706317530011025610e+03 4.556048142598085064e+02
2.169399850464574797e+02 -1.703830038211710416e+03 4.558180512589976274e+02
2.169447308756455186e+02 -1.701652416123573175e+03 4.561085779618626930e+02
2.174406444580902473e+02 -1.699307837344609425e+03 4.564124253070719988e+02
2.171133169668737253e+02 -1.698124901421688264e+03 4.559989555072214671e+02
2.176512432704464004e+02 -1.696030996222677686e+03 4.564518801547119438e+02
2.177704072968144544e+02 -1.694991774567984294e+03 4.566157988494168194e+02
2.172205038740056864e+02 -1.692885916486163069e+03 4.566755162614247183e+02
2.172555511796635130e+02 -1.691743623018398011e+03 4.568621183601254643e+02
2.175523100076121352e+02 -1.689434098923788497e+03 4.574225221094293943e+02
2.177628308088700919e+02 -1.688264181015726990e+03 4.576184636310479164e+02
2.185114889785129151e+02 -1.684661818004799443e+03 4.581059465719163200e+02
2.185114889785129151e+02 -1.684661818004799443e+03 4.581059465719163200e+02
2.186840385349465521e+02 -1.683110573006998493e+03 4.581966987402518043e+02
2.186840385349465521e+02 -1.683110573006998493e+03 4.581966987402518043e+02
2.194175743046640150e+02 -1.675421059862770107e+03 4.587797584818266614e+02
2.192982963743484959e+02 -1.673653088569131796e+03 4.585260122454080260e+02
2.194583433344170942e+02 -1.670775580541017234e+03 4.587418728789928650e+02
2.195760638342163986e+02 -1.669041702629646579e+03 4.584286442278634581e+02
2.200128251030770912e+02 -1.665968194727328409e+03 4.584312406554581116e+02
2.200333955157428534e+02 -1.664403790332373774e+03 4.582768482434990460e+02
2.204115641361126450e+02 -1.661734601585360906e+03 4.582864571415690875e+02
2.202672403926160030e+02 -1.660161747829317619e+03 4.577945673185726605e+02
2.206416505061975499e+02 -1.657497246479171508e+03 4.576313774807003938e+02
2.205788416170637447e+02 -1.654599862339440506e+03 4.569483468110478839e+02
2.209348737138140848e+02 -1.651737581083089253e+03 4.567429789482089859e+02
2.210827095207665423e+02 -1.650270615550072989e+03 4.565968986570397874e+02
2.209499204110742596e+02 -1.647331695348435915e+03 4.561381778856792266e+02
2.212417411409609542e+02 -1.645657420436354869e+03 4.559603063900822235e+02
2.213535603178848419e+02 -1.642488780560877331e+03 4.556482408772667441e+02
2.215480164617908940e+02 -1.640682081247037559e+03 4.553696494062851343e+02
2.216645053620659667e+02 -1.637199907165852665e+03 4.548278725046716318e+02
2.217779877961989143e+02 -1.633701126978083039e+03 4.543098954752594523e+02
2.218033661617407120e+02 -1.630040138007078212e+03 4.536062603953765233e+02
2.220666296702557077e+02 -1.628180881365206233e+03 4.533661050201239391e+02
2.218461077920312050e+02 -1.624189031465766902e+03 4.527158512876684426e+02
2.222310499687929735e+02 -1.622608453972595726e+03 4.526013715880052928e+02
2.225411232208793422e+02 -1.618848113295262920e+03 4.518581511105243180e+02
2.229748368318792302e+02 -1.615127566948780895e+03 4.513188715181402699e+02
2.231666408034477911e+02 -1.613200436615273702e+03 4.510586847487641080e+02
2.234118119845496153e+02 -1.611393222937067321e+03 4.507774071973557284e+02
2.235240672228672736e+02 -1.607630749482052806e+03 4.500832660927353572e+02
2.240354237524834105e+02 -1.603869829729992489e+03 4.495794279717883342e+02
2.242629312826060755e+02 -1.602101526214992191e+03 4.494164615084253001e+02
2.245421052198507539e+02 -1.598530816844337323e+03 4.491456098211163521e+02
2.248433620427702238e+02 -1.595056159158146102e+03 4.489875641378495175e+02
2.246474086781907715e+02 -1.593305784886682659e+03 4.487610868189693178e+02
2.248950240801377447e+02 -1.589677386171375929e+03 4.484874297352940289e+02
2.254886278520425833e+02 -1.587796245382438201e+03 4.486101790119303701e+02
2.254990425920284736e+02 -1.583962108762844537e+03 4.482390377804288732e+02
2.259839288119500793e+02 -1.581996250161089847e+03 4.482896118372775618e+02
2.262956384358081436e+02 -1.578027859219052971e+03 4.478863467459443086e+02
2.266726179463024096e+02 -1.573977964909973707e+03 4.476601527610153539e+02
2.272985547473884083e+02 -1.569832711208242927e+03 4.474524928850820515e+02
2.273523976565500959e+02 -1.567789656448751657e+03 4.472461434067965911e+02
2.276949821838460366e+02 -1.565924654121691219e+03 4.473593595626374508e+02
2.280587204815266773e+02 -1.561714421069949822e+03 4.466001315291678111e+02
2.286265992800928757e+02 -1.557524160687619769e+03 4.461048875001933993e+02
2.287347072436284350e+02 -1.555565075639726729e+03 4.459793567275651753e+02
2.292451230319042850e+02 -1.553319866502027480e+03 4.453303412311961438e+02
2.300338862019870589e+02 -1.547104480752998825e+03 4.441406692397301299e+02
2.302273885774858684e+02 -1.544764711058879129e+03 4.434330082605173970e+02
2.312596339398927512e+02 -1.539903021957172996e+03 4.422946632654733321e+02
2.313632228681240406e+02 -1.537211446082491875e+03 4.413803116467097425e+02
2.320285271919839545e+02 -1.531324458819679421e+03 4.401507898872745841e+02
2.326900366852148920e+02 -1.525293413742676876e+03 4.390129631778126509e+02
2.333542486651100489e+02 -1.522326431312557588e+03 4.388934198191560654e+02
2.337558162237049828e+02 -1.516210065612064454e+03 4.383262743920113849e+02
2.340305719353281688e+02 -1.513443239266485762e+03 4.380976675698900635e+02
2.347026882098577403e+02 -1.508324673612218248e+03 4.382060284689630976e+02
2.357432829898505418e+02 -1.503687342062879907e+03 4.390235622668014344e+02
2.356482995545932511e+02 -1.501491662478262697e+03 4.392149010837011929e+02
2.366387693764619939e+02 -1.497289873066953078e+03 4.400799432064513894e+02
2.372931639498266065e+02 -1.493187871632181896e+03 4.410860597557703500e+02
2.379830517175848854e+02 -1.491067447501100105e+03 4.416778930388650224e+02
2.381509811587866352e+02 -1.489106969260336655e+03 4.418830404733156456e+02
2.394224607231137156e+02 -1.484917384146820268e+03 4.431631350098640496e+02
2.401014863097717580e+02 -1.480508622398849184e+03 4.438795513817137248e+02
2.409454441570546805e+02 -1.478415254865363977e+03 4.447424935826259684e+02
2.414948724277082874e+02 -1.473802168156718153e+03 4.450579547258812454e+02
2.426856322770002521e+02 -1.469608576495669467e+03 4.456149812579900527e+02
2.430264706499863223e+02 -1.467041628002084735e+03 4.459275564954557467e+02
2.441372625383485513e+02 -1.462563808164391276e+03 4.465108957287979479e+02
2.446018085382054039e+02 -1.460308298018423784e+03 4.467889015605111354e+02
2.453846121674507685e+02 -1.455712889070299525e+03 4.470633171213896162e+02
2.464618438393572433e+02 -1.451375003115145319e+03 4.473349363260703626e+02
2.468698388495874951e+02 -1.449011407830483904e+03 4.473548558960572450e+02
2.470040496222384832e+02 -1.444770431758135373e+03 4.469708432953199235e+02
2.478552327058937408e+02 -1.442496143307495458e+03 4.472307297941008528e+02
2.483689575627912802e+02 -1.437702753534324756e+03 4.468945136833721108e+02
2.490010963330616391e+02 -1.433015264510912857e+03 4.467558415863972527e+02
2.496052924715114614e+02 -1.430552647765902066e+03 4.467047306073266100e+02
2.507980953200068939e+02 -1.425505871027863577e+03 4.472408504135651697e+02
2.507980953200068939e+02 -1.425505871027863577e+03 4.472408504135651697e+02
2.515760835938705497e+02 -1.418068844199680598e+03 4.468149792363012125e+02
2.524168434967638177e+02 -1.415704651693904680e+03 4.469181689977061751e+02
2.527537770641030477e+02 -1.410647861078444521e+03 4.461777480609195550e+02
2.529365523824544653e+02 -1.405977442771446476e+03 4.454915779743733424e+02
2.539854517348828438e+02 -1.401183692015330280e+03 4.460495773890805253e+02
2.539424229562939388e+02 -1.398851714170996047e+03 4.462539746700852561e+02
2.542731236917379647e+02 -1.397002592118913981e+03 4.467697007976972827e+02
2.545960477217155074e+02 -1.391061749624596587e+03 4.485075248468625659e+02
2.543837856068877272e+02 -1.389363292649844425e+03 4.487330312359381992e+02
2.542519049876588326e+02 -1.385587433346990792e+03 4.499632897141752892e+02
2.544525781946012444e+02 -1.383481347345289123e+03 4.505572226065679615e+02
2.540325538585846630e+02 -1.379615705539384862e+03 4.513106694240127581e+02
2.542180194340576236e+02 -1.378237168165090452e+03 4.518127573232824261e+02
2.549254504675989494e+02 -1.374312082424390610e+03 4.529190370378091188e+02
2.547903389039008459e+02 -1.372433583498813505e+03 4.530788433349582647e+02
2.549169267202429410e+02 -1.368302870700210406e+03 4.540826933341729728e+02
2.551927576797310451e+02 -1.364219496619340134e+03 4.546344524305772552e+02
2.554151083005290275e+02 -1.361952368575469563e+03 4.545596346922679913e+02
2.556719290446296782e+02 -1.359660166197074659e+03 4.551562758946988652e+02
2.563992684040446761e+02 -1.355068033043678042e+03 4.557986955809209348e+02
2.565651512497620956e+02 -1.350373545288737432e+03 4.562081086785790944e+02
2.571324155378721343e+02 -1.348118219596958170e+03 4.565906798635914470e+02
2.576786854862507425e+02 -1.343690205367576482e+03 4.574177714283162004e+02
2.584959234094044405e+02 -1.339819670382141112e+03 4.581676548621513803e+02
2.587449761923344909e+02 -1.337907781628430484e+03 4.586919603138723573e+02
2.589516122944431800e+02 -1.335924829887474061e+03 4.590236451221217635e+02
2.597546589058523523e+02 -1.332205267557850902e+03 4.598592321720306586e+02
2.606918755064782545e+02 -1.328885277105187924e+03 4.609711836900607409e+02
2.606918755064782545e+02 -1.328885277105187924e+03 4.609711836900607409e+02
2.608934878948670644e+02 -1.327109615601214728e+03 4.612277011026904461e+02
2.622928716567146239e+02 -1.320351344222920943e+03 4.632803655670130070e+02
2.631161553427385797e+02 -1.317649255264495196e+03 4.641642556853398105e+02
2.632752935228859315e+02 -1.315967761877297335e+03 4.643547255372386644e+02
2.635196832832252767e+02 -1.312288405363066204e+03 4.650442959898455797e+02
2.637960654810602819e+02 -1.311384830615857709e+03 4.651598098729597837e+02
2.645647018324646069e+02 -1.308206341807168656e+03 4.657139680375386206e+02
2.651523399289062013e+02 -1.304959965670611609e+03 4.662125830230901897e+02
2.651523399289062013e+02 -1.304959965670611609e+03 4.662125830230901897e+02
2.651523399289062013e+02 -1.304959965670611609e+03 4.662125830230901897e+02
2.666729286810197550e+02 -1.297269196251403855e+03 4.676136298796076858e+02
2.667299397758395685e+02 -1.295731006759605407e+03 4.675075213963810370e+02
2.672720036591492203e+02 -1.294203586133322460e+03 4.680025477992624587e+02
2.675420361010209831e+02 -1.290926026777033258e+03 4.678953166796480332e+02
2.684987693514904095e+02 -1.287479857432072095e+03 4.682737361931016835e+02
2.690052369176206639e+02 -1.283941308166508861e+03 4.684334172993969787e+02
2.690052369176206639e+02 -1.283941308166508861e+03 4.684334172993969787e+02
2.697670895730346956e+02 -1.280254551773424737e+03 4.685680351584175583e+02
2.702386454350358349e+02 -1.276968810669598270e+03 4.686567642631906665e+02
2.706857814276709746e+02 -1.275436660283014817e+03 4.687612848375629255e+02
2.713439522213488431e+02 -1.270666002999429793e+03 4.691977326151628063e+02
2.716452986986583937e+02 -1.269097828668765942e+03 4.694045844923545587e+02
2.716113235084991970e+02 -1.265709100332114758e+03 4.691716493624776945e+02
2.722302520477156804e+02 -1.264349082464156481e+03 4.696025819299886734e+02
2.729913085215305273e+02 -1.261481596573586103e+03 4.703884693055217099e+02
2.732303539650174571e+02 -1.260175497335211730e+03 4.705742862548586345e+02
2.738029091980241105e+02 -1.257157781993552817e+03 4.710265320742857398e+02
2.741690409284460657e+02 -1.255623831872078881e+03 4.713256985401793031e+02
2.748931811347687244e+02 -1.252632271801418256e+03 4.716270074625304005e+02
2.750152200105616203e+02 -1.251009585142011474e+03 4.718469266551151691e+02
2.758379431566741573e+02 -1.246132038392920094e+03 4.721332421364385254e+02
2.761726702492113645e+02 -1.244629008711782035e+03 4.722790215404583023e+02
2.769607334360318873e+02 -1.241407420959972342e+03 4.725900288882141353e+02
2.772946182617619115e+02 -1.239966727758210709e+03 4.728729806121136789e+02
2.780686306354187991e+02 -1.236588318308453836e+03 4.730274898820190970e+02
2.785990668879999816e+02 -1.234847122357217131e+03 4.733297350212127981e+02
2.792289342766374034e+02 -1.231773276027638531e+03 4.732297259992419072e+02
2.796205932809282899e+02 -1.230122006018586035e+03 4.733461393025982034e+02
2.804080068843836671e+02 -1.226908050657654258e+03 4.736285230154940677e+02
2.812494600636321707e+02 -1.223694115994224148e+03 4.736816509697238189e+02
2.815342076170213659e+02 -1.222147784497895145e+03 4.737672683897926618e+02
2.824787253552671018e+02 -1.218946219866561023e+03 4.738563562185837554e+02
2.832057472188155884e+02 -1.215656685890330891e+03 4.739728910088914517e+02
2.836591774830173449e+02 -1.214104499158800309e+03 4.738235510630227054e+02
2.845208114681994402e+02 -1.210919911565789334e+03 4.737759855114740617e+02
2.849933591661074956e+02 -1.209391221120575210e+03 4.739038678646104472e+02
2.858668660132927926e+02 -1.206057461848679623e+03 4.739575623850885790e+02
2.860404372822465007e+02 -1.204057977063817361e+03 4.734269019641462251e+02
2.869419788602823473e+02 -1.201078500142716393e+03 4.733391170247770106e+02
2.878261513180800080e+02 -1.197846974740556561e+03 4.732699936706118251e+02
2.885993028186976517e+02 -1.194396442143165814e+03 4.728229361719521080e+02
2.889195828754936315e+02 -1.192575868930676961e+03 4.726295140385553282e+02
2.898786463010081889e+02 -1.189276668652408716e+03 4.724390356448857915e+02
2.902962875518314263e+02 -1.187708355755037474e+03 4.723582130550180977e+02
2.909838486885830662e+02 -1.184391461294148712e+03 4.717029066625499922e+02
2.912600685458107250e+02 -1.182546636924196264e+03 4.712548420782923131e+02
2.921209749376606055e+02 -1.179492873853629362e+03 4.709374643049597466e+02
2.925534092099744612e+02 -1.177757369867064881e+03 4.704978858922877976e+02
2.933394920379202517e+02 -1.174300150303915416e+03 4.703986841416672178e+02
2.936692055607584848e+02 -1.172496946673594266e+03 4.701730621069301606e+02
2.949991276711265868e+02 -1.166664901874529733e+03 4.701697065059883585e+02
2.952707541329104970e+02 -1.164811111150270790e+03 4.706631642910807614e+02
2.960815608224416451e+02 -1.160971418188217967e+03 4.709603326396027683e+02
2.960815608224416451e+02 -1.160971418188217967e+03 4.709603326396027683e+02
2.960815608224416451e+02 -1.160971418188217967e+03 4.709603326396027683e+02
2.960815608224416451e+02 -1.160971418188217967e+03 4.709603326396027683e+02
2.985157360714146080e+02 -1.150095736933933495e+03 4.726327672276373164e+02
2.992761182954369588e+02 -1.146566065954123133e+03 4.728990098710820007e+02
2.997183427047816053e+02 -1.144774885742483775e+03 4.730419012650075956e+02
3.006053684578054686e+02 -1.141294141084023067e+03 4.735534719429354595e+02
3.015631504720037697e+02 -1.137777343209152150e+03 4.737646518570662693e+02
3.022443723121194807e+02 -1.134281988040627311e+03 4.740645699477519202e+02
3.026188608241270117e+02 -1.132548093372789936e+03 4.743400579675356994e+02
3.030311857573958036e+02 -1.130825402788743759e+03 4.743767277053323710e+02
3.039121245656110091e+02 -1.127293448436007111e+03 4.744811459639566920e+02
3.042227387276869308e+02 -1.125510276638968890e+03 4.744274064240381676e+02
3.049146532577721587e+02 -1.122027340159388132e+03 4.743149575207445423e+02
3.056654438626467254e+02 -1.118398938591308934e+03 4.739810354096359788e+02
3.062289537826089827e+02 -1.116776078190132239e+03 4.741832050952332906e+02
3.069583091104895516e+02 -1.113091483142000243e+03 4.741569816763232552e+02
3.078035663405448190e+02 -1.109505783124595837e+03 4.739143894269598718e+02
3.081962344941546235e+02 -1.108025979566795513e+03 4.737454743025547259e+02
3.087838848199472750e+02 -1.104437361145729938e+03 4.736188491373513898e+02
3.096289092406934742e+02 -1.100955203147235579e+03 4.734160433915272392e+02
3.099249792692669416e+02 -1.099251006973073117e+03 4.733431820542942319e+02
3.103939799358664686e+02 -1.097494296491918703e+03 4.731888591709758316e+02
3.108965843284519224e+02 -1.093946007166088748e+03 4.728639929489148130e+02
3.117071680628982335e+02 -1.090298101684954872e+03 4.726867544410791879e+02
3.120681059240470745e+02 -1.088577447197345919e+03 4.726459269372444396e+02
3.128986362514082202e+02 -1.084992419297127299e+03 4.721901535405677919e+02
3.137947332314141704e+02 -1.081469733279230468e+03 4.717891525749900552e+02
3.138662814457957211e+02 -1.079599916919981524e+03 4.717778406505390763e+02
3.145543081753530146e+02 -1.075846152122373496e+03 4.711872697695762326e+02
3.153418484242130830e+02 -1.074302654120918760e+03 4.710800706956762269e+02
3.160672748439612860e+02 -1.070516699949140957e+03 4.707663103318407707e+02
3.162312741108249270e+02 -1.068506540596978539e+03 4.702383716292937947e+02
3.171931851879817827e+02 -1.064977209529934953e+03 4.699643368830242594e+02
3.176625886075891003e+02 -1.061077208740033484e+03 4.694868346736069498e+02
3.185007129607453180e+02 -1.057277075526215413e+03 4.691125795755265813e+02
3.187958162350394105e+02 -1.055341231936009308e+03 4.688905690792935843e+02
3.194539610194934767e+02 -1.051530745324570034e+03 4.683791556576881021e+02
3.200137839057302926e+02 -1.049451155760989195e+03 4.682793605536400037e+02
3.207008659626123972e+02 -1.045635585441820922e+03 4.679730299796997315e+02
3.209186069251030062e+02 -1.043825838135184313e+03 4.675766133907565631e+02
3.217588718950603379e+02 -1.039751469858496648e+03 4.669530314642221924e+02
3.220977650204729343e+02 -1.037599661665395843e+03 4.666645314146998089e+02
3.233424289907131310e+02 -1.031729683802726413e+03 4.659858418641268258e+02
3.236564293291132799e+02 -1.029785948066583614e+03 4.653197830767853134e+02
3.245762836939655926e+02 -1.025634344943914130e+03 4.652153689958454947e+02
3.249509903212997415e+02 -1.023751148965740981e+03 4.651663450552544532e+02
3.258068729732167412e+02 -1.019736688077562462e+03 4.649188307359152645e+02
3.259528798038034552e+02 -1.017797489715759411e+03 4.645649186729007170e+02
3.267883048017546912e+02 -1.013791043553943268e+03 4.641802859661311231e+02
3.273523748376338176e+02 -1.011626063225674443e+03 4.640142586201690733e+02
3.275206348722588814e+02 -1.007503560477536894e+03 4.637113730556379778e+02
3.282276552941138448e+02 -1.005465681073399651e+03 4.638346779536721556e+02
3.285605095103065310e+02 -1.001255871322158214e+03 4.632169749335504889e+02
3.292117200974460047e+02 -9.970937818788864888e+02 4.631792930126220540e+02
3.295710798173674334e+02 -9.930935672306997049e+02 4.626309028141477029e+02
3.298317896335214527e+02 -9.910042527387483915e+02 4.625871825077102812e+02
3.298317896335214527e+02 -9.910042527387483915e+02 4.625871825077102812e+02
3.306532740220875439e+02 -9.847522873586450487e+02 4.620825025171452580e+02
3.312474244406972161e+02 -9.804295475201913632e+02 4.620342603885493418e+02
3.315779600684123807e+02 -9.782859403511477012e+02 4.618188370601009751e+02
3.321028366083099286e+02 -9.736876272255686899e+02 4.617381215286535507e+02
3.323997614724057712e+02 -9.716441274086968178e+02 4.616868125236618994e+02
3.333161542606396779e+02 -9.650255286274685886e+02 4.612818763093891903e+02
3.337596290586713508e+02 -9.629501416692752400e+02 4.610372970434010540e+02
3.343650312744389907e+02 -9.586133834249134225e+02 4.605237476949188249e+02
3.346043766193861302e+02 -9.565247910138774614e+02 4.603346861228963007e+02
3.353834973137317661e+02 -9.520589141663874670e+02 4.597252310650126788e+02
3.356114172428400479e+02 -9.499237478249974629e+02 4.592966573713407001e+02
3.360022556046552040e+02 -9.474647112633582537e+02 4.588350147096246587e+02
3.370075779279958965e+02 -9.407022327127025392e+02 4.575808967450964246e+02
3.373750476136398788e+02 -9.384182674120905858e+02 4.567936789792445893e+02
3.379461857508598541e+02 -9.360649849157081235e+02 4.565337673196784749e+02
3.386378430092096892e+02 -9.314970794736884727e+02 4.548245076843164725e+02
3.395976019896612570e+02 -9.259939412401179197e+02 4.536471498455341589e+02
3.402206922504437330e+02 -9.203145739895796851e+02 4.522702898000390519e+02
3.405936084980176588e+02 -9.174275637054690833e+02 4.514105904948212924e+02
3.415724918877555183e+02 -9.115250925883030959e+02 4.508294134584511994e+02
3.420853667521931243e+02 -9.087109511225669394e+02 4.504997940404708743e+02
3.426409995091715359e+02 -9.035111583523575973e+02 4.506827442568050515e+02
3.432334149589490266e+02 -9.012430833935796954e+02 4.510091915755554624e+02
3.435009977584447824e+02 -8.965398620016457016e+02 4.514891232962743857e+02
3.442727255891140885e+02 -8.921561340694986484e+02 4.524897492327929172e+02
3.450301915263365231e+02 -8.882594522902058998e+02 4.532141063407879642e+02
3.456304535770775033e+02 -8.864889043871460217e+02 4.535947256141683965e+02
3.461509509115458627e+02 -8.824776215283654892e+02 4.548470133561822308e+02
3.466227062889448121e+02 -8.807206619523263953e+02 4.551241833569040978e+02
3.476683193938546879e+02 -8.767307156969567359e+02 4.561396115652148069e+02
3.481877771267942308e+02 -8.747672086714245552e+02 4.570080969657369110e+02
3.491734223119302669e+02 -8.707047868672287905e+02 4.578711026012690581e+02
3.494628792440041707e+02 -8.688021782344299027e+02 4.582015008186379532e+02
3.505894439965959464e+02 -8.647735072536855796e+02 4.592029496580965429e+02
3.514544246207290712e+02 -8.604684813728092649e+02 4.598449408932459619e+02
3.517561548322810836e+02 -8.583002105636287524e+02 4.603917108472665518e+02
3.529358399236565447e+02 -8.542467099488690110e+02 4.612750122518758076e+02
3.537649606409598846e+02 -8.501263885753495515e+02 4.618389318471633374e+02
3.541966830595039823e+02 -8.481625755206192707e+02 4.622048351566302244e+02
3.548147651938902527e+02 -8.438705625215347936e+02 4.627846137739203982e+02
3.554726903756128422e+02 -8.420055631188141660e+02 4.630038311184936788e+02
3.560475714851509110e+02 -8.378996868743521418e+02 4.633229377352026859e+02
3.564341247509338473e+02 -8.357126466167488843e+02 4.636102799241548951e+02
3.571016157745689270e+02 -8.316551093419044491e+02 4.638335746788331448e+02
3.574693792498737821e+02 -8.295848971367596505e+02 4.639773579423970205e+02
3.583929446090403417e+02 -8.233058772256980546e+02 4.640595766642773583e+02
3.586308226507778727e+02 -8.211120818198663756e+02 4.640136655735456657e+02
3.586308226507778727e+02 -8.211120818198663756e+02 4.640136655735456657e+02
3.596596479225970029e+02 -8.146302921971031310e+02 4.637227384858725827e+02
3.604623953112156300e+02 -8.102048440945848142e+02 4.634073337780507131e+02
3.607955611371486384e+02 -8.079201067862534273e+02 4.632797596003687772e+02
3.614111189781306734e+02 -8.031595791479811624e+02 4.627812295142911694e+02
3.617884812859579142e+02 -8.008959453186641895e+02 4.624799190656021892e+02
3.623392205544182048e+02 -7.961008401159750747e+02 4.625182612201574557e+02
3.627985314866310205e+02 -7.916133046935743778e+02 4.626612336742761045e+02
3.630713775632688680e+02 -7.894089509276283252e+02 4.629491709780476185e+02
3.632545545436868792e+02 -7.852271012800006247e+02 4.633582863552834965e+02
3.634542651078104996e+02 -7.809726614587417544e+02 4.638363930964237056e+02
3.635977908012654893e+02 -7.789906744951867950e+02 4.642728827333923505e+02
3.638356632611390751e+02 -7.747882743425234366e+02 4.647214106726244154e+02
3.638488549166657435e+02 -7.726702935068092302e+02 4.650368472419746126e+02
3.642209443849996546e+02 -7.682863160562399116e+02 4.655032097504527542e+02
3.645620025213681856e+02 -7.636513208533705210e+02 4.659376135350919412e+02
3.648470650252623955e+02 -7.613681040888715188e+02 4.662113093555560113e+02
3.652246402012598310e+02 -7.567805325981580609e+02 4.668239251169267163e+02
3.655800745053839478e+02 -7.545139642746138406e+02 4.673402578574244330e+02
3.662325238243963668e+02 -7.502667647439902794e+02 4.682685295897857145e+02
3.665337884430643953e+02 -7.481963099547859883e+02 4.686562222883766822e+02
3.669840816030309156e+02 -7.442211663749089894e+02 4.694982574417088586e+02
3.678002674816090121e+02 -7.404689891537794892e+02 4.705388713409656134e+02
3.681286970858196810e+02 -7.387655239995059446e+02 4.707882875180226279e+02
3.684313914053315102e+02 -7.369583921458080340e+02 4.712635013151337375e+02
3.691452697833380512e+02 -7.335320913770834750e+02 4.721751272637564512e+02
3.698924884115385794e+02 -7.302811908679976796e+02 4.728134717337463826e+02
3.704907195712301018e+02 -7.270250625551559551e+02 4.734034005641299245e+02
3.709997795557944187e+02 -7.254775787437215513e+02 4.738524618029073849e+02
3.718536264377999601e+02 -7.223171294108376514e+02 4.743510573112976658e+02
3.724303590581593539e+02 -7.191446394887283304e+02 4.748859039803108999e+02
3.728326823855405223e+02 -7.173871380768531480e+02 4.749746398907859657e+02
3.728326823855405223e+02 -7.173871380768531480e+02 4.749746398907859657e+02
3.739157547347147670e+02 -7.128002262882098421e+02 4.755327353196277613e+02
3.745518558712967661e+02 -7.096675691163209194e+02 4.758372400583976969e+02
3.752763583162574150e+02 -7.063886657586467663e+02 4.757593209995964116e+02
3.754351376118066241e+02 -7.048984516885744824e+02 4.760941622995192120e+02
3.758684728200873906e+02 -7.032776555578607258e+02 4.760637265937322127e+02
3.765606397451716134e+02 -7.001043855439916115e+02 4.763450894064085333e+02
3.772600432141987881e+02 -6.968934068316372077e+02 4.765497717315412274e+02
3.777007613785403919e+02 -6.934677828493701099e+02 4.767615829485599193e+02
3.781625065980616682e+02 -6.917628332732617764e+02 4.769378736768864542e+02
3.786813623589668509e+02 -6.881871326897978633e+02 4.772274874122479673e+02
3.788536477908992879e+02 -6.864893656683370864e+02 4.773580233721017407e+02
3.794994775009827208e+02 -6.829167682693349661e+02 4.773253242699528869e+02
3.797418813677678031e+02 -6.811179160794216614e+02 4.774739780697860851e+02
3.801863678799770128e+02 -6.776530106569942973e+02 4.776132030061204432e+02
3.804811282612794798e+02 -6.760200082211792960e+02 4.776776678986969387e+02
3.811451463342094712e+02 -6.724530771450978364e+02 4.779025445959148328e+02
3.814775235057450118e+02 -6.689741697570970018e+02 4.774897937016776268e+02
3.821783841034982174e+02 -6.656717789711448177e+02 4.779121321416887440e+02
3.823152659369703201e+02 -6.638898968924771680e+02 4.779194268659650788e+02
3.827965703668114656e+02 -6.605589698927628888e+02 4.780469180526303603e+02
3.832080231063562792e+02 -6.588476525461176152e+02 4.779199375295762025e+02
3.833315960465488956e+02 -6.554743716027165874e+02 4.779361100846821273e+02
3.838285661137920215e+02 -6.538333129742485426e+02 4.780796068647393895e+02
3.840836873782149610e+02 -6.503335870048988454e+02 4.781010582619300635e+02
3.846804349035282939e+02 -6.467751811975922465e+02 4.784248566576413850e+02
3.847827040992656293e+02 -6.451338932830689146e+02 4.783525721748903834e+02
3.852620863084521829e+02 -6.416568274045912403e+02 4.784082402758191392e+02
3.857922798222141409e+02 -6.381769767347427660e+02 4.784411695835941032e+02
3.862317164472501645e+02 -6.365261942148506478e+02 4.783990174781712312e+02
3.868149159570214692e+02 -6.329693603966912860e+02 4.783573282101845621e+02
3.870773940437194369e+02 -6.310985902334788307e+02 4.782625469632077397e+02
3.877372119830081374e+02 -6.275424777048101532e+02 4.782497589946302128e+02
3.880526296452654833e+02 -6.259129681595142074e+02 4.781128063466717890e+02
3.886423951365628682e+02 -6.224304708014163907e+02 4.778797508497605691e+02
3.889045377905270016e+02 -6.206759096466641950e+02 4.777758687833471072e+02
3.895692582512796207e+02 -6.171307605515546584e+02 4.776148395944369440e+02
3.901934751841991442e+02 -6.135041988104659367e+02 4.773535000243338686e+02
3.906527269956262103e+02 -6.115824049900451200e+02 4.770137615938475051e+02
3.914628713295545595e+02 -6.080870197903174130e+02 4.769397919702926174e+02
3.916529136600756829e+02 -6.060591153858149482e+02 4.764862640471830559e+02
3.923953739502334770e+02 -6.019983930900701807e+02 4.757152329720296393e+02
3.930952982109967024e+02 -5.980321758568044288e+02 4.750288697815265095e+02
3.935869786134132369e+02 -5.959984115799871915e+02 4.747420619502699992e+02
3.940473116525507180e+02 -5.917037597049547912e+02 4.740472895773129949e+02
3.948419947018819585e+02 -5.876123433190950891e+02 4.740293921163556092e+02
3.955975365974816214e+02 -5.837922336397510890e+02 4.734470818512185701e+02
3.960001642971024580e+02 -5.818566904460803926e+02 4.735683544240898186e+02
3.962813083744987352e+02 -5.797690707457728649e+02 4.736605840611022131e+02
3.968096580263003830e+02 -5.759837110913765628e+02 4.737683120901816096e+02
3.975197948062481714e+02 -5.721795870523791336e+02 4.740843651744929730e+02
3.979387352399240854e+02 -5.702428049681735729e+02 4.744645115039739380e+02
3.987125645337511628e+02 -5.662915874187765439e+02 4.751920074263402398e+02
3.992160150282219888e+02 -5.641806608628257891e+02 4.756632749173348316e+02
4.001806416367184625e+02 -5.604854542359436209e+02 4.761140841692626395e+02
4.004691059260983366e+02 -5.585459850799194328e+02 4.763427936383650376e+02
4.011848477851530106e+02 -5.544828181687474853e+02 4.765194042918338937e+02
4.022738814802613092e+02 -5.506558785222332517e+02 4.768465602120401741e+02
4.030247388695220820e+02 -5.466658668281263544e+02 4.770867443046147969e+02
4.034249390712579384e+02 -5.448452406321298440e+02 4.771291670950765251e+02
4.039585307447115952e+02 -5.427919481794392595e+02 4.771051613050451010e+02
4.046429581324380251e+02 -5.389493147257398959e+02 4.768551695340465244e+02
4.055719612381970478e+02 -5.349171111616542476e+02 4.768835070527622975e+02
4.058911296386771710e+02 -5.326586992542085000e+02 4.769388914456206976e+02
4.071119787979816920e+02 -5.287360531756283990e+02 4.770459736844866256e+02
4.077844670548163322e+02 -5.246000204874621886e+02 4.767229291019619382e+02
4.082824426036323757e+02 -5.206109187202929434e+02 4.763284108847183802e+02
4.089070899261087106e+02 -5.186728158682054755e+02 4.759453410286543544e+02
4.093737126194278630e+02 -5.167829701785674388e+02 4.758509025554015466e+02
4.103190018225103017e+02 -5.126447701417755525e+02 4.756631860477082228e+02
4.112485847001187835e+02 -5.088659267329267095e+02 4.748320386680887850e+02
4.120374029583553011e+02 -5.066170622391354641e+02 4.751067477410880429e+02
4.126431387145649410e+02 -5.026995941180275622e+02 4.744687170873743298e+02
4.131180728664287471e+02 -5.008492511353999248e+02 4.740142618479833914e+02
4.139988924345117880e+02 -4.966563055663584692e+02 4.735218343646186554e+02
4.146477823088097807e+02 -4.946457888618934930e+02 4.735245731802287423e+02
4.156817490683519623e+02 -4.904398682589654186e+02 4.727927693818290322e+02
4.164249233075303778e+02 -4.862001659896382648e+02 4.722405852019788881e+02
4.175658409232843269e+02 -4.818851941783777306e+02 4.717557636666845724e+02
4.181584832857933520e+02 -4.796081437095757565e+02 4.715327547682308023e+02
4.192156376603494436e+02 -4.752927131556655809e+02 4.709839706594421500e+02
4.196745639209397609e+02 -4.731375579598189915e+02 4.705354328894404148e+02
4.204890642736725113e+02 -4.708881124637304652e+02 4.704255779322480748e+02
4.215412141725806237e+02 -4.664026628705475446e+02 4.694934813721106366e+02
4.225204413748019761e+02 -4.618990179024076497e+02 4.688251062011414092e+02
4.230994843462753465e+02 -4.598647341275774920e+02 4.683668519056103605e+02
4.241831579041864302e+02 -4.554501871927798220e+02 4.677004884522181669e+02
4.250345882607896328e+02 -4.509312698801408033e+02 4.672041956130005360e+02
4.263287566058806419e+02 -4.466965513395177823e+02 4.667478329362549516e+02
4.268523437120799713e+02 -4.447099730595513165e+02 4.664692926928900647e+02
4.276966277771009572e+02 -4.405304871331725849e+02 4.658643245636133656e+02
4.280471634923387683e+02 -4.383694495551678187e+02 4.656903578208468275e+02
4.291228791871334352e+02 -4.342888471167934767e+02 4.653722820599310239e+02
4.296458249994715857e+02 -4.302202337037692246e+02 4.648780772319808534e+02
4.303605867751415417e+02 -4.256589264663315930e+02 4.646322043674447286e+02
4.303605867751415417e+02 -4.256589264663315930e+02 4.646322043674447286e+02
4.314396841721193141e+02 -4.191910615713089783e+02 4.635470447857243244e+02
4.317876523119932699e+02 -4.168601169042471497e+02 4.634876274048089044e+02
4.323199326214876805e+02 -4.123155740704748382e+02 4.628821102313848996e+02
4.325006196250358244e+02 -4.099334018436225620e+02 4.624055586819364407e+02
4.331155677125539114e+02 -4.051965541560833799e+02 4.616100823961897959e+02
4.332140722548711551e+02 -4.026381993571998237e+02 4.611562472226864315e+02
4.341485319413180264e+02 -3.974578680116343321e+02 4.606116039506282505e+02
4.341983825565704933e+02 -3.949845220894999898e+02 4.597479994840873019e+02
4.349553927616017859e+02 -3.897483173867633468e+02 4.587225007092418991e+02
4.355319179762979047e+02 -3.844169260146526881e+02 4.577484230532919582e+02
4.362256914850991052e+02 -3.791131746858310976e+02 4.567132258819574417e+02
4.366184672367451753e+02 -3.764788203058278100e+02 4.560901121599421231e+02
4.372674858033097962e+02 -3.713389237060880532e+02 4.549650059383791927e+02
4.375201609539422520e+02 -3.687860210014065956e+02 4.541796261366436056e+02
4.375693335110688054e+02 -3.661107513673338190e+02 4.534384725615345246e+02
4.379620331221377683e+02 -3.609356308121106736e+02 4.514913610908828332e+02
4.382456513651695786e+02 -3.557177166132573802e+02 4.495886413592564850e+02
4.383896253863506445e+02 -3.531203640949067903e+02 4.486701702150356823e+02
4.388448337642253705e+02 -3.475392366064346561e+02 4.459562582935382693e+02
4.390384638512475135e+02 -3.445674481297245961e+02 4.449641476648785101e+02
4.393764664065291186e+02 -3.378552500173586850e+02 4.424956730681022918e+02
4.398081484841440556e+02 -3.313476858472407685e+02 4.398892587861437278e+02
4.399971421807476304e+02 -3.282776168080749812e+02 4.387821987657353020e+02
4.406632350515913004e+02 -3.220526616312134252e+02 4.369801514794646664e+02
4.413052354720237531e+02 -3.162616228481947473e+02 4.357479002439462192e+02
4.416614171396267352e+02 -3.135040977976177032e+02 4.353489594543718226e+02
4.424473701928024525e+02 -3.083130840892932270e+02 4.349720392639844704e+02
4.437944115106170102e+02 -3.037925136991514705e+02 4.357199266383379950e+02
4.443625697971430668e+02 -3.015828341812859890e+02 4.361019217328002355e+02
4.454364768506637802e+02 -2.973337966165177022e+02 4.367974805732938535e+02
4.460462727069875086e+02 -2.952360875993139757e+02 4.372905930831427099e+02
4.473862648570644183e+02 -2.911300349717142240e+02 4.383907759216511977e+02
4.486761041934823311e+02 -2.869505298811806142e+02 4.395162721064256743e+02
4.491293693507994362e+02 -2.847162128485344397e+02 4.401699451922698358e+02
4.504318045512077333e+02 -2.802058528223060989e+02 4.413121287792527596e+02
4.510577750101882657e+02 -2.778261253880779691e+02 4.419122748130095601e+02
4.522611670919129097e+02 -2.729924722818463465e+02 4.430255425825503721e+02
4.526956216412879712e+02 -2.704309984231216504e+02 4.433972668544913063e+02
4.540541879794068336e+02 -2.655477589991998570e+02 4.444972301663075314e+02
4.553208187174947170e+02 -2.605708222967682559e+02 4.453420063611640103e+02
4.558784144052794431e+02 -2.580893711472542122e+02 4.457243464994118654e+02
4.564153386240554369e+02 -2.556142809649100514e+02 4.460276384875362510e+02
4.582638064786029304e+02 -2.482988189990893204e+02 4.468367635112739435e+02
4.588756237418687647e+02 -2.459891074353356260e+02 4.470327155531512631e+02
4.600481458313578287e+02 -2.412639203651391711e+02 4.472498007157482789e+02
4.605702728210063697e+02 -2.388057256672398125e+02 4.476603989190568313e+02
4.618008005112184833e+02 -2.341618602372932685e+02 4.473245617771665934e+02
4.629488150677872227e+02 -2.295569786932759939e+02 4.472155700840791042e+02
4.634064743774848125e+02 -2.271457502914354620e+02 4.469289467207135544e+02
4.642095539529043435e+02 -2.248782446502326877e+02 4.469485496197356156e+02
4.658386132853178765e+02 -2.173289044316638581e+02 4.459600731956202821e+02
4.666074500491814092e+02 -2.148523393213221198e+02 4.456179560622917393e+02
4.677493184302667828e+02 -2.095888779260897365e+02 4.449854366392396514e+02
4.684355258547082030e+02 -2.069368927919528574e+02 4.446358091179282610e+02
4.695816254536233032e+02 -2.016569249762914353e+02 4.437585177537557684e+02
4.701656600840514670e+02 -1.989375997956820186e+02 4.433502561200879768e+02
4.714804259340207864e+02 -1.935224122516029013e+02 4.426570281179313611e+02
4.725421060821376500e+02 -1.881467524995039184e+02 4.415920413385994152e+02
4.727523974200180987e+02 -1.854172853100362204e+02 4.407944947741981423e+02
4.737198438592194520e+02 -1.828976302945415284e+02 4.403851426949019015e+02
4.747274388451185700e+02 -1.778653710160803314e+02 4.400561269100375057e+02
4.755593161399580140e+02 -1.734990247442849807e+02 4.401708528130404261e+02
4.761717837487279894e+02 -1.696251046198555628e+02 4.412798816901496366e+02
4.764167524711302235e+02 -1.680789961001393920e+02 4.421161892497132158e+02
4.765081643707969761e+02 -1.646172098698749267e+02 4.437626853982609987e+02
4.764161022387071398e+02 -1.632072569162605191e+02 4.443531513306164697e+02
4.765561757782176642e+02 -1.596910645516264253e+02 4.460116834860290851e+02
4.769025614687062102e+02 -1.559001958056138335e+02 4.474222812519768127e+02
4.769025614687062102e+02 -1.559001958056138335e+02 4.474222812519768127e+02
4.769719721153748537e+02 -1.520288248155345912e+02 4.485150844313989182e+02
4.774238085914104772e+02 -1.476195080384202640e+02 4.499487138378860323e+02
4.778137348999383676e+02 -1.430500467780578049e+02 4.509106715489222665e+02
4.784868895247949467e+02 -1.381086854108698390e+02 4.517566044021057792e+02
4.787464050553563766e+02 -1.357230202870921687e+02 4.522781030957489747e+02
4.795388087338944842e+02 -1.310271630058803112e+02 4.530844840406779781e+02
4.798203088841401041e+02 -1.286593977259429096e+02 4.535473660672159895e+02
4.808247243139865645e+02 -1.243691973421993850e+02 4.546758147037174922e+02
4.810518119525563634e+02 -1.224059513912394692e+02 4.550550436044105709e+02
4.816459518637466317e+02 -1.184813270618313510e+02 4.559524509475523359e+02
4.824050777074389202e+02 -1.148585697219967869e+02 4.570605627365280270e+02
4.826902679655526640e+02 -1.132451110160045289e+02 4.576605881805008380e+02
4.834036446046938522e+02 -1.098613970036718683e+02 4.583516560341436730e+02
4.839666190162765247e+02 -1.066225539333870103e+02 4.594702300583654733e+02
4.843998397977076706e+02 -1.049120466975043655e+02 4.601758182969927589e+02
4.849603081525133916e+02 -1.017414787545308315e+02 4.610916838633510793e+02
4.852588468184125645e+02 -1.003840871737207010e+02 4.614568319055687198e+02
4.858370584577144768e+02 -9.721360165581198487e+01 4.621343194214581445e+02
4.857538250179715646e+02 -9.550024255893558234e+01 4.623177853145480753e+02
4.867493746135558013e+02 -9.229131959537805585e+01 4.632026696843860805e+02
4.871732004384790571e+02 -9.058738682468357695e+01 4.636768189202707617e+02
4.874751021171369985e+02 -8.718332452617077877e+01 4.638547709242601513e+02
4.883197117500919830e+02 -8.380127373324366147e+01 4.646547381998889819e+02
4.888103471729569378e+02 -8.061045673899235453e+01 4.652472857895297125e+02
4.892521342434629901e+02 -7.890097347136840256e+01 4.656114880019830480e+02
4.897849706433963206e+02 -7.553302122904835869e+01 4.656907684008224351e+02
4.904702324774863769e+02 -7.206366688741546511e+01 4.660018915256666219e+02
4.904702324774863769e+02 -7.206366688741546511e+01 4.660018915256666219e+02
4.915133546647345497e+02 -6.699550568004124784e+01 4.666666007429849401e+02
4.916791708097518949e+02 -6.510542743340569416e+01 4.666843363811950098e+02
4.921971510799031648e+02 -6.349435004672285743e+01 4.669169328643852168e+02
4.929222982687701915e+02 -6.008473457870864820e+01 4.671793076416199142e+02
4.929384397745957358e+02 -5.660874019375593491e+01 4.674016871410644853e+02
4.934355859535589843e+02 -5.510029947597992361e+01 4.677281071765352749e+02
4.939564833336531251e+02 -5.167713354238312462e+01 4.678628109055296136e+02
4.944916013834438786e+02 -4.851665467654770225e+01 4.684017286961963009e+02
4.953049502597644391e+02 -4.693942958647478747e+01 4.688321770671951185e+02
4.956020034102789396e+02 -4.355788493158285490e+01 4.694012980932208166e+02
4.959995945979656540e+02 -4.197244823376045986e+01 4.695068326582556324e+02
4.969169804957176098e+02 -3.878670036756586370e+01 4.700041996810246587e+02
4.972298930630642531e+02 -3.712880781652233964e+01 4.700409406485513841e+02
4.975006730720672863e+02 -3.383559065268121202e+01 4.704645445015664222e+02
4.982090510658222797e+02 -3.046773007586698867e+01 4.710038802115960266e+02
4.992007047960552200e+02 -2.711717678132763609e+01 4.716582976468497463e+02
4.995419632027755483e+02 -2.552038355797350988e+01 4.715728392882359685e+02
5.005663177589789257e+02 -2.210625773648624559e+01 4.722970910439746035e+02
5.008392709312964826e+02 -2.041077336899156691e+01 4.722862685797288123e+02
5.012738135350126072e+02 -1.713005763432034456e+01 4.724155669530391606e+02
5.021181928490570385e+02 -1.545551967971731067e+01 4.727791950929274094e+02
5.024589861609754280e+02 -1.213538733364655364e+01 4.726921862922363289e+02
5.036067565561364177e+02 -8.685570027337444543e+00 4.733927081792954255e+02
5.036996741045614385e+02 -7.252730736120318156e+00 4.730344221681744443e+02
5.043941055020603130e+02 -3.810535207717945294e+00 4.734720282511775622e+02
5.050666864396017672e+02 -5.231293789778301839e-01 4.733150773207918860e+02
5.057043587008403165e+02 1.250277324473745733e+00 4.737171713227037912e+02
5.062022557763639838e+02 2.766932080909741742e+00 4.735975845504679000e+02
5.070616709743253523e+02 6.181560679843740580e+00 4.736117363799312443e+02
5.080199088483074092e+02 9.553387780483127756e+00 4.735767658539789409e+02
5.084756461614431942e+02 1.128292080894621030e+01 4.736000480428500623e+02
5.094308951759458068e+02 1.475738503658760692e+01 4.736099404894555960e+02
5.101078990114317548e+02 1.811229152315846491e+01 4.731740177282633226e+02
5.106788141249994055e+02 1.972657841787765065e+01 4.733550492643007033e+02
5.112873044312196384e+02 2.142766658482383590e+01 4.731457886657602785e+02
5.122233151160043008e+02 2.668439462623693714e+01 4.729381670628665120e+02
5.127839508421915298e+02 2.853674890218283622e+01 4.727120358488255647e+02
5.135950299253063349e+02 3.191089329495453697e+01 4.724741185514245672e+02
5.138725407816604047e+02 3.371567052568529022e+01 4.725177394968196154e+02
5.144422267543908447e+02 3.549445846077146172e+01 4.721841224049193215e+02
5.155454368813841484e+02 4.070591730401816477e+01 4.714482647620708349e+02
5.161526383020636786e+02 4.244825578108792996e+01 4.714789731111647484e+02
5.168305582149567954e+02 4.608808193079016036e+01 4.705673998058429106e+02
5.174243821978272990e+02 4.805547782783818889e+01 4.703863858535083864e+02
5.176072552351713512e+02 5.011379641735171475e+01 4.702710859588980270e+02
5.190722466447356283e+02 5.596465241312139938e+01 4.701970727993179935e+02
5.194378133811463840e+02 5.779775059611050381e+01 4.700327147694052314e+02
5.197125269096662805e+02 5.973767552192853714e+01 4.701332143796686864e+02
5.214991199421838246e+02 6.537929238546671229e+01 4.709837287923836584e+02
5.212864633265153316e+02 6.720011729207429596e+01 4.708678079565875692e+02
5.224474982520471258e+02 7.069178160129717980e+01 4.712883059256332103e+02
5.226959131429837271e+02 7.258314249503044380e+01 4.717513975158576613e+02
5.229125252512184261e+02 7.432029664852437634e+01 4.717120192431744385e+02
5.241124079170391497e+02 7.766078753342652874e+01 4.722345845000975260e+02
5.248841045529163694e+02 8.115569060939056101e+01 4.728849371830014547e+02
5.257749965889565829e+02 8.479193900024068853e+01 4.731390712323117782e+02
5.261676909053546751e+02 8.651032593783250491e+01 4.732575912462191923e+02
5.271605828180504432e+02 9.012039649023773791e+01 4.735878716067147707e+02
5.274433580341643619e+02 9.198971703991050219e+01 4.736089540460340004e+02
5.286422236609023457e+02 9.556976536482667939e+01 4.739526788668125619e+02
5.288523128636733190e+02 9.746979436039727318e+01 4.738222070839103708e+02
5.297897452813817836e+02 1.013030129885981410e+02 4.739250786591057363e+02
5.305481942453407100e+02 1.049661929883408789e+02 4.738911694890688864e+02
5.309530303533582583e+02 1.068643049575296970e+02 4.737636310079238342e+02
5.318443797630799281e+02 1.105548611205179554e+02 4.736142197185082523e+02
5.324786452079069932e+02 1.144002366114437166e+02 4.734310735230232581e+02
5.330359030558453242e+02 1.162194238265995523e+02 4.732268967314476527e+02
5.339472859752648901e+02 1.198394543601957025e+02 4.730196133040321911e+02
5.343665547736495682e+02 1.217453424341529029e+02 4.728594471464688809e+02
5.351983056921515072e+02 1.254438652584873353e+02 4.724622267011854433e+02
5.355671870070101477e+02 1.273444894063753310e+02 4.721626245750236421e+02
5.365540556717859317e+02 1.310256774490363796e+02 4.718492616027753002e+02
5.373942541241591471e+02 1.347501324502792386e+02 4.713574820778388812e+02
5.373942541241591471e+02 1.347501324502792386e+02 4.713574820778388812e+02
5.385936408540394496e+02 1.404626915414009432e+02 4.707193525727519727e+02
5.390016841957374254e+02 1.423702514686399638e+02 4.703646062955847356e+02
5.400451235252382958e+02 1.462534885513699692e+02 4.700591973741315996e+02
5.406673398172275711e+02 1.502865404669115321e+02 4.693731970337640860e+02
5.412198531990902666e+02 1.523536366354766756e+02 4.691990017245907438e+02
5.421866790447795665e+02 1.564862071344922754e+02 4.688974739054057181e+02
5.426076315619079651e+02 1.584872214877414933e+02 4.687162048424132195e+02
5.432393262960528091e+02 1.626170144890424467e+02 4.683662520266432807e+02
5.439639964267809091e+02 1.666298038051598951e+02 4.680054073208564773e+02
5.447633951333654068e+02 1.704860768898230674e+02 4.679386012593627697e+02
5.450922940330932533e+02 1.725183170098440542e+02 4.679827657542218162e+02
5.454517173497248450e+02 1.743289529601566983e+02 4.679890028975473228e+02
5.461783051060042453e+02 1.780448150123455378e+02 4.682775452488808696e+02
5.466239039325646445e+02 1.816194049350735895e+02 4.680874175655817453e+02
5.470868330896352063e+02 1.833907601705630555e+02 4.684208341597855565e+02
5.477399523944676503e+02 1.869600590627996439e+02 4.685780480483400083e+02
5.479457142225010102e+02 1.887661797226511453e+02 4.685428140750644275e+02
5.486325591662377974e+02 1.922691630410567427e+02 4.684737424812391282e+02
5.490240489560615060e+02 1.940336793631305170e+02 4.685740623247479562e+02
5.496917139420870626e+02 1.976099797150423285e+02 4.685314688091821722e+02
5.502693178444360456e+02 2.010790808933202527e+02 4.683006049808803368e+02
5.509689979374475115e+02 2.048706434881368068e+02 4.681195686079244638e+02
5.513072998089290877e+02 2.067728895859070235e+02 4.679949804227855452e+02
5.522688434185274673e+02 2.107274934400427640e+02 4.680353185470789299e+02
5.526501800559873345e+02 2.126977109320579302e+02 4.680680473117163274e+02
5.535858685399771275e+02 2.167639812538241131e+02 4.679266684276656179e+02
5.540177581155381858e+02 2.187872459243114918e+02 4.679613890344862739e+02
5.551359612244892787e+02 2.227266016039658041e+02 4.682068425046613243e+02
5.557472865918693969e+02 2.266968447616184790e+02 4.679726779450512026e+02
5.568227631050970103e+02 2.305105204506995449e+02 4.681732129182623225e+02
5.571608773588721988e+02 2.325080227218597315e+02 4.683479241127133150e+02
5.574383693015836343e+02 2.344070218701293697e+02 4.682423555205955381e+02
5.585538282270205173e+02 2.381043494850862601e+02 4.685648779020373809e+02
5.588143949122452341e+02 2.399416561894567508e+02 4.685103042714010826e+02
5.597932607537842387e+02 2.436790198739877553e+02 4.687508605957736449e+02
5.604736329201663239e+02 2.472551164791636609e+02 4.687702151488472282e+02
5.608499906258756482e+02 2.490523695836626530e+02 4.688180015501167759e+02
5.612450587571898950e+02 2.507548649909254266e+02 4.688153233042339139e+02
5.625352094979466528e+02 2.561982461498686803e+02 4.691561736046307374e+02
5.628486225465304642e+02 2.580428957087192998e+02 4.691028829182485538e+02
5.632899202751693792e+02 2.598708275517268476e+02 4.691243675838978788e+02
5.639800183849760060e+02 2.633766422191761762e+02 4.690198578307312118e+02
5.646618009176759188e+02 2.671155932652299612e+02 4.688458446828850583e+02
5.652589535479811502e+02 2.709144813275337356e+02 4.683877797073540705e+02
5.659441336464954020e+02 2.725785464304084371e+02 4.686531132712877934e+02
5.663987608544473460e+02 2.763900431959149842e+02 4.680055095412269566e+02
5.671933796436135253e+02 2.801457054844635763e+02 4.675234237215802295e+02
5.675652977701113286e+02 2.820730031787162488e+02 4.673148300803761117e+02
5.679167753231255347e+02 2.839479705124022644e+02 4.669107938242254932e+02
5.687295823541970776e+02 2.877809593098643859e+02 4.662622562196880267e+02
5.696584976485512470e+02 2.916155841535411355e+02 4.658605555073852429e+02
5.702318860347648979e+02 2.956255961224418343e+02 4.647944884431369132e+02
5.707963542600292612e+02 2.975498858015072869e+02 4.645880822608530707e+02
5.711837902943668723e+02 2.995792704660983077e+02 4.641105095637611839e+02
5.721982256194586398e+02 3.034962121645010029e+02 4.632023625971003753e+02
5.730192776067730165e+02 3.076067842273635051e+02 4.623147322499115148e+02
5.732803859156360886e+02 3.097621585556279911e+02 4.615536734745091394e+02
5.741926265692360403e+02 3.142450193338275994e+02 4.608794557007531694e+02
5.749878198481447953e+02 3.188617276262420432e+02 4.603842798109770911e+02
5.752051386058909657e+02 3.211554580270914698e+02 4.603694671401373739e+02
5.758022983835567175e+02 3.258048717908163212e+02 4.602990157500496480e+02
5.762819863726120957e+02 3.280919763937619109e+02 4.604258188565681280e+02
5.768021374854710075e+02 3.326035864907472615e+02 4.604835401970526050e+02
5.776870521626638038e+02 3.368707819612757817e+02 4.612197336614924552e+02
5.777598697070317257e+02 3.390213383033473633e+02 4.614063970075555403e+02
5.784209132866043319e+02 3.428988063439450116e+02 4.619298054376507139e+02
5.788640179525928033e+02 3.449128239944307097e+02 4.623499849660016139e+02
5.795686540033270830e+02 3.486559484451857429e+02 4.629844959082441846e+02
5.803022814355575747e+02 3.523593719975604017e+02 4.638814703868762876e+02
5.807454773491674587e+02 3.541003614911688828e+02 4.640316694337938088e+02
5.816489959008887354e+02 3.577433664553163339e+02 4.647711420333853880e+02
5.825373554416935349e+02 3.614560861676051786e+02 4.655392313524404244e+02
5.826805272979312349e+02 3.633338666183072405e+02 4.654751268011564775e+02
5.832924309702227674e+02 3.652676468704617605e+02 4.660572669005175612e+02
5.838470587153909719e+02 3.691765087558698610e+02 4.662946730936694735e+02
5.847285513017451422e+02 3.730224233869417390e+02 4.666916826795701354e+02
5.851060970095620632e+02 3.751503188505142816e+02 4.667664111427577609e+02
5.859198933980419497e+02 3.790115457252682631e+02 4.671437646945641404e+02
5.861961369319235473e+02 3.809875723164867054e+02 4.670096302557755621e+02
5.871269960858684271e+02 3.849734990462527549e+02 4.673460162067166834e+02
5.878843901009413457e+02 3.890293853318142965e+02 4.672864639374531066e+02
5.882901758367595448e+02 3.910470016135112132e+02 4.672466635524584149e+02
5.882901758367595448e+02 3.910470016135112132e+02 4.672466635524584149e+02
5.896915668304424116e+02 3.991615650177570842e+02 4.668413466261340545e+02
5.904776033859658355e+02 4.010324062451576879e+02 4.669976771218858289e+02
5.908178294343439347e+02 4.030214011170179447e+02 4.667885796942545085e+02
5.917007662321268526e+02 4.069356023577221322e+02 4.665670487104480344e+02
5.923409971207298668e+02 4.109815413397753332e+02 4.660565893231479890e+02
5.929875278115107449e+02 4.129711882880203575e+02 4.659479044033006403e+02
5.944145978584690511e+02 4.188978124111962984e+02 4.654428821921340500e+02
5.946543527569857588e+02 4.210013311580698883e+02 4.650692918318702596e+02
5.952569556402521584e+02 4.230648408346507381e+02 4.649594723814706185e+02
5.961704767383241688e+02 4.272877551643433094e+02 4.644406937709240992e+02
5.965068024651574206e+02 4.294111945282326701e+02 4.640933715244811992e+02
5.976191859228115391e+02 4.337120989699767506e+02 4.636012024890245016e+02
5.985667150567982162e+02 4.381108613521313941e+02 4.631958788979900419e+02
5.989335141347305580e+02 4.402626043639574505e+02 4.625351634386493060e+02
5.999600137654648506e+02 4.446655926854543281e+02 4.621040764483375369e+02
6.002765707118255705e+02 4.468771056744882344e+02 4.619781112176597730e+02
6.012999165525454828e+02 4.509562038882264687e+02 4.615315914185241581e+02
6.019876315647851470e+02 4.550189931933272192e+02 4.614508664682426229e+02
6.025489327648101607e+02 4.586947074706302487e+02 4.614510246270613152e+02
6.025650443332443729e+02 4.606237801247368679e+02 4.616603432961827025e+02
6.028097338567463339e+02 4.639624988116784721e+02 4.624111567482220266e+02
6.032391786296949476e+02 4.655767644524949560e+02 4.630906684056478753e+02
6.041045376419306194e+02 4.687076710734951348e+02 4.646972788429434331e+02
6.040580526462118769e+02 4.702193008480882668e+02 4.645490666167854670e+02
6.043548260252146065e+02 4.736952786279509837e+02 4.653267573798771082e+02
6.046244095571557864e+02 4.754736831763920577e+02 4.657407775544907054e+02
6.051409564069514317e+02 4.810831316029113509e+02 4.665095692838235095e+02
6.052491126545352245e+02 4.831346940088457131e+02 4.663730865833147163e+02
6.059712445411604449e+02 4.868929187369164993e+02 4.672397337717168284e+02
6.064252159299270488e+02 4.887700461438427624e+02 4.674552155038490469e+02
6.072298900765266580e+02 4.929793838776045618e+02 4.678484443442083034e+02
6.075698296231618087e+02 4.952061566763982228e+02 4.681445284774953279e+02
6.088306358643006888e+02 4.994157205622242941e+02 4.687739456052030960e+02
6.097055010278186273e+02 5.037031953998293261e+02 4.690575013249775225e+02
6.101242472934611669e+02 5.059317843099171910e+02 4.692402055280792865e+02
6.107454511030650792e+02 5.079160495634586709e+02 4.694835856146851825e+02
6.118146763247010540e+02 5.115811550434479500e+02 4.699077692453874988e+02
6.124597740287771330e+02 5.154558304503048021e+02 4.702215436708536913e+02
6.129884301808484679e+02 5.171988087466711477e+02 4.705098211393716952e+02
6.140031985663648584e+02 5.204973885546386327e+02 4.708414878711884057e+02
6.148719998633522437e+02 5.237432660843674057e+02 4.713036431468006526e+02
6.152823128480462174e+02 5.253761307543878729e+02 4.713843689096241292e+02
6.162644896368711898e+02 5.284944866405379571e+02 4.719478342962621014e+02
6.170739286800112495e+02 5.297808542741341853e+02 4.726054507962312528e+02
6.177256669961574289e+02 5.330373572142922285e+02 4.727777125114837986e+02
6.179628641364020041e+02 5.346978483315127733e+02 4.724530104342968002e+02
6.187432102373376210e+02 5.379705317169873524e+02 4.728353424598140577e+02
6.200833386348887188e+02 5.409026792253019948e+02 4.736889347300197528e+02
6.208232677218777553e+02 5.441420546380712722e+02 4.736284191818295426e+02
6.214037919271283954e+02 5.456956762216783545e+02 4.739113832663490484e+02
6.215384169330426403e+02 5.475969079371477619e+02 4.733619236527003409e+02
6.222224604872794771e+02 5.508611085264918756e+02 4.736430511427681722e+02
6.231062677136333150e+02 5.542738624330735320e+02 4.736444155263932885e+02
6.236510065474959674e+02 5.557762069543194912e+02 4.735484059844835656e+02
6.243479559492542421e+02 5.591884703781919370e+02 4.736893348903334413e+02
6.248025803142000996e+02 5.607993683134434377e+02 4.737622195675348848e+02
6.260156932951599629e+02 5.657476928968858374e+02 4.740490335392224210e+02
6.264273104048955929e+02 5.673298212008131713e+02 4.741438955798740835e+02
6.268198297815049500e+02 5.689509784976721676e+02 4.742604495348361979e+02
6.276117764583746066e+02 5.722544848225118130e+02 4.744224582055105088e+02
6.284320730344736603e+02 5.755400352409410516e+02 4.748952234711273377e+02
6.287054553507379069e+02 5.770533466486110683e+02 4.747759206231316966e+02
6.291227215523431369e+02 5.787466099778015405e+02 4.749916417077072879e+02
6.299403626017885927e+02 5.818805984245466334e+02 4.751625131337376047e+02
6.308889368066659245e+02 5.849422949447452993e+02 4.757028084657593467e+02
6.316639120537611234e+02 5.881789516918556728e+02 4.758355296640220899e+02
6.319251525719124629e+02 5.897179490604630701e+02 4.756874942345511386e+02
6.327410066751224349e+02 5.928373645817092665e+02 4.756559224124083016e+02
6.336423257366907364e+02 5.961259202675663573e+02 4.760923572955049394e+02
6.342568279442507446e+02 5.993154546210620310e+02 4.758920430311361542e+02
6.346549977774117224e+02 6.009098182890559201e+02 4.758482319797689684e+02
6.353217209099341289e+02 6.041115516704506945e+02 4.757228751138435427e+02
6.358602841222564166e+02 6.055807217726925273e+02 4.758786997186797407e+02
6.363163474161357271e+02 6.071438420082400853e+02 4.758539191072421204e+02
6.372293388179285785e+02 6.120483778814433435e+02 4.754781400028697931e+02
6.376214556542075798e+02 6.137574508073145125e+02 4.753587682095487139e+02
6.379650345304671646e+02 6.152257435122533025e+02 4.751622002124858000e+02
6.388332486246025610e+02 6.184331617886840604e+02 4.750315776899045090e+02
6.399594162256651089e+02 6.215627090068825282e+02 4.752645616456397306e+02
6.400699442492250455e+02 6.232157615783735309e+02 4.746454633191009975e+02
6.409152312181278148e+02 6.264451104363423610e+02 4.743865710053422049e+02
6.412947560079029472e+02 6.280858753497691396e+02 4.742723354671911125e+02
6.422455980865528318e+02 6.312670148962885150e+02 4.739298492627222572e+02
6.432160216994783468e+02 6.343975226298823600e+02 4.737259154309084010e+02
6.435016629685994758e+02 6.362328339099561845e+02 4.734045282422518994e+02
6.439310081853610654e+02 6.378163294563322552e+02 4.731104228021839617e+02
6.444646424012285024e+02 6.413036341702070331e+02 4.722725694705164869e+02
6.454006447359258800e+02 6.445737156363144322e+02 4.717165882089206548e+02
6.459844599182996490e+02 6.461797617243773857e+02 4.716178784664627415e+02
6.467500789422983871e+02 6.496095104608742759e+02 4.709429679509480593e+02
6.478362860048954417e+02 6.529627936285369287e+02 4.704057353340056125e+02
6.485917305459868203e+02 6.545347501009757707e+02 4.705066008792945240e+02
6.491942868662629280e+02 6.582864213408907972e+02 4.691496210235557669e+02
6.502344871592380287e+02 6.618371984263811783e+02 4.683768921800115663e+02
6.507424402790746853e+02 6.636882392885244144e+02 4.681756327837122740e+02
6.511171611384246489e+02 6.657394038854428118e+02 4.676419449689786916e+02
6.519690301481140295e+02 6.698779455977664838e+02 4.671881504341819777e+02
6.528501086769332460e+02 6.739776053378897132e+02 4.669728526507087736e+02
6.531926589901892157e+02 6.761490964792462819e+02 4.670291917314274315e+02
6.539757026211375432e+02 6.803557984847632270e+02 4.671884216527254239e+02
6.547957870479809799e+02 6.844869276808569794e+02 4.674537694989033980e+02
6.551737050712391692e+02 6.866277585393864911e+02 4.676330692828197471e+02
6.557283848243993134e+02 6.906822616136286115e+02 4.679704115876672859e+02
6.563514869196491190e+02 6.926055375828225351e+02 4.682313516804038045e+02
6.577844554633347798e+02 6.960062605212598328e+02 4.693891765107129572e+02
6.580180547005249991e+02 6.979098528814857900e+02 4.695263016090588621e+02
6.586691006866968792e+02 7.014313184144756406e+02 4.698154667447624888e+02
6.595034448231817805e+02 7.050472510771425050e+02 4.702091398114716867e+02
6.605026273811541841e+02 7.085279904690817148e+02 4.709504267764532983e+02
6.608494370198372962e+02 7.103587516047537065e+02 4.708864779070380564e+02
6.616473603056629145e+02 7.139578209111034539e+02 4.712426084269255853e+02
6.621513239066968026e+02 7.157764727078739497e+02 4.714030493019135406e+02
6.629991525057080253e+02 7.195351574728022115e+02 4.716069867256853740e+02
6.639070049070485311e+02 7.232604023231389192e+02 4.717396507163842898e+02
6.643396821696819643e+02 7.252088871636995009e+02 4.719370095447324616e+02
6.647300527002578292e+02 7.270612715886071555e+02 4.718210981571734237e+02
6.651250168056118355e+02 7.289775540310578208e+02 4.718992249136748569e+02
6.659371047055685722e+02 7.327392616977955413e+02 4.718890116115070441e+02
6.672028340450092401e+02 7.382969001904626793e+02 4.718680805658842701e+02
6.676412273786422702e+02 7.400678855043868225e+02 4.718455789350259124e+02
6.684201171518153615e+02 7.437174825769885729e+02 4.717785008981267083e+02
6.688663446544521776e+02 7.455449188092303530e+02 4.718345192904155851e+02
6.695945220443311428e+02 7.491137017891386449e+02 4.715662381834371217e+02
6.700411049989442063e+02 7.510372906868709606e+02 4.715918433097393745e+02
6.709326912343902904e+02 7.546446539682591492e+02 4.713708588391913850e+02
6.717315132573047549e+02 7.583552559523463970e+02 4.711634977764467749e+02
6.722759422604074189e+02 7.602881879304549102e+02 4.712182111331787837e+02
6.730493199759338268e+02 7.639399596670915571e+02 4.708237564940114339e+02
6.741053088575062020e+02 7.675689858097296110e+02 4.709139003407225346e+02
6.744125394892516852e+02 7.696600840348802421e+02 4.704597700376390890e+02
6.752222259382612037e+02 7.736235001048096365e+02 4.701767103552994627e+02
6.757179094766582921e+02 7.756049109797139636e+02 4.700154519584582431e+02
6.765604763501346497e+02 7.794673293448011009e+02 4.695731179068990855e+02
6.770274170197765216e+02 7.814244994904488522e+02 4.693629125210307507e+02
6.778958391348606938e+02 7.853323088508196861e+02 4.690633708273383036e+02
6.785180108894097657e+02 7.871523445854054444e+02 4.690774027043790397e+02
6.796451086811133564e+02 7.933798200581202309e+02 4.683874386793640383e+02
6.801268171663635940e+02 7.953645746465927004e+02 4.682259050038296095e+02
6.805454697046905039e+02 7.973276347050859840e+02 4.679334793174348874e+02
6.814597551734611898e+02 8.013986114443839597e+02 4.675386297507070026e+02
6.823352917624447400e+02 8.055493283338294077e+02 4.671427285686809228e+02
6.828347223861628663e+02 8.075920681803573871e+02 4.668898385822737964e+02
6.837748220801979642e+02 8.117927258573976133e+02 4.664381331553931318e+02
6.843321084922532691e+02 8.138959651235578576e+02 4.662657316109465455e+02
6.853613491334720038e+02 8.181275404167299712e+02 4.657045579266384721e+02
6.861884111857334574e+02 8.226016610744613899e+02 4.648444046787263346e+02
6.867411346654254203e+02 8.247444011003065043e+02 4.643557785900672457e+02
6.878608778879186048e+02 8.291454626105251009e+02 4.636721795509125741e+02
6.889077332015325510e+02 8.336586857487480984e+02 4.628808512398109656e+02
6.889077332015325510e+02 8.336586857487480984e+02 4.628808512398109656e+02
6.899965474747813232e+02 8.381277473800766984e+02 4.622028452192333248e+02
6.908366701996585562e+02 8.425595584918208942e+02 4.611784188207307693e+02
6.918349051751968091e+02 8.471565220435253423e+02 4.604488667206709351e+02
6.927079643289548585e+02 8.519176585718483921e+02 4.597760015865962941e+02
6.932418789373982690e+02 8.542325512646493735e+02 4.594890466978343397e+02
6.941238850027423268e+02 8.588346011031239868e+02 4.590332386896885168e+02
6.945685394002466637e+02 8.611524273720964402e+02 4.588840397416681753e+02
6.953545604383704131e+02 8.656329431320946242e+02 4.585004067293073149e+02
6.958473763645268946e+02 8.678448362552210256e+02 4.585968716450499301e+02
6.964634956766947198e+02 8.722735956442833185e+02 4.582802588607171970e+02
6.969326255635933194e+02 8.766862217234698846e+02 4.578526647402744629e+02
6.972634932382652551e+02 8.787227906586575727e+02 4.578284227285952284e+02
6.975588862877699512e+02 8.830598945441514616e+02 4.571146474403034290e+02
6.977349826546331997e+02 8.852911950633671267e+02 4.568463026269760690e+02
6.979638698165833830e+02 8.896939085766323387e+02 4.560301698153895700e+02
6.981038830643024085e+02 8.943198311451174050e+02 4.552076177939750323e+02
6.981508790661050625e+02 8.965701224976166941e+02 4.545755770272002110e+02
6.981828439619157507e+02 9.013944069589964556e+02 4.534315538202603193e+02
6.981779767352761610e+02 9.062845842778441465e+02 4.519947771632080844e+02
6.981619800453102016e+02 9.087822173842729399e+02 4.511991297314660301e+02
6.982275136875921362e+02 9.113231868314416033e+02 4.504492963437309641e+02
6.981480610516875913e+02 9.163290190585036044e+02 4.484820532432494815e+02
6.980515224550246103e+02 9.215243108776807048e+02 4.464240774148572655e+02
6.979945982642294666e+02 9.269146531766159569e+02 4.442147257932304001e+02
6.980553619765763642e+02 9.294659879684191992e+02 4.431267305232508420e+02
6.980103209757205605e+02 9.324068033313017168e+02 4.418185151064016054e+02
6.983896966696639765e+02 9.405534050703811317e+02 4.384201269650528729e+02
6.986397656343036715e+02 9.432389828849961759e+02 4.371681346444818246e+02
6.992159738206509019e+02 9.490276221855846188e+02 4.348014426035045403e+02
6.992690094442097006e+02 9.510268489116235742e+02 4.335210992412114592e+02
7.002070049360936537e+02 9.566041390383347789e+02 4.318010459979955158e+02
7.006603534218406821e+02 9.592902233143869353e+02 4.312240197616391129e+02
7.017022140934697063e+02 9.645897081313405579e+02 4.307504148522563696e+02
7.022960819160241499e+02 9.671234705537351601e+02 4.307917179665631693e+02
7.033115521998313397e+02 9.717006681663718837e+02 4.313303782886534350e+02
7.043680480055245425e+02 9.743269266562057282e+02 4.317357312662230697e+02
7.056670776000728438e+02 9.787306476600575706e+02 4.324005256451405330e+02
7.071052529077494455e+02 9.832248927134475025e+02 4.330117362631788183e+02
7.077366536913370965e+02 9.854585692312182346e+02 4.333012183936203314e+02
7.090888654809250511e+02 9.898385030308934347e+02 4.338280199848693428e+02
7.107133985736932118e+02 9.944433511956925713e+02 4.344958209457523708e+02
7.115228191998854754e+02 9.967436178493657053e+02 4.349073635160223148e+02
7.129971291233542843e+02 1.001396907146703597e+03 4.357162385502105053e+02
7.136956263917725209e+02 1.003608535620126872e+03 4.362627107690034904e+02
7.152136720740949158e+02 1.008363350546554216e+03 4.370421017925750675e+02
7.167612106370655738e+02 1.013401959371354678e+03 4.376700246459275263e+02
7.174480398573640514e+02 1.015860456484300698e+03 4.379566134877602508e+02
7.182460520111626465e+02 1.018316510743284880e+03 4.384313447272810436e+02
7.201024188005982296e+02 1.025726236586284131e+03 4.391889029292557325e+02
7.208304626830891948e+02 1.028056109772503532e+03 4.395952961758730453e+02
7.222248442355620455e+02 1.033421426105860064e+03 4.396222763673113718e+02
7.228559036252435135e+02 1.035551594490927755e+03 4.399451456858624852e+02
7.233497098561460916e+02 1.038185859812082981e+03 4.398779677356663456e+02
7.244419775175404084e+02 1.043008006856427528e+03 4.399903590625406764e+02
7.259035849490443297e+02 1.048217832484907149e+03 4.397939943126918934e+02
7.274231005876298468e+02 1.053554940088915600e+03 4.392850070849804638e+02
7.281103236275794188e+02 1.056179909043429006e+03 4.390043280964486030e+02
7.294160587506407865e+02 1.061433535642503557e+03 4.384993639171168525e+02
7.303454854619263870e+02 1.066245318486943233e+03 4.385894275717554933e+02
7.309174264412534967e+02 1.068613780091713807e+03 4.385979380888487071e+02
7.320344251327222764e+02 1.073053574984965280e+03 4.391315039801932585e+02
7.323714858527413298e+02 1.075039571404826802e+03 4.394768604652519457e+02
7.331106632106842653e+02 1.079004589372513919e+03 4.407355444528756152e+02
7.333683096029495800e+02 1.080864827051438169e+03 4.414755351466388333e+02
7.338958433724781116e+02 1.084686049675004369e+03 4.429897527115634830e+02
7.343908741244094927e+02 1.088626201766037411e+03 4.444873161932804351e+02
7.343908741244094927e+02 1.088626201766037411e+03 4.444873161932804351e+02
7.350548949961809058e+02 1.094982848679189374e+03 4.462732575662278691e+02
7.355207407790080651e+02 1.099505320867197725e+03 4.471503062807428819e+02
7.358406620981044171e+02 1.101769474680795611e+03 4.476159130694427972e+02
7.364702930652595114e+02 1.106527162816798182e+03 4.483308132423735515e+02
7.370775379712681570e+02 1.109079409517563818e+03 4.486705879782517172e+02
7.375475825490206034e+02 1.111585661927763567e+03 4.489810517496899251e+02
7.383556703822066538e+02 1.116615444357960314e+03 4.496228013021691936e+02
7.394737987824019001e+02 1.121387230263290803e+03 4.504700498302187839e+02
7.404627963604357319e+02 1.125916915130229881e+03 4.512200584609615248e+02
7.410358275474463881e+02 1.128115584731559011e+03 4.516548603853307782e+02
7.413900869262254218e+02 1.130229537895490012e+03 4.519283839092340713e+02
7.428987111079951546e+02 1.136105430785642966e+03 4.532359413238530692e+02
7.434768594233390786e+02 1.137996685234109009e+03 4.536241552491083553e+02
7.444250822516881954e+02 1.141567676607180147e+03 4.546694326916636442e+02
7.449349315679172605e+02 1.143424913386831804e+03 4.549788602507568385e+02
7.458745296486163170e+02 1.147098601233634781e+03 4.556056194970694833e+02
7.465183805553986076e+02 1.148890674102975709e+03 4.559151447159812278e+02
7.474388398113607082e+02 1.152605113060732492e+03 4.562996206111883453e+02
7.480652098668232384e+02 1.154332163823605924e+03 4.566173988089772706e+02
7.491619113884993340e+02 1.157909933492987420e+03 4.570916829562965518e+02
7.501813549877804235e+02 1.161518967458886891e+03 4.574501284706954607e+02
7.512388393722246747e+02 1.165055526832216856e+03 4.577104220184133396e+02
7.517380790800656314e+02 1.166903406236526507e+03 4.578485071824186434e+02
7.528535478762602224e+02 1.170465988663560665e+03 4.580618763988699129e+02
7.535936472305594407e+02 1.172192558395269998e+03 4.582379633642675003e+02
7.546509781740152221e+02 1.175789470688800748e+03 4.582054374010394326e+02
7.551662746286859829e+02 1.177490454922111894e+03 4.582092081757638198e+02
7.562009254824191657e+02 1.180949161628065895e+03 4.582473485285223092e+02
7.567533149538844555e+02 1.182621062380139847e+03 4.582730791194832136e+02
7.582774594081744226e+02 1.187679613386559140e+03 4.583332941312820594e+02
7.587493996630300899e+02 1.189396756956611853e+03 4.582009443223059861e+02
7.593845341595304035e+02 1.191052338284976258e+03 4.585896003280809055e+02
7.603892191581887801e+02 1.194406777489778278e+03 4.585719560823832808e+02
7.614208891106749206e+02 1.197658690327882596e+03 4.585953718007968405e+02
7.618571416889150214e+02 1.199445781794279128e+03 4.585046776390665286e+02
7.629186117085259866e+02 1.202688452340063122e+03 4.585114393225762797e+02
7.634289076529539670e+02 1.204437477632088076e+03 4.584267431745515751e+02
7.644231435068865039e+02 1.207911243638287715e+03 4.582872510736417553e+02
7.649926246479382144e+02 1.209664244120979220e+03 4.582209708346099433e+02
7.659397915613125178e+02 1.213232528191318352e+03 4.579374347807212757e+02
7.671354070787806450e+02 1.216902761191609216e+03 4.577479410071990742e+02
7.676755448607004837e+02 1.218807366549213839e+03 4.576248892638253665e+02
7.688150425974581594e+02 1.222517440043677198e+03 4.573667556020718621e+02
7.699417617688673090e+02 1.226297170504601354e+03 4.571360806995421058e+02
7.704512365346862452e+02 1.228278876325292003e+03 4.569746184995519229e+02
7.715275456853245259e+02 1.232093331431765364e+03 4.566644309686307110e+02
7.720507326092184712e+02 1.234068058881654679e+03 4.565871016341617405e+02
7.735896316960382819e+02 1.239944320711292448e+03 4.561898328116268431e+02
7.740429495437751939e+02 1.241902205747654307e+03 4.560290912081960641e+02
7.750924041628636587e+02 1.245844305575186581e+03 4.559442733419458591e+02
7.754972189113391323e+02 1.247826669573760455e+03 4.556492645690605059e+02
7.763478163237539320e+02 1.251652627996426872e+03 4.553401756884068163e+02
7.768014891596766347e+02 1.253460904224268688e+03 4.552703115949856851e+02
7.780051963034072742e+02 1.257190310624763697e+03 4.553452793556468805e+02
7.787253942706055341e+02 1.258661242437700594e+03 4.555256898326750843e+02
7.796479266403251813e+02 1.262002677842773892e+03 4.555370990982950730e+02
7.801590702812493419e+02 1.263661238831828769e+03 4.556895354949841135e+02
7.813394942800496210e+02 1.267119490679434193e+03 4.560701446384402971e+02
7.818033605754525297e+02 1.268871039989517385e+03 4.562125729496195277e+02
7.830858275032934444e+02 1.272512093992148721e+03 4.567223643742862009e+02
7.836745155583442966e+02 1.274503173434130531e+03 4.570014343858230177e+02
7.851486085745127639e+02 1.280145079361367380e+03 4.576064737469121155e+02
7.856306548173602096e+02 1.282121007860898317e+03 4.578152017860802516e+02
7.866415772087483447e+02 1.286018557563215381e+03 4.581544360362004227e+02
7.870814046764344312e+02 1.287852860773086149e+03 4.582661216327593934e+02
7.875570167355231206e+02 1.289870340701300393e+03 4.584072657620621385e+02
7.888183149732798256e+02 1.295668436124501568e+03 4.586427414708491597e+02
7.892233968077392774e+02 1.297592683434885657e+03 4.585194586592022574e+02
7.899765134619200353e+02 1.301441834908446708e+03 4.585980187799617624e+02
7.905779747266138884e+02 1.303310196710207265e+03 4.586703713059309848e+02
7.912781749060079619e+02 1.307090614578087752e+03 4.586058658842559339e+02
7.921366309266169310e+02 1.310832881397836672e+03 4.585489288328588486e+02
7.925142590829868823e+02 1.312709783942395006e+03 4.585075931150296924e+02
7.933211278970386502e+02 1.316405107117871921e+03 4.583906275794685712e+02
7.937670923950926181e+02 1.318296607825422825e+03 4.582289404831163324e+02
7.940837226538158120e+02 1.320201971019724851e+03 4.580920871434429955e+02
7.947746963533010103e+02 1.324046938882264612e+03 4.579426840440492015e+02
7.955590044879866127e+02 1.327859567622271925e+03 4.575756331936406696e+02
7.964357242970359039e+02 1.331630135019725685e+03 4.571537349294681576e+02
7.971090853844344792e+02 1.335706076359606413e+03 4.566212653905259913e+02
