1.752681162651571274e+09
1.752681162655250549e+09
1.752681162661530256e+09
1.752681162665223837e+09
1.752681162671427011e+09
1.752681162675193787e+09
1.752681162681369781e+09
1.752681162685357094e+09
1.752681162691596270e+09
1.752681162695098877e+09
1.752681162701886415e+09
1.752681162705321789e+09
1.752681162712143660e+09
1.752681162715430737e+09
1.752681162721288443e+09
1.752681162725044966e+09
1.752681162732198715e+09
1.752681162736049891e+09
1.752681162741760015e+09
1.752681162745353460e+09
1.752681162751655340e+09
1.752681162755232334e+09
1.752681162761607170e+09
1.752681162765301943e+09
1.752681162771737814e+09
1.752681162776166439e+09
1.752681162782009125e+09
1.752681162786059380e+09
1.752681162792700052e+09
1.752681162796681404e+09
1.752681162800301075e+09
1.752681162805346012e+09
1.752681162811708927e+09
1.752681162815927982e+09
1.752681162821922541e+09
1.752681162825202227e+09
1.752681162831661463e+09
1.752681162835369110e+09
1.752681162841402292e+09
1.752681162845209360e+09
1.752681162851695776e+09
1.752681162855291605e+09
1.752681162861749411e+09
1.752681162865404367e+09
1.752681162870526314e+09
1.752681162875249624e+09
1.752681162881808996e+09
1.752681162885278940e+09
1.752681162892100811e+09
1.752681162895396471e+09
1.752681162901692629e+09
1.752681162905148745e+09
1.752681162911811113e+09
1.752681162915252209e+09
1.752681162921567917e+09
1.752681162925361633e+09
1.752681162931691170e+09
1.752681162935584784e+09
1.752681162941232681e+09
1.752681162945209503e+09
1.752681162952101707e+09
1.752681162955304146e+09
1.752681162961503744e+09
1.752681162966509819e+09
1.752681162972053051e+09
1.752681162975224257e+09
1.752681162981338263e+09
1.752681162986543417e+09
1.752681162991980314e+09
1.752681162996289730e+09
1.752681163001469374e+09
1.752681163005275726e+09
1.752681163010489941e+09
1.752681163016043425e+09
1.752681163019644737e+09
1.752681163025973082e+09
1.752681163031612396e+09
1.752681163035999775e+09
1.752681163041790009e+09
1.752681163046074867e+09
1.752681163051446676e+09
1.752681163055044889e+09
1.752681163061735392e+09
1.752681163065886497e+09
1.752681163071682930e+09
1.752681163075992823e+09
1.752681163080491781e+09
1.752681163085040331e+09
1.752681163091932774e+09
1.752681163096272230e+09
1.752681163099540472e+09
1.752681163106029034e+09
1.752681163111695766e+09
1.752681163115975618e+09
1.752681163121169567e+09
1.752681163124977350e+09
1.752681163131747246e+09
1.752681163136301756e+09
1.752681163141178846e+09
1.752681163145210981e+09
1.752681163150151253e+09
1.752681163156161308e+09
1.752681163161644697e+09
1.752681163166002989e+09
1.752681163171652317e+09
1.752681163176025152e+09
1.752681163179988384e+09
1.752681163186733723e+09
1.752681163191573620e+09
1.752681163195282698e+09
1.752681163201978683e+09
1.752681163206107855e+09
1.752681163211713552e+09
1.752681163215859175e+09
1.752681163220111132e+09
1.752681163226279259e+09
1.752681163231925249e+09
1.752681163235219479e+09
1.752681163241508961e+09
1.752681163245965481e+09
1.752681163252014637e+09
1.752681163256130457e+09
1.752681163261739254e+09
1.752681163266046524e+09
1.752681163272316933e+09
1.752681163277158737e+09
1.752681163279999495e+09
1.752681163285115480e+09
1.752681163291609526e+09
1.752681163296449423e+09
1.752681163301642179e+09
1.752681163305218935e+09
1.752681163311796904e+09
1.752681163316407919e+09
1.752681163321868896e+09
1.752681163325255632e+09
1.752681163331495285e+09
1.752681163336469650e+09
1.752681163342276573e+09
1.752681163345303535e+09
1.752681163351721525e+09
1.752681163357190371e+09
1.752681163361670256e+09
1.752681163365068197e+09
1.752681163371725082e+09
1.752681163376308441e+09
1.752681163380002260e+09
1.752681163385120869e+09
1.752681163391586542e+09
1.752681163396408319e+09
1.752681163399699688e+09
1.752681163405126095e+09
1.752681163411483049e+09
1.752681163416220427e+09
1.752681163419899464e+09
1.752681163425184727e+09
1.752681163431937695e+09
1.752681163435986996e+09
1.752681163441472292e+09
1.752681163445989132e+09
1.752681163451784611e+09
1.752681163456119776e+09
1.752681163459794760e+09
1.752681163465281725e+09
1.752681163471552849e+09
1.752681163475268126e+09
1.752681163479759693e+09
1.752681163486541033e+09
1.752681163491540194e+09
1.752681163496410370e+09
1.752681163499543190e+09
1.752681163505245209e+09
1.752681163511560440e+09
1.752681163515192032e+09
1.752681163522071362e+09
1.752681163526024342e+09
1.752681163531552553e+09
1.752681163535220385e+09
1.752681163541932106e+09
1.752681163546110153e+09
1.752681163551678419e+09
1.752681163555393457e+09
1.752681163561336517e+09
1.752681163565063238e+09
1.752681163572034359e+09
1.752681163575035810e+09
1.752681163581548691e+09
1.752681163585289240e+09
1.752681163591788769e+09
1.752681163595293999e+09
1.752681163601494551e+09
1.752681163605239630e+09
1.752681163611679077e+09
1.752681163615360022e+09
1.752681163619782448e+09
1.752681163627230167e+09
1.752681163631463528e+09
1.752681163635145664e+09
1.752681163640811682e+09
1.752681163645281076e+09
1.752681163651720524e+09
1.752681163656029940e+09
1.752681163659775734e+09
1.752681163665342808e+09
1.752681163671736002e+09
1.752681163675289869e+09
1.752681163681169510e+09
1.752681163685197830e+09
1.752681163691725492e+09
1.752681163696033478e+09
1.752681163701616287e+09
1.752681163705296993e+09
1.752681163709993362e+09
1.752681163715049744e+09
1.752681163721507072e+09
1.752681163725091934e+09
1.752681163731343985e+09
1.752681163736538887e+09
1.752681163741766214e+09
1.752681163745241880e+09
1.752681163751501083e+09
1.752681163756375790e+09
1.752681163760155201e+09
1.752681163765204668e+09
1.752681163771476030e+09
1.752681163777069569e+09
1.752681163781120062e+09
1.752681163785182238e+09
1.752681163791561127e+09
1.752681163795183659e+09
1.752681163799670219e+09
1.752681163806056976e+09
1.752681163811689377e+09
1.752681163815215349e+09
1.752681163821587563e+09
1.752681163825235605e+09
1.752681163831662655e+09
1.752681163837192774e+09
1.752681163841644287e+09
1.752681163844939947e+09
1.752681163851160765e+09
1.752681163855231524e+09
1.752681163859766960e+09
1.752681163866243601e+09
1.752681163871764421e+09
1.752681163875207186e+09
1.752681163881583929e+09
1.752681163885543346e+09
1.752681163891783953e+09
1.752681163895303965e+09
1.752681163901510954e+09
1.752681163905243397e+09
1.752681163911707878e+09
1.752681163915463686e+09
1.752681163921639204e+09
1.752681163925270319e+09
1.752681163931587219e+09
1.752681163935221910e+09
1.752681163941313982e+09
1.752681163944989920e+09
1.752681163952164412e+09
1.752681163956425428e+09
1.752681163961420536e+09
1.752681163965285301e+09
1.752681163971793175e+09
1.752681163975137234e+09
1.752681163981487513e+09
1.752681163986004829e+09
1.752681163991270304e+09
1.752681163995269060e+09
1.752681164002190113e+09
1.752681164005205154e+09
1.752681164011678219e+09
1.752681164015921354e+09
1.752681164021645784e+09
1.752681164025281429e+09
1.752681164031871796e+09
1.752681164035130024e+09
1.752681164041408300e+09
1.752681164045210361e+09
1.752681164051743507e+09
1.752681164056489706e+09
1.752681164061946154e+09
1.752681164065129519e+09
1.752681164071639061e+09
1.752681164075257063e+09
1.752681164080010414e+09
1.752681164087518930e+09
1.752681164091787815e+09
1.752681164095113277e+09
1.752681164101850033e+09
1.752681164106235027e+09
1.752681164111764908e+09
1.752681164115307331e+09
1.752681164121557236e+09
1.752681164126157761e+09
1.752681164131861687e+09
1.752681164135241270e+09
1.752681164139507294e+09
1.752681164146100283e+09
1.752681164151885509e+09
1.752681164155336380e+09
1.752681164161782503e+09
1.752681164166107893e+09
1.752681164171633482e+09
1.752681164175262451e+09
1.752681164181602001e+09
1.752681164185316563e+09
1.752681164191749096e+09
1.752681164196577311e+09
1.752681164201674938e+09
1.752681164205438375e+09
1.752681164211818457e+09
1.752681164215355158e+09
1.752681164221490145e+09
1.752681164225214720e+09
1.752681164231797218e+09
1.752681164236046791e+09
1.752681164241610527e+09
1.752681164245238066e+09
1.752681164251785994e+09
1.752681164255241632e+09
1.752681164261685848e+09
1.752681164266006470e+09
1.752681164273072720e+09
1.752681164276094437e+09
1.752681164281183958e+09
1.752681164285085201e+09
1.752681164291824341e+09
1.752681164295990467e+09
1.752681164301762342e+09
1.752681164305253983e+09
1.752681164311834097e+09
1.752681164315294504e+09
1.752681164321912050e+09
1.752681164325296164e+09
1.752681164331687212e+09
1.752681164338296652e+09
1.752681164339548826e+09
1.752681164345758200e+09
1.752681164351596594e+09
1.752681164355241776e+09
1.752681164359856129e+09
1.752681164365274429e+09
1.752681164371554375e+09
1.752681164375879049e+09
1.752681164379548788e+09
1.752681164385763645e+09
1.752681164392114639e+09
1.752681164396035671e+09
1.752681164401250124e+09
1.752681164405136585e+09
1.752681164411334038e+09
1.752681164415188551e+09
1.752681164421528578e+09
1.752681164425243139e+09
1.752681164432068110e+09
1.752681164436479092e+09
1.752681164441204071e+09
1.752681164445216656e+09
1.752681164451907396e+09
1.752681164456229210e+09
1.752681164461830139e+09
1.752681164465990543e+09
1.752681164471637249e+09
1.752681164475765944e+09
1.752681164481480360e+09
1.752681164485146761e+09
1.752681164491832495e+09
1.752681164495121002e+09
1.752681164501561165e+09
1.752681164505207539e+09
1.752681164511745214e+09
1.752681164516035795e+09
1.752681164521540642e+09
1.752681164525933027e+09
1.752681164531558037e+09
1.752681164535261869e+09
1.752681164541866302e+09
1.752681164546485901e+09
1.752681164550920963e+09
1.752681164555269718e+09
1.752681164561858416e+09
1.752681164566403627e+09
1.752681164571797132e+09
1.752681164575238228e+09
1.752681164581699133e+09
1.752681164585983753e+09
1.752681164591499329e+09
1.752681164595245123e+09
1.752681164601620913e+09
1.752681164605308533e+09
1.752681164611714125e+09
1.752681164615228176e+09
1.752681164620013237e+09
1.752681164625261068e+09
1.752681164631569147e+09
1.752681164635205030e+09
1.752681164641923666e+09
1.752681164646281958e+09
1.752681164652058125e+09
1.752681164656417608e+09
1.752681164659987450e+09
1.752681164665142775e+09
1.752681164671850920e+09
1.752681164675088882e+09
1.752681164681344509e+09
1.752681164685319662e+09
1.752681164690550804e+09
1.752681164695233345e+09
1.752681164701755762e+09
1.752681164706011295e+09
1.752681164711863518e+09
1.752681164716329575e+09
1.752681164719716072e+09
1.752681164725220919e+09
1.752681164731517553e+09
1.752681164735256910e+09
1.752681164741349220e+09
1.752681164746333599e+09
1.752681164752549887e+09
1.752681164757613659e+09
1.752681164759910345e+09
1.752681164766209841e+09
1.752681164771983385e+09
1.752681164776077509e+09
1.752681164781817675e+09
1.752681164786057711e+09
1.752681164791693926e+09
1.752681164795088291e+09
1.752681164801099539e+09
1.752681164805739880e+09
1.752681164812077999e+09
1.752681164816138506e+09
1.752681164821276665e+09
1.752681164825081587e+09
1.752681164830170393e+09
1.752681164835276127e+09
1.752681164841443062e+09
1.752681164845250130e+09
1.752681164851597309e+09
1.752681164855245590e+09
1.752681164861593962e+09
1.752681164866494417e+09
1.752681164872115850e+09
1.752681164875248194e+09
1.752681164881283998e+09
1.752681164886153221e+09
1.752681164892663956e+09
1.752681164894776344e+09
1.752681164901957035e+09
1.752681164906348228e+09
1.752681164912196159e+09
1.752681164915826321e+09
1.752681164921205759e+09
1.752681164926233768e+09
1.752681164932564974e+09
1.752681164935290575e+09
1.752681164941518545e+09
1.752681164946371555e+09
1.752681164951973915e+09
1.752681164955949783e+09
1.752681164961203098e+09
1.752681164965274096e+09
1.752681164970514059e+09
1.752681164975067139e+09
1.752681164981988668e+09
1.752681164985984087e+09
1.752681164991706610e+09
1.752681164995246649e+09
1.752681165001483440e+09
1.752681165005282640e+09
1.752681165011685848e+09
1.752681165015246153e+09
1.752681165021257639e+09
1.752681165025125265e+09
1.752681165031505108e+09
1.752681165036973715e+09
1.752681165039694071e+09
1.752681165046522856e+09
1.752681165051523447e+09
1.752681165055197001e+09
1.752681165061388493e+09
1.752681165065084219e+09
1.752681165072070599e+09
1.752681165076031208e+09
1.752681165081461906e+09
1.752681165085357428e+09
1.752681165092016459e+09
1.752681165096513987e+09
1.752681165101317644e+09
1.752681165105272532e+09
1.752681165111860514e+09
1.752681165116315603e+09
1.752681165121314526e+09
1.752681165125374556e+09
1.752681165132187128e+09
1.752681165136657000e+09
1.752681165141608238e+09
1.752681165145458221e+09
1.752681165152346611e+09
1.752681165156099558e+09
1.752681165161477804e+09
1.752681165165052414e+09
1.752681165171728373e+09
1.752681165175441742e+09
1.752681165180045366e+09
1.752681165186233282e+09
1.752681165191647768e+09
1.752681165195050478e+09
1.752681165201760054e+09
1.752681165206285238e+09
1.752681165211648226e+09
1.752681165215896368e+09
1.752681165221403122e+09
1.752681165225236416e+09
1.752681165231914043e+09
1.752681165236502409e+09
1.752681165239530563e+09
1.752681165245117903e+09
1.752681165250593424e+09
1.752681165255249739e+09
1.752681165262104750e+09
1.752681165265542984e+09
1.752681165271701097e+09
1.752681165275218487e+09
1.752681165281347513e+09
1.752681165285100460e+09
1.752681165291480541e+09
1.752681165296384573e+09
1.752681165299708128e+09
1.752681165305943727e+09
1.752681165311642885e+09
1.752681165316099405e+09
1.752681165321761847e+09
1.752681165325448513e+09
1.752681165332048416e+09
1.752681165335333347e+09
1.752681165341773033e+09
1.752681165345254660e+09
1.752681165351657629e+09
1.752681165355314732e+09
1.752681165361696482e+09
1.752681165365033627e+09
1.752681165372200727e+09
1.752681165377073526e+09
1.752681165379593611e+09
1.752681165387200832e+09
1.752681165390483379e+09
1.752681165395124674e+09
1.752681165401142359e+09
1.752681165406300783e+09
1.752681165412443399e+09
1.752681165415395260e+09
1.752681165421596527e+09
1.752681165425304174e+09
1.752681165431708336e+09
1.752681165436081648e+09
1.752681165441808224e+09
1.752681165445468426e+09
1.752681165451651573e+09
1.752681165455863953e+09
1.752681165463446856e+09
1.752681165465259552e+09
1.752681165471553326e+09
1.752681165476413965e+09
1.752681165482070684e+09
1.752681165485201120e+09
1.752681165491690159e+09
1.752681165495874166e+09
1.752681165501257420e+09
1.752681165505350828e+09
1.752681165511496782e+09
1.752681165515324831e+09
1.752681165519517899e+09
1.752681165526219606e+09
1.752681165530862331e+09
1.752681165535398960e+09
1.752681165541774273e+09
1.752681165545991659e+09
1.752681165551356554e+09
1.752681165555081844e+09
1.752681165562492132e+09
1.752681165566457033e+09
1.752681165571559429e+09
1.752681165575239897e+09
1.752681165579755306e+09
1.752681165586171627e+09
1.752681165591970921e+09
1.752681165596138239e+09
1.752681165599969864e+09
1.752681165606063366e+09
1.752681165611767292e+09
1.752681165615355968e+09
1.752681165620273590e+09
1.752681165628930569e+09
1.752681165630253077e+09
1.752681165636350870e+09
1.752681165641427040e+09
1.752681165645230293e+09
1.752681165651561499e+09
1.752681165655503511e+09
1.752681165661713362e+09
1.752681165666204691e+09
1.752681165671020985e+09
1.752681165675117970e+09
1.752681165681399584e+09
1.752681165685153246e+09
1.752681165691915035e+09
1.752681165696016788e+09
1.752681165699516535e+09
1.752681165706061363e+09
1.752681165711697578e+09
1.752681165716009140e+09
1.752681165721454144e+09
1.752681165725317478e+09
1.752681165731490135e+09
1.752681165735192060e+09
1.752681165739844322e+09
1.752681165746130943e+09
1.752681165751627207e+09
1.752681165756061077e+09
1.752681165759602070e+09
1.752681165765985012e+09
1.752681165771747828e+09
1.752681165775253296e+09
1.752681165781099558e+09
1.752681165785106182e+09
1.752681165792154074e+09
1.752681165796415329e+09
1.752681165802015543e+09
1.752681165805240870e+09
1.752681165811538219e+09
1.752681165815266132e+09
1.752681165821494341e+09
1.752681165825284243e+09
1.752681165831806183e+09
1.752681165836163521e+09
1.752681165841676950e+09
1.752681165845195055e+09
1.752681165851527214e+09
1.752681165855250359e+09
1.752681165862078667e+09
1.752681165865226984e+09
1.752681165871608019e+09
1.752681165876046419e+09
1.752681165881235123e+09
1.752681165885084152e+09
1.752681165891556263e+09
1.752681165896279097e+09
1.752681165902097702e+09
1.752681165905246496e+09
1.752681165911571503e+09
1.752681165916121483e+09
1.752681165919738531e+09
1.752681165925234318e+09
1.752681165931691170e+09
1.752681165936078787e+09
1.752681165939521790e+09
1.752681165945754051e+09
1.752681165951299191e+09
1.752681165956021786e+09
1.752681165959979773e+09
1.752681165965268135e+09
1.752681165971511126e+09
1.752681165976265430e+09
1.752681165982107878e+09
1.752681165986737967e+09
1.752681165991602421e+09
1.752681165995467663e+09
1.752681166001729488e+09
1.752681166005862951e+09
1.752681166011786699e+09
1.752681166017015457e+09
1.752681166020021200e+09
1.752681166025275946e+09
1.752681166031501293e+09
1.752681166036165714e+09
1.752681166039882898e+09
1.752681166045892239e+09
1.752681166051664114e+09
1.752681166055245399e+09
1.752681166059849262e+09
1.752681166065304995e+09
1.752681166071701050e+09
1.752681166075251341e+09
1.752681166081647396e+09
1.752681166085121870e+09
1.752681166090488434e+09
1.752681166096256971e+09
1.752681166099487543e+09
1.752681166105999470e+09
1.752681166111702681e+09
1.752681166116024017e+09
1.752681166120018005e+09
1.752681166125267982e+09
1.752681166131586313e+09
1.752681166136041403e+09
1.752681166141573191e+09
1.752681166145248652e+09
1.752681166151710272e+09
1.752681166156352758e+09
1.752681166160097599e+09
1.752681166165256500e+09
1.752681166171676636e+09
1.752681166176138639e+09
1.752681166179780960e+09
1.752681166185858250e+09
1.752681166191425323e+09
1.752681166195243359e+09
1.752681166202177286e+09
1.752681166205791473e+09
1.752681166211429358e+09
1.752681166215287447e+09
1.752681166219963312e+09
1.752681166226215124e+09
1.752681166232250452e+09
1.752681166236233711e+09
1.752681166239987373e+09
1.752681166245198011e+09
1.752681166251606464e+09
1.752681166255883694e+09
1.752681166262178659e+09
1.752681166266634941e+09
1.752681166271503925e+09
1.752681166275269747e+09
1.752681166281699181e+09
1.752681166286075354e+09
1.752681166291811943e+09
1.752681166295296192e+09
1.752681166302485466e+09
1.752681166306706667e+09
1.752681166311532021e+09
1.752681166315256119e+09
1.752681166321841002e+09
1.752681166326300383e+09
1.752681166331561804e+09
1.752681166336462021e+09
1.752681166339599371e+09
1.752681166345227480e+09
1.752681166351535320e+09
1.752681166355257273e+09
1.752681166360528946e+09
1.752681166366010666e+09
1.752681166370700836e+09
1.752681166375175714e+09
1.752681166381747723e+09
1.752681166385478497e+09
1.752681166391830206e+09
1.752681166395145178e+09
1.752681166399790049e+09
1.752681166406082869e+09
1.752681166412024736e+09
1.752681166415180206e+09
1.752681166419597149e+09
1.752681166425240040e+09
1.752681166431823969e+09
1.752681166436067581e+09
1.752681166441592693e+09
1.752681166445019722e+09
1.752681166452218533e+09
1.752681166456265211e+09
1.752681166459701300e+09
1.752681166465106726e+09
1.752681166471809864e+09
1.752681166476458311e+09
1.752681166479818821e+09
1.752681166485272884e+09
1.752681166491817713e+09
1.752681166496153831e+09
1.752681166501690149e+09
1.752681166505359173e+09
1.752681166511854887e+09
1.752681166518216372e+09
1.752681166520779371e+09
1.752681166527000427e+09
1.752681166531650543e+09
1.752681166535336018e+09
1.752681166543463707e+09
1.752681166546737194e+09
1.752681166551539660e+09
1.752681166555114031e+09
1.752681166561832428e+09
1.752681166566154718e+09
1.752681166571386099e+09
1.752681166575243235e+09
1.752681166582347155e+09
1.752681166586132765e+09
1.752681166591603994e+09
1.752681166595010042e+09
1.752681166601618528e+09
1.752681166606248379e+09
1.752681166611926794e+09
1.752681166616047144e+09
1.752681166621451378e+09
1.752681166625296116e+09
1.752681166631891012e+09
1.752681166636186600e+09
1.752681166641485929e+09
1.752681166645109653e+09
1.752681166651117086e+09
1.752681166656633377e+09
1.752681166660871029e+09
1.752681166666182041e+09
1.752681166671766520e+09
1.752681166675229073e+09
1.752681166681673765e+09
1.752681166686070681e+09
1.752681166691758871e+09
1.752681166695111990e+09
1.752681166701121569e+09
1.752681166706611156e+09
1.752681166712096930e+09
1.752681166715109110e+09
1.752681166721548557e+09
1.752681166725223064e+09
1.752681166731484890e+09
1.752681166736501694e+09
1.752681166742188454e+09
1.752681166745273829e+09
1.752681166752413988e+09
1.752681166755989075e+09
1.752681166761832476e+09
1.752681166765279531e+09
1.752681166771441221e+09
1.752681166775994062e+09
1.752681166779995441e+09
1.752681166785228014e+09
1.752681166791150093e+09
1.752681166796368837e+09
1.752681166799721003e+09
1.752681166805235624e+09
1.752681166811645269e+09
1.752681166815266609e+09
1.752681166821641684e+09
1.752681166825271130e+09
1.752681166831604481e+09
1.752681166835360765e+09
1.752681166839811087e+09
1.752681166845256090e+09
1.752681166851984739e+09
1.752681166855261803e+09
1.752681166860558987e+09
1.752681166865889311e+09
1.752681166871559858e+09
1.752681166875087023e+09
1.752681166881828785e+09
1.752681166886145353e+09
1.752681166891690731e+09
1.752681166895853281e+09
1.752681166899651527e+09
1.752681166905242920e+09
1.752681166911690950e+09
1.752681166915206432e+09
1.752681166919740200e+09
1.752681166925461769e+09
1.752681166932260752e+09
1.752681166936224222e+09
1.752681166941695452e+09
1.752681166945937872e+09
1.752681166951640844e+09
1.752681166956116915e+09
1.752681166961787462e+09
1.752681166965223074e+09
1.752681166971834183e+09
1.752681166975860119e+09
1.752681166981505871e+09
1.752681166985300541e+09
1.752681166991864681e+09
1.752681166995733023e+09
1.752681167000736475e+09
1.752681167005300760e+09
1.752681167011709452e+09
1.752681167016006231e+09
1.752681167019841194e+09
1.752681167025143862e+09
1.752681167032467365e+09
1.752681167036274672e+09
1.752681167041176319e+09
1.752681167045214176e+09
1.752681167052337646e+09
1.752681167056526661e+09
1.752681167061585188e+09
1.752681167065209627e+09
1.752681167071759701e+09
1.752681167076009750e+09
1.752681167081804991e+09
1.752681167085107088e+09
1.752681167091402054e+09
1.752681167095097542e+09
1.752681167099625826e+09
1.752681167106799841e+09
1.752681167111449242e+09
1.752681167115214109e+09
1.752681167121369839e+09
1.752681167126120806e+09
1.752681167131324053e+09
1.752681167135851622e+09
1.752681167140016556e+09
1.752681167145853043e+09
1.752681167151432037e+09
1.752681167155208588e+09
1.752681167162110090e+09
1.752681167166247129e+09
1.752681167171475887e+09
1.752681167175214767e+09
1.752681167179729700e+09
1.752681167186045647e+09
1.752681167191734552e+09
1.752681167196063042e+09
1.752681167201488733e+09
1.752681167205157042e+09
1.752681167211944342e+09
1.752681167216151476e+09
1.752681167221591234e+09
1.752681167226170063e+09
1.752681167231734276e+09
1.752681167235898972e+09
1.752681167241570473e+09
1.752681167245947361e+09
1.752681167251640558e+09
1.752681167255335569e+09
1.752681167261715889e+09
1.752681167266081810e+09
1.752681167271716356e+09
1.752681167275211096e+09
1.752681167279535770e+09
1.752681167285451412e+09
1.752681167291670561e+09
1.752681167297108889e+09
1.752681167300114155e+09
1.752681167304984570e+09
1.752681167311536789e+09
1.752681167316630602e+09
1.752681167322046041e+09
1.752681167325208664e+09
1.752681167331448555e+09
1.752681167335885286e+09
1.752681167341407299e+09
1.752681167345250368e+09
1.752681167352001429e+09
1.752681167356240034e+09
1.752681167361540556e+09
1.752681167365218639e+09
1.752681167371413469e+09
1.752681167375249386e+09
1.752681167382047415e+09
1.752681167386190653e+09
1.752681167391325474e+09
1.752681167395041466e+09
1.752681167401775360e+09
1.752681167405372381e+09
1.752681167411337137e+09
1.752681167415206909e+09
1.752681167423376083e+09
1.752681167426028013e+09
1.752681167430219412e+09
1.752681167436501741e+09
1.752681167441466331e+09
1.752681167445241928e+09
1.752681167451600790e+09
1.752681167455203056e+09
1.752681167460236073e+09
1.752681167465500832e+09
1.752681167471392870e+09
1.752681167476165533e+09
1.752681167481892824e+09
1.752681167485227346e+09
1.752681167493988514e+09
1.752681167496862888e+09
1.752681167501770973e+09
1.752681167505231380e+09
1.752681167511812210e+09
1.752681167515351295e+09
1.752681167521635294e+09
1.752681167526228428e+09
1.752681167532079935e+09
1.752681167536258221e+09
1.752681167541502237e+09
1.752681167545257807e+09
1.752681167551456928e+09
1.752681167555127144e+09
1.752681167563269854e+09
1.752681167566403389e+09
1.752681167571746349e+09
1.752681167575224876e+09
1.752681167579670668e+09
1.752681167586476088e+09
1.752681167591662884e+09
1.752681167596150637e+09
1.752681167601423502e+09
1.752681167605249643e+09
1.752681167611680031e+09
1.752681167616190195e+09
1.752681167621548653e+09
1.752681167626087189e+09
1.752681167630180836e+09
1.752681167635072231e+09
1.752681167642268419e+09
1.752681167646448612e+09
1.752681167652046442e+09
