2.651023821506794630e-03 1.344046892141941528e-02 -1.520241324534494717e-02 9.997905843222308908e-01
2.651023821506794630e-03 1.344046892141941528e-02 -1.520241324534494717e-02 9.997905843222308908e-01
2.685750937956021649e-03 1.344314886899251188e-02 -1.544096205346622702e-02 9.997867998634752951e-01
2.685750937956021649e-03 1.344314886899251188e-02 -1.544096205346622702e-02 9.997867998634752951e-01
2.376647729191441131e-03 1.286493564773058366e-02 -1.517278466557205920e-02 9.997992956498035211e-01
-3.093174214539363021e-03 1.202716699099936996e-02 -1.466809557471639852e-02 9.998152961920817594e-01
-2.512709921524780652e-03 1.224332227555612745e-02 -1.479831158644090948e-02 9.998123810609157447e-01
-2.512709921524780652e-03 1.224332227555612745e-02 -1.479831158644090948e-02 9.998123810609157447e-01
-2.512709921524780652e-03 1.224332227555612745e-02 -1.479831158644090948e-02 9.998123810609157447e-01
-2.589563731883538170e-03 1.227439738745370566e-02 -1.476292696875113920e-02 9.998123270473158186e-01
-2.778461444886064051e-03 1.265357009715069661e-02 -1.546666259933383164e-02 9.997964541164537922e-01
-2.439945536062206564e-03 1.263458608251217738e-02 -1.562039860098765609e-02 9.997951875498556351e-01
-2.439945536062206564e-03 1.263458608251217738e-02 -1.562039860098765609e-02 9.997951875498556351e-01
-2.777550558920616110e-03 1.267514705021147679e-02 -1.566035232254238060e-02 9.997931682229490580e-01
-2.787112637165141404e-03 1.272243824863100725e-02 -1.545822367093247461e-02 9.997956865725602382e-01
-2.787112637165141404e-03 1.272243824863100725e-02 -1.545822367093247461e-02 9.997956865725602382e-01
-2.787112637165141404e-03 1.272243824863100725e-02 -1.545822367093247461e-02 9.997956865725602382e-01
-2.682364292064633345e-03 1.274179559020710041e-02 -1.544188298602642076e-02 9.997959790961293836e-01
-3.546892505574278029e-03 1.244061872312953593e-02 -1.502870314700672193e-02 9.998033749898320721e-01
-3.546892505574278029e-03 1.244061872312953593e-02 -1.502870314700672193e-02 9.998033749898320721e-01
-2.772743819863952158e-03 1.273204243929712889e-02 -1.554086435467812340e-02 9.997943231095798300e-01
-2.330396384494362334e-03 1.284913156920446456e-02 -1.561238024031658470e-02 9.997928398692602636e-01
-2.330396384494362334e-03 1.284913156920446456e-02 -1.561238024031658470e-02 9.997928398692602636e-01
-1.717057436259215517e-03 1.313185403437758247e-02 -1.549217546277967435e-02 9.997922777371361924e-01
-2.190638742308144166e-03 1.302992931819589237e-02 -1.529675721881582073e-02 9.997956947609107914e-01
-2.190638742308144166e-03 1.302992931819589237e-02 -1.529675721881582073e-02 9.997956947609107914e-01
-2.090019492184034232e-03 1.292784915259483254e-02 -1.528156027062088987e-02 9.997974677155896384e-01
-1.916432187563918421e-03 1.327201036407665499e-02 -1.532288550113707244e-02 9.997926736121272029e-01
-1.916432187563918421e-03 1.327201036407665499e-02 -1.532288550113707244e-02 9.997926736121272029e-01
-1.508398992022405832e-03 1.505701049677566836e-02 -1.605858800953989876e-02 9.997565368221008608e-01
-1.508398992022405832e-03 1.505701049677566836e-02 -1.605858800953989876e-02 9.997565368221008608e-01
-2.335675181539461579e-03 1.338967640949276401e-02 -1.515554147536355735e-02 9.997927639014416723e-01
-2.335675181539461579e-03 1.338967640949276401e-02 -1.515554147536355735e-02 9.997927639014416723e-01
-2.335675181539461579e-03 1.338967640949276401e-02 -1.515554147536355735e-02 9.997927639014416723e-01
-2.792041893654911670e-03 1.366200863856581287e-02 -1.505325668618459969e-02 9.997894545778944764e-01
-2.792041893654911670e-03 1.366200863856581287e-02 -1.505325668618459969e-02 9.997894545778944764e-01
-2.792041893654911670e-03 1.366200863856581287e-02 -1.505325668618459969e-02 9.997894545778944764e-01
-3.268570252785306298e-03 1.408823865168496413e-02 -1.499605403273796510e-02 9.997829546174724635e-01
-2.952033991327946989e-03 1.413563534503902049e-02 -1.504511249062124266e-02 9.997825333035433859e-01
-2.952033991327946989e-03 1.413563534503902049e-02 -1.504511249062124266e-02 9.997825333035433859e-01
-2.878771340045583292e-03 1.412556357602312400e-02 -1.508161103910475066e-02 9.997823393807757641e-01
-2.878771340045583292e-03 1.412556357602312400e-02 -1.508161103910475066e-02 9.997823393807757641e-01
-2.727917591036735021e-03 1.415886535258253053e-02 -1.494181152057760115e-02 9.997843903892615902e-01
-2.724205283025221257e-03 1.427052946338676527e-02 -1.500121095903057811e-02 9.997819234033856750e-01
-2.520449664156789154e-03 1.452254186103917738e-02 -1.492879034617780945e-02 9.997799129459367107e-01
-2.520449664156789154e-03 1.452254186103917738e-02 -1.492879034617780945e-02 9.997799129459367107e-01
-2.477112896407785737e-03 1.448863400207561249e-02 -1.495885386156103544e-02 9.997800638578471233e-01
-2.806725676944461789e-03 1.386846205160418254e-02 -1.445517992486045414e-02 9.997953969811210762e-01
-2.806725676944461789e-03 1.386846205160418254e-02 -1.445517992486045414e-02 9.997953969811210762e-01
-2.259054464184335857e-03 1.454392414068563823e-02 -1.493744711621319658e-02 9.997800976300579290e-01
-2.604455605676517065e-03 1.398077356704584273e-02 -1.453973304665539396e-02 9.997931540795811367e-01
-2.604455605676517065e-03 1.398077356704584273e-02 -1.453973304665539396e-02 9.997931540795811367e-01
-2.374358976554910745e-03 1.425388611979022321e-02 -1.445127613233640300e-02 9.997911530755217990e-01
-2.374358976554910745e-03 1.425388611979022321e-02 -1.445127613233640300e-02 9.997911530755217990e-01
-1.913284963611081241e-03 1.434541778317157019e-02 -1.439734135699315999e-02 9.997916107325188761e-01
-2.159857982195543917e-03 1.444830164652098452e-02 -1.451814763345124840e-02 9.997878799937121030e-01
-2.159857982195543917e-03 1.444830164652098452e-02 -1.451814763345124840e-02 9.997878799937121030e-01
-2.183685449544049435e-03 1.432114496324488409e-02 -1.459167640528520257e-02 9.997885873045774252e-01
-2.183685449544049435e-03 1.432114496324488409e-02 -1.459167640528520257e-02 9.997885873045774252e-01
-1.697447391741649251e-03 1.651240236774996831e-02 -1.605366016031516477e-02 9.997333340625663700e-01
-2.295056109430881203e-03 1.576632994027268864e-02 -1.605514306598283467e-02 9.997441612426650748e-01
-2.037815668839324749e-03 1.514348394316537318e-02 -1.520966504755912746e-02 9.997675671327331814e-01
-2.037815668839324749e-03 1.514348394316537318e-02 -1.520966504755912746e-02 9.997675671327331814e-01
-3.069045248086753244e-03 1.452127164808754249e-02 -1.480109721313364705e-02 9.997802964413107230e-01
-3.003159502688561820e-03 1.456172252433165018e-02 -1.490574311282906808e-02 9.997783534826008012e-01
-3.003159502688561820e-03 1.456172252433165018e-02 -1.490574311282906808e-02 9.997783534826008012e-01
-3.208977469253975531e-03 1.473892666087234411e-02 -1.474641655506347959e-02 9.997774800940816275e-01
-3.208977469253975531e-03 1.473892666087234411e-02 -1.474641655506347959e-02 9.997774800940816275e-01
-3.208977469253975531e-03 1.473892666087234411e-02 -1.474641655506347959e-02 9.997774800940816275e-01
1.853479225003458030e-03 1.578949022443442568e-02 -1.496780648486824121e-02 9.997615822696162002e-01
1.853479225003458030e-03 1.578949022443442568e-02 -1.496780648486824121e-02 9.997615822696162002e-01
3.371407932968977558e-03 1.589797688831389930e-02 -1.478720970201118264e-02 9.997585840434864979e-01
3.281454504129182898e-03 1.587186110741685072e-02 -1.487432356952846958e-02 9.997580060092908782e-01
3.281454504129182898e-03 1.587186110741685072e-02 -1.487432356952846958e-02 9.997580060092908782e-01
3.383200302159211983e-03 1.594108969124611794e-02 -1.485200913148653108e-02 9.997568971704718921e-01
3.383200302159211983e-03 1.594108969124611794e-02 -1.485200913148653108e-02 9.997568971704718921e-01
3.442606831460061790e-03 1.605951419449588510e-02 -1.482071520918450472e-02 9.997552634833832830e-01
3.223098835601569470e-03 1.601857281309658140e-02 -1.483975081736202926e-02 9.997563696994413718e-01
3.223098835601569470e-03 1.601857281309658140e-02 -1.483975081736202926e-02 9.997563696994413718e-01
3.678343352539288711e-03 1.673114607172962107e-02 -1.506734576242509983e-02 9.997397229444185962e-01
-3.288553823688369730e-03 1.523071703865576387e-02 -1.441101167328089593e-02 9.997747413366622204e-01
-3.288553823688369730e-03 1.523071703865576387e-02 -1.441101167328089593e-02 9.997747413366622204e-01
-3.369033995801946121e-03 1.522899341731492537e-02 -1.432542656790980126e-02 9.997757296129357041e-01
-3.369033995801946121e-03 1.522899341731492537e-02 -1.432542656790980126e-02 9.997757296129357041e-01
-3.136899150833921159e-03 1.543456768829598938e-02 -1.438988779622660773e-02 9.997724066572376556e-01
-2.665556288147299772e-03 1.560455339302448292e-02 -1.511271109365481570e-02 9.997604706560860865e-01
-2.665556288147299772e-03 1.560455339302448292e-02 -1.511271109365481570e-02 9.997604706560860865e-01
-2.553605431664849289e-03 1.566764553855278658e-02 -1.518166825081071654e-02 9.997587313605718062e-01
8.270687274003614376e-04 1.674639483504130819e-02 -1.548911036808138866e-02 9.997394468947169432e-01
8.270687274003614376e-04 1.674639483504130819e-02 -1.548911036808138866e-02 9.997394468947169432e-01
8.298089660726166734e-04 1.663136351750276951e-02 -1.552450350408164127e-02 9.997408158895886299e-01
-3.029753980836114632e-03 1.554591594650623146e-02 -1.448955358646551901e-02 9.997695724140962525e-01
-3.029753980836114632e-03 1.554591594650623146e-02 -1.448955358646551901e-02 9.997695724140962525e-01
-2.572908026858170254e-03 1.541592319870194877e-02 -1.447690815240692229e-02 9.997730485397993139e-01
-2.373185739732142172e-03 1.578954406120650425e-02 -1.525534786832413725e-02 9.997561365899187980e-01
-2.373185739732142172e-03 1.578954406120650425e-02 -1.525534786832413725e-02 9.997561365899187980e-01
-3.004614426587721814e-03 1.549731662242375720e-02 -1.450639868472846337e-02 9.997701585198728313e-01
-3.004614426587721814e-03 1.549731662242375720e-02 -1.450639868472846337e-02 9.997701585198728313e-01
2.141516426097011833e-03 1.709735901478722647e-02 -1.557005346684958887e-02 9.997302974588475610e-01
