-2.935466342820399963e-03 1.591421871122707110e-02 -1.264947351985791155e-02 9.997890334964831816e-01
-2.935466342820399963e-03 1.591421871122707110e-02 -1.264947351985791155e-02 9.997890334964831816e-01
-2.975690752737821312e-03 1.591789109193308613e-02 -1.258025588555635593e-02 9.997897294779454214e-01
-3.126074477053692510e-03 1.599755148842302299e-02 -1.263947363103609320e-02 9.997872522247268634e-01
-3.126074477053692510e-03 1.599755148842302299e-02 -1.263947363103609320e-02 9.997872522247268634e-01
-2.815571438122915771e-03 1.595351385380880394e-02 -1.275267225344990825e-02 9.997874410611433671e-01
-2.815571438122915771e-03 1.595351385380880394e-02 -1.275267225344990825e-02 9.997874410611433671e-01
-3.106613987096028869e-03 1.590200886092089580e-02 -1.268498222442636901e-02 9.997882607280845768e-01
-3.106613987096028869e-03 1.590200886092089580e-02 -1.268498222442636901e-02 9.997882607280845768e-01
-3.106613987096028869e-03 1.590200886092089580e-02 -1.268498222442636901e-02 9.997882607280845768e-01
-2.974992731642645862e-03 1.606450734485811646e-02 -1.264792737399732421e-02 9.997865326934324282e-01
-2.831042559693187390e-03 1.610936093847203932e-02 -1.263432170813741026e-02 9.997864009893085990e-01
-3.354536421882596976e-03 1.648650624692653624e-02 -1.220644412762232796e-02 9.997839491204705276e-01
-3.354536421882596976e-03 1.648650624692653624e-02 -1.220644412762232796e-02 9.997839491204705276e-01
-3.152440219016281082e-03 1.657970967081647679e-02 -1.226859025557064387e-02 9.997823048249243616e-01
-3.240726291077960109e-03 1.670940634892847249e-02 -1.221743209362754351e-02 9.997804898004413188e-01
-3.240726291077960109e-03 1.670940634892847249e-02 -1.221743209362754351e-02 9.997804898004413188e-01
-3.240726291077960109e-03 1.670940634892847249e-02 -1.221743209362754351e-02 9.997804898004413188e-01
-3.274127109135584624e-03 1.664446888142481068e-02 -1.216451414136070740e-02 9.997821094333670944e-01
-3.103414750537959559e-03 1.666627447974733389e-02 -1.229746769082227034e-02 9.997806641460140753e-01
-3.103414750537959559e-03 1.666627447974733389e-02 -1.229746769082227034e-02 9.997806641460140753e-01
-3.121420064791583307e-03 1.677402380823535613e-02 -1.225282422258456259e-02 9.997793542380390974e-01
-2.845030100444899054e-03 1.684992485922652897e-02 -1.223701423924445850e-02 9.997790962600060505e-01
-3.402025523990276443e-03 1.691220277149731513e-02 -1.223432454524796958e-02 9.997763374488674026e-01
-3.402025523990276443e-03 1.691220277149731513e-02 -1.223432454524796958e-02 9.997763374488674026e-01
-3.281920194054240795e-03 1.683592162735124409e-02 -1.226319781959705341e-02 9.997776726462914709e-01
-3.281920194054240795e-03 1.683592162735124409e-02 -1.226319781959705341e-02 9.997776726462914709e-01
-3.170691026920784399e-03 1.704804882026363447e-02 -1.213050564878670814e-02 9.997760557157480132e-01
-3.170691026920784399e-03 1.704804882026363447e-02 -1.213050564878670814e-02 9.997760557157480132e-01
-3.170691026920784399e-03 1.704804882026363447e-02 -1.213050564878670814e-02 9.997760557157480132e-01
-3.256459606540335495e-03 1.717253057929941928e-02 -1.211910095977673102e-02 9.997737879421828566e-01
-3.256459606540335495e-03 1.717253057929941928e-02 -1.211910095977673102e-02 9.997737879421828566e-01
-3.194352953070621684e-03 1.712574126422319182e-02 -1.246494593473493687e-02 9.997705387828780266e-01
-3.194352953070621684e-03 1.712574126422319182e-02 -1.246494593473493687e-02 9.997705387828780266e-01
-3.537734317894183043e-03 1.713794465963199704e-02 -1.255283957283258832e-02 9.997680738588315963e-01
-3.264007418251882540e-03 1.731433148053186655e-02 -1.257100748229761540e-02 9.997657375364670251e-01
-3.430911751360456955e-03 1.738871307893763082e-02 -1.249728332489689724e-02 9.997648120490689738e-01
-3.430911751360456955e-03 1.738871307893763082e-02 -1.249728332489689724e-02 9.997648120490689738e-01
-3.434732675902627940e-03 1.755690708640758255e-02 -1.249969877841074044e-02 9.997618292150652897e-01
-3.176161870169440238e-03 1.759301344135007564e-02 -1.249124618141394562e-02 9.997621550362177922e-01
-3.027215465526727611e-03 1.784110482986726864e-02 -1.246037781536074932e-02 9.997586058292639022e-01
-3.027215465526727611e-03 1.784110482986726864e-02 -1.246037781536074932e-02 9.997586058292639022e-01
-3.195551137578923548e-03 1.778532939285978193e-02 -1.238941695863627311e-02 9.997599576191975590e-01
-3.195551137578923548e-03 1.778532939285978193e-02 -1.238941695863627311e-02 9.997599576191975590e-01
-3.018394328710681269e-03 1.792330270717284665e-02 -1.246638885811658486e-02 9.997570873290080318e-01
-3.018394328710681269e-03 1.792330270717284665e-02 -1.246638885811658486e-02 9.997570873290080318e-01
-2.913230290260192343e-03 1.797937963164179115e-02 -1.249045631963420153e-02 9.997560920035769572e-01
-2.736312771114854988e-03 1.813752733883120666e-02 -1.243175926525889180e-02 9.997544668847558880e-01
-2.736312771114854988e-03 1.813752733883120666e-02 -1.243175926525889180e-02 9.997544668847558880e-01
-2.777278390855373886e-03 1.820215280598599591e-02 -1.251620701638006365e-02 9.997521257391206451e-01
-2.840457122104297818e-03 1.826277840570461261e-02 -1.238204013900893151e-02 9.997525132802805858e-01
-2.840457122104297818e-03 1.826277840570461261e-02 -1.238204013900893151e-02 9.997525132802805858e-01
-2.902148420045660808e-03 1.823147206435693848e-02 -1.251024585354921538e-02 9.997513114317971850e-01
-3.018674439287576203e-03 1.856107672384461893e-02 -1.206790949935107257e-02 9.997503386324991803e-01
-3.018674439287576203e-03 1.856107672384461893e-02 -1.206790949935107257e-02 9.997503386324991803e-01
-2.874722122334367157e-03 1.829347288913113836e-02 -1.246374387859511441e-02 9.997508389148281882e-01
-2.874722122334367157e-03 1.829347288913113836e-02 -1.246374387859511441e-02 9.997508389148281882e-01
-3.005364074361484370e-03 1.832621237736516834e-02 -1.240347122358176693e-02 9.997506047151389907e-01
-3.175216573862255261e-03 1.860871081273125435e-02 -1.197524222430235673e-02 9.997500824982543666e-01
-3.175216573862255261e-03 1.860871081273125435e-02 -1.197524222430235673e-02 9.997500824982543666e-01
-3.099558426060336838e-03 1.870192167271336053e-02 -1.204504438217662149e-02 9.997477420675390247e-01
-4.691835161334816269e-03 1.933194238642422028e-02 -1.204456566950857371e-02 9.997295589929408033e-01
-4.755304212182009070e-03 1.935769256208109274e-02 -1.203060737030259633e-02 9.997289289136446211e-01
-4.679636067027415774e-03 1.938369516321756039e-02 -1.204989389285927859e-02 9.997285498700487771e-01
-4.679636067027415774e-03 1.938369516321756039e-02 -1.204989389285927859e-02 9.997285498700487771e-01
-4.679636067027415774e-03 1.938369516321756039e-02 -1.204989389285927859e-02 9.997285498700487771e-01
-4.493811553585374922e-03 1.947292918158674557e-02 -1.198868021423306861e-02 9.997284042346354926e-01
-4.493811553585374922e-03 1.947292918158674557e-02 -1.198868021423306861e-02 9.997284042346354926e-01
-4.538563068643627907e-03 1.958641801363205162e-02 -1.188829208347377819e-02 9.997271838786846443e-01
-2.744272257442025020e-03 1.904421497182002404e-02 -1.226848550103163196e-02 9.997396016510475825e-01
-2.744272257442025020e-03 1.904421497182002404e-02 -1.226848550103163196e-02 9.997396016510475825e-01
-3.231123722523435854e-03 1.884053681911783754e-02 -1.253283191374104585e-02 9.997387269362326689e-01
-2.931045483834763231e-03 1.898303244106638171e-02 -1.254467089292676460e-02 9.997368077068591319e-01
-2.931045483834763231e-03 1.898303244106638171e-02 -1.254467089292676460e-02 9.997368077068591319e-01
-3.427013703274286484e-03 1.909459411059239581e-02 -1.255868879484029269e-02 9.997329300311077471e-01
-3.182746035128437238e-03 1.906522385754847240e-02 -1.258000095837048457e-02 9.997340301014189246e-01
-3.182746035128437238e-03 1.906522385754847240e-02 -1.258000095837048457e-02 9.997340301014189246e-01
-2.872053152387679144e-03 1.928071303030013534e-02 -1.255590054780661262e-02 9.997311412460686553e-01
-2.976610350645460777e-03 1.924890998416893886e-02 -1.264461704080010150e-02 9.997303300966382533e-01
-2.788567840530625612e-03 1.936149450867684016e-02 -1.263827169566479440e-02 9.997287784736097471e-01
-2.540194614030162178e-03 1.944424573066552350e-02 -1.266046564784105953e-02 9.997275535509003719e-01
-2.540194614030162178e-03 1.944424573066552350e-02 -1.266046564784105953e-02 9.997275535509003719e-01
-2.540194614030162178e-03 1.944424573066552350e-02 -1.266046564784105953e-02 9.997275535509003719e-01
-2.388801890487767584e-03 1.954728328513103547e-02 -1.264846902310737438e-02 9.997260692675120630e-01
-2.388801890487767584e-03 1.954728328513103547e-02 -1.264846902310737438e-02 9.997260692675120630e-01
-2.125365902828310095e-03 1.976048428590177625e-02 -1.262043288641720093e-02 9.997228269647169263e-01
-2.311914806875424964e-03 1.966266433145575851e-02 -1.270785338307203576e-02 9.997232342722203180e-01
-2.311914806875424964e-03 1.966266433145575851e-02 -1.270785338307203576e-02 9.997232342722203180e-01
-2.015670462621565410e-03 1.975421837664542019e-02 -1.271996424153260322e-02 9.997219165541025854e-01
-1.844944466774765812e-03 1.992193152948541074e-02 -1.269448497041257388e-02 9.997192420251723721e-01
-1.868253630191138263e-03 1.992748566547865655e-02 -1.275769796481836596e-02 9.997182833608996289e-01
-1.868253630191138263e-03 1.992748566547865655e-02 -1.275769796481836596e-02 9.997182833608996289e-01
-1.868253630191138263e-03 1.992748566547865655e-02 -1.275769796481836596e-02 9.997182833608996289e-01
-2.404717050829437239e-03 1.985850693818179413e-02 -1.283025346781992496e-02 9.997175809367579991e-01
-2.197434057936655319e-03 1.977863430960205907e-02 -1.286896073511284780e-02 9.997191439389395695e-01
-2.197434057936655319e-03 1.977863430960205907e-02 -1.286896073511284780e-02 9.997191439389395695e-01
-2.371571330867792635e-03 1.974334066660752424e-02 -1.285723582148002274e-02 9.997195945042668397e-01
-2.378016509415300898e-03 1.981477893473497856e-02 -1.285280602730119216e-02 9.997182227760346152e-01
