1.752681262986097336e+09
1.752681262989887476e+09
1.752681262995560408e+09
1.752681263000501871e+09
1.752681263006040812e+09
1.752681263009727478e+09
1.752681263015900373e+09
1.752681263019627571e+09
1.752681263026253939e+09
1.752681263029862881e+09
1.752681263036104918e+09
1.752681263039673567e+09
1.752681263045866966e+09
1.752681263049604654e+09
1.752681263056367636e+09
1.752681263064316750e+09
1.752681263067807436e+09
1.752681263069672108e+09
1.752681263076661587e+09
1.752681263080852747e+09
1.752681263086100817e+09
1.752681263089610577e+09
1.752681263096352100e+09
1.752681263100846529e+09
1.752681263105939150e+09
1.752681263109636545e+09
1.752681263116503000e+09
1.752681263119873762e+09
1.752681263126502037e+09
1.752681263129667759e+09
1.752681263137737989e+09
1.752681263139657974e+09
1.752681263146642208e+09
1.752681263150760889e+09
1.752681263156179667e+09
1.752681263159747601e+09
1.752681263166606188e+09
1.752681263170571804e+09
1.752681263175932646e+09
1.752681263179648161e+09
1.752681263186524153e+09
1.752681263190515518e+09
1.752681263196082115e+09
1.752681263199594021e+09
1.752681263206433296e+09
1.752681263209875822e+09
1.752681263216239929e+09
1.752681263219724178e+09
1.752681263226099014e+09
1.752681263229442358e+09
1.752681263236139059e+09
1.752681263240739584e+09
1.752681263246226072e+09
1.752681263249629259e+09
1.752681263256414175e+09
1.752681263261779308e+09
1.752681263266178131e+09
1.752681263269912004e+09
1.752681263275024652e+09
1.752681263279743910e+09
1.752681263286232233e+09
1.752681263289921999e+09
1.752681263296109200e+09
1.752681263299619675e+09
1.752681263306219578e+09
1.752681263310640097e+09
1.752681263316044569e+09
1.752681263319682837e+09
1.752681263326270103e+09
1.752681263329796314e+09
1.752681263335815907e+09
1.752681263340037107e+09
1.752681263345726490e+09
1.752681263349498510e+09
1.752681263355968237e+09
1.752681263359723568e+09
1.752681263366090298e+09
1.752681263369713068e+09
1.752681263376080275e+09
1.752681263379662037e+09
1.752681263386481047e+09
1.752681263389919758e+09
1.752681263395894289e+09
1.752681263399653912e+09
1.752681263406002760e+09
1.752681263409745455e+09
1.752681263416230917e+09
1.752681263420929193e+09
1.752681263425925016e+09
1.752681263429790735e+09
1.752681263436273336e+09
1.752681263440796137e+09
1.752681263446150064e+09
1.752681263449727058e+09
1.752681263455993176e+09
1.752681263459717989e+09
1.752681263466390133e+09
1.752681263469922543e+09
1.752681263476137161e+09
1.752681263480009079e+09
1.752681263486325264e+09
1.752681263489729166e+09
1.752681263494629383e+09
1.752681263501393080e+09
1.752681263505852938e+09
1.752681263509614944e+09
1.752681263514214993e+09
1.752681263519796133e+09
1.752681263526154757e+09
1.752681263529640436e+09
1.752681263535972357e+09
1.752681263539740324e+09
1.752681263546302319e+09
1.752681263549760580e+09
1.752681263555855513e+09
1.752681263559655666e+09
1.752681263566693306e+09
1.752681263569916010e+09
1.752681263575967550e+09
1.752681263579727650e+09
1.752681263586408377e+09
1.752681263589943409e+09
1.752681263596101046e+09
1.752681263599724293e+09
1.752681263606163979e+09
1.752681263609946966e+09
1.752681263616030693e+09
1.752681263620112419e+09
1.752681263626324892e+09
1.752681263629634857e+09
1.752681263636096954e+09
1.752681263639823914e+09
1.752681263646422625e+09
1.752681263649893284e+09
1.752681263656068325e+09
1.752681263659638643e+09
1.752681263666440964e+09
1.752681263670008183e+09
1.752681263676280975e+09
1.752681263679625750e+09
1.752681263686206102e+09
1.752681263689914227e+09
1.752681263694360256e+09
1.752681263699883461e+09
1.752681263706192732e+09
1.752681263709707737e+09
1.752681263716019392e+09
1.752681263719637871e+09
1.752681263725957870e+09
1.752681263731226444e+09
1.752681263736230850e+09
1.752681263739636898e+09
1.752681263746071100e+09
1.752681263749760151e+09
1.752681263756423950e+09
1.752681263759670973e+09
1.752681263766311169e+09
1.752681263769656420e+09
1.752681263776188374e+09
1.752681263780625582e+09
1.752681263786482096e+09
1.752681263789806128e+09
1.752681263796033859e+09
1.752681263799864292e+09
1.752681263806155443e+09
1.752681263809729099e+09
1.752681263816038847e+09
1.752681263819697380e+09
1.752681263826184034e+09
1.752681263829719782e+09
1.752681263836076736e+09
1.752681263839627266e+09
1.752681263846279144e+09
1.752681263849911451e+09
1.752681263856065512e+09
1.752681263859617710e+09
1.752681263866053581e+09
1.752681263869619131e+09
1.752681263876350403e+09
1.752681263879948616e+09
1.752681263886320829e+09
1.752681263889684439e+09
1.752681263896086216e+09
1.752681263899742365e+09
1.752681263906243801e+09
1.752681263909750223e+09
1.752681263915703773e+09
1.752681263919626236e+09
1.752681263926328659e+09
1.752681263930808067e+09
1.752681263935853004e+09
1.752681263939642906e+09
1.752681263946002960e+09
1.752681263949619532e+09
1.752681263954439640e+09
1.752681263960728645e+09
1.752681263966212273e+09
1.752681263969884872e+09
1.752681263978014946e+09
1.752681263980692625e+09
1.752681263986193419e+09
1.752681263989985466e+09
1.752681263996284485e+09
1.752681263999774694e+09
1.752681264006217480e+09
1.752681264009803295e+09
1.752681264015780449e+09
1.752681264019625425e+09
1.752681264026479244e+09
1.752681264030613899e+09
1.752681264036078453e+09
1.752681264039864540e+09
1.752681264045820236e+09
1.752681264049850225e+09
1.752681264055805445e+09
1.752681264059625387e+09
1.752681264066456079e+09
1.752681264070595264e+09
1.752681264076137066e+09
1.752681264080732584e+09
1.752681264086537123e+09
1.752681264089707613e+09
1.752681264096091509e+09
1.752681264099863768e+09
1.752681264105893612e+09
1.752681264109862089e+09
1.752681264115405798e+09
1.752681264119637012e+09
1.752681264126058817e+09
1.752681264129603624e+09
1.752681264136407375e+09
1.752681264140839338e+09
1.752681264146406174e+09
1.752681264149925709e+09
1.752681264156646967e+09
1.752681264162095547e+09
1.752681264165915966e+09
1.752681264169620752e+09
1.752681264176298380e+09
1.752681264181205988e+09
1.752681264185724974e+09
1.752681264189828873e+09
1.752681264196081161e+09
1.752681264199752092e+09
1.752681264206226826e+09
1.752681264210274220e+09
1.752681264216241360e+09
1.752681264219784975e+09
1.752681264226123333e+09
1.752681264229733706e+09
1.752681264236122370e+09
1.752681264239823103e+09
1.752681264246285200e+09
1.752681264249714613e+09
1.752681264257141829e+09
1.752681264259191990e+09
1.752681264266433239e+09
1.752681264269805670e+09
1.752681264275930166e+09
1.752681264280871153e+09
1.752681264286620140e+09
1.752681264289716244e+09
1.752681264296038866e+09
1.752681264300262213e+09
1.752681264306369781e+09
1.752681264309706926e+09
1.752681264315950155e+09
1.752681264319727898e+09
1.752681264325782537e+09
1.752681264329991579e+09
1.752681264336011887e+09
1.752681264339928865e+09
1.752681264346204996e+09
1.752681264349714518e+09
1.752681264356011868e+09
1.752681264359848499e+09
1.752681264366148710e+09
1.752681264370673418e+09
1.752681264376274347e+09
1.752681264379609823e+09
1.752681264386486053e+09
1.752681264389988422e+09
1.752681264394966125e+09
1.752681264399600983e+09
1.752681264406205654e+09
1.752681264409750462e+09
1.752681264416009188e+09
1.752681264419705868e+09
1.752681264426202297e+09
1.752681264429935455e+09
1.752681264436021328e+09
1.752681264439609289e+09
1.752681264446202517e+09
1.752681264449861288e+09
1.752681264456068277e+09
1.752681264460170746e+09
1.752681264466461420e+09
1.752681264469737053e+09
1.752681264476534367e+09
1.752681264479818583e+09
1.752681264486270428e+09
1.752681264489735126e+09
1.752681264496045113e+09
1.752681264499780655e+09
1.752681264506174803e+09
1.752681264509916306e+09
1.752681264516155958e+09
1.752681264519858837e+09
1.752681264525951862e+09
1.752681264529897928e+09
1.752681264534363747e+09
1.752681264539951563e+09
1.752681264546392918e+09
1.752681264549708128e+09
1.752681264555975199e+09
1.752681264559610367e+09
1.752681264565896034e+09
1.752681264569876194e+09
1.752681264576107740e+09
1.752681264581043005e+09
1.752681264584650040e+09
1.752681264589607954e+09
1.752681264595795155e+09
1.752681264601498842e+09
1.752681264605975628e+09
1.752681264609714270e+09
1.752681264616038084e+09
1.752681264619748592e+09
1.752681264626311541e+09
1.752681264630110025e+09
1.752681264636258125e+09
1.752681264639945507e+09
1.752681264646391392e+09
1.752681264649692059e+09
1.752681264656123161e+09
1.752681264659891367e+09
1.752681264666226625e+09
1.752681264669924498e+09
1.752681264675123692e+09
1.752681264679625511e+09
1.752681264686017990e+09
1.752681264689708948e+09
1.752681264696241856e+09
1.752681264699864864e+09
1.752681264706261158e+09
1.752681264709625006e+09
1.752681264715884209e+09
1.752681264719944239e+09
1.752681264726339340e+09
1.752681264729622602e+09
1.752681264735778809e+09
1.752681264739863157e+09
1.752681264746416569e+09
1.752681264749704361e+09
1.752681264756009579e+09
1.752681264759611130e+09
1.752681264766023159e+09
1.752681264769600153e+09
1.752681264776347399e+09
1.752681264781242371e+09
1.752681264786359787e+09
1.752681264789699793e+09
1.752681264796085596e+09
1.752681264799765110e+09
1.752681264806327343e+09
1.752681264809709072e+09
1.752681264816347599e+09
1.752681264819794893e+09
1.752681264826133013e+09
1.752681264829826355e+09
1.752681264836164951e+09
1.752681264839711189e+09
1.752681264846204996e+09
1.752681264849642754e+09
1.752681264854686737e+09
1.752681264859876156e+09
1.752681264866255760e+09
1.752681264869734287e+09
1.752681264876029968e+09
1.752681264879925728e+09
1.752681264887241364e+09
1.752681264889758348e+09
1.752681264896377325e+09
1.752681264900679111e+09
1.752681264906172276e+09
1.752681264909627199e+09
1.752681264916036844e+09
1.752681264919609785e+09
1.752681264926202774e+09
1.752681264929742098e+09
1.752681264936023235e+09
1.752681264939668417e+09
1.752681264946340322e+09
1.752681264949894190e+09
1.752681264954723120e+09
1.752681264959644318e+09
1.752681264966201067e+09
1.752681264969613552e+09
1.752681264975686312e+09
1.752681264979803562e+09
1.752681264986838341e+09
1.752681264989999056e+09
1.752681264996096373e+09
1.752681264999944448e+09
1.752681265006034851e+09
1.752681265009898424e+09
1.752681265015961409e+09
1.752681265021835327e+09
1.752681265026451349e+09
1.752681265030941725e+09
1.752681265035949707e+09
1.752681265039592266e+09
1.752681265047885656e+09
1.752681265049891233e+09
1.752681265056180239e+09
1.752681265059853792e+09
1.752681265066092968e+09
1.752681265069705486e+09
1.752681265076261520e+09
1.752681265079871178e+09
1.752681265086122990e+09
1.752681265089666605e+09
1.752681265095668793e+09
1.752681265100454092e+09
1.752681265106180429e+09
1.752681265109745741e+09
1.752681265116002083e+09
1.752681265119827509e+09
1.752681265126406431e+09
1.752681265129865885e+09
1.752681265134477377e+09
1.752681265139725685e+09
1.752681265146101713e+09
1.752681265149901152e+09
1.752681265156074047e+09
1.752681265159642696e+09
1.752681265166223764e+09
1.752681265170014381e+09
1.752681265175939560e+09
1.752681265179892063e+09
1.752681265186153889e+09
1.752681265189617872e+09
1.752681265196014166e+09
1.752681265199769020e+09
1.752681265206247330e+09
1.752681265209669113e+09
1.752681265216012239e+09
1.752681265219921589e+09
1.752681265224809647e+09
1.752681265229643106e+09
1.752681265239756823e+09
1.752681265246071577e+09
1.752681265250622511e+09
1.752681265256394386e+09
1.752681265259819269e+09
1.752681265266196251e+09
1.752681265269618273e+09
1.752681265276006937e+09
1.752681265279617548e+09
1.752681265287148476e+09
1.752681265289700508e+09
1.752681265295836926e+09
1.752681265302727938e+09
1.752681265306769371e+09
1.752681265309684038e+09
1.752681265316287279e+09
1.752681265319756985e+09
1.752681265326952934e+09
1.752681265330722809e+09
1.752681265334637165e+09
1.752681265339645386e+09
1.752681265346490622e+09
1.752681265349903584e+09
1.752681265355999231e+09
1.752681265359678268e+09
1.752681265366126299e+09
1.752681265369698763e+09
1.752681265376265049e+09
1.752681265379697084e+09
1.752681265386003017e+09
1.752681265389671326e+09
1.752681265395905256e+09
1.752681265401340485e+09
1.752681265406910896e+09
1.752681265409629345e+09
1.752681265415867090e+09
1.752681265419848919e+09
1.752681265426171541e+09
1.752681265429601192e+09
1.752681265435909271e+09
1.752681265440783978e+09
1.752681265445974588e+09
1.752681265450842857e+09
1.752681265454312086e+09
1.752681265459609270e+09
1.752681265466385126e+09
1.752681265470456362e+09
1.752681265476248741e+09
1.752681265479717731e+09
1.752681265486109734e+09
1.752681265489590883e+09
1.752681265496180296e+09
1.752681265499931335e+09
1.752681265506214857e+09
1.752681265509730339e+09
1.752681265515913725e+09
1.752681265519906759e+09
1.752681265526391983e+09
1.752681265529757500e+09
1.752681265535801411e+09
1.752681265539597988e+09
1.752681265546195984e+09
1.752681265549720287e+09
1.752681265554277897e+09
1.752681265561320782e+09
1.752681265566008568e+09
1.752681265570363283e+09
1.752681265575918436e+09
1.752681265579707146e+09
1.752681265586454630e+09
1.752681265590903282e+09
1.752681265596006632e+09
1.752681265599690199e+09
1.752681265606395960e+09
1.752681265610161781e+09
1.752681265618509293e+09
1.752681265619798422e+09
1.752681265626312017e+09
1.752681265630540133e+09
1.752681265636059761e+09
1.752681265639696121e+09
1.752681265646221399e+09
1.752681265649827957e+09
1.752681265655274391e+09
1.752681265659858465e+09
1.752681265666138172e+09
1.752681265669646740e+09
1.752681265676029444e+09
1.752681265680084705e+09
1.752681265686961412e+09
1.752681265691018820e+09
1.752681265695562840e+09
1.752681265699691534e+09
1.752681265706398010e+09
1.752681265711755514e+09
1.752681265715958595e+09
1.752681265719747066e+09
1.752681265728203535e+09
1.752681265729725122e+09
1.752681265737715483e+09
1.752681265741101265e+09
1.752681265745992422e+09
1.752681265749678850e+09
1.752681265756341934e+09
1.752681265759958267e+09
1.752681265766022682e+09
1.752681265769627094e+09
1.752681265774149418e+09
1.752681265779901743e+09
1.752681265785943270e+09
1.752681265789669991e+09
1.752681265795506239e+09
1.752681265799508572e+09
1.752681265806148291e+09
1.752681265809626818e+09
1.752681265816007614e+09
1.752681265819599152e+09
1.752681265826210976e+09
1.752681265829890728e+09
1.752681265836031199e+09
1.752681265839715481e+09
1.752681265846077204e+09
1.752681265849904299e+09
1.752681265856388807e+09
1.752681265859640121e+09
1.752681265864991903e+09
1.752681265869798422e+09
1.752681265875986338e+09
1.752681265879657030e+09
1.752681265886226892e+09
1.752681265889912844e+09
1.752681265896723747e+09
1.752681265901663303e+09
1.752681265904789448e+09
1.752681265909625530e+09
1.752681265916440010e+09
1.752681265919937372e+09
1.752681265926060915e+09
1.752681265929722309e+09
1.752681265934946537e+09
1.752681265939646006e+09
1.752681265946351767e+09
1.752681265950095177e+09
1.752681265955978394e+09
1.752681265959902287e+09
1.752681265966126442e+09
1.752681265969655514e+09
1.752681265976027727e+09
1.752681265979906082e+09
1.752681265986794472e+09
1.752681265990661383e+09
1.752681265996000528e+09
1.752681265999807119e+09
1.752681266006703377e+09
1.752681266009674072e+09
1.752681266016065598e+09
1.752681266019615650e+09
1.752681266026154280e+09
1.752681266030695677e+09
1.752681266036090374e+09
1.752681266039679289e+09
1.752681266046169758e+09
1.752681266050581932e+09
1.752681266056174040e+09
1.752681266062094927e+09
1.752681266066378593e+09
1.752681266069618225e+09
1.752681266078768492e+09
1.752681266079411507e+09
1.752681266086113691e+09
1.752681266089700699e+09
1.752681266096034527e+09
1.752681266099912643e+09
1.752681266106188774e+09
1.752681266109761953e+09
1.752681266116083145e+09
1.752681266119872332e+09
1.752681266126245975e+09
1.752681266129985332e+09
1.752681266136091232e+09
1.752681266139739275e+09
1.752681266146460772e+09
1.752681266149642467e+09
1.752681266156044722e+09
1.752681266160050869e+09
1.752681266165624380e+09
1.752681266169686794e+09
1.752681266176198959e+09
1.752681266179925442e+09
1.752681266186248302e+09
1.752681266189919233e+09
1.752681266196055651e+09
1.752681266199966908e+09
1.752681266206343889e+09
1.752681266209793329e+09
1.752681266217884064e+09
1.752681266219876766e+09
1.752681266226292133e+09
1.752681266229673147e+09
1.752681266235983610e+09
1.752681266241150141e+09
1.752681266247539282e+09
1.752681266249785900e+09
1.752681266255751848e+09
1.752681266262063980e+09
1.752681266266478539e+09
1.752681266269646883e+09
1.752681266275906801e+09
1.752681266279785395e+09
1.752681266285974264e+09
1.752681266289656639e+09
1.752681266294234991e+09
1.752681266299597263e+09
1.752681266306408167e+09
1.752681266310070515e+09
1.752681266316389084e+09
1.752681266319935799e+09
1.752681266326349497e+09
1.752681266329704046e+09
1.752681266336158037e+09
1.752681266339874268e+09
1.752681266346100569e+09
1.752681266350322008e+09
1.752681266355984926e+09
1.752681266360496998e+09
1.752681266366403818e+09
1.752681266370152235e+09
1.752681266376551628e+09
1.752681266380667448e+09
1.752681266386139870e+09
1.752681266389654636e+09
1.752681266396181107e+09
1.752681266400145054e+09
1.752681266406095028e+09
1.752681266409681559e+09
1.752681266416131020e+09
1.752681266419766188e+09
1.752681266426254272e+09
1.752681266429770708e+09
1.752681266436166048e+09
1.752681266439888477e+09
1.752681266446371078e+09
1.752681266449870825e+09
1.752681266456045151e+09
1.752681266459880352e+09
1.752681266466388226e+09
1.752681266470942974e+09
1.752681266474406481e+09
1.752681266479804754e+09
1.752681266486314774e+09
1.752681266489872217e+09
1.752681266495672464e+09
1.752681266499853373e+09
1.752681266506273985e+09
1.752681266509706020e+09
1.752681266516178370e+09
1.752681266519901037e+09
1.752681266525878191e+09
1.752681266529664278e+09
1.752681266535888910e+09
1.752681266539641380e+09
1.752681266546405554e+09
1.752681266550541878e+09
1.752681266556289196e+09
1.752681266560520411e+09
1.752681266565932274e+09
1.752681266570958853e+09
1.752681266574182749e+09
1.752681266580166340e+09
1.752681266586328268e+09
1.752681266589715958e+09
1.752681266596095562e+09
1.752681266599853516e+09
1.752681266606130123e+09
1.752681266614969015e+09
1.752681266619628191e+09
1.752681266625980377e+09
1.752681266629613400e+09
1.752681266636033535e+09
1.752681266639974356e+09
1.752681266646254301e+09
1.752681266649972200e+09
1.752681266654307365e+09
1.752681266659594297e+09
1.752681266666061163e+09
1.752681266670955181e+09
1.752681266674739361e+09
1.752681266679734230e+09
1.752681266686048031e+09
1.752681266689972162e+09
1.752681266696183920e+09
1.752681266701943874e+09
1.752681266706317663e+09
1.752681266709638596e+09
1.752681266716034651e+09
1.752681266719884396e+09
1.752681266725847483e+09
1.752681266729814768e+09
1.752681266734528065e+09
1.752681266740465879e+09
1.752681266746007442e+09
1.752681266749665022e+09
1.752681266756183386e+09
1.752681266761327028e+09
1.752681266766262054e+09
1.752681266769747257e+09
1.752681266775384665e+09
1.752681266779917002e+09
1.752681266786299229e+09
1.752681266789661884e+09
1.752681266795993805e+09
1.752681266799618483e+09
1.752681266806572199e+09
1.752681266811483383e+09
1.752681266815931082e+09
1.752681266819664717e+09
1.752681266826218843e+09
1.752681266829712868e+09
1.752681266836072922e+09
1.752681266840404510e+09
1.752681266846310377e+09
1.752681266850085735e+09
1.752681266854237795e+09
1.752681266859764576e+09
1.752681266866119385e+09
1.752681266869604588e+09
1.752681266876022577e+09
1.752681266879823923e+09
1.752681266886691809e+09
1.752681266890450954e+09
1.752681266896085739e+09
1.752681266899776220e+09
1.752681266906163931e+09
1.752681266910005808e+09
1.752681266917384863e+09
1.752681266919585943e+09
1.752681266926158905e+09
1.752681266929818392e+09
1.752681266936350346e+09
1.752681266940675497e+09
1.752681266946102619e+09
1.752681266949776888e+09
1.752681266956456900e+09
1.752681266961504936e+09
1.752681266966126680e+09
1.752681266969785690e+09
1.752681266976442337e+09
1.752681266980205536e+09
1.752681266984998703e+09
1.752681266989681005e+09
1.752681266996009827e+09
1.752681266999705791e+09
1.752681267006703138e+09
1.752681267011935234e+09
1.752681267016013861e+09
1.752681267019767523e+09
1.752681267026468039e+09
1.752681267030771732e+09
1.752681267034455776e+09
1.752681267039687634e+09
1.752681267046471596e+09
1.752681267050600290e+09
1.752681267055977583e+09
1.752681267059668541e+09
1.752681267066424608e+09
1.752681267070565701e+09
1.752681267076003790e+09
1.752681267079812288e+09
1.752681267086291313e+09
1.752681267090641499e+09
1.752681267096211672e+09
1.752681267099710703e+09
1.752681267106191397e+09
1.752681267109730244e+09
1.752681267116146326e+09
1.752681267121296167e+09
1.752681267126190901e+09
1.752681267129614592e+09
1.752681267136230469e+09
1.752681267139636517e+09
1.752681267146348715e+09
1.752681267149756670e+09
1.752681267156195879e+09
1.752681267159721375e+09
1.752681267165652275e+09
1.752681267169720650e+09
1.752681267175843239e+09
1.752681267179512501e+09
1.752681267186170101e+09
1.752681267189623117e+09
1.752681267195747852e+09
1.752681267199697971e+09
1.752681267206155777e+09
1.752681267209998608e+09
1.752681267216234922e+09
1.752681267219852209e+09
1.752681267226242781e+09
1.752681267229656458e+09
1.752681267235840559e+09
1.752681267239691019e+09
1.752681267246121168e+09
1.752681267249797344e+09
1.752681267256076574e+09
1.752681267261311054e+09
1.752681267268079519e+09
1.752681267269777060e+09
1.752681267276201725e+09
1.752681267279655457e+09
1.752681267286272287e+09
1.752681267289753199e+09
1.752681267296034336e+09
1.752681267299610615e+09
1.752681267306089640e+09
1.752681267309720278e+09
1.752681267316150665e+09
1.752681267319907188e+09
1.752681267326248884e+09
1.752681267329823971e+09
1.752681267336220264e+09
1.752681267342692137e+09
1.752681267346155882e+09
1.752681267350636959e+09
1.752681267354223013e+09
1.752681267359845638e+09
1.752681267366302729e+09
1.752681267369747400e+09
1.752681267376023531e+09
1.752681267380051851e+09
1.752681267386297226e+09
1.752681267389694929e+09
1.752681267396283150e+09
1.752681267399636745e+09
1.752681267405386925e+09
1.752681267411477566e+09
1.752681267414632082e+09
1.752681267419589281e+09
1.752681267426165581e+09
1.752681267429634571e+09
1.752681267435861111e+09
1.752681267440736532e+09
1.752681267446408987e+09
1.752681267449665785e+09
1.752681267456274271e+09
1.752681267459626436e+09
1.752681267466245174e+09
1.752681267469724894e+09
1.752681267475736380e+09
1.752681267481534958e+09
1.752681267486702681e+09
1.752681267489963770e+09
1.752681267495836258e+09
1.752681267499630690e+09
1.752681267506562471e+09
1.752681267510572433e+09
1.752681267515892267e+09
1.752681267519778013e+09
1.752681267526440620e+09
1.752681267530725718e+09
1.752681267535885811e+09
1.752681267539728165e+09
1.752681267544841766e+09
1.752681267551801920e+09
1.752681267556213617e+09
1.752681267559697151e+09
1.752681267566238880e+09
1.752681267569890261e+09
1.752681267576316833e+09
1.752681267580149174e+09
1.752681267586206675e+09
1.752681267589740038e+09
1.752681267596241474e+09
1.752681267600549459e+09
1.752681267606113195e+09
1.752681267609714270e+09
1.752681267614951611e+09
1.752681267619629622e+09
1.752681267625958443e+09
1.752681267629632473e+09
1.752681267636324167e+09
1.752681267640847921e+09
1.752681267645956278e+09
1.752681267649648666e+09
1.752681267654164553e+09
1.752681267659940004e+09
1.752681267666211843e+09
1.752681267669958115e+09
1.752681267676255226e+09
1.752681267679969549e+09
1.752681267686609268e+09
1.752681267689813614e+09
1.752681267696225643e+09
1.752681267699765921e+09
1.752681267706110716e+09
1.752681267709645748e+09
1.752681267716054678e+09
1.752681267719696999e+09
1.752681267726211786e+09
1.752681267730232477e+09
1.752681267736677647e+09
1.752681267739596844e+09
1.752681267746063948e+09
1.752681267750900745e+09
1.752681267755511761e+09
1.752681267760042429e+09
1.752681267765939474e+09
1.752681267769638538e+09
1.752681267775812387e+09
1.752681267779581547e+09
1.752681267786509514e+09
1.752681267790305614e+09
1.752681267796317577e+09
1.752681267799620628e+09
1.752681267806092024e+09
1.752681267811661482e+09
1.752681267816432714e+09
1.752681267819742918e+09
1.752681267825069666e+09
1.752681267829970360e+09
1.752681267836242199e+09
1.752681267839693546e+09
1.752681267846437693e+09
1.752681267850005150e+09
1.752681267856450558e+09
1.752681267859908104e+09
1.752681267866192102e+09
1.752681267869714260e+09
1.752681267874420404e+09
1.752681267879699945e+09
1.752681267886285067e+09
1.752681267889689207e+09
1.752681267895061016e+09
1.752681267900880337e+09
1.752681267906482935e+09
1.752681267909690142e+09
1.752681267918530464e+09
1.752681267919893503e+09
1.752681267926314592e+09
1.752681267929731131e+09
1.752681267936027288e+09
1.752681267940467119e+09
1.752681267946110010e+09
1.752681267949749231e+09
1.752681267955772400e+09
1.752681267959622622e+09
1.752681267966384888e+09
1.752681267969697714e+09
1.752681267976432562e+09
1.752681267981124878e+09
1.752681267986279488e+09
