-6.309767053291078127e-03 1.736974177464940816e-02 -1.534552828050607734e-02 9.997114552070549554e-01
-6.309767053291078127e-03 1.736974177464940816e-02 -1.534552828050607734e-02 9.997114552070549554e-01
-4.788295741307712836e-03 1.679870600188515181e-02 -1.580696304147573630e-02 9.997224692983355254e-01
-4.788295741307712836e-03 1.679870600188515181e-02 -1.580696304147573630e-02 9.997224692983355254e-01
-4.788295741307712836e-03 1.679870600188515181e-02 -1.580696304147573630e-02 9.997224692983355254e-01
-4.753466039135404581e-03 1.691393616045875486e-02 -1.582007168425882473e-02 9.997204852637959771e-01
-4.753466039135404581e-03 1.691393616045875486e-02 -1.582007168425882473e-02 9.997204852637959771e-01
-4.753466039135404581e-03 1.691393616045875486e-02 -1.582007168425882473e-02 9.997204852637959771e-01
-4.753466039135404581e-03 1.691393616045875486e-02 -1.582007168425882473e-02 9.997204852637959771e-01
-5.729215498585204548e-03 1.686182912362760994e-02 -1.600852389523914343e-02 9.997132498727182570e-01
-5.416076353493108619e-03 1.685119084957273708e-02 -1.597272560361101199e-02 9.997157473605565725e-01
-5.571653282641790376e-03 1.682673372384642027e-02 -1.599711864289504737e-02 9.997149143165815488e-01
-5.439636535046284485e-03 1.691602019870164578e-02 -1.594256024355359541e-02 9.997150060831758722e-01
-5.607025421254309937e-03 1.684961614101716798e-02 -1.592833585864519147e-02 9.997154294190923052e-01
-5.607025421254309937e-03 1.684961614101716798e-02 -1.592833585864519147e-02 9.997154294190923052e-01
-5.813644395688290917e-03 1.681092626107668145e-02 -1.588594201276010906e-02 9.997155751229708232e-01
-5.813644395688290917e-03 1.681092626107668145e-02 -1.588594201276010906e-02 9.997155751229708232e-01
-5.430189210070748319e-03 1.703318430203129216e-02 -1.581730982621023726e-02 9.997150575976825326e-01
-5.352963312466533195e-03 1.710358333251924684e-02 -1.577642729531236396e-02 9.997149181455474709e-01
-5.352963312466533195e-03 1.710358333251924684e-02 -1.577642729531236396e-02 9.997149181455474709e-01
-5.621653565610099448e-03 1.724547054920606490e-02 -1.590741174297474400e-02 9.997089301433513819e-01
-7.279936262373223714e-03 1.803865703960597089e-02 -1.547320046572618797e-02 9.996910469978066427e-01
-7.279065617820145231e-03 1.813316146590504899e-02 -1.546957902059459440e-02 9.996893996556672768e-01
-7.279065617820145231e-03 1.813316146590504899e-02 -1.546957902059459440e-02 9.996893996556672768e-01
-5.867569789460424547e-03 1.758630358626963458e-02 -1.589720375951511611e-02 9.997017417527919170e-01
-5.867569789460424547e-03 1.758630358626963458e-02 -1.589720375951511611e-02 9.997017417527919170e-01
-6.046932021324536409e-03 1.758812761912481593e-02 -1.601465361819450275e-02 9.996987662538512343e-01
-5.770755929268240290e-03 1.764061663951177472e-02 -1.597875891047473990e-02 9.997000481565776475e-01
-5.770755929268240290e-03 1.764061663951177472e-02 -1.597875891047473990e-02 9.997000481565776475e-01
-5.505893792879832521e-03 1.772197937712903862e-02 -1.591867877131212042e-02 9.997010614412060736e-01
-5.505893792879832521e-03 1.772197937712903862e-02 -1.591867877131212042e-02 9.997010614412060736e-01
-5.574255578600145408e-03 1.794677524612567007e-02 -1.585877338462996985e-02 9.996976244043718207e-01
-5.698010155165925128e-03 1.795954688959308654e-02 -1.593421702889779440e-02 9.996954976809029336e-01
-5.698010155165925128e-03 1.795954688959308654e-02 -1.593421702889779440e-02 9.996954976809029336e-01
-5.698010155165925128e-03 1.795954688959308654e-02 -1.593421702889779440e-02 9.996954976809029336e-01
-6.056864460027588416e-03 1.805353130863582289e-02 -1.604782419534823978e-02 9.996898777815028669e-01
-6.056864460027588416e-03 1.805353130863582289e-02 -1.604782419534823978e-02 9.996898777815028669e-01
-6.056864460027588416e-03 1.805353130863582289e-02 -1.604782419534823978e-02 9.996898777815028669e-01
-6.056864460027588416e-03 1.805353130863582289e-02 -1.604782419534823978e-02 9.996898777815028669e-01
-6.056864460027588416e-03 1.805353130863582289e-02 -1.604782419534823978e-02 9.996898777815028669e-01
-6.056864460027588416e-03 1.805353130863582289e-02 -1.604782419534823978e-02 9.996898777815028669e-01
-6.056864460027588416e-03 1.805353130863582289e-02 -1.604782419534823978e-02 9.996898777815028669e-01
-5.460565524744005750e-03 1.844307898817386035e-02 -1.608937518489285748e-02 9.996855340894684749e-01
-5.460565524744005750e-03 1.844307898817386035e-02 -1.608937518489285748e-02 9.996855340894684749e-01
-5.609554092466492031e-03 1.837719354964921850e-02 -1.606784539486276475e-02 9.996862687886081122e-01
-5.866902084057001171e-03 1.839834106113155329e-02 -1.620482311913011217e-02 9.996821916058183932e-01
-5.866902084057001171e-03 1.839834106113155329e-02 -1.620482311913011217e-02 9.996821916058183932e-01
-5.449905295220688721e-03 1.849994725014327338e-02 -1.626345604229482988e-02 9.996817245911697736e-01
-5.776211942371272008e-03 1.875815310003972267e-02 -1.621980694186837130e-02 9.996757899092288957e-01
-5.776211942371272008e-03 1.875815310003972267e-02 -1.621980694186837130e-02 9.996757899092288957e-01
-5.772712860256774825e-03 1.858869536270765441e-02 -1.624404240688116785e-02 9.996785819838439613e-01
-5.840038659453536569e-03 1.875770009589413853e-02 -1.631708228015071524e-02 9.996738445420243480e-01
-4.809798246275100685e-03 1.887120569289845243e-02 -1.613383545442821990e-02 9.996801702494932940e-01
-4.809798246275100685e-03 1.887120569289845243e-02 -1.613383545442821990e-02 9.996801702494932940e-01
-5.773512631022091092e-03 1.878401440356688989e-02 -1.635917430088816918e-02 9.996730489369908268e-01
-5.510651653948227258e-03 1.899121720944341868e-02 -1.623230587348008930e-02 9.996726857493318796e-01
-5.510651653948227258e-03 1.899121720944341868e-02 -1.623230587348008930e-02 9.996726857493318796e-01
-5.411187599343341044e-03 1.907244325078113686e-02 -1.622709651775243803e-02 9.996717672795476517e-01
-5.411187599343341044e-03 1.907244325078113686e-02 -1.622709651775243803e-02 9.996717672795476517e-01
-5.424577222863024781e-03 1.898473508093464351e-02 -1.631631414045366102e-02 9.996719120235048051e-01
-5.424577222863024781e-03 1.898473508093464351e-02 -1.631631414045366102e-02 9.996719120235048051e-01
-5.424577222863024781e-03 1.898473508093464351e-02 -1.631631414045366102e-02 9.996719120235048051e-01
-5.424577222863024781e-03 1.898473508093464351e-02 -1.631631414045366102e-02 9.996719120235048051e-01
-5.424577222863024781e-03 1.898473508093464351e-02 -1.631631414045366102e-02 9.996719120235048051e-01
-5.424577222863024781e-03 1.898473508093464351e-02 -1.631631414045366102e-02 9.996719120235048051e-01
-5.445735057257266795e-03 1.922544322050473084e-02 -1.613950084361709392e-02 9.996700669796911853e-01
-5.556815161483228370e-03 1.922201624383243490e-02 -1.628613989646782861e-02 9.996671433752615243e-01
-5.614553477067282805e-03 1.940538954892537596e-02 -1.619022405301937320e-02 9.996648359779495285e-01
-4.419015952613885440e-03 1.957933604816996381e-02 -1.608200010022345014e-02 9.996691908680090943e-01
-4.419015952613885440e-03 1.957933604816996381e-02 -1.608200010022345014e-02 9.996691908680090943e-01
-4.239856759477916501e-03 1.964905602670001528e-02 -1.614207873737069990e-02 9.996676305182413680e-01
-4.239856759477916501e-03 1.964905602670001528e-02 -1.614207873737069990e-02 9.996676305182413680e-01
-4.239856759477916501e-03 1.964905602670001528e-02 -1.614207873737069990e-02 9.996676305182413680e-01
-4.021840281389218834e-03 1.976458456931243571e-02 -1.606493411256970649e-02 9.996674966655224592e-01
-4.237911097798085190e-03 1.977937455230725436e-02 -1.601543703262130539e-02 9.996671057049445475e-01
-4.237911097798085190e-03 1.977937455230725436e-02 -1.601543703262130539e-02 9.996671057049445475e-01
-4.328335181746449482e-03 1.992560600669414372e-02 -1.594366540419546452e-02 9.996649615112553899e-01
-4.328335181746449482e-03 1.992560600669414372e-02 -1.594366540419546452e-02 9.996649615112553899e-01
-4.196094603765137751e-03 1.997629853945967829e-02 -1.593981362670018539e-02 9.996645750591969248e-01
-4.196094603765137751e-03 1.997629853945967829e-02 -1.593981362670018539e-02 9.996645750591969248e-01
-4.476630935425913484e-03 2.003240076568641240e-02 -1.597524145692512040e-02 9.996616699440985521e-01
-4.713416762206190311e-03 2.019504995188104932e-02 -1.597982300152567953e-02 9.996572357146756849e-01
-4.563234364625102894e-03 2.012813948001727915e-02 -1.600373542869514693e-02 9.996588994979912490e-01
-4.563234364625102894e-03 2.012813948001727915e-02 -1.600373542869514693e-02 9.996588994979912490e-01
-4.583821659160151017e-03 2.041267629244413601e-02 -1.591660455348292008e-02 9.996544267520977023e-01
-4.882093820838627647e-03 2.031283354738800881e-02 -1.587094239650542818e-02 9.996557743246660133e-01
-4.882093820838627647e-03 2.031283354738800881e-02 -1.587094239650542818e-02 9.996557743246660133e-01
-4.765458632193740260e-03 2.038223561055232599e-02 -1.597788691558384849e-02 9.996532208747459514e-01
-4.765458632193740260e-03 2.038223561055232599e-02 -1.597788691558384849e-02 9.996532208747459514e-01
-4.727490348839945636e-03 2.044924206152283833e-02 -1.584454900887455678e-02 9.996541549960247242e-01
-4.701068440426048149e-03 2.048623197972219631e-02 -1.591349272470334378e-02 9.996524270985852612e-01
-4.780113444454479193e-03 2.048485226805844481e-02 -1.599763143932918935e-02 9.996507375735514955e-01
-4.780113444454479193e-03 2.048485226805844481e-02 -1.599763143932918935e-02 9.996507375735514955e-01
-4.888191924929452536e-03 2.047050546754798639e-02 -1.587599277133672562e-02 9.996524480233781595e-01
-4.888191924929452536e-03 2.047050546754798639e-02 -1.587599277133672562e-02 9.996524480233781595e-01
-4.810781510035096707e-03 2.048726483258114447e-02 -1.582003999843804506e-02 9.996533672705705253e-01
-4.574946175884163010e-03 2.052259441604424237e-02 -1.578124219357822378e-02 9.996543629578925616e-01
-4.574946175884163010e-03 2.052259441604424237e-02 -1.578124219357822378e-02 9.996543629578925616e-01
-4.882383934352660902e-03 2.043067026900249189e-02 -1.585115189818111017e-02 9.996536855446378489e-01
