3.782016710490423748e+02 -1.773273152733885581e+03 4.266691394721891584e+02
3.781672259834494412e+02 -1.773300519441663937e+03 4.266219243311604714e+02
3.780799125863516110e+02 -1.773140503169483054e+03 4.265821853679573792e+02
3.780740749342748472e+02 -1.773152479894504495e+03 4.266276576400058502e+02
3.779447281784025563e+02 -1.772844586197183162e+03 4.268422556304298610e+02
3.776590626968238666e+02 -1.772236635016026412e+03 4.272732238484926484e+02
3.773435440805806707e+02 -1.772075161972307114e+03 4.275098872963750409e+02
3.770014516471857746e+02 -1.771672342618885750e+03 4.287555931248857632e+02
3.770014516471857746e+02 -1.771672342618885750e+03 4.287555931248857632e+02
3.762643554408646196e+02 -1.771466558294733886e+03 4.311773775617533602e+02
3.763467506373817741e+02 -1.771279052448119728e+03 4.319709657736399890e+02
3.765688361642561404e+02 -1.770612438848621650e+03 4.333854298948689348e+02
3.759548683061824477e+02 -1.770390644157997031e+03 4.346126558384026453e+02
3.757985887263253630e+02 -1.770170649216854827e+03 4.353786985691887139e+02
3.757216195425821752e+02 -1.769383178757898349e+03 4.384312719494474777e+02
3.752308687946585337e+02 -1.769430632971857676e+03 4.385484576519668281e+02
3.744606966004600963e+02 -1.768234224599471418e+03 4.399651765759526256e+02
3.744231853480413292e+02 -1.767009722238918584e+03 4.419641589341828762e+02
3.746796805221990212e+02 -1.766687714807628481e+03 4.432226950390877960e+02
3.745280889662794834e+02 -1.765871569381579775e+03 4.441416791795626295e+02
3.735027125209743986e+02 -1.764289479686804270e+03 4.450127456705367308e+02
3.745100368315782475e+02 -1.762362152850612802e+03 4.475332721374411449e+02
3.739671350503868439e+02 -1.761853134105919025e+03 4.481284275651394182e+02
3.742091633359891603e+02 -1.759853996794551676e+03 4.495544906605641700e+02
3.736126083250852048e+02 -1.758851372828270542e+03 4.494687667363132846e+02
3.734503841843779242e+02 -1.756148457557906340e+03 4.504965865649382408e+02
3.733007751745263931e+02 -1.753902524204090014e+03 4.515222491802369973e+02
3.732290149771107508e+02 -1.751338132604347038e+03 4.523755243856472816e+02
3.730052460024361949e+02 -1.750069291618638999e+03 4.528066799588968934e+02
3.731088950980331447e+02 -1.748686211331562390e+03 4.532616960086260178e+02
3.735840465874953793e+02 -1.746485444798342996e+03 4.544393439038055362e+02
3.729161957917579571e+02 -1.743754151644377998e+03 4.540987289670005680e+02
3.730690136383174718e+02 -1.742501035936335484e+03 4.543302749753979128e+02
3.739614200178625651e+02 -1.740583511372133216e+03 4.554261776295268191e+02
3.741263013423339885e+02 -1.739477269670463102e+03 4.554308873529588482e+02
3.740875344417700603e+02 -1.736914483949463829e+03 4.552086888676204239e+02
3.733687382241508885e+02 -1.735991108387329632e+03 4.543432725091537350e+02
3.737436061957431548e+02 -1.734239425798853972e+03 4.548491097277150743e+02
3.740832675469136461e+02 -1.731955852881087367e+03 4.552235801106289159e+02
3.744135012124804121e+02 -1.730856363283501878e+03 4.554070946901256320e+02
3.745740650810628267e+02 -1.728688271493600723e+03 4.556127589599823864e+02
3.747739823246319588e+02 -1.725861373550317239e+03 4.557332925881285632e+02
3.751040068250176205e+02 -1.724277750593262226e+03 4.557641905718148791e+02
3.751766874504477300e+02 -1.721394261797995568e+03 4.558702465024741173e+02
3.757707132003902188e+02 -1.719506225618530834e+03 4.562398292469125067e+02
3.770390651506843938e+02 -1.714831094223670334e+03 4.569868654604264862e+02
3.761584126302062145e+02 -1.713211440012035609e+03 4.560684168488955947e+02
3.765546367498740779e+02 -1.711508630340677428e+03 4.561036249568078347e+02
3.770400368145813559e+02 -1.708796125257448693e+03 4.562555534086973239e+02
3.769042033790657342e+02 -1.707277683045190770e+03 4.560457971027659028e+02
3.766659510164499238e+02 -1.703997997420467982e+03 4.555901549377931588e+02
3.774523369308936367e+02 -1.702855154508668193e+03 4.559882756269688571e+02
3.771745050996853479e+02 -1.699695027753205977e+03 4.548716336145993182e+02
3.775505022348340276e+02 -1.696989860645234558e+03 4.544787567264483528e+02
3.784416483775649453e+02 -1.694812847862030367e+03 4.543149881906647352e+02
3.783289752311760026e+02 -1.693148355384745855e+03 4.538432245671833698e+02
3.789970709583669759e+02 -1.690188902661041311e+03 4.535730122155647450e+02
3.789507544265215984e+02 -1.688578602090110962e+03 4.532213523969244875e+02
3.784793101317797550e+02 -1.685491631419683245e+03 4.523495504973134302e+02
3.792226609568599542e+02 -1.681704450601028611e+03 4.524203267554455010e+02
3.796262510393277125e+02 -1.679973385531980284e+03 4.522235900957471699e+02
3.790470544073758106e+02 -1.678464956366202841e+03 4.513321557121853402e+02
3.793799345619071346e+02 -1.674795207154312948e+03 4.508875419434757532e+02
3.795854087169421405e+02 -1.671143635062008343e+03 4.502617529918097716e+02
3.802037393185681253e+02 -1.669205541895849365e+03 4.505671248736953203e+02
3.806349927801057902e+02 -1.665763617612814642e+03 4.499322387063762676e+02
3.809297628333267198e+02 -1.661906140802837172e+03 4.489452405653048572e+02
3.808623383511405791e+02 -1.658308902037983671e+03 4.480152232678154292e+02
3.807947962175975931e+02 -1.656124472452599321e+03 4.474629148288204874e+02
3.813649209311849972e+02 -1.652996156618804662e+03 4.470574768603244706e+02
3.823922903809827858e+02 -1.649199749011080712e+03 4.472835487819871787e+02
3.823922903809827858e+02 -1.649199749011080712e+03 4.472835487819871787e+02
3.828417480496203211e+02 -1.645551682818561630e+03 4.471147495093468365e+02
3.819581794357493436e+02 -1.641886536197496071e+03 4.459863925415493782e+02
3.819486919562675666e+02 -1.638308541627007799e+03 4.456400546853024025e+02
3.830886639393804103e+02 -1.636899072849166032e+03 4.467995995427550611e+02
3.833053702955132849e+02 -1.632862058951495783e+03 4.464946130182923412e+02
3.831401960027700966e+02 -1.631061823752143027e+03 4.461051739131736440e+02
3.834568650805289280e+02 -1.627139616586871625e+03 4.458624901288208662e+02
3.836942527906797409e+02 -1.625276023967716583e+03 4.460779910383208176e+02
3.833281847308114720e+02 -1.620640219650005520e+03 4.451419725539136607e+02
3.838699924290527292e+02 -1.617152330308502087e+03 4.451893814840024675e+02
3.838699924290527292e+02 -1.617152330308502087e+03 4.451893814840024675e+02
3.841146951941379939e+02 -1.613233410180184592e+03 4.446751042437793444e+02
3.842001019185090058e+02 -1.609168703268427407e+03 4.439474688851998962e+02
3.849075184064474797e+02 -1.603008224403672557e+03 4.432062452538074240e+02
3.852732311029466246e+02 -1.600870365212548677e+03 4.429669507730818054e+02
3.855359670140537105e+02 -1.598744949431993291e+03 4.426147991232964500e+02
3.859247944870441529e+02 -1.594497219348427734e+03 4.414619190560240440e+02
3.862229623701583137e+02 -1.592276137305331986e+03 4.410448740836265529e+02
3.864930330837659653e+02 -1.587546133151021195e+03 4.395362043566819921e+02
3.872127772168782371e+02 -1.582054543465418192e+03 4.381749494646125527e+02
3.876053977382519520e+02 -1.579087292655390684e+03 4.376489817442275694e+02
3.880698027169901820e+02 -1.573030422027006580e+03 4.367943250556095336e+02
3.884467634005449668e+02 -1.566799406010344683e+03 4.360671138482173887e+02
3.891716276951031546e+02 -1.564088099123894835e+03 4.361905703094071214e+02
3.889825866129630185e+02 -1.561442475086646027e+03 4.357451291004102814e+02
3.896666894026145087e+02 -1.553997526877937617e+03 4.363227777032217318e+02
3.900288968546973933e+02 -1.551556611952215007e+03 4.368689786851429631e+02
3.903254949392360800e+02 -1.549554449432630008e+03 4.370904404872344458e+02
3.911351785266167553e+02 -1.545288353218609245e+03 4.380871209499844099e+02
3.916421046849704908e+02 -1.541405444419483501e+03 4.390772104042708861e+02
3.923894264181257654e+02 -1.539642100965901591e+03 4.399406583869260885e+02
3.922820532635822701e+02 -1.537494663900971545e+03 4.400163663983090601e+02
3.935714918637498272e+02 -1.531764089710576400e+03 4.419813270947317960e+02
3.936706035602209681e+02 -1.529691250249389441e+03 4.422246838204097230e+02
3.940344078426405758e+02 -1.527498066252155240e+03 4.428683001150461678e+02
3.954148124797486616e+02 -1.521273380118786008e+03 4.443086396452347913e+02
3.958818225858703386e+02 -1.519110566133571638e+03 4.448038669495485351e+02
3.966985654378406707e+02 -1.514700820109631650e+03 4.454784864839340912e+02
3.971479011479599990e+02 -1.512528954320036064e+03 4.458017969478678992e+02
3.981239781591136762e+02 -1.508113509198812835e+03 4.466136549135875953e+02
3.987008090908576605e+02 -1.505890842065771039e+03 4.470478747486473594e+02
3.989790795180990699e+02 -1.501663025028329230e+03 4.469874505001378679e+02
3.998351891199905594e+02 -1.497251656116311324e+03 4.473985917071610743e+02
4.003150238264987593e+02 -1.494841931062280764e+03 4.476276520439134288e+02
4.008292344739144255e+02 -1.492855556434022901e+03 4.475229746653957932e+02
4.016033676356282740e+02 -1.486084774772579067e+03 4.474467248940437685e+02
4.021510866129457895e+02 -1.483988409830521732e+03 4.475687777669285197e+02
4.028336049257455329e+02 -1.479478615655797739e+03 4.472673189271919227e+02
4.028222003972481389e+02 -1.476807621021956038e+03 4.470292764910713004e+02
4.041245554492437577e+02 -1.472553612307140156e+03 4.471510297032156700e+02
4.041375025048052976e+02 -1.470217003644458146e+03 4.469127903537375914e+02
4.048349221604505033e+02 -1.465617687772109093e+03 4.465086242454421495e+02
4.058737045406215316e+02 -1.460893733653943855e+03 4.465282152222779928e+02
4.056326078669575281e+02 -1.458582563717018502e+03 4.458660257311887563e+02
4.066143730194664272e+02 -1.453709065713766222e+03 4.455993928108771343e+02
4.066159331526011442e+02 -1.451343887304229384e+03 4.455412881090571773e+02
4.070852926595856616e+02 -1.446825691368798743e+03 4.453630610097387716e+02
4.070852926595856616e+02 -1.446825691368798743e+03 4.453630610097387716e+02
4.072065686675191500e+02 -1.440218662717676580e+03 4.459354656224688824e+02
4.075369432510182151e+02 -1.436898355403909136e+03 4.473355768110480426e+02
4.075677283849818195e+02 -1.433113858207472049e+03 4.481830698435833824e+02
4.075743499480464607e+02 -1.431273587834339878e+03 4.486923800682525325e+02
4.073350938215256747e+02 -1.429457748122557632e+03 4.492763384475620683e+02
4.077484531696049999e+02 -1.425359705360079715e+03 4.503253102728510271e+02
4.073973677321669129e+02 -1.421492482958687560e+03 4.509195807292059044e+02
4.076153327094288557e+02 -1.417425852108351364e+03 4.517761438765870707e+02
4.076621899419703254e+02 -1.415399750513345907e+03 4.521163017976400624e+02
4.079775511091385169e+02 -1.411352317593738235e+03 4.528622061745849692e+02
4.078477444642246041e+02 -1.409255204291566542e+03 4.531511976725119553e+02
4.079330099393999376e+02 -1.407092689782443813e+03 4.533440681584551726e+02
4.081374338731024523e+02 -1.402863742963256755e+03 4.540116979419108247e+02
4.083845017111157745e+02 -1.398512329282167002e+03 4.545924081954713643e+02
4.087256631805836378e+02 -1.396314663659377175e+03 4.549833499665251679e+02
4.090253606435738902e+02 -1.392042819743216342e+03 4.556114686042345738e+02
4.095539295525519492e+02 -1.387971609407811911e+03 4.563824695736839772e+02
4.097280625989970417e+02 -1.385938424541657241e+03 4.565863618848131296e+02
4.102144320125814829e+02 -1.382168088048806112e+03 4.574879827773544889e+02
4.102247548129151369e+02 -1.380440864884120856e+03 4.577808411114227738e+02
4.105611704468258836e+02 -1.376835674411022637e+03 4.587184232780397224e+02
4.108665010590324300e+02 -1.375108758709267477e+03 4.590319544493172543e+02
4.112899145747216494e+02 -1.371738092737489069e+03 4.597735558803981917e+02
4.112895784914406931e+02 -1.369729778989732495e+03 4.600539176549246463e+02
4.118714294728368941e+02 -1.366888229686423301e+03 4.611158516905380793e+02
4.123801773494262193e+02 -1.362029348670466106e+03 4.622425388105841080e+02
4.123801773494262193e+02 -1.362029348670466106e+03 4.622425388105841080e+02
4.125589200672245624e+02 -1.359129648878963962e+03 4.629330084905837452e+02
4.129961886766292309e+02 -1.355931622146006021e+03 4.636488421546438872e+02
4.132509349921812145e+02 -1.352764668668899731e+03 4.641725012306541203e+02
4.135684114328748251e+02 -1.349262237450108614e+03 4.645882242868666481e+02
4.135684114328748251e+02 -1.349262237450108614e+03 4.645882242868666481e+02
4.141343529821684228e+02 -1.346495959382436013e+03 4.653729512355276370e+02
4.142530793615803191e+02 -1.342928750651036125e+03 4.656554738718105568e+02
4.147722019162193874e+02 -1.341687575609921851e+03 4.660742283795890444e+02
4.150692942814069966e+02 -1.338584407849866921e+03 4.665660075586957305e+02
4.154722051004861214e+02 -1.335358955362399229e+03 4.669786995468119812e+02
4.158282016098993381e+02 -1.332168535382245182e+03 4.673129346852473418e+02
4.157350294052827735e+02 -1.330311137738986417e+03 4.674272406220304674e+02
4.166047935318081841e+02 -1.327604756951698391e+03 4.680577138160671780e+02
4.165298724586178878e+02 -1.326069862091256482e+03 4.680179928473511382e+02
4.170881751426867368e+02 -1.322900426839818920e+03 4.685474046308771108e+02
4.172873846633897301e+02 -1.321581648232031284e+03 4.687140698020339755e+02
4.176006281138796794e+02 -1.318731608465614954e+03 4.690997790973169685e+02
4.180186977682023439e+02 -1.315837072135827611e+03 4.694528811829566735e+02
4.184020714242352597e+02 -1.314420428554368982e+03 4.699008581622615566e+02
4.182105051699592764e+02 -1.312906107633032434e+03 4.697506922468686525e+02
4.188731631073627000e+02 -1.308709455591433880e+03 4.703121684368760498e+02
4.187405017503277236e+02 -1.306822765057193919e+03 4.702076181515635085e+02
4.194025987039576080e+02 -1.305688561937529812e+03 4.707650851807267713e+02
4.195644046914895284e+02 -1.302772946857248144e+03 4.708768867589641332e+02
4.197975147919387950e+02 -1.299855967714890539e+03 4.711057780266205555e+02
4.200202069602014490e+02 -1.298268439484697637e+03 4.712871010499389399e+02
4.204435331918965062e+02 -1.295249627525834057e+03 4.714421104629411730e+02
4.205380883721334158e+02 -1.291810368248321083e+03 4.714803302711611650e+02
4.211350579119335293e+02 -1.290685662454169460e+03 4.718593556311855082e+02
4.212522474637365235e+02 -1.289154090265092464e+03 4.719419483604306151e+02
4.217281318071601959e+02 -1.286045307353597309e+03 4.722244385433440925e+02
4.220052072852888614e+02 -1.282974531882309293e+03 4.725533126111822071e+02
4.222556137282952022e+02 -1.281260351746569313e+03 4.726364973825808420e+02
4.230560903781246793e+02 -1.276578655107737404e+03 4.728984570217579062e+02
4.232366933008447063e+02 -1.274748767608229855e+03 4.730020129601496137e+02
4.236028821854383750e+02 -1.273131057152873382e+03 4.730290731831002518e+02
4.239225672859688530e+02 -1.269695981913559535e+03 4.731246753739411020e+02
4.246653535040594534e+02 -1.266312793937120205e+03 4.733378043508042765e+02
4.249725082126606708e+02 -1.264557135854855233e+03 4.734908203424189992e+02
4.252915133390668530e+02 -1.260934335294194852e+03 4.734650655002775466e+02
4.257213217422026332e+02 -1.259374793516841919e+03 4.736503265186854605e+02
4.261730519678146152e+02 -1.255943562023955565e+03 4.739565526084242606e+02
4.265519548208749825e+02 -1.252544266935298538e+03 4.738301285341300968e+02
4.270707172315121056e+02 -1.250590303060357201e+03 4.739758600158660897e+02
4.275643506679876964e+02 -1.247157135543909135e+03 4.739489803235371710e+02
4.278570293087831828e+02 -1.245446259959764802e+03 4.740496506902621263e+02
4.284118752052027617e+02 -1.242068141890751122e+03 4.740697261517825609e+02
4.286363943961704308e+02 -1.240297740911519895e+03 4.739355035716898215e+02
4.294034065838637844e+02 -1.236800428701286592e+03 4.739758429992804736e+02
4.298691199876907945e+02 -1.233366915360033545e+03 4.736113165162272480e+02
4.301899898856749473e+02 -1.231301618654777485e+03 4.733671541749617973e+02
4.308325730923085075e+02 -1.228019366953860526e+03 4.731780173376966445e+02
4.310982213678395283e+02 -1.226262837428334478e+03 4.729556122745848938e+02
4.317253505900648065e+02 -1.222762022892866298e+03 4.725525879525355322e+02
4.321776966179908186e+02 -1.220512256889840273e+03 4.721440788479297908e+02
4.327821115145227964e+02 -1.216981202649995794e+03 4.715437947389791020e+02
4.335440516054374029e+02 -1.212991272864008579e+03 4.704957642892987906e+02
4.339282600061042672e+02 -1.211038299502514974e+03 4.700939062016207117e+02
4.344783258136628774e+02 -1.206469485711323614e+03 4.690152047393359567e+02
4.355489371789483926e+02 -1.202966511892259632e+03 4.688549846259801939e+02
4.358400032350530182e+02 -1.200806466766122867e+03 4.682840398294938495e+02
4.365078896082491724e+02 -1.196913599010484859e+03 4.678869647258804889e+02
4.367960788483772490e+02 -1.194882605773311070e+03 4.678169333532663359e+02
4.374331045492101566e+02 -1.190952250666826330e+03 4.678877833891154410e+02
4.380493719959127361e+02 -1.187141138062836717e+03 4.682045664920320860e+02
4.383529246716084913e+02 -1.185054652525607480e+03 4.684556429676222251e+02
4.386578540148757384e+02 -1.182945172591071241e+03 4.687365578261914152e+02
4.390681083915650902e+02 -1.178906955417315430e+03 4.691947998873874894e+02
4.399472743828306989e+02 -1.174751074074335293e+03 4.696438741066854732e+02
4.407937479000402163e+02 -1.170842756023014090e+03 4.699595706634672183e+02
4.413834267789931118e+02 -1.166889281768922956e+03 4.702343111644929081e+02
4.416083346155386948e+02 -1.164831884535314202e+03 4.702760044739353589e+02
4.424086481594655993e+02 -1.160940956848568248e+03 4.704622883326167653e+02
4.431845279510677642e+02 -1.157090414618578507e+03 4.704466729254240818e+02
4.435936363406231635e+02 -1.155050903011966966e+03 4.703524509156589488e+02
4.439263164693112458e+02 -1.153106611116269050e+03 4.703787473807389006e+02
4.447423496316159230e+02 -1.149120944934236149e+03 4.702851632575840881e+02
4.452680655473379261e+02 -1.147263846592787104e+03 4.700634493629467556e+02
4.459996704286885461e+02 -1.143201931972963393e+03 4.698904698436084573e+02
4.463369268987543705e+02 -1.141250634107273527e+03 4.698895466191522132e+02
4.474131551402974765e+02 -1.135318512651730998e+03 4.692161794016510044e+02
4.478978400213933355e+02 -1.133316162405586283e+03 4.690715202337005394e+02
4.487298884278901028e+02 -1.129255290637735470e+03 4.687072702007172893e+02
4.490689728389206152e+02 -1.127196589841071727e+03 4.684897891075542020e+02
4.494948156281463412e+02 -1.125102844764198380e+03 4.683488112343281387e+02
4.501982500426572642e+02 -1.120949635308699499e+03 4.679094302328604726e+02
4.510299934866678768e+02 -1.116634200807106481e+03 4.675954170065654125e+02
4.517007145494433189e+02 -1.112243318809989887e+03 4.669787285109327968e+02
4.520434304470200004e+02 -1.110428976000210469e+03 4.667744234386019002e+02
4.529641825916090170e+02 -1.106093926121300683e+03 4.662240293249379874e+02
4.533046166782748401e+02 -1.103952428941842527e+03 4.657154963165868367e+02
4.541874666277311690e+02 -1.099711511368251195e+03 4.649103655311245120e+02
4.550108713412490147e+02 -1.095263676850360298e+03 4.640521985910763192e+02
4.555135760800146159e+02 -1.093148406356526039e+03 4.637205236701036029e+02
4.563939528290721341e+02 -1.088827493171738297e+03 4.630142491384212349e+02
4.567578397484965649e+02 -1.086628042129370897e+03 4.626268871529976536e+02
4.577279884863388588e+02 -1.082316625896743744e+03 4.617608018331570179e+02
4.583032727139196822e+02 -1.078035401099292585e+03 4.612280533958906972e+02
4.588436174337721809e+02 -1.075905802430840595e+03 4.610420007880683784e+02
4.593175249288949544e+02 -1.071881667108950069e+03 4.605316792877412695e+02
4.598235933736976904e+02 -1.069699700736360683e+03 4.603813279696411769e+02
4.604162399563975896e+02 -1.065519782952336755e+03 4.598918080729818030e+02
4.606737087904687655e+02 -1.063358979579698143e+03 4.595730287659737314e+02
4.613652768461392952e+02 -1.058950634796210352e+03 4.592637572361127809e+02
4.616471416014517786e+02 -1.056664485389574565e+03 4.587812025118214478e+02
4.619639646224896410e+02 -1.052049409552898851e+03 4.581355592500096918e+02
4.626777003643156831e+02 -1.047559423105052474e+03 4.578770912584739108e+02
4.628578937467012793e+02 -1.045364165624071120e+03 4.574320635843829450e+02
4.633103540436582648e+02 -1.040694382373326562e+03 4.568386149573026387e+02
4.639390976600437853e+02 -1.035780517313683049e+03 4.561336633710222941e+02
4.640183270174680388e+02 -1.033354408086984904e+03 4.557807024217310641e+02
4.645600741683364845e+02 -1.028196703926066220e+03 4.550741827900574776e+02
4.648449038254988750e+02 -1.025551080714876889e+03 4.548052844070270453e+02
4.654791314160443676e+02 -1.020503129200757826e+03 4.541187824237613881e+02
4.661922777185663449e+02 -1.015468696188420495e+03 4.534537354393677901e+02
4.664669856950488906e+02 -1.012833105793692312e+03 4.528554170305296225e+02
4.670174656243190157e+02 -1.007781054374981750e+03 4.519610422911131309e+02
4.673334823990428504e+02 -1.002913237007100861e+03 4.508565655427166803e+02
4.676366756318925013e+02 -1.000585474570057727e+03 4.501665028575338852e+02
4.679795662571966659e+02 -9.957544184672708525e+02 4.489404929170860896e+02
4.681073648735746815e+02 -9.932810238763701136e+02 4.480759135524077124e+02
4.682215369346674265e+02 -9.882824454372743048e+02 4.463075085210851967e+02
4.687131245705809306e+02 -9.832298178835659428e+02 4.445334348752776918e+02
4.689024918617106437e+02 -9.805695773076550950e+02 4.434937233991080348e+02
4.695020573100151751e+02 -9.745345115254992834e+02 4.414171538358324938e+02
4.702923109357887483e+02 -9.678278801678948184e+02 4.393494720410283207e+02
4.705412685252633764e+02 -9.645112193089984203e+02 4.386245434778402341e+02
4.709159520679239108e+02 -9.611210565216530313e+02 4.378252467564853987e+02
4.717174604533854563e+02 -9.548709529494974504e+02 4.368696036506409541e+02
4.726420852266332986e+02 -9.491487683148312726e+02 4.363138058186198123e+02
4.730958155029206296e+02 -9.463346465112290389e+02 4.364621064001156014e+02
4.739419780528083948e+02 -9.410963498941911212e+02 4.366313701020500275e+02
4.743531248120534087e+02 -9.387332484701163366e+02 4.370716697215794966e+02
4.753968918309878973e+02 -9.342863501236341790e+02 4.378437657013919875e+02
4.765337055280371032e+02 -9.301744929916031879e+02 4.390319356330379037e+02
4.770310228318300005e+02 -9.279354821241491891e+02 4.394548375691109641e+02
4.781426963008051985e+02 -9.239131598119587352e+02 4.406645234218606220e+02
4.787140754733104586e+02 -9.218048451845899081e+02 4.413376337772551778e+02
4.797189580333926529e+02 -9.175186629503020868e+02 4.425485918928065985e+02
4.802550861641105939e+02 -9.153435935904129792e+02 4.432842978270658705e+02
4.816612315041654142e+02 -9.108377779348658123e+02 4.444603912349572283e+02
4.825944138061914259e+02 -9.058904605723975010e+02 4.456135712293329902e+02
4.838315877339918529e+02 -9.010967768402601905e+02 4.465515277075419363e+02
4.842977106044031643e+02 -8.985727197671610611e+02 4.471115640623389140e+02
4.847991134677454852e+02 -8.960467344347008520e+02 4.475014770628692418e+02
4.860731408199225712e+02 -8.911940875968859928e+02 4.482295945728697006e+02
4.871079334384377262e+02 -8.862069546732774370e+02 4.490976332697347289e+02
4.876909516674131169e+02 -8.837718835485297859e+02 4.492854278568862014e+02
4.886994706636284604e+02 -8.789157362183200348e+02 4.495584417642830317e+02
4.897399058032196990e+02 -8.740703395356822512e+02 4.498260310688431787e+02
4.907163773759891114e+02 -8.692825372369626393e+02 4.498058854124876689e+02
4.914314575854089071e+02 -8.667645679855035041e+02 4.497324413815837261e+02
4.918534168308038943e+02 -8.643412432945925730e+02 4.495455281056891863e+02
4.928298128845079304e+02 -8.594368131608980548e+02 4.491407475092576078e+02
4.934444595115798506e+02 -8.570320068127158493e+02 4.486068018966602153e+02
4.943412100699043208e+02 -8.518067520435017741e+02 4.484754274076372553e+02
4.955681700512195675e+02 -8.465107921948264220e+02 4.476956701069403266e+02
4.965570820061002451e+02 -8.413070526717297071e+02 4.469790786098105286e+02
4.971259434539323365e+02 -8.386366538574899323e+02 4.465890023400435211e+02
4.980382916418499804e+02 -8.333061332004918995e+02 4.458153092100452568e+02
4.989902311388770499e+02 -8.279832354408897572e+02 4.447852558799694407e+02
4.996093383746148220e+02 -8.252465559134061550e+02 4.444344756513134485e+02
5.000739339719464169e+02 -8.225852656503320759e+02 4.439113701489139885e+02
5.011714268908176564e+02 -8.173245427546122528e+02 4.430784546398170960e+02
5.019084445083933588e+02 -8.126137240890840303e+02 4.428511157829050262e+02
5.022336772640973663e+02 -8.104466537769303613e+02 4.430342081502703309e+02
5.026770307335763732e+02 -8.068177322769715829e+02 4.436857495990970506e+02
5.025748374204049469e+02 -8.049857253333030940e+02 4.443471976972585935e+02
5.026335230393633537e+02 -8.014836781833935220e+02 4.456564129416766491e+02
5.026867988878780125e+02 -7.979527669886683725e+02 4.470029454881129141e+02
5.026157194808503164e+02 -7.943423319073201583e+02 4.481513695687278869e+02
5.026255738230012753e+02 -7.924950717514402641e+02 4.486621654822690175e+02
5.024744208861389438e+02 -7.883655001850657982e+02 4.496106471983592883e+02
5.024744208861389438e+02 -7.883655001850657982e+02 4.496106471983592883e+02
5.029771941595881799e+02 -7.814159275163926850e+02 4.511292048414597389e+02
5.033802694726812774e+02 -7.764917265618944384e+02 4.519601198192887637e+02
5.035661549656429088e+02 -7.739659784582904649e+02 4.523406426987348254e+02
5.037334359764100213e+02 -7.715788973334394996e+02 4.526086171222528378e+02
5.047996033222835308e+02 -7.646642112419538080e+02 4.542815034212129603e+02
5.048212180715051431e+02 -7.623630928199046366e+02 4.545848227098073266e+02
5.051390055872603284e+02 -7.603793576728102153e+02 4.550697419681841893e+02
5.057077178345747370e+02 -7.563257571444693212e+02 4.559429294268957733e+02
5.061258275220769178e+02 -7.527655930520529637e+02 4.567359200750101991e+02
5.063950903624807438e+02 -7.510204614451031375e+02 4.571559856945952447e+02
5.068778457076620043e+02 -7.476897384302243381e+02 4.580390487276043245e+02
5.073059605992742149e+02 -7.461925599970741132e+02 4.584071103497345803e+02
5.077613361224796904e+02 -7.431961195486264842e+02 4.594037717751407399e+02
5.079991589727841301e+02 -7.417065917783278337e+02 4.598864040285388910e+02
5.088393381051384381e+02 -7.373368012293051379e+02 4.610790432252667870e+02
5.088486652049341501e+02 -7.358646159713505313e+02 4.615458829073751303e+02
5.091394172218627432e+02 -7.330063274293152062e+02 4.624268962763755439e+02
5.095298464872196291e+02 -7.315934820996892540e+02 4.627341279511617245e+02
5.096145550738317525e+02 -7.284264834796766763e+02 4.633621287328128346e+02
5.098897628092811942e+02 -7.267916734419943623e+02 4.637317211543293070e+02
5.102805026335607863e+02 -7.237421401971445221e+02 4.643698651399271853e+02
5.104841537678026953e+02 -7.220990368648150479e+02 4.646401271249469005e+02
5.108972765692691951e+02 -7.187875191335848513e+02 4.650867956072441984e+02
5.111077134565352935e+02 -7.170340587392048519e+02 4.652807645997235682e+02
5.114587513770544547e+02 -7.136551726694511899e+02 4.655381730732638061e+02
5.120615128801058518e+02 -7.102099996938525237e+02 4.658520658899107616e+02
5.121404420209186128e+02 -7.083299459209594033e+02 4.659786069532675015e+02
5.126129301971452605e+02 -7.047576028317938608e+02 4.661474880471991469e+02
5.127868070884219378e+02 -7.028873430597312790e+02 4.661858569513809698e+02
5.134812790106669809e+02 -6.993079195952276450e+02 4.661971573315175874e+02
5.141844976278563308e+02 -6.937591948268950546e+02 4.664393063044520318e+02
5.144275336881999010e+02 -6.919555500140653521e+02 4.664763525729238722e+02
5.146567002361883851e+02 -6.901725999941406826e+02 4.664836275737796996e+02
5.148182165088894635e+02 -6.885727120726534167e+02 4.665778164451295424e+02
5.153006864369209552e+02 -6.850729021048510958e+02 4.667335106798274751e+02
5.157011738054262651e+02 -6.817368325382587955e+02 4.670364121970622477e+02
5.161052761804435249e+02 -6.786610474451611026e+02 4.673826171550811637e+02
5.161732679776613395e+02 -6.769435711769467616e+02 4.676421658510984116e+02
5.164865989004713356e+02 -6.737376085998664621e+02 4.680837785407511547e+02
5.168376228557364129e+02 -6.720932163393599694e+02 4.683478496593318710e+02
5.169249194278552295e+02 -6.688705017309325740e+02 4.688817048336616722e+02
5.171850986560259571e+02 -6.672006558481805314e+02 4.691950695389145380e+02
5.175270667199845320e+02 -6.639030329005335034e+02 4.697098118102135800e+02
5.180322647837768955e+02 -6.604717002763339906e+02 4.701808536822633755e+02
5.180466100686583104e+02 -6.588243752032464045e+02 4.704909992019727838e+02
5.182963422514857257e+02 -6.570996390331401926e+02 4.706791709916445257e+02
5.186256528741440661e+02 -6.536016385505204198e+02 4.711630261831778625e+02
5.192473305984468652e+02 -6.502911036817537251e+02 4.715934359594821217e+02
5.194431798260138748e+02 -6.486125317721576948e+02 4.717751104829247879e+02
5.199225650818591475e+02 -6.451735233744277593e+02 4.722857267809236532e+02
5.200707550318453514e+02 -6.435179294912029491e+02 4.722663882129331796e+02
5.205030457759233968e+02 -6.400300656646400057e+02 4.724538393626186235e+02
5.209443448807249979e+02 -6.365062355545320543e+02 4.727705812468079216e+02
5.212065032405340617e+02 -6.349110384574927366e+02 4.728298760747576921e+02
5.219216874667168895e+02 -6.298192084800965631e+02 4.731562349996856369e+02
5.219216874667168895e+02 -6.298192084800965631e+02 4.731562349996856369e+02
5.226995354571863572e+02 -6.246899459359739240e+02 4.732750876113361187e+02
5.229040353358811899e+02 -6.230128799313379204e+02 4.730800803807655370e+02
5.231744747475479471e+02 -6.212855987145687777e+02 4.731325530856024670e+02
5.235929607312422149e+02 -6.177107297282449281e+02 4.732747113473209311e+02
5.240543747977147859e+02 -6.143067838715294329e+02 4.731567308198035562e+02
5.244145673805586512e+02 -6.124095741488191607e+02 4.733416520551000417e+02
5.247078191907230575e+02 -6.106435694419908486e+02 4.732326628218236806e+02
5.252491992645593655e+02 -6.069942975773865328e+02 4.733758009865803729e+02
5.256688442784769677e+02 -6.034860815243328034e+02 4.729161150651338517e+02
5.258966479278240058e+02 -6.014312039191580652e+02 4.731100523879924253e+02
5.264855565152940926e+02 -5.958893632642316334e+02 4.727385862079885896e+02
5.266718071085997508e+02 -5.940136627193119239e+02 4.725692254297796921e+02
5.270665517463477272e+02 -5.920373640618801119e+02 4.727231498723838286e+02
5.275090791935239167e+02 -5.884236756039969123e+02 4.722654985067358666e+02
5.277287085817788466e+02 -5.863383656437789568e+02 4.719126931732332082e+02
5.281420674183143547e+02 -5.824882907389157936e+02 4.713869455956325965e+02
5.288617090439763615e+02 -5.783179705706622826e+02 4.711766658426949448e+02
5.290447418747884285e+02 -5.764263638264686733e+02 4.708297540488488266e+02
5.297174082712491554e+02 -5.725996365270905244e+02 4.708733740037621374e+02
5.301064853824783540e+02 -5.688499274862817856e+02 4.704691540535207537e+02
5.306463159418815394e+02 -5.649141795513838815e+02 4.705604301557644362e+02
5.309213250848230246e+02 -5.630196301941542742e+02 4.707456179155619225e+02
5.314589911276227667e+02 -5.589437477225270641e+02 4.710554474050055092e+02
5.317119003164402784e+02 -5.570274740692409523e+02 4.710812692452296346e+02
5.318487173404539590e+02 -5.549181487250556302e+02 4.713105034086249248e+02
5.327505161894650882e+02 -5.489704847921412920e+02 4.718307711619298175e+02
5.329897505194890073e+02 -5.470611657561528318e+02 4.718413161505333733e+02
5.332818918626726372e+02 -5.450890340454897114e+02 4.719099441078159884e+02
5.340127616468626002e+02 -5.413569909036272065e+02 4.720137875470899189e+02
5.346393621329839334e+02 -5.375595953572679946e+02 4.720125483920402303e+02
5.352538751468224518e+02 -5.337007181835925849e+02 4.718322704104757008e+02
5.356221841186686561e+02 -5.318770992488501861e+02 4.718053318252526651e+02
5.363686826958889924e+02 -5.281662118640542758e+02 4.718830789932379162e+02
5.368735374327829959e+02 -5.262524611517965241e+02 4.715935949807457632e+02
5.371247019426151610e+02 -5.242890332642099338e+02 4.714927463827603447e+02
5.377367567670410153e+02 -5.203115184198824181e+02 4.710404162111877895e+02
5.383681028147502730e+02 -5.164811524736838919e+02 4.707845552590531497e+02
5.387344749598098588e+02 -5.144403601230121694e+02 4.706900653649815354e+02
5.396581719457568624e+02 -5.082658812060581681e+02 4.702164039187529738e+02
5.400662350539701038e+02 -5.062972484868441825e+02 4.702081912225742713e+02
5.404414489026213460e+02 -5.041710715286627078e+02 4.702036844189104841e+02
5.409553866582731416e+02 -5.000286869759825095e+02 4.697771869317480764e+02
5.415120092792589048e+02 -4.956387680587202453e+02 4.695302443986711296e+02
5.419745631264668191e+02 -4.936284718746052818e+02 4.692433184007139175e+02
5.422481982278868600e+02 -4.915115917225003273e+02 4.690423661437139913e+02
5.427128515151432566e+02 -4.872083130188033806e+02 4.687284230952536745e+02
5.434483839713828957e+02 -4.831908391900236666e+02 4.682174572086266267e+02
5.441122458898857985e+02 -4.793182244694195902e+02 4.677481266822819634e+02
5.442810253094701238e+02 -4.771390424502270093e+02 4.676759889874766145e+02
5.444866381766189534e+02 -4.751798236845793326e+02 4.675129556352544569e+02
5.451329305207018479e+02 -4.689246269370619302e+02 4.671219572790695906e+02
5.452395285691195568e+02 -4.668836089505442715e+02 4.670519125490271790e+02
5.456350497568314495e+02 -4.628570057678168723e+02 4.669281884779580309e+02
5.458608150783333031e+02 -4.610026655198587946e+02 4.665866266839369700e+02
5.462171203702471303e+02 -4.589606213714559999e+02 4.666742743778966087e+02
5.466345250773558746e+02 -4.550092844587531999e+02 4.663269637860528860e+02
5.469237749502702854e+02 -4.508179776850240614e+02 4.659796476528237008e+02
5.474434363750409602e+02 -4.464570835744654005e+02 4.657695273464893830e+02
5.474166016472698857e+02 -4.440105526229253314e+02 4.657855830112590070e+02
5.480645558739453236e+02 -4.396508631741170348e+02 4.654662961536151897e+02
5.483794220781622926e+02 -4.374554439647928916e+02 4.652295287135111153e+02
5.490387733882191696e+02 -4.328889006671158199e+02 4.651951394779886755e+02
5.490387733882191696e+02 -4.328889006671158199e+02 4.651951394779886755e+02
5.490387733882191696e+02 -4.328889006671158199e+02 4.651951394779886755e+02
5.499542863737744938e+02 -4.238878380092928069e+02 4.647199932504660183e+02
5.506313058150283268e+02 -4.195799567398760814e+02 4.643539299493869521e+02
5.510561042088969543e+02 -4.152199657090869778e+02 4.641693785923163205e+02
5.511199316292328376e+02 -4.131604960123149226e+02 4.638720629768221215e+02
5.521149850125669900e+02 -4.068510887232712889e+02 4.630751933761102350e+02
5.521149850125669900e+02 -4.068510887232712889e+02 4.630751933761102350e+02
5.529905312635484051e+02 -4.004468120228468706e+02 4.621734200934142791e+02
5.532997633100973189e+02 -3.982560361594842675e+02 4.619937223805088706e+02
5.535211459763271478e+02 -3.959689912386871811e+02 4.616676569026860193e+02
5.542768237297647147e+02 -3.915807680889492417e+02 4.607413019978739044e+02
5.547015388484207961e+02 -3.893801353456757397e+02 4.601677304629544665e+02
5.557173963471543630e+02 -3.821749007925378692e+02 4.583785786541840253e+02
5.558945681471439002e+02 -3.794103591080270803e+02 4.579358902052628650e+02
5.561332558533174506e+02 -3.766699426869906233e+02 4.571616614421059808e+02
5.571065303136603006e+02 -3.711009136535319044e+02 4.566386330667756397e+02
5.571137442079464108e+02 -3.683213460138745177e+02 4.559444630032062946e+02
5.574129885763942411e+02 -3.598821777021999537e+02 4.558468915117657616e+02
5.576177023068931931e+02 -3.574107707484415641e+02 4.557914591445681936e+02
5.578502724742101009e+02 -3.523450329252663664e+02 4.565895791879189574e+02
5.580559927837373380e+02 -3.502139954932929413e+02 4.567056205369125905e+02
5.583287067549281346e+02 -3.457756951269270189e+02 4.574054614952396491e+02
5.587182023729100138e+02 -3.416135801187288621e+02 4.583817395654627944e+02
5.588828633761154379e+02 -3.395221234903237360e+02 4.591164899275244125e+02
5.592053738132524359e+02 -3.376055990442117718e+02 4.594309421536310651e+02
5.598795394247707691e+02 -3.316692249442386355e+02 4.613096246977597730e+02
5.598795394247707691e+02 -3.316692249442386355e+02 4.613096246977597730e+02
5.607361555085542477e+02 -3.256808587736566665e+02 4.628860505137246264e+02
5.609059227324536323e+02 -3.237248320822848200e+02 4.633558357409142445e+02
5.614320819581307660e+02 -3.195954412410487748e+02 4.643626557313390322e+02
5.617416341482794451e+02 -3.175223032577555955e+02 4.649254705707469952e+02
5.623080618039886076e+02 -3.133267303663748748e+02 4.658154304839808901e+02
5.627193343224806767e+02 -3.113244074333159688e+02 4.659936653025772557e+02
5.632434217429283763e+02 -3.069709935339438402e+02 4.666014783673526836e+02
5.636421012373357371e+02 -3.049325273034672819e+02 4.670619756358318568e+02
5.642160362527525876e+02 -3.007228769156246244e+02 4.676101049929457645e+02
5.646905815977820566e+02 -2.964539127920907049e+02 4.682079752636652756e+02
5.650647829528456896e+02 -2.943348736112785105e+02 4.681794559262859821e+02
5.657748476613220419e+02 -2.903927261667355424e+02 4.683888806340485189e+02
5.662624266703591047e+02 -2.860914116142687931e+02 4.688149220792481628e+02
5.665915430286374885e+02 -2.840658555835794346e+02 4.686953758687394043e+02
5.672931965611496707e+02 -2.800146820442434432e+02 4.687503718911048054e+02
5.674171833021230213e+02 -2.777169385848601451e+02 4.689014872081303338e+02
5.680247344267861536e+02 -2.734832047383279132e+02 4.688659443312392341e+02
5.685285031171526953e+02 -2.714612515380752598e+02 4.687767168065460623e+02
5.688349069407968273e+02 -2.669091466756115096e+02 4.685083170837609714e+02
5.696475569482064429e+02 -2.624037501768279981e+02 4.687301052264813848e+02
5.699362452172211988e+02 -2.600703776423147815e+02 4.686088577728166911e+02
5.703441722284272828e+02 -2.556923480125315962e+02 4.678648769804788117e+02
5.711351892039859877e+02 -2.512704183643949989e+02 4.673757009254878199e+02
5.712889918183103646e+02 -2.489173417356426512e+02 4.671259220799373679e+02
5.717049323343999276e+02 -2.466072880331463750e+02 4.666951906938382422e+02
5.717364800477695326e+02 -2.442133088300632267e+02 4.664304383398776963e+02
5.726019503569895051e+02 -2.375181123147296773e+02 4.661582481144926646e+02
5.731238523369372615e+02 -2.310166949636514175e+02 4.666435108405284495e+02
5.733053209593235806e+02 -2.265473985464244606e+02 4.672272519582780888e+02
5.734430896000321809e+02 -2.223685735140611257e+02 4.680291967704827698e+02
5.733859999508865712e+02 -2.201944450569070000e+02 4.684076823885704925e+02
5.735202117188831608e+02 -2.160106120272806436e+02 4.689652700354938588e+02
5.736954050720457872e+02 -2.138773621918381309e+02 4.692925865922200046e+02
5.742291043651154041e+02 -2.098091128388388142e+02 4.697653746127642194e+02
5.741562182099695519e+02 -2.074183380095813902e+02 4.698379009142535097e+02
5.749997701278217619e+02 -2.030509935640780839e+02 4.706060450844594811e+02
5.754277380859673485e+02 -1.985229754450616610e+02 4.711319899693690445e+02
5.758929834013523532e+02 -1.965861443421677848e+02 4.716460793703764125e+02
5.765625604506510626e+02 -1.927145560785852751e+02 4.725267329511319758e+02
5.769795475296874656e+02 -1.909847051594508400e+02 4.727033381930380642e+02
5.776914838885439849e+02 -1.875003352882183663e+02 4.737211944051380783e+02
5.781736763367395042e+02 -1.840486046826493975e+02 4.744709051741875214e+02
5.784612183377341807e+02 -1.824383975049464368e+02 4.748189506572516052e+02
5.787778597128760794e+02 -1.810417878444276596e+02 4.752582148485610105e+02
5.795281352034072597e+02 -1.776100182069399978e+02 4.764854228117108619e+02
5.798855290302500407e+02 -1.747051641386285610e+02 4.768618314651321839e+02
5.800457334451519955e+02 -1.731278175352031212e+02 4.771525633500800154e+02
5.806881621941840876e+02 -1.699869630013876076e+02 4.777877692864661299e+02
5.809640737561473998e+02 -1.667573930841170977e+02 4.780141791956513657e+02
5.819691268906093455e+02 -1.636362431701383571e+02 4.785667444959040040e+02
5.821757969301926323e+02 -1.620317761033328736e+02 4.787610909858760806e+02
5.823203067271706459e+02 -1.604718052497664473e+02 4.786862279221161316e+02
5.828590449120662242e+02 -1.574032068627091974e+02 4.791255766281969954e+02
5.835460122941270811e+02 -1.558527323183663782e+02 4.792618039393519780e+02
5.838623363402729183e+02 -1.526717613530410631e+02 4.793134425569609789e+02
5.846734927571727667e+02 -1.494555377309582695e+02 4.797838777592827455e+02
5.851306164353435406e+02 -1.478398090536495033e+02 4.799909557548847943e+02
5.856264086854113202e+02 -1.445231356447214068e+02 4.802042548551865480e+02
5.861227515192819055e+02 -1.411450633334901852e+02 4.804408292640235345e+02
5.863567974372716662e+02 -1.394948189975501975e+02 4.804520447709438145e+02
5.870310073078636606e+02 -1.361119199446407038e+02 4.807328659102382744e+02
5.873520367289294200e+02 -1.325503858074135337e+02 4.807127269737035817e+02
5.877001000096814778e+02 -1.308273992535407899e+02 4.808559013295871978e+02
5.883556943480409700e+02 -1.274480624572501597e+02 4.809563198631657315e+02
5.884185648779481426e+02 -1.256929868902581262e+02 4.810343489487651141e+02
5.885958880445882642e+02 -1.239450460491711965e+02 4.808912469966904837e+02
5.894921592908816592e+02 -1.188761768631826072e+02 4.810613579469771253e+02
5.898621731392723859e+02 -1.171677718113744788e+02 4.810803227125603030e+02
5.902778185785984988e+02 -1.137864994301534551e+02 4.812626162633537206e+02
5.905813470518461372e+02 -1.120889915393167513e+02 4.811984368933730138e+02
5.909379332268523513e+02 -1.086612374018275062e+02 4.815549440332722497e+02
5.910840159989751328e+02 -1.052233445590130856e+02 4.813430129994713411e+02
5.914478104641647178e+02 -1.035699943957343976e+02 4.814862258560158921e+02
5.921337213526439882e+02 -1.001167720704678601e+02 4.817140973137667288e+02
5.923606685320568204e+02 -9.838254457304527989e+01 4.817334118993869652e+02
5.926883902112297164e+02 -9.677801449570176828e+01 4.817792197659638305e+02
5.929005980016021340e+02 -9.489338825746706618e+01 4.818172344795907520e+02
5.934820817827123847e+02 -9.162959909279177850e+01 4.817423357316835109e+02
5.940811852806327806e+02 -8.811116365894770297e+01 4.817707435067649158e+02
5.943558303845542241e+02 -8.642191407720757468e+01 4.817404087100181300e+02
5.946305981620072316e+02 -8.277164222030992846e+01 4.813640246904690230e+02
5.953528247185246300e+02 -7.929644443345817706e+01 4.812687173237089269e+02
5.955864040138795872e+02 -7.763483117397788646e+01 4.813415593628241709e+02
5.962081318997559265e+02 -7.391113629657363049e+01 4.808593878494642126e+02
5.969289761212712619e+02 -7.040372079541212713e+01 4.807352755056153342e+02
5.969289761212712619e+02 -7.040372079541212713e+01 4.807352755056153342e+02
5.969289761212712619e+02 -7.040372079541212713e+01 4.807352755056153342e+02
5.969289761212712619e+02 -7.040372079541212713e+01 4.807352755056153342e+02
5.992924048802682364e+02 -5.703586627454413360e+01 4.789474732954422507e+02
5.996053164579984696e+02 -5.505448496469526987e+01 4.787505117289149439e+02
6.002960876127601750e+02 -5.090922544797506077e+01 4.781281163551489612e+02
6.008440857134282851e+02 -4.683242068220459942e+01 4.775718381615588441e+02
6.015974945558193667e+02 -4.274208880682237321e+01 4.773234119767668062e+02
6.015974945558193667e+02 -4.274208880682237321e+01 4.773234119767668062e+02
6.021826174275179255e+02 -3.879114675259553735e+01 4.771745471765274260e+02
6.028926851108682285e+02 -3.469894331625891937e+01 4.772125662762683760e+02
6.035347036243466619e+02 -3.056608267903061460e+01 4.773887227277709258e+02
6.037656313727493398e+02 -2.849840601121136530e+01 4.776803655112715887e+02
6.044546282370677091e+02 -2.454876593066982693e+01 4.781516972774811052e+02
6.052323615379553985e+02 -2.053302254251294556e+01 4.787312345502360245e+02
6.057058430462057004e+02 -1.866303114095932614e+01 4.788494647317821205e+02
6.064506991631250230e+02 -1.471059795879099319e+01 4.793444757714205480e+02
6.068465233781015513e+02 -1.282585292506036723e+01 4.793671287719229781e+02
6.077987580537044323e+02 -8.921226894156626841e+00 4.799233331978741148e+02
6.086405928124920592e+02 -5.090605410098310912e+00 4.799952741319858660e+02
6.089197404645553888e+02 -3.002108279473324259e+00 4.801894854921169440e+02
6.097409555601437887e+02 -9.741818087645950364e-01 4.804523229931076571e+02
6.103531917470406825e+02 2.877742813176511483e+00 4.802257680246276550e+02
6.112087970890873976e+02 5.095068924468895588e+00 4.805185693277919086e+02
6.116739433532643488e+02 8.966249259783927172e+00 4.800362249443583096e+02
6.121564430003431880e+02 1.095302426876483004e+01 4.799328381380850601e+02
6.130198628974711710e+02 1.505817250057129186e+01 4.796323579266987736e+02
6.134982412283011399e+02 1.705420890116619859e+01 4.794993736570348233e+02
6.147269911494149710e+02 2.315504685592301470e+01 4.787639441839094729e+02
6.152657091679627683e+02 2.510504885431936373e+01 4.787336025282745027e+02
6.161371227456813813e+02 2.917277456666986168e+01 4.781192632568498766e+02
6.165825905243618763e+02 3.109449923443443708e+01 4.778825158418212027e+02
6.169970251402374970e+02 3.315627605302991299e+01 4.775241458840080782e+02
6.180508369650094664e+02 3.722546344882626812e+01 4.771183199447127663e+02
6.188840082622921273e+02 4.128976988774638812e+01 4.765392288324719630e+02
6.192795583306481149e+02 4.340094917289422938e+01 4.763344765528343601e+02
6.203471266671698459e+02 4.750983867189517440e+01 4.758846426038726349e+02
6.207316466913583781e+02 4.964458349915354773e+01 4.755708071923882585e+02
6.222335855775899063e+02 5.591043571737844786e+01 4.747135092738183175e+02
6.227579578692160567e+02 5.803895660655707189e+01 4.743826539023398254e+02
6.231373023315530872e+02 6.026426769541507866e+01 4.740341926009359668e+02
6.242382354985448956e+02 6.456282742197593905e+01 4.733419893091717086e+02
6.254259987156932539e+02 6.893413969341590075e+01 4.727358627865538097e+02
6.260056356523921295e+02 7.111718680778889734e+01 4.722444744404446624e+02
6.274661843830926955e+02 7.558218527849577129e+01 4.721009426845870962e+02
6.274366322314172066e+02 7.765057754967854464e+01 4.711830242681630239e+02
6.289452873800017869e+02 8.405047914413320598e+01 4.702164486713390943e+02
6.294791996606370503e+02 8.611330408724596452e+01 4.699048601959974008e+02
6.294791996606370503e+02 8.611330408724596452e+01 4.699048601959974008e+02
6.294791996606370503e+02 8.611330408724596452e+01 4.699048601959974008e+02
6.308384506432900025e+02 9.248316482975803865e+01 4.692816972875072565e+02
6.320793402915149954e+02 9.857955348937508688e+01 4.687037009788286355e+02
6.327715086176339128e+02 1.028164509140044061e+02 4.683252572803613134e+02
6.334616741008420604e+02 1.071520402763810154e+02 4.678189368353321242e+02
6.341704576322255207e+02 1.116421568302479130e+02 4.673072268623440095e+02
6.346109020545757176e+02 1.138852467690647785e+02 4.670884237238993251e+02
6.352583334386303022e+02 1.183004046157563778e+02 4.665212391482416479e+02
6.354578341763627805e+02 1.205981850488619500e+02 4.662309564185711679e+02
6.362768963832152167e+02 1.251973123394027851e+02 4.658108901346719222e+02
6.364381210943007545e+02 1.276510271573379356e+02 4.652898891570649198e+02
6.375398673881217064e+02 1.351605524275166204e+02 4.643771042608036055e+02
6.375398673881217064e+02 1.351605524275166204e+02 4.643771042608036055e+02
6.382740000131907436e+02 1.403245694925759324e+02 4.635940699270281016e+02
6.391619113595667159e+02 1.455395238551445232e+02 4.628461915991820206e+02
6.398492803503465893e+02 1.507117496533476242e+02 4.618732299787586726e+02
6.403217608920281236e+02 1.532599122901214059e+02 4.615180585670534583e+02
6.405223854724497414e+02 1.558715736168600756e+02 4.608177835955781916e+02
6.410268489510899599e+02 1.609274616964964082e+02 4.594940079819421612e+02
6.419468519935361428e+02 1.661489511974154425e+02 4.583588386855716976e+02
6.422651950115099453e+02 1.686614244252920969e+02 4.576298116185207050e+02
6.428149639824255246e+02 1.737600605691615101e+02 4.560685145966364757e+02
6.428638802357388613e+02 1.789230798541042873e+02 4.539261379127663645e+02
6.430178169876496668e+02 1.814999745046627879e+02 4.528158541376935773e+02
6.435022599202211495e+02 1.870857520905391027e+02 4.503989212329626071e+02
6.440007482173416520e+02 1.933841158628273718e+02 4.481043283853147727e+02
6.442255707796895194e+02 1.967404799083545015e+02 4.468170863439477216e+02
6.449060455733101662e+02 2.031645418730875576e+02 4.444515541015898066e+02
6.452689678059952030e+02 2.062358444151419405e+02 4.433012415845955729e+02
6.456040137678570545e+02 2.093539271932314136e+02 4.423493056384731403e+02
6.462681848345459912e+02 2.152799363175911935e+02 4.408112000474576462e+02
6.471223041420699928e+02 2.208476709904477957e+02 4.401610412665901890e+02
6.475947655065078834e+02 2.234458239401944297e+02 4.399776251396594375e+02
6.486818957536543166e+02 2.282460536675737330e+02 4.402409642090383386e+02
6.498120338575788537e+02 2.326793872576873810e+02 4.409057997474047284e+02
6.510432346389700342e+02 2.368599985769288594e+02 4.419095000073810979e+02
6.515975259898059448e+02 2.389635161982524494e+02 4.424171870654496956e+02
6.528762143101348556e+02 2.430395392667932413e+02 4.433989320097408040e+02
6.533992031499731183e+02 2.451155740864203381e+02 4.439799360765976530e+02
6.541029950515267046e+02 2.471667109465672070e+02 4.446139417185419234e+02
6.552491050406167687e+02 2.515257047566079223e+02 4.457462520917012512e+02
6.563748384581857636e+02 2.560934650529306396e+02 4.468237551428683787e+02
6.575717941473218389e+02 2.607869657341532843e+02 4.479541037011065896e+02
6.580019633732797502e+02 2.632311166722435587e+02 4.482769746114498162e+02
6.590778476389832576e+02 2.680830871019091433e+02 4.491716164132112681e+02
6.604686133414705864e+02 2.730080262152920341e+02 4.501499202269934017e+02
6.612410185088095886e+02 2.754746733101466134e+02 4.507841704615923391e+02
6.615057757887221896e+02 2.779868854593553920e+02 4.507183782108789956e+02
6.626631110626026384e+02 2.827853256160882438e+02 4.512236581950000982e+02
6.638263388048584375e+02 2.876050320564986009e+02 4.516238538602122503e+02
6.650533312210332042e+02 2.924083923463599035e+02 4.520399450295595329e+02
6.655829808008157897e+02 2.947669788412777052e+02 4.519120042033019331e+02
6.662714673210573437e+02 2.971336547619599742e+02 4.519393920805795801e+02
6.672905570140919735e+02 3.019926222130583255e+02 4.515327463327496389e+02
6.687487634422797100e+02 3.067551226272418603e+02 4.513466477059874933e+02
6.698999006519404702e+02 3.118181292114442726e+02 4.507087508214203240e+02
6.703496010073146181e+02 3.143992120402350565e+02 4.501543936931257122e+02
6.724762021321820384e+02 3.221762287005381609e+02 4.492997590827366707e+02
6.729477798163034095e+02 3.248930192759922306e+02 4.486335202859018523e+02
6.735780902604437870e+02 3.274044105916073022e+02 4.482709952754976257e+02
6.741415577076571708e+02 3.302046228959613359e+02 4.478558288046450571e+02
6.754207422652277728e+02 3.355162180926714086e+02 4.470348124926846367e+02
6.766033733547310476e+02 3.409472543627741175e+02 4.459296888979930031e+02
6.771368836646553291e+02 3.435867861791734299e+02 4.454587763192275247e+02
6.782121188907237865e+02 3.486605717972802267e+02 4.449415061013910417e+02
6.789588092599460651e+02 3.530833550444017988e+02 4.451607906131494587e+02
6.794736444269402682e+02 3.550535035954396790e+02 4.456598450722759139e+02
6.797369136580250597e+02 3.585378004319373417e+02 4.467966656559272565e+02
6.800773422983411365e+02 3.601620664661313640e+02 4.476531797805477595e+02
6.799820853126626616e+02 3.637507041967245982e+02 4.490517461408807662e+02
6.799820853126626616e+02 3.637507041967245982e+02 4.490517461408807662e+02
6.801326927882472546e+02 3.654589069195534421e+02 4.498914135820069760e+02
6.803754969112045501e+02 3.731098919673665364e+02 4.521778760688338821e+02
6.805388239676688045e+02 3.752128929901364813e+02 4.526459253094055271e+02
6.811252632557748257e+02 3.798808343448318396e+02 4.535488414050378765e+02
6.817354827942957627e+02 3.847344356497437161e+02 4.543639051103748443e+02
6.820032864306168676e+02 3.871208391282114576e+02 4.546943266080212993e+02
6.829456159746940784e+02 3.919241263361228107e+02 4.554849012691863663e+02
6.834147887189036510e+02 3.941882759499538906e+02 4.558669374817158655e+02
6.842050259162399470e+02 3.984784492770587576e+02 4.565345957327100450e+02
6.845733376241832957e+02 4.005891451992574730e+02 4.569737038440541710e+02
6.855291312389610994e+02 4.042854705405123354e+02 4.579822369034063172e+02
6.858210137727828624e+02 4.060596442756357760e+02 4.580548602548751660e+02
6.866779706300801536e+02 4.093645194439012016e+02 4.588242271863277892e+02
6.873437846186621982e+02 4.125519054752849115e+02 4.596871692619350256e+02
6.880241955402817666e+02 4.155217195263168719e+02 4.606396149918076617e+02
6.887015519450457077e+02 4.166812196358213214e+02 4.612528772103321444e+02
6.889837051782445769e+02 4.196389335215601477e+02 4.619788442195015250e+02
6.894765192272478771e+02 4.209826557325053500e+02 4.625473285616031376e+02
6.900271613316384673e+02 4.237488316305309013e+02 4.633272510550846164e+02
6.904291648734390492e+02 4.252590190176887859e+02 4.637166343808282818e+02
6.909409268272720510e+02 4.280950239522412062e+02 4.644786105553225752e+02
6.915396930940876246e+02 4.294716843486933726e+02 4.650041640806437613e+02
6.920693128382811210e+02 4.325572717658322404e+02 4.654640385514339300e+02
6.928055736412011356e+02 4.357423114889049884e+02 4.659033239399066133e+02
6.925447595933704861e+02 4.368763150114577343e+02 4.652920293907772020e+02
6.934742689643710492e+02 4.400175898264628813e+02 4.658240280466595777e+02
6.940855352921871599e+02 4.437038146486557366e+02 4.660377313890953133e+02
6.948846398183964084e+02 4.457481318752894595e+02 4.668729426741694510e+02
6.955766065375182734e+02 4.494645840391617639e+02 4.671330243007196259e+02
6.959590588559166235e+02 4.512526096006626517e+02 4.672199862882381467e+02
6.965971127699716590e+02 4.549355689796872753e+02 4.674495435703556154e+02
6.970441541669210892e+02 4.567309820648732170e+02 4.675432706827666038e+02
6.977729357538487420e+02 4.603342811821281089e+02 4.677896794814340069e+02
6.985208586412451268e+02 4.638972265901070955e+02 4.680675263568795117e+02
6.988593167276324039e+02 4.656288367535131556e+02 4.680371072638184842e+02
6.995856442479645239e+02 4.690973753366105825e+02 4.681985766486390048e+02
7.003882670361550709e+02 4.725826370076593435e+02 4.686687606211729644e+02
7.006605973790228745e+02 4.742287075279851365e+02 4.686184696851784679e+02
7.013883862681965411e+02 4.775178311568940330e+02 4.691192515355289743e+02
7.015928486313737267e+02 4.791622930918631482e+02 4.690432840501073883e+02
7.023507276757242153e+02 4.823583220266112903e+02 4.696359245197490395e+02
7.027462162300212185e+02 4.840097336023593471e+02 4.698887399522693045e+02
7.032935409644338733e+02 4.873196603498065542e+02 4.703860345480311480e+02
7.037015085560143461e+02 4.889085649895805545e+02 4.706070586229346304e+02
7.050832297114767471e+02 4.938258973741653222e+02 4.715663484105608632e+02
7.055104876833195249e+02 4.954852916559390223e+02 4.718879185214180438e+02
7.061663735507671618e+02 4.988070961789749163e+02 4.722743420245973880e+02
7.065261711767057022e+02 5.004405897623545343e+02 4.724699242432996584e+02
7.065132599469799288e+02 5.033279605193184238e+02 4.719833014043563821e+02
7.065132599469799288e+02 5.033279605193184238e+02 4.719833014043563821e+02
7.074796023522713995e+02 5.085058222921236393e+02 4.721172397168936072e+02
7.082640830074387850e+02 5.118189259702702429e+02 4.724921303897641565e+02
7.086918546688334573e+02 5.133360293032110349e+02 4.725846488687096780e+02
7.094515525171876789e+02 5.167412371521363639e+02 4.728263965866262311e+02
7.102851268336307839e+02 5.200071988370856388e+02 4.730514193181046494e+02
7.106414191343560560e+02 5.217036712504417437e+02 4.731119242025476410e+02
7.115516597026272620e+02 5.250548998656821595e+02 4.731361798375770604e+02
7.119720519555013425e+02 5.268141997272728076e+02 4.731579821851315728e+02
7.128357205237705330e+02 5.302297512530940367e+02 4.732019327340850623e+02
7.132982010671546504e+02 5.318020680665060809e+02 4.731516451581786669e+02
7.141985686783008305e+02 5.352592136800851677e+02 4.731236499378665030e+02
7.150678122376843930e+02 5.387133990342073275e+02 4.731269562527269272e+02
7.154560030894291458e+02 5.404743637754048677e+02 4.731117102418291438e+02
7.162745314134201635e+02 5.439726500302655268e+02 4.730102841048974938e+02
7.171667839331464620e+02 5.474216734822720127e+02 4.728503739784661661e+02
7.175329520615492811e+02 5.491774789023577341e+02 4.727952205678706719e+02
7.183573439682212438e+02 5.526651574008495800e+02 4.727258852026237150e+02
7.186681459452350964e+02 5.544756251123565107e+02 4.724165765203131855e+02
7.195078322978512233e+02 5.579952180418246144e+02 4.721319146773140005e+02
7.198152481221131893e+02 5.597708319885133506e+02 4.719341097287684192e+02
7.202680354448817752e+02 5.633916386328996850e+02 4.713568165266482879e+02
7.214253435687556930e+02 5.668461558275690777e+02 4.709638315647771947e+02
7.219580316712339254e+02 5.686387806971519012e+02 4.708870201765072352e+02
7.223454428807607428e+02 5.704207805953914203e+02 4.703709267647853380e+02
7.232933866506526783e+02 5.742709631696754968e+02 4.701069441546637790e+02
7.241181543692957803e+02 5.781636844159240809e+02 4.697761577128757722e+02
7.249199958859007893e+02 5.819654391723589697e+02 4.699193532984402850e+02
7.253239908998813235e+02 5.837410675468248655e+02 4.698939245803517224e+02
7.261821701430164921e+02 5.873605630380448019e+02 4.702423261804374306e+02
7.263239069246654935e+02 5.893378265369840392e+02 4.701739010376176680e+02
7.270882381936361298e+02 5.929571467873063284e+02 4.705449366776796296e+02
7.275249053508777024e+02 5.946734731167192649e+02 4.707576030380724887e+02
7.285064526335993378e+02 5.980868377797453377e+02 4.712965410933638282e+02
7.293264442194609956e+02 6.016197755927721573e+02 4.716208431437473791e+02
7.297274609922816353e+02 6.034436093020955241e+02 4.717746589135859381e+02
7.306163988354510366e+02 6.070129970185688535e+02 4.721350375749747172e+02
7.312309000343617527e+02 6.107137128069592791e+02 4.720634147553696494e+02
7.315090142438800740e+02 6.125494892038054786e+02 4.720499699879237028e+02
7.323935627839226754e+02 6.161545633865010814e+02 4.721855927595017874e+02
7.328423561051255319e+02 6.179305649139364505e+02 4.721788388832913483e+02
7.337035486864677978e+02 6.216010652251231932e+02 4.721050206888076559e+02
7.342200011198881384e+02 6.233295798814079944e+02 4.723336973990208207e+02
7.354047456962777005e+02 6.290363237113244850e+02 4.716470652501782297e+02
7.354047456962777005e+02 6.290363237113244850e+02 4.716470652501782297e+02
7.362335646442475081e+02 6.326309493828950963e+02 4.713877561289821188e+02
7.370707452842812017e+02 6.363541043949653613e+02 4.711353140376191959e+02
7.379180098335014009e+02 6.401457654509930535e+02 4.707547353475819136e+02
7.382732654106943073e+02 6.420079917795510482e+02 4.704675455313397379e+02
7.390972251377855855e+02 6.458668398182369401e+02 4.701630752181654884e+02
7.394812071684098100e+02 6.477606317869531267e+02 4.700147617826530109e+02
7.403165583193167549e+02 6.515463177386719735e+02 4.695537600125582571e+02
7.407624203608301059e+02 6.534475604235600485e+02 4.694989215703769219e+02
7.415427813558281969e+02 6.573340281487805896e+02 4.689989134654841791e+02
7.419636333134334336e+02 6.592870070636560058e+02 4.689254517840909671e+02
7.431439284750382512e+02 6.651380451767045088e+02 4.685600982665806669e+02
7.438017471935260119e+02 6.670639964654960750e+02 4.685789675353745452e+02
7.442095012721269995e+02 6.690691509733447901e+02 4.682257306059647703e+02
7.450889763936008876e+02 6.729703454064010657e+02 4.680053977683247126e+02
7.454846332153256299e+02 6.772482377127756763e+02 4.671823800331577559e+02
7.459487636211413246e+02 6.792406763198154067e+02 4.670722008551090312e+02
7.467332953759811289e+02 6.832605973710925582e+02 4.669166288910259937e+02
7.474872487876647256e+02 6.873967748090198029e+02 4.664086053614588536e+02
7.479167659083200306e+02 6.892959415756985209e+02 4.663889799039089894e+02
7.483172273562695409e+02 6.912085936766950454e+02 4.663440334777946532e+02
7.489882448297745441e+02 6.951233066961309532e+02 4.660624484877354234e+02
7.496129939462027778e+02 6.989852683569647525e+02 4.658116720035236540e+02
7.502796927276176575e+02 7.028015883672186419e+02 4.656542521775719479e+02
7.506364049731661225e+02 7.046214187944584637e+02 4.657244694017405777e+02
7.512894131343921345e+02 7.084837790609701642e+02 4.654125581521964250e+02
7.516465513011278290e+02 7.104637113866142499e+02 4.654680871927776025e+02
7.521864263226027560e+02 7.143699921712819787e+02 4.652937709884852779e+02
7.524781146124835232e+02 7.162868317456249088e+02 4.652181309067847224e+02
7.534404128643307104e+02 7.218805594835690727e+02 4.650857580675026952e+02
7.537400472414841488e+02 7.238336981117278128e+02 4.650714818987445938e+02
7.543284024760664579e+02 7.274825108776271918e+02 4.650653103731580700e+02
7.545938925769238494e+02 7.295221673243974010e+02 4.649569695367373470e+02
7.552190218099877939e+02 7.335065341065409257e+02 4.648586385387320661e+02
7.555632498965833292e+02 7.355331004416591441e+02 4.648178618581104615e+02
7.559795154689816172e+02 7.375123722398974451e+02 4.647941145916705636e+02
7.571495259279574839e+02 7.414560090595128941e+02 4.653984911376216473e+02
7.575286568616697878e+02 7.458572602225543733e+02 4.650624771826963411e+02
7.583161329139092004e+02 7.499725791937077020e+02 4.649740133137053135e+02
7.586941326359069535e+02 7.519153655388638526e+02 4.650626279788952502e+02
7.593837060528761640e+02 7.560564943056054972e+02 4.648201789296475681e+02
7.597463469222843742e+02 7.579889916931764446e+02 4.648162438102119722e+02
7.604415388263410023e+02 7.616830592132491802e+02 4.647551749437321291e+02
7.611798224988725678e+02 7.656100203909491029e+02 4.645100420913269659e+02
7.614590509350065304e+02 7.674824331137934905e+02 4.641581030928875862e+02
7.621147710774482675e+02 7.713949808537547597e+02 4.637936103141838089e+02
7.625266653318608405e+02 7.732121808025342489e+02 4.637260624839322531e+02
7.633396631238193777e+02 7.770199417269772084e+02 4.633342911602186973e+02
7.637213969058590237e+02 7.789723285149480034e+02 4.630074319679020505e+02
7.646064775557297253e+02 7.828655853609910764e+02 4.627761401587063688e+02
7.654147293329192507e+02 7.870520251759232906e+02 4.617962234496085330e+02
7.657033142646372426e+02 7.890181853193593042e+02 4.615343660966852326e+02
7.661329896055819972e+02 7.911600894737412091e+02 4.609783830874353043e+02
7.669117945712837354e+02 7.951880303299689103e+02 4.602370583296792006e+02
7.677404903587662375e+02 7.995082634147665885e+02 4.592211742451502801e+02
7.685315398315295852e+02 8.039850349880953218e+02 4.585253113832787335e+02
7.688497268917006977e+02 8.062417469825088574e+02 4.581167734099154814e+02
7.694239620346070296e+02 8.110612425340428899e+02 4.578854416100904814e+02
7.699628449385418207e+02 8.157367403033313167e+02 4.582118071438038100e+02
7.701089996433511260e+02 8.182009202616310404e+02 4.582326291346295193e+02
7.703878349974521598e+02 8.205158056939748121e+02 4.584207649302427399e+02
7.707956135895669831e+02 8.250955394370180329e+02 4.588828160723689962e+02
7.712167326306644100e+02 8.294962249957377480e+02 4.595524329556627663e+02
7.717467104785466745e+02 8.337155509656541881e+02 4.601000371047696831e+02
7.719139609445919632e+02 8.357945382395785145e+02 4.604918034310059056e+02
7.724644269088372539e+02 8.395857241395509618e+02 4.612709173029705312e+02
7.726956709223451298e+02 8.414171980194253138e+02 4.618856924046501149e+02
7.732507308339809242e+02 8.451746808868396101e+02 4.625535031064254099e+02
7.737363963553648318e+02 8.488218239850513100e+02 4.632494679014489520e+02
7.740548033260831744e+02 8.505939681429408665e+02 4.635900146659515144e+02
7.746428999712848054e+02 8.542727483958185530e+02 4.642626828481604093e+02
7.748965028244555242e+02 8.560815143873323905e+02 4.646078688452956271e+02
7.754708764783764536e+02 8.596652812201996312e+02 4.654749139139309477e+02
7.757789941393840536e+02 8.616802425018272515e+02 4.656479760377651473e+02
7.764729624793041012e+02 8.653867503277025435e+02 4.663962159776169187e+02
7.771986038792238105e+02 8.693552441029294187e+02 4.669126629298147577e+02
7.775216986327053519e+02 8.714722139580470639e+02 4.669876138018098004e+02
7.782157390734396358e+02 8.754909127618741422e+02 4.674228491464362492e+02
7.785415789518855263e+02 8.775257437334112183e+02 4.675805326449224140e+02
7.792518771768089891e+02 8.814666889988147886e+02 4.678441166080292533e+02
7.799599015882212143e+02 8.854383062608419550e+02 4.680365159847998484e+02
7.806222476687190692e+02 8.893035353347127057e+02 4.681613641437417641e+02
7.810376863652267048e+02 8.912291682827956265e+02 4.682663115062216548e+02
7.817581203317911331e+02 8.951102506875207609e+02 4.681105418328516521e+02
7.821004270723271929e+02 8.969778088524114992e+02 4.680093101875177695e+02
7.827301501490056808e+02 9.008094391877904172e+02 4.681325818080013050e+02
7.834716271705043482e+02 9.047879817827533770e+02 4.678643698266143360e+02
7.837574506091987132e+02 9.066492657413898542e+02 4.679197582349819413e+02
7.841579295302091168e+02 9.088337792260183505e+02 4.676525223149782278e+02
7.848126635506746425e+02 9.128868435500057785e+02 4.673715964495783055e+02
7.856025840204025599e+02 9.168958088214388908e+02 4.670890876069208844e+02
7.859498602776208145e+02 9.190842740345954098e+02 4.669506791384363851e+02
7.866563116544435843e+02 9.232275055422701371e+02 4.666337646510135642e+02
7.874009496944844386e+02 9.274037590097268549e+02 4.661739114954374372e+02
7.878087534940242449e+02 9.295627084280980625e+02 4.659624578214982193e+02
7.885798487576053049e+02 9.337879806946685903e+02 4.654200478644638679e+02
7.889833444604595343e+02 9.360068494195800213e+02 4.651729047744457830e+02
7.898269473301305652e+02 9.403040630343501789e+02 4.645414020379745352e+02
7.905696396181800765e+02 9.446965258680295392e+02 4.641362407896070295e+02
7.909082596507901144e+02 9.468345653471532160e+02 4.640698323319894598e+02
7.911762107805126334e+02 9.488831897370438355e+02 4.640624517268229283e+02
7.916452210077479776e+02 9.528035195481147639e+02 4.643945300193668118e+02
7.918430419910076807e+02 9.563512661643516140e+02 4.651558496192613461e+02
7.919357170635161083e+02 9.582858222449619916e+02 4.653735553888000709e+02
7.921232314985496714e+02 9.618633606086589225e+02 4.662461758013666326e+02
7.921839511217625613e+02 9.657730091257294589e+02 4.670443335482313501e+02
7.922806891498910318e+02 9.677610397707024958e+02 4.673748739426102361e+02
7.923541127044442192e+02 9.695741599943033862e+02 4.678884751207701811e+02
7.926559715464474039e+02 9.736791500396232095e+02 4.684150772309583317e+02
7.928751312117422003e+02 9.776779758915286038e+02 4.691312103606417168e+02
7.931110684816396770e+02 9.799298635865928873e+02 4.692862361336227650e+02
7.939559579436230479e+02 9.863380473083077504e+02 4.703341651583750718e+02
7.942381432434120825e+02 9.884585210589918916e+02 4.705932662744658046e+02
7.945451427768044823e+02 9.906305311553211368e+02 4.709368038926265285e+02
7.955764090412674250e+02 9.965540475971033629e+02 4.721908617606781036e+02
7.959005359720589468e+02 9.983752154726028039e+02 4.726495142448218303e+02
7.961855758099175091e+02 1.000424415882369658e+03 4.727016963009441497e+02
7.968427729439865743e+02 1.003996091341034116e+03 4.733361552993533792e+02
7.971048547235570823e+02 1.005511667525149733e+03 4.738016881825646465e+02
7.977484657763467339e+02 1.008899586616975512e+03 4.742144335734903393e+02
7.983318892163985083e+02 1.012065525887948979e+03 4.747664893970312505e+02
7.989726303327970527e+02 1.014981878219579585e+03 4.755135589073253186e+02
7.992849467443170397e+02 1.016534689025371677e+03 4.758232796516410872e+02
7.995632550992128245e+02 1.018079813005071173e+03 4.760406500632011557e+02
8.002825891136113796e+02 1.021323835681379478e+03 4.763315833609988772e+02
8.008875720371250964e+02 1.024369171483831451e+03 4.767850040931802482e+02
8.011666005571058804e+02 1.025885299357573331e+03 4.769570290445716978e+02
8.017641034894202221e+02 1.028914454466299958e+03 4.774190617571633766e+02
8.023736343034556739e+02 1.032005508890258625e+03 4.777860387358409184e+02
8.027305826925291967e+02 1.033495297635824727e+03 4.780358081656262925e+02
8.029695789953452731e+02 1.036299615812255979e+03 4.785991568976580197e+02
8.038191942925885769e+02 1.039830977869343769e+03 4.785728230263216574e+02
8.041471259965838954e+02 1.041458110479814195e+03 4.787911360338279110e+02
8.043547143777308293e+02 1.044425519864051012e+03 4.793317677529238949e+02
8.045927433896616776e+02 1.046115224389244077e+03 4.794650698143317982e+02
8.049038976175595508e+02 1.047787562567517853e+03 4.796516166471369615e+02
8.054149829935710159e+02 1.051152461371164009e+03 4.798482242774266524e+02
8.059839501807834949e+02 1.054646446586183401e+03 4.800280229822718638e+02
8.061352099893284731e+02 1.056418851593741465e+03 4.800349195467094319e+02
8.067982284013957042e+02 1.059761046514399823e+03 4.802786302095570932e+02
8.072455684012489883e+02 1.063179186999042031e+03 4.802863901418012347e+02
8.079746364558898222e+02 1.066392865321593490e+03 4.804805179630532734e+02
8.081715503475661535e+02 1.067990632296081458e+03 4.805447248899052397e+02
8.086298164213583277e+02 1.071163702790545585e+03 4.806638140697032782e+02
8.089229108553431615e+02 1.072733717951537074e+03 4.807680991035640545e+02
8.093749111272846903e+02 1.075820645190221512e+03 4.809719806906582562e+02
8.096218881406474566e+02 1.077350354884555145e+03 4.810182849223460266e+02
8.099850300455702836e+02 1.080409373942593220e+03 4.812225589304135838e+02
8.103551470984599518e+02 1.083542208549789848e+03 4.812207586035694362e+02
8.107719504537392368e+02 1.084993687554388998e+03 4.815598351088713116e+02
8.109019659692876303e+02 1.086600231901914412e+03 4.814714014272911982e+02
8.114078535431531236e+02 1.089816479980221857e+03 4.816196247458839821e+02
8.119128570581069653e+02 1.093079830091042368e+03 4.817435307311501447e+02
8.124527607707068455e+02 1.096405505600077049e+03 4.817936688393995723e+02
8.126230877556140513e+02 1.098175028774079692e+03 4.817488393938100444e+02
8.133550270721201514e+02 1.101588339856263474e+03 4.818765699567597380e+02
8.139686016847607561e+02 1.104823657230823301e+03 4.818831996991454503e+02
8.141388295902045229e+02 1.106459428845591674e+03 4.818540443879225563e+02
8.148773500651498125e+02 1.109878601169382364e+03 4.819060480778507554e+02
8.152333367789246950e+02 1.111549959695967800e+03 4.819226638171248851e+02
8.154836411467696280e+02 1.113250933976578153e+03 4.818575671995130278e+02
8.164802892277853061e+02 1.118381804120101151e+03 4.818252432629013811e+02
8.169080773227999543e+02 1.120132952875741921e+03 4.819111092833783800e+02
8.172429953069338353e+02 1.121687584167564410e+03 4.818347754017470379e+02
8.178799609315125281e+02 1.125124567392931112e+03 4.817147814937366661e+02
8.185950203564549383e+02 1.128568432428716960e+03 4.815526386758572812e+02
8.189298197010519971e+02 1.130299738664398092e+03 4.814856922325087112e+02
8.193360864720983727e+02 1.132052297599527719e+03 4.814247984895703780e+02
8.203997656532621932e+02 1.137363024114820519e+03 4.810739347543076292e+02
8.211508525397996436e+02 1.140911612358434922e+03 4.808316253596080401e+02
8.211508525397996436e+02 1.140911612358434922e+03 4.808316253596080401e+02
8.219154486120313550e+02 1.144638542436323860e+03 4.803327325106171202e+02
8.227469600168784609e+02 1.148575749445406473e+03 4.796865724118431444e+02
8.235541707866856314e+02 1.152648330310294568e+03 4.791428834397428886e+02
8.239037647215434390e+02 1.154682175466736908e+03 4.788243574293254596e+02
8.246444093750166076e+02 1.158719089935653301e+03 4.782612895249972098e+02
8.250139460203995441e+02 1.160635379702377350e+03 4.780002720848065110e+02
8.257885950904553738e+02 1.164472641436769663e+03 4.775830219097470035e+02
8.261737261002290325e+02 1.166441108874601923e+03 4.774528627156861376e+02
8.269818428006266231e+02 1.170341757222773367e+03 4.774256052859785768e+02
8.277259353309448215e+02 1.174236705675044050e+03 4.775429083377827055e+02
8.279686419362952847e+02 1.176341991897986190e+03 4.776409209702547969e+02
8.288496739769307169e+02 1.180271258486347961e+03 4.782113246332643826e+02
8.293354136116828386e+02 1.182310953909156069e+03 4.784558101796660594e+02
8.301650461042564757e+02 1.186385511436053548e+03 4.789056087050740302e+02
8.309215124124735894e+02 1.190490147852857262e+03 4.791714460978855072e+02
8.314942486768550225e+02 1.192456208606240352e+03 4.794075547721899966e+02
8.324737291764819247e+02 1.196329190067198851e+03 4.796744605420116159e+02
8.328573264352046408e+02 1.198236365075777258e+03 4.796675755514638126e+02
8.339189875942978460e+02 1.202141913495951485e+03 4.797073842344373702e+02
8.348311158195353983e+02 1.206049351620902371e+03 4.795953536129729287e+02
8.358201659025813797e+02 1.209915005386701296e+03 4.794083960126132524e+02
8.363744984675898877e+02 1.211869390770780683e+03 4.793206116415260567e+02
8.372312529338626064e+02 1.215944918747813290e+03 4.789067655958155001e+02
8.378732742370688129e+02 1.217836949695442627e+03 4.788379294030767142e+02
8.388413657746034460e+02 1.221736109615028909e+03 4.783921858614999678e+02
8.393359254111004475e+02 1.223807727681773940e+03 4.781517626938535273e+02
8.403778147920013453e+02 1.227774094149895518e+03 4.776798510142041323e+02
8.413486391257346213e+02 1.231774174935256497e+03 4.771813533107777516e+02
8.417854277118798336e+02 1.233845269927517165e+03 4.768955772511744726e+02
8.427666753433534268e+02 1.237952519810823560e+03 4.764215043358465209e+02
8.437688718779360215e+02 1.242096788323128976e+03 4.758612380566935371e+02
8.442170788396114176e+02 1.244235491355508657e+03 4.755420703935840834e+02
8.452167580640133338e+02 1.248381479518575588e+03 4.749338330573359599e+02
8.457931069221333473e+02 1.250544599229423511e+03 4.746142215717021031e+02
8.464353476135728442e+02 1.252749482135563085e+03 4.742958571287958875e+02
8.480622197019314399e+02 1.259276794125097922e+03 4.729859816107887696e+02
8.485585089669351646e+02 1.261393385378207540e+03 4.725039961434463294e+02
8.491625785185972290e+02 1.263611779994186463e+03 4.720812229287951709e+02
8.503004774246051056e+02 1.268066316599985157e+03 4.710622511859608039e+02
8.516138142446818620e+02 1.272577001067899801e+03 4.701987746577199800e+02
8.521157382944160190e+02 1.274815149846493796e+03 4.697158773858558334e+02
8.530988432597396240e+02 1.279013999933717969e+03 4.687775907576875056e+02
8.543834751634906297e+02 1.283344761326645084e+03 4.680314169693478448e+02
8.546288019299191774e+02 1.285383038204204013e+03 4.676095713104095353e+02
8.551827446687549354e+02 1.287467285549786311e+03 4.673559992889393016e+02
8.560722872868141167e+02 1.291706162687098640e+03 4.667531924817365052e+02
8.566062206221562292e+02 1.296196100942159092e+03 4.659447751513936851e+02
8.573244635073839390e+02 1.298191031332568855e+03 4.659505729018182478e+02
8.579379924791826397e+02 1.302794727599449971e+03 4.652513499459224704e+02
8.586009951143624903e+02 1.304920298040593934e+03 4.651823396031965103e+02
8.597195753323694589e+02 1.311620320393876909e+03 4.644313614209090701e+02
8.597805453165157132e+02 1.313987505461709134e+03 4.640305337256143616e+02
8.606712060339491472e+02 1.318527010366179411e+03 4.633460909025952787e+02
8.610060456048146307e+02 1.320911273770458592e+03 4.629813241894403859e+02
