1.752680586713639736e+09
1.752680586719632626e+09
1.752680586724349499e+09
1.752680586727835655e+09
1.752680586733748436e+09
1.752680586739770174e+09
1.752680586745970011e+09
1.752680586747851610e+09
1.752680586754712343e+09
1.752680586758344173e+09
1.752680586764333248e+09
1.752680586767899275e+09
1.752680586775221825e+09
1.752680586778225183e+09
1.752680586784254313e+09
1.752680586787784815e+09
1.752680586793796301e+09
1.752680586797988176e+09
1.752680586804616690e+09
1.752680586809854746e+09
1.752680586816081762e+09
1.752680586818120480e+09
1.752680586824457884e+09
1.752680586827948093e+09
1.752680586834393263e+09
1.752680586839679241e+09
1.752680586843580961e+09
1.752680586850013256e+09
1.752680586854543686e+09
1.752680586860233307e+09
1.752680586864346743e+09
1.752680586867903233e+09
1.752680586874419928e+09
1.752680586878424168e+09
1.752680586885730267e+09
1.752680586890129805e+09
1.752680586894451618e+09
1.752680586900226593e+09
1.752680586905150890e+09
1.752680586910052538e+09
1.752680586913668633e+09
1.752680586919913054e+09
1.752680586924787521e+09
1.752680586929720640e+09
1.752680586934188366e+09
1.752680586939911604e+09
1.752680586944002390e+09
1.752680586949710131e+09
1.752680586956233501e+09
1.752680586958527565e+09
1.752680586964280844e+09
1.752680586969892025e+09
1.752680586974994183e+09
1.752680586978226423e+09
1.752680586984814644e+09
1.752680586988058329e+09
1.752680586993573427e+09
1.752680586999982834e+09
1.752680587004530668e+09
1.752680587009764194e+09
1.752680587013805628e+09
1.752680587017785549e+09
1.752680587026074886e+09
1.752680587028377056e+09
1.752680587034291744e+09
1.752680587038242579e+09
1.752680587044406891e+09
1.752680587048011780e+09
1.752680587054348946e+09
1.752680587059976339e+09
1.752680587064212322e+09
1.752680587069563389e+09
1.752680587073570967e+09
1.752680587078244686e+09
1.752680587085085154e+09
1.752680587088180304e+09
1.752680587093808174e+09
1.752680587098575592e+09
1.752680587104433775e+09
1.752680587109873056e+09
1.752680587114479065e+09
1.752680587119792223e+09
1.752680587124378681e+09
1.752680587129945993e+09
1.752680587134610891e+09
1.752680587138018370e+09
1.752680587144600630e+09
1.752680587148155928e+09
1.752680587153845549e+09
1.752680587160154819e+09
1.752680587166862011e+09
1.752680587168162823e+09
1.752680587174579859e+09
1.752680587179645777e+09
1.752680587184282303e+09
1.752680587188344240e+09
1.752680587195053339e+09
1.752680587198027611e+09
1.752680587204366684e+09
1.752680587207777500e+09
1.752680587213599443e+09
1.752680587219603300e+09
1.752680587224775791e+09
1.752680587227991581e+09
1.752680587235990286e+09
1.752680587238107920e+09
1.752680587244757414e+09
1.752680587249738216e+09
1.752680587253724813e+09
1.752680587257878780e+09
1.752680587264558554e+09
1.752680587268048286e+09
1.752680587274431467e+09
1.752680587280194521e+09
1.752680587284452200e+09
1.752680587287817240e+09
1.752680587293817043e+09
1.752680587299990177e+09
1.752680587303279161e+09
1.752680587307847023e+09
1.752680587314417839e+09
1.752680587319906473e+09
1.752680587324557066e+09
1.752680587327828884e+09
1.752680587334638357e+09
1.752680587340253353e+09
1.752680587344612360e+09
1.752680587349816322e+09
1.752680587353671312e+09
1.752680587357889652e+09
1.752680587363599062e+09
1.752680587367809057e+09
1.752680587374660254e+09
1.752680587378393412e+09
1.752680587384427309e+09
1.752680587387978554e+09
1.752680587394619226e+09
1.752680587398021460e+09
1.752680587404631138e+09
1.752680587409940720e+09
1.752680587414682150e+09
1.752680587420639038e+09
1.752680587424446821e+09
1.752680587429646254e+09
1.752680587433715343e+09
1.752680587439606667e+09
1.752680587443488836e+09
1.752680587449690342e+09
1.752680587454553127e+09
1.752680587458252192e+09
1.752680587465012550e+09
1.752680587467873812e+09
1.752680587474212646e+09
1.752680587480256557e+09
1.752680587485040903e+09
1.752680587487984896e+09
1.752680587494555712e+09
1.752680587499619722e+09
1.752680587504244804e+09
1.752680587508046865e+09
1.752680587515031338e+09
1.752680587519773245e+09
1.752680587524423838e+09
1.752680587529798031e+09
1.752680587534375668e+09
1.752680587538561106e+09
1.752680587544492245e+09
1.752680587548361540e+09
1.752680587555011272e+09
1.752680587558225870e+09
1.752680587564246178e+09
1.752680587567792177e+09
1.752680587575117111e+09
1.752680587579956770e+09
1.752680587585417509e+09
1.752680587587883949e+09
1.752680587594523430e+09
1.752680587598086357e+09
1.752680587604484081e+09
1.752680587607816935e+09
1.752680587613760948e+09
1.752680587619867086e+09
1.752680587624391079e+09
1.752680587628420830e+09
1.752680587633901119e+09
1.752680587638027430e+09
1.752680587644471645e+09
1.752680587648329020e+09
1.752680587653728724e+09
1.752680587658367157e+09
1.752680587664485455e+09
1.752680587667911768e+09
1.752680587674579144e+09
1.752680587678079605e+09
1.752680587684445381e+09
1.752680587687918425e+09
1.752680587693907022e+09
1.752680587699728489e+09
1.752680587704392195e+09
1.752680587707833767e+09
1.752680587714470625e+09
1.752680587719910860e+09
1.752680587725857258e+09
1.752680587728080034e+09
1.752680587734270811e+09
1.752680587737996101e+09
1.752680587744334936e+09
1.752680587747921705e+09
1.752680587754457712e+09
1.752680587758006573e+09
1.752680587764521122e+09
1.752680587769858837e+09
1.752680587774588585e+09
1.752680587780364752e+09
1.752680587784570217e+09
1.752680587789921045e+09
1.752680587793814421e+09
1.752680587797927141e+09
1.752680587804590225e+09
1.752680587809854984e+09
1.752680587813771486e+09
1.752680587817782640e+09
1.752680587824442148e+09
1.752680587829979658e+09
1.752680587833663464e+09
1.752680587837793112e+09
1.752680587844514132e+09
1.752680587848015547e+09
1.752680587854439020e+09
1.752680587858225107e+09
1.752680587863258123e+09
1.752680587867885828e+09
1.752680587874500036e+09
1.752680587879753113e+09
1.752680587883552551e+09
1.752680587888247013e+09
1.752680587895051479e+09
1.752680587897776127e+09
1.752680587904384851e+09
1.752680587907965422e+09
1.752680587914408445e+09
1.752680587917832851e+09
1.752680587924448252e+09
1.752680587927916765e+09
1.752680587935157537e+09
1.752680587938522339e+09
1.752680587944131613e+09
1.752680587950504780e+09
1.752680587954946041e+09
1.752680587958243608e+09
1.752680587963999271e+09
1.752680587967995644e+09
1.752680587974695921e+09
1.752680587980276108e+09
1.752680587984241962e+09
1.752680587988080025e+09
1.752680587993654728e+09
1.752680587999689102e+09
1.752680588006146908e+09
1.752680588007861614e+09
1.752680588014754772e+09
1.752680588017818689e+09
1.752680588024203300e+09
1.752680588029685259e+09
1.752680588034505367e+09
1.752680588039901733e+09
1.752680588044716120e+09
1.752680588047969341e+09
1.752680588053686619e+09
1.752680588058032274e+09
1.752680588064958572e+09
1.752680588068197012e+09
1.752680588076489449e+09
1.752680588078154564e+09
1.752680588084569454e+09
1.752680588088001251e+09
1.752680588094482422e+09
1.752680588097984552e+09
1.752680588104591131e+09
1.752680588107774734e+09
1.752680588113943100e+09
1.752680588118244886e+09
1.752680588124025106e+09
1.752680588129568100e+09
1.752680588134588242e+09
1.752680588141185522e+09
1.752680588144124508e+09
1.752680588147854328e+09
1.752680588154675007e+09
1.752680588160224915e+09
1.752680588164564133e+09
1.752680588169972181e+09
1.752680588174566746e+09
1.752680588180017710e+09
1.752680588184280872e+09
1.752680588189645529e+09
1.752680588193639278e+09
1.752680588197796345e+09
1.752680588204255342e+09
1.752680588208213091e+09
1.752680588216639757e+09
1.752680588218200922e+09
1.752680588224030733e+09
1.752680588228255987e+09
1.752680588233958483e+09
1.752680588237983465e+09
1.752680588244576454e+09
1.752680588248273611e+09
1.752680588254775763e+09
1.752680588260026455e+09
1.752680588264319658e+09
1.752680588268037319e+09
1.752680588274610519e+09
1.752680588277823448e+09
1.752680588286621809e+09
1.752680588288221121e+09
1.752680588293829918e+09
1.752680588300197363e+09
1.752680588304536581e+09
1.752680588308259487e+09
1.752680588314696074e+09
1.752680588317919016e+09
1.752680588324458122e+09
1.752680588329929113e+09
1.752680588334467649e+09
1.752680588337881804e+09
1.752680588344637394e+09
1.752680588347852707e+09
1.752680588355972290e+09
1.752680588358124256e+09
1.752680588364387512e+09
1.752680588370039225e+09
1.752680588374887466e+09
1.752680588378131151e+09
1.752680588383585691e+09
1.752680588387911320e+09
1.752680588394895315e+09
1.752680588399912357e+09
1.752680588404674768e+09
1.752680588409923553e+09
1.752680588414582968e+09
1.752680588418023109e+09
1.752680588423685074e+09
1.752680588428076506e+09
1.752680588433946609e+09
1.752680588437973976e+09
1.752680588444752693e+09
1.752680588450189114e+09
1.752680588454498529e+09
1.752680588457816362e+09
1.752680588464604139e+09
1.752680588470398903e+09
1.752680588474519253e+09
1.752680588479923010e+09
1.752680588484568834e+09
1.752680588488283634e+09
1.752680588495414734e+09
1.752680588498200417e+09
1.752680588504609346e+09
1.752680588508089781e+09
1.752680588515332937e+09
1.752680588518431187e+09
1.752680588524051905e+09
1.752680588529717922e+09
1.752680588534837484e+09
1.752680588538181543e+09
1.752680588544225454e+09
1.752680588547783136e+09
1.752680588554779053e+09
1.752680588560552597e+09
1.752680588565524578e+09
1.752680588569625139e+09
1.752680588574317455e+09
1.752680588579707146e+09
1.752680588584473133e+09
1.752680588588266611e+09
1.752680588594629049e+09
1.752680588599760532e+09
1.752680588604398966e+09
1.752680588607930183e+09
1.752680588615023851e+09
1.752680588618417740e+09
1.752680588624388695e+09
1.752680588629726410e+09
1.752680588634882927e+09
1.752680588639595032e+09
1.752680588644456863e+09
1.752680588648035765e+09
1.752680588654387712e+09
1.752680588659826756e+09
1.752680588664549589e+09
1.752680588667809963e+09
1.752680588674591303e+09
1.752680588680379868e+09
1.752680588684275389e+09
1.752680588689857721e+09
1.752680588694519520e+09
1.752680588699991465e+09
1.752680588706098795e+09
1.752680588710082769e+09
1.752680588714423180e+09
1.752680588719749928e+09
1.752680588724341154e+09
1.752680588727797270e+09
1.752680588734066010e+09
1.752680588740135193e+09
1.752680588744242191e+09
1.752680588750181675e+09
1.752680588754602194e+09
1.752680588759840965e+09
1.752680588764610767e+09
1.752680588770277023e+09
1.752680588773988008e+09
1.752680588780308247e+09
1.752680588784464598e+09
1.752680588789982796e+09
1.752680588793711424e+09
1.752680588797857046e+09
1.752680588804587841e+09
1.752680588809888363e+09
1.752680588813879967e+09
1.752680588819975376e+09
1.752680588824559927e+09
1.752680588828049421e+09
1.752680588833752155e+09
1.752680588840059280e+09
1.752680588845765352e+09
1.752680588847840309e+09
1.752680588854590178e+09
1.752680588858190536e+09
1.752680588864278316e+09
1.752680588867773294e+09
1.752680588875174999e+09
1.752680588878220081e+09
1.752680588884555340e+09
1.752680588887941599e+09
1.752680588895005465e+09
1.752680588898291111e+09
1.752680588903637409e+09
1.752680588909618378e+09
1.752680588915455341e+09
1.752680588920746326e+09
1.752680588924540997e+09
1.752680588927776575e+09
1.752680588934451818e+09
1.752680588939598083e+09
1.752680588944076777e+09
1.752680588948233366e+09
1.752680588954647541e+09
1.752680588959657192e+09
1.752680588964405775e+09
1.752680588967992067e+09
1.752680588974514961e+09
1.752680588980083227e+09
1.752680588985865831e+09
1.752680588988249779e+09
1.752680588994554043e+09
1.752680589000102758e+09
1.752680589004517555e+09
1.752680589008081198e+09
1.752680589013913155e+09
1.752680589017781496e+09
1.752680589024508238e+09
1.752680589027920961e+09
1.752680589033679008e+09
1.752680589037963152e+09
1.752680589044539690e+09
1.752680589049975872e+09
1.752680589055673361e+09
1.752680589058223724e+09
1.752680589064387560e+09
1.752680589070052624e+09
1.752680589074045181e+09
1.752680589078505039e+09
1.752680589085048914e+09
1.752680589088194132e+09
1.752680589093641520e+09
1.752680589100000858e+09
1.752680589104525566e+09
1.752680589107949495e+09
1.752680589114725113e+09
1.752680589119905949e+09
1.752680589122884035e+09
1.752680589128234148e+09
1.752680589134484053e+09
1.752680589137810707e+09
1.752680589144553423e+09
1.752680589147805214e+09
1.752680589154577494e+09
1.752680589158173800e+09
1.752680589163563728e+09
1.752680589169589758e+09
1.752680589175136328e+09
1.752680589180478811e+09
1.752680589184121847e+09
1.752680589189922571e+09
1.752680589195913553e+09
1.752680589198268414e+09
1.752680589204169750e+09
1.752680589207877159e+09
1.752680589214196920e+09
1.752680589220134735e+09
1.752680589224810123e+09
1.752680589228272676e+09
1.752680589234781742e+09
1.752680589239710808e+09
1.752680589244415283e+09
1.752680589247928619e+09
1.752680589254015684e+09
1.752680589258236885e+09
1.752680589264678240e+09
1.752680589269619226e+09
1.752680589274330139e+09
1.752680589279750586e+09
1.752680589283908606e+09
1.752680589288230181e+09
1.752680589294576645e+09
1.752680589299569130e+09
1.752680589303537607e+09
1.752680589307970285e+09
1.752680589315002918e+09
1.752680589319887877e+09
1.752680589324676275e+09
1.752680589329779387e+09
1.752680589333688259e+09
1.752680589338253260e+09
1.752680589343759775e+09
1.752680589350787163e+09
1.752680589354620695e+09
1.752680589359882355e+09
1.752680589364528894e+09
1.752680589369953394e+09
1.752680589374786139e+09
1.752680589379781961e+09
1.752680589384305954e+09
1.752680589389962912e+09
1.752680589393667936e+09
1.752680589397915602e+09
1.752680589402987957e+09
1.752680589407896757e+09
1.752680589413699150e+09
1.752680589419842958e+09
1.752680589424651146e+09
1.752680589427800417e+09
1.752680589433985472e+09
1.752680589439619303e+09
1.752680589444093943e+09
1.752680589449676991e+09
1.752680589453685045e+09
1.752680589458225965e+09
1.752680589464703560e+09
1.752680589470077753e+09
1.752680589476092100e+09
1.752680589478040695e+09
1.752680589483561993e+09
1.752680589490233421e+09
1.752680589494720697e+09
1.752680589500046730e+09
1.752680589504432440e+09
1.752680589508030653e+09
1.752680589514575005e+09
1.752680589519899130e+09
1.752680589524808645e+09
1.752680589528582573e+09
1.752680589535073996e+09
1.752680589539780140e+09
1.752680589542995930e+09
1.752680589550539255e+09
1.752680589554173708e+09
1.752680589558291912e+09
1.752680589564394236e+09
1.752680589569942713e+09
1.752680589574544430e+09
1.752680589578219414e+09
1.752680589584642410e+09
1.752680589589872122e+09
1.752680589594582081e+09
1.752680589599836826e+09
1.752680589604321003e+09
1.752680589607913494e+09
1.752680589616225719e+09
1.752680589620075464e+09
1.752680589624484777e+09
1.752680589627812624e+09
1.752680589633702993e+09
1.752680589639922619e+09
1.752680589646555901e+09
1.752680589650877953e+09
1.752680589653559446e+09
1.752680589657769918e+09
1.752680589664326191e+09
1.752680589667856455e+09
1.752680589674914598e+09
1.752680589678246260e+09
1.752680589683227539e+09
1.752680589689676523e+09
1.752680589695073366e+09
1.752680589698338032e+09
1.752680589704315186e+09
1.752680589709662199e+09
1.752680589714859486e+09
1.752680589718230724e+09
1.752680589724495649e+09
1.752680589729749441e+09
1.752680589734597445e+09
1.752680589738018036e+09
1.752680589744483948e+09
1.752680589749843121e+09
1.752680589753693104e+09
1.752680589760218143e+09
1.752680589763878107e+09
1.752680589767986536e+09
1.752680589774851322e+09
1.752680589779834032e+09
1.752680589784537315e+09
1.752680589790260553e+09
1.752680589794611692e+09
1.752680589799862623e+09
1.752680589804558992e+09
1.752680589809603214e+09
1.752680589813712835e+09
1.752680589818056107e+09
1.752680589825242043e+09
1.752680589827768326e+09
1.752680589833656073e+09
1.752680589838187456e+09
1.752680589844545603e+09
1.752680589847986937e+09
1.752680589853865385e+09
1.752680589860164165e+09
1.752680589863563776e+09
1.752680589870400906e+09
1.752680589874526978e+09
1.752680589878058195e+09
1.752680589884625673e+09
1.752680589888055563e+09
1.752680589894954205e+09
1.752680589899070501e+09
1.752680589904264212e+09
1.752680589909651279e+09
1.752680589913718939e+09
1.752680589918393850e+09
1.752680589924914360e+09
1.752680589927793503e+09
1.752680589934982538e+09
1.752680589938255072e+09
1.752680589944319248e+09
1.752680589948232889e+09
1.752680589953697681e+09
1.752680589958036661e+09
1.752680589965224266e+09
1.752680589967781067e+09
1.752680589974505663e+09
1.752680589980062246e+09
1.752680589983835220e+09
1.752680589987961292e+09
1.752680589994520664e+09
1.752680589998230934e+09
1.752680590006007910e+09
1.752680590008146286e+09
1.752680590013809443e+09
1.752680590020534754e+09
1.752680590024673462e+09
1.752680590028017044e+09
1.752680590033698082e+09
1.752680590038553238e+09
1.752680590044488192e+09
1.752680590050099134e+09
1.752680590054556370e+09
1.752680590057789087e+09
1.752680590064391375e+09
1.752680590069904566e+09
1.752680590074568987e+09
1.752680590078093290e+09
1.752680590084290266e+09
1.752680590088194132e+09
1.752680590094534397e+09
1.752680590097960711e+09
1.752680590105271101e+09
1.752680590109021425e+09
1.752680590114513159e+09
1.752680590117783070e+09
1.752680590124943256e+09
1.752680590128170967e+09
1.752680590133759737e+09
1.752680590139678717e+09
1.752680590144562721e+09
1.752680590148335457e+09
1.752680590153899670e+09
1.752680590158246040e+09
1.752680590164156199e+09
1.752680590169580698e+09
1.752680590175671816e+09
1.752680590178215265e+09
1.752680590184968710e+09
1.752680590188055038e+09
1.752680590193709373e+09
1.752680590197852373e+09
1.752680590204608202e+09
1.752680590208267450e+09
1.752680590214567184e+09
1.752680590219756126e+09
1.752680590224386454e+09
1.752680590228005171e+09
1.752680590234486580e+09
1.752680590239698887e+09
1.752680590243342638e+09
1.752680590248152256e+09
1.752680590253760815e+09
1.752680590257898808e+09
1.752680590264419556e+09
1.752680590269642591e+09
1.752680590273659229e+09
1.752680590280714750e+09
1.752680590284538031e+09
1.752680590290096521e+09
1.752680590294582844e+09
1.752680590299661398e+09
1.752680590304111958e+09
1.752680590309949398e+09
1.752680590316829205e+09
1.752680590318300486e+09
1.752680590324414492e+09
1.752680590329817533e+09
1.752680590334699631e+09
1.752680590337797880e+09
1.752680590344400167e+09
1.752680590349562168e+09
1.752680590353550196e+09
1.752680590358012438e+09
1.752680590365144730e+09
1.752680590368419886e+09
1.752680590374322891e+09
1.752680590379786968e+09
1.752680590385980368e+09
1.752680590389623642e+09
1.752680590393645048e+09
1.752680590398286104e+09
1.752680590405034065e+09
1.752680590407863855e+09
1.752680590413782835e+09
1.752680590418237448e+09
1.752680590424709082e+09
1.752680590429993868e+09
1.752680590434503794e+09
1.752680590437863827e+09
1.752680590444506884e+09
1.752680590447974205e+09
1.752680590455885887e+09
1.752680590460202932e+09
1.752680590464521646e+09
1.752680590467890024e+09
1.752680590474759340e+09
1.752680590477812052e+09
1.752680590484658957e+09
1.752680590487827301e+09
1.752680590493808031e+09
1.752680590498218775e+09
1.752680590504578590e+09
1.752680590508187056e+09
1.752680590514622927e+09
1.752680590520177364e+09
1.752680590523823977e+09
1.752680590529642344e+09
1.752680590534772635e+09
1.752680590538242340e+09
1.752680590544460297e+09
1.752680590550345421e+09
1.752680590553567886e+09
1.752680590559638023e+09
1.752680590564465523e+09
1.752680590567826033e+09
1.752680590574327946e+09
1.752680590577968359e+09
1.752680590584720373e+09
1.752680590587963104e+09
1.752680590593569756e+09
1.752680590598305941e+09
1.752680590604660988e+09
1.752680590608319521e+09
1.752680590614499331e+09
1.752680590618214369e+09
1.752680590624966860e+09
1.752680590628220558e+09
1.752680590633873940e+09
1.752680590638128042e+09
1.752680590644330740e+09
1.752680590648097992e+09
1.752680590654337883e+09
1.752680590657901525e+09
1.752680590666600466e+09
1.752680590668527603e+09
1.752680590674509525e+09
1.752680590677995205e+09
1.752680590684350967e+09
1.752680590689934254e+09
1.752680590694561958e+09
1.752680590700430870e+09
1.752680590705672741e+09
1.752680590709357023e+09
1.752680590714415550e+09
1.752680590718010426e+09
1.752680590724517822e+09
1.752680590728468657e+09
1.752680590734236717e+09
1.752680590739045620e+09
1.752680590743828773e+09
1.752680590749595165e+09
1.752680590753727436e+09
1.752680590760325670e+09
1.752680590764481068e+09
1.752680590770390034e+09
1.752680590773752689e+09
1.752680590779640436e+09
1.752680590784570217e+09
1.752680590788413525e+09
1.752680590794592142e+09
1.752680590799856424e+09
1.752680590804677963e+09
1.752680590808380604e+09
1.752680590814727068e+09
1.752680590818135738e+09
1.752680590824741364e+09
1.752680590829723835e+09
1.752680590833770514e+09
1.752680590840165138e+09
1.752680590844955683e+09
1.752680590848313332e+09
1.752680590854571104e+09
1.752680590858041525e+09
1.752680590864474773e+09
1.752680590868209124e+09
1.752680590874793530e+09
1.752680590879047632e+09
1.752680590884419441e+09
1.752680590887944937e+09
1.752680590894693851e+09
1.752680590898009300e+09
1.752680590904553890e+09
1.752680590909961939e+09
1.752680590914533615e+09
1.752680590918457031e+09
1.752680590924451828e+09
1.752680590928094864e+09
1.752680590934546709e+09
1.752680590940211296e+09
1.752680590944828749e+09
1.752680590947877169e+09
1.752680590954532623e+09
1.752680590957846165e+09
1.752680590964554071e+09
1.752680590968059540e+09
1.752680590974558830e+09
1.752680590978185892e+09
1.752680590984471083e+09
1.752680590987929106e+09
1.752680590993782759e+09
1.752680590997808456e+09
1.752680591004153967e+09
1.752680591008035183e+09
1.752680591014859915e+09
1.752680591019385338e+09
1.752680591023459435e+09
1.752680591028243303e+09
1.752680591033702374e+09
1.752680591037858009e+09
1.752680591044783592e+09
1.752680591047870159e+09
1.752680591054518223e+09
1.752680591060335159e+09
1.752680591064574957e+09
1.752680591069866419e+09
1.752680591074813366e+09
1.752680591078124046e+09
1.752680591083298922e+09
1.752680591089816570e+09
1.752680591094464302e+09
1.752680591098261833e+09
1.752680591104690075e+09
1.752680591107792139e+09
1.752680591113662004e+09
1.752680591118477345e+09
1.752680591124917269e+09
1.752680591129712105e+09
1.752680591134348392e+09
1.752680591138196468e+09
1.752680591144666672e+09
1.752680591149604082e+09
1.752680591155334949e+09
1.752680591158210278e+09
1.752680591164635658e+09
1.752680591169669867e+09
1.752680591174481392e+09
1.752680591180149317e+09
1.752680591184563160e+09
1.752680591187908888e+09
1.752680591194422483e+09
1.752680591198029280e+09
1.752680591204748869e+09
1.752680591209767818e+09
1.752680591213654280e+09
1.752680591219702482e+09
1.752680591223633766e+09
1.752680591227855206e+09
1.752680591234893322e+09
1.752680591238260984e+09
1.752680591244242907e+09
1.752680591247773409e+09
1.752680591254792929e+09
1.752680591258451462e+09
1.752680591264155149e+09
1.752680591267810583e+09
1.752680591275063038e+09
1.752680591278444529e+09
1.752680591283870220e+09
1.752680591289662361e+09
1.752680591294631243e+09
1.752680591298246861e+09
1.752680591304200888e+09
1.752680591310254812e+09
1.752680591314893246e+09
1.752680591318363667e+09
1.752680591324491978e+09
1.752680591330058336e+09
1.752680591334814310e+09
1.752680591338256121e+09
1.752680591344727993e+09
1.752680591348211765e+09
1.752680591354020834e+09
1.752680591358273506e+09
1.752680591367143393e+09
1.752680591369725227e+09
1.752680591374936342e+09
1.752680591378336668e+09
1.752680591384272814e+09
1.752680591387881994e+09
1.752680591394787550e+09
1.752680591398235798e+09
1.752680591404085398e+09
1.752680591407837868e+09
1.752680591413854122e+09
1.752680591417844296e+09
1.752680591424811363e+09
1.752680591428225279e+09
1.752680591434372425e+09
1.752680591438458681e+09
1.752680591444361210e+09
1.752680591450415373e+09
1.752680591454500198e+09
1.752680591458025217e+09
1.752680591464564085e+09
1.752680591467956781e+09
1.752680591474698305e+09
1.752680591477843761e+09
1.752680591484501839e+09
1.752680591488242626e+09
1.752680591494509459e+09
1.752680591499934912e+09
1.752680591503749371e+09
1.752680591508215189e+09
1.752680591514526129e+09
1.752680591518067122e+09
1.752680591524552107e+09
1.752680591529810190e+09
1.752680591533711433e+09
1.752680591538228273e+09
1.752680591544832706e+09
1.752680591549720287e+09
1.752680591553886175e+09
1.752680591557990313e+09
1.752680591564994812e+09
1.752680591568019867e+09
1.752680591573758602e+09
1.752680591578262568e+09
1.752680591584611416e+09
1.752680591589940786e+09
1.752680591595155001e+09
1.752680591598216534e+09
1.752680591604243040e+09
1.752680591609818935e+09
1.752680591614615202e+09
1.752680591617850780e+09
1.752680591624524593e+09
1.752680591627993822e+09
1.752680591634538412e+09
1.752680591639848471e+09
1.752680591643015862e+09
1.752680591647964716e+09
1.752680591654486418e+09
1.752680591657938004e+09
1.752680591664536476e+09
1.752680591668317556e+09
1.752680591674920559e+09
1.752680591680000544e+09
1.752680591683591604e+09
1.752680591689800978e+09
1.752680591693834782e+09
1.752680591697788239e+09
1.752680591704493761e+09
1.752680591708260775e+09
1.752680591716259480e+09
1.752680591717809439e+09
1.752680591724555254e+09
1.752680591729789972e+09
1.752680591734686375e+09
1.752680591739970207e+09
1.752680591743709087e+09
1.752680591747827768e+09
1.752680591754868269e+09
1.752680591759844542e+09
1.752680591764670610e+09
1.752680591770071983e+09
1.752680591775604010e+09
1.752680591778334141e+09
1.752680591784700632e+09
1.752680591789684772e+09
1.752680591794611454e+09
1.752680591799892426e+09
1.752680591804258347e+09
1.752680591808059931e+09
1.752680591814430475e+09
1.752680591819805622e+09
1.752680591824654102e+09
1.752680591829973698e+09
1.752680591834599018e+09
1.752680591839773655e+09
1.752680591844590187e+09
1.752680591848201275e+09
1.752680591853802204e+09
1.752680591859662294e+09
1.752680591864699125e+09
1.752680591868000507e+09
1.752680591874520302e+09
1.752680591877873421e+09
1.752680591884508610e+09
1.752680591888530254e+09
1.752680591894473314e+09
1.752680591898230553e+09
1.752680591904467344e+09
1.752680591907772779e+09
1.752680591914574623e+09
1.752680591918158054e+09
1.752680591926271200e+09
1.752680591928205729e+09
1.752680591934397459e+09
1.752680591938104153e+09
1.752680591944612265e+09
1.752680591947886705e+09
1.752680591953760147e+09
1.752680591958264828e+09
1.752680591964851141e+09
1.752680591968014479e+09
1.752680591975519657e+09
1.752680591978089571e+09
1.752680591984580755e+09
1.752680591987992764e+09
1.752680591995600224e+09
1.752680591997812271e+09
1.752680592004662991e+09
1.752680592010240078e+09
1.752680592013854980e+09
1.752680592019837379e+09
1.752680592024702787e+09
1.752680592028034210e+09
1.752680592034273386e+09
1.752680592038506985e+09
1.752680592044291258e+09
1.752680592050089359e+09
1.752680592054398537e+09
1.752680592057857513e+09
1.752680592065417051e+09
1.752680592068099499e+09
1.752680592074591637e+09
1.752680592079829931e+09
1.752680592084765434e+09
1.752680592090116024e+09
1.752680592094533205e+09
1.752680592100671768e+09
1.752680592104174614e+09
1.752680592109697342e+09
1.752680592114881039e+09
1.752680592118241787e+09
1.752680592124348640e+09
1.752680592127918482e+09
1.752680592135566473e+09
1.752680592138396740e+09
1.752680592144406319e+09
1.752680592149833918e+09
1.752680592153841972e+09
1.752680592158059597e+09
1.752680592164639950e+09
1.752680592168307304e+09
1.752680592174328327e+09
1.752680592179722786e+09
1.752680592184523344e+09
1.752680592189946890e+09
1.752680592194154024e+09
1.752680592198223114e+09
1.752680592206710100e+09
1.752680592209390640e+09
1.752680592214471340e+09
1.752680592218037844e+09
1.752680592225000620e+09
1.752680592228243828e+09
1.752680592235455275e+09
1.752680592238536596e+09
1.752680592244361639e+09
1.752680592247814417e+09
1.752680592253779888e+09
1.752680592258320808e+09
1.752680592264382362e+09
1.752680592267937899e+09
1.752680592273995876e+09
1.752680592279398441e+09
1.752680592284346342e+09
1.752680592290113449e+09
1.752680592294854879e+09
1.752680592298243046e+09
1.752680592304284573e+09
1.752680592308267117e+09
1.752680592314649820e+09
1.752680592317836285e+09
1.752680592324318886e+09
1.752680592328213930e+09
1.752680592334910393e+09
1.752680592337768555e+09
1.752680592344427109e+09
1.752680592351305246e+09
1.752680592354547024e+09
1.752680592358206511e+09
1.752680592364555120e+09
1.752680592369941950e+09
1.752680592374700785e+09
1.752680592380221605e+09
1.752680592384429932e+09
1.752680592388191462e+09
1.752680592396050692e+09
1.752680592398013353e+09
1.752680592404262066e+09
1.752680592408410549e+09
1.752680592415795088e+09
1.752680592418219090e+09
1.752680592425896406e+09
1.752680592428216934e+09
1.752680592433713675e+09
1.752680592437987804e+09
1.752680592444608212e+09
1.752680592450321436e+09
1.752680592454734564e+09
1.752680592458312988e+09
1.752680592464631319e+09
1.752680592470767021e+09
1.752680592476374865e+09
1.752680592478018999e+09
1.752680592483021736e+09
1.752680592488446236e+09
1.752680592494573116e+09
1.752680592498124599e+09
1.752680592504211664e+09
1.752680592507788658e+09
1.752680592514647007e+09
1.752680592518276453e+09
1.752680592524532318e+09
1.752680592529938459e+09
1.752680592534534216e+09
1.752680592537823915e+09
1.752680592544222355e+09
1.752680592547875166e+09
1.752680592554468155e+09
1.752680592559572697e+09
1.752680592564559460e+09
1.752680592568264484e+09
1.752680592574610949e+09
1.752680592580111265e+09
1.752680592584733248e+09
1.752680592588065386e+09
1.752680592594514847e+09
1.752680592598024845e+09
1.752680592604592323e+09
1.752680592608188391e+09
1.752680592614595652e+09
1.752680592618050337e+09
1.752680592624419928e+09
1.752680592628266096e+09
1.752680592633754253e+09
1.752680592637959480e+09
1.752680592644605160e+09
1.752680592648081779e+09
1.752680592653745651e+09
1.752680592657964468e+09
1.752680592664531469e+09
1.752680592667775393e+09
1.752680592675210953e+09
1.752680592678242207e+09
1.752680592684552670e+09
1.752680592690090656e+09
1.752680592695248127e+09
1.752680592698411703e+09
1.752680592703785658e+09
1.752680592708240747e+09
1.752680592714875698e+09
1.752680592720190287e+09
1.752680592724704504e+09
1.752680592729664564e+09
1.752680592733689308e+09
1.752680592739670515e+09
1.752680592744292259e+09
1.752680592748240709e+09
1.752680592754956722e+09
1.752680592757935524e+09
1.752680592764477491e+09
1.752680592769515514e+09
1.752680592774609566e+09
1.752680592778007746e+09
1.752680592784546852e+09
1.752680592788330793e+09
1.752680592794982910e+09
1.752680592798053980e+09
1.752680592804190159e+09
1.752680592807999372e+09
1.752680592814179182e+09
1.752680592818016529e+09
1.752680592824650526e+09
1.752680592828260660e+09
1.752680592834426403e+09
1.752680592838232756e+09
1.752680592844328642e+09
1.752680592850111723e+09
1.752680592854426622e+09
1.752680592858258724e+09
1.752680592864587307e+09
1.752680592867897511e+09
1.752680592873651266e+09
1.752680592880237818e+09
1.752680592885332823e+09
1.752680592888296604e+09
1.752680592893587828e+09
1.752680592898187637e+09
1.752680592904899597e+09
1.752680592909764051e+09
1.752680592913723946e+09
1.752680592918021202e+09
1.752680592924686909e+09
1.752680592930183172e+09
1.752680592933733940e+09
1.752680592937865973e+09
1.752680592943879604e+09
1.752680592948042154e+09
1.752680592955107212e+09
1.752680592959237099e+09
1.752680592964159727e+09
1.752680592967783213e+09
1.752680592976857662e+09
1.752680592978296280e+09
1.752680592984397650e+09
1.752680592987902880e+09
1.752680592994589329e+09
1.752680592997987986e+09
1.752680593004793167e+09
1.752680593008288145e+09
1.752680593014621496e+09
1.752680593019777298e+09
1.752680593024611235e+09
1.752680593030005693e+09
1.752680593034768343e+09
1.752680593038359880e+09
1.752680593044803381e+09
1.752680593049987078e+09
1.752680593054225922e+09
1.752680593060347319e+09
1.752680593064366579e+09
1.752680593069896698e+09
1.752680593075152636e+09
1.752680593078264475e+09
1.752680593084174395e+09
1.752680593089870453e+09
1.752680593095063210e+09
1.752680593098347664e+09
1.752680593104591846e+09
1.752680593108208656e+09
1.752680593114602566e+09
1.752680593121091843e+09
1.752680593124695539e+09
1.752680593128029585e+09
1.752680593134554625e+09
1.752680593138191223e+09
1.752680593144076347e+09
1.752680593149834633e+09
1.752680593154950142e+09
1.752680593160499811e+09
1.752680593164382935e+09
1.752680593167962551e+09
1.752680593175964832e+09
1.752680593179779291e+09
1.752680593184381247e+09
1.752680593192527771e+09
1.752680593194245100e+09
1.752680593199826479e+09
1.752680593204585075e+09
1.752680593207976341e+09
1.752680593214566708e+09
1.752680593218064547e+09
1.752680593224528313e+09
1.752680593228049517e+09
1.752680593234542131e+09
1.752680593239694118e+09
1.752680593244386911e+09
1.752680593248120308e+09
1.752680593255016565e+09
1.752680593258819580e+09
1.752680593264178514e+09
1.752680593268597364e+09
1.752680593275288343e+09
1.752680593279728889e+09
1.752680593284317970e+09
1.752680593289762497e+09
1.752680593293787718e+09
1.752680593298622608e+09
1.752680593303754568e+09
1.752680593309705019e+09
1.752680593313713312e+09
1.752680593319796324e+09
1.752680593324216604e+09
1.752680593329974174e+09
1.752680593334927797e+09
1.752680593338254690e+09
1.752680593344636917e+09
1.752680593349829674e+09
1.752680593354665041e+09
1.752680593358227253e+09
1.752680593364615202e+09
1.752680593369679451e+09
1.752680593373722553e+09
1.752680593377920866e+09
1.752680593384570122e+09
1.752680593388046265e+09
1.752680593394069195e+09
1.752680593400161028e+09
1.752680593404235363e+09
1.752680593408292532e+09
1.752680593414699554e+09
1.752680593420582056e+09
1.752680593424419880e+09
1.752680593428244829e+09
1.752680593434893847e+09
1.752680593437845469e+09
1.752680593444366693e+09
1.752680593450267076e+09
1.752680593455977678e+09
1.752680593458071470e+09
1.752680593464271545e+09
1.752680593472273827e+09
1.752680593473536015e+09
1.752680593479798794e+09
1.752680593483989716e+09
1.752680593487920046e+09
1.752680593495112419e+09
1.752680593498258591e+09
1.752680593504442930e+09
1.752680593510451555e+09
1.752680593514684916e+09
1.752680593519932270e+09
1.752680593524332523e+09
1.752680593530492067e+09
1.752680593537892103e+09
1.752680593539264202e+09
1.752680593544353724e+09
1.752680593548174858e+09
1.752680593553855658e+09
1.752680593560280800e+09
1.752680593564698935e+09
1.752680593568433762e+09
1.752680593573889017e+09
1.752680593578019857e+09
1.752680593584696293e+09
1.752680593588548422e+09
1.752680593594603539e+09
1.752680593598084211e+09
1.752680593604069233e+09
1.752680593610064030e+09
1.752680593615134954e+09
1.752680593620540857e+09
1.752680593624619961e+09
1.752680593629873037e+09
1.752680593634538651e+09
1.752680593637921810e+09
1.752680593644890547e+09
1.752680593648049355e+09
1.752680593653788328e+09
1.752680593657814503e+09
1.752680593664512873e+09
1.752680593668243647e+09
1.752680593675769329e+09
1.752680593679644346e+09
1.752680593684496641e+09
1.752680593687864542e+09
1.752680593694319010e+09
1.752680593699712992e+09
1.752680593704432011e+09
1.752680593709662676e+09
1.752680593713624239e+09
1.752680593718185902e+09
1.752680593724757910e+09
1.752680593728259325e+09
1.752680593734531403e+09
1.752680593738326788e+09
1.752680593744267941e+09
1.752680593748185873e+09
1.752680593753848314e+09
1.752680593758264065e+09
1.752680593764521837e+09
1.752680593769744873e+09
1.752680593773679972e+09
1.752680593778156996e+09
1.752680593784510374e+09
1.752680593787827015e+09
1.752680593793612242e+09
1.752680593797875404e+09
1.752680593804105282e+09
1.752680593809745312e+09
1.752680593816641092e+09
1.752680593818234444e+09
1.752680593824513197e+09
1.752680593827896595e+09
1.752680593833680868e+09
1.752680593838202477e+09
1.752680593844904184e+09
1.752680593849626541e+09
1.752680593853675842e+09
1.752680593858310461e+09
1.752680593864746094e+09
1.752680593867794514e+09
1.752680593873929024e+09
1.752680593879774094e+09
1.752680593884339571e+09
1.752680593889102697e+09
1.752680593894778967e+09
1.752680593898459196e+09
1.752680593904615164e+09
1.752680593909883976e+09
1.752680593914443016e+09
1.752680593919852257e+09
1.752680593924556732e+09
1.752680593930056810e+09
1.752680593934123039e+09
1.752680593939868689e+09
1.752680593944378376e+09
1.752680593948192596e+09
1.752680593956327677e+09
1.752680593958864927e+09
1.752680593964578867e+09
1.752680593968052626e+09
1.752680593974464655e+09
1.752680593978200912e+09
1.752680593984298944e+09
1.752680593988415718e+09
1.752680593994744062e+09
1.752680593997949362e+09
1.752680594004703760e+09
1.752680594007970572e+09
1.752680594013655186e+09
1.752680594018395662e+09
1.752680594025022984e+09
1.752680594028706312e+09
1.752680594033666611e+09
1.752680594038184404e+09
1.752680594044431210e+09
1.752680594049656868e+09
1.752680594054083347e+09
1.752680594058474302e+09
1.752680594064669132e+09
1.752680594068310261e+09
1.752680594074719191e+09
1.752680594080361128e+09
1.752680594084300041e+09
1.752680594088243723e+09
1.752680594094804764e+09
1.752680594101567030e+09
1.752680594104935884e+09
1.752680594108422756e+09
1.752680594113868952e+09
1.752680594119874477e+09
1.752680594123849869e+09
1.752680594128306866e+09
1.752680594134609699e+09
1.752680594138167143e+09
1.752680594143701553e+09
1.752680594148035049e+09
1.752680594154407501e+09
1.752680594159889698e+09
1.752680594164450407e+09
1.752680594168479443e+09
1.752680594174070597e+09
1.752680594177868128e+09
1.752680594184450626e+09
1.752680594188073635e+09
1.752680594194540977e+09
1.752680594200233221e+09
1.752680594204818726e+09
1.752680594210203171e+09
1.752680594214368820e+09
1.752680594217975855e+09
1.752680594224517584e+09
1.752680594228500843e+09
1.752680594236152172e+09
1.752680594238682032e+09
1.752680594244314194e+09
1.752680594248283386e+09
1.752680594254638910e+09
1.752680594257916689e+09
1.752680594264508724e+09
1.752680594269812107e+09
1.752680594274284601e+09
1.752680594278200865e+09
1.752680594284676075e+09
1.752680594289825678e+09
1.752680594293766260e+09
1.752680594298293829e+09
1.752680594304470778e+09
1.752680594307904959e+09
1.752680594315180063e+09
1.752680594317891836e+09
1.752680594323567629e+09
1.752680594330178738e+09
1.752680594334243059e+09
1.752680594338012457e+09
1.752680594344793558e+09
1.752680594347981215e+09
1.752680594354114771e+09
1.752680594358181953e+09
1.752680594364553452e+09
1.752680594368348360e+09
1.752680594375949383e+09
1.752680594378665686e+09
1.752680594384668589e+09
1.752680594388059616e+09
1.752680594393828154e+09
1.752680594400285482e+09
1.752680594404251814e+09
1.752680594408264399e+09
1.752680594414553165e+09
1.752680594417914152e+09
1.752680594424664974e+09
1.752680594428069115e+09
1.752680594434599638e+09
1.752680594440179110e+09
1.752680594445142031e+09
1.752680594449680567e+09
1.752680594453863382e+09
1.752680594459901333e+09
1.752680594464736223e+09
1.752680594468222141e+09
1.752680594474652052e+09
1.752680594478230476e+09
1.752680594484150410e+09
1.752680594489596844e+09
1.752680594494633675e+09
1.752680594498401642e+09
1.752680594504451752e+09
1.752680594508013010e+09
1.752680594514636755e+09
1.752680594518346548e+09
1.752680594524664164e+09
1.752680594528393507e+09
1.752680594534681559e+09
1.752680594538256168e+09
1.752680594544481516e+09
1.752680594549847841e+09
1.752680594553909540e+09
1.752680594558131695e+09
1.752680594564612865e+09
1.752680594568231344e+09
1.752680594574400663e+09
1.752680594578200340e+09
1.752680594584597349e+09
1.752680594589216709e+09
1.752680594593890905e+09
1.752680594600360870e+09
1.752680594604602098e+09
1.752680594607884884e+09
1.752680594614372492e+09
1.752680594618203402e+09
1.752680594624975681e+09
1.752680594627809763e+09
1.752680594634134054e+09
1.752680594638019800e+09
1.752680594644372463e+09
1.752680594647994041e+09
1.752680594657464504e+09
1.752680594658544064e+09
1.752680594664796829e+09
1.752680594669872284e+09
1.752680594674658060e+09
1.752680594677845955e+09
1.752680594684521675e+09
1.752680594689912558e+09
1.752680594694669962e+09
1.752680594698219538e+09
1.752680594704448700e+09
1.752680594708031178e+09
1.752680594714598656e+09
