-4.969172443966701075e-03 1.705785071304286027e-02 -5.835556705483821958e-03 9.998251263757131913e-01
-6.069242279402645851e-03 1.716947612857802966e-02 -5.902187016734711418e-03 9.998167519981067120e-01
-6.069242279402645851e-03 1.716947612857802966e-02 -5.902187016734711418e-03 9.998167519981067120e-01
-4.703086326501507673e-03 1.726934389194991967e-02 -5.718039866323776019e-03 9.998234617974486316e-01
-4.784470940559804389e-03 1.734300916348033642e-02 -5.800654928515592244e-03 9.998213246742513327e-01
-5.975401350823143949e-03 1.729104488853573304e-02 -5.816180179663952773e-03 9.998157262183251515e-01
-5.975401350823143949e-03 1.729104488853573304e-02 -5.816180179663952773e-03 9.998157262183251515e-01
-4.826747314375426021e-03 1.742355945459555383e-02 -5.699657868894311002e-03 9.998203018475234627e-01
-4.826747314375426021e-03 1.742355945459555383e-02 -5.699657868894311002e-03 9.998203018475234627e-01
-5.576885844229121682e-03 1.691587897342818753e-02 -6.425846959611915786e-03 9.998207138650851977e-01
-6.099699375813367498e-03 1.682457781936174540e-02 -6.393679858852779029e-03 9.998194077465126783e-01
-6.099699375813367498e-03 1.682457781936174540e-02 -6.393679858852779029e-03 9.998194077465126783e-01
-5.872659511866672871e-03 1.697370709012189366e-02 -6.156377742103952277e-03 9.998197358279006242e-01
-5.763165416927945074e-03 1.735516568583048841e-02 -5.667152810197058702e-03 9.998167169673751742e-01
-5.763165416927945074e-03 1.735516568583048841e-02 -5.667152810197058702e-03 9.998167169673751742e-01
-5.748666251816854193e-03 1.730377387864164701e-02 -5.782420000930999122e-03 9.998170311936154242e-01
-5.748666251816854193e-03 1.730377387864164701e-02 -5.782420000930999122e-03 9.998170311936154242e-01
-5.826047543421210805e-03 1.751323302597955836e-02 -5.625839373407213670e-03 9.998138295554548360e-01
-5.826047543421210805e-03 1.751323302597955836e-02 -5.625839373407213670e-03 9.998138295554548360e-01
-5.826047543421210805e-03 1.751323302597955836e-02 -5.625839373407213670e-03 9.998138295554548360e-01
-5.711905372476028947e-03 1.767549156862616155e-02 -5.893738400631978909e-03 9.998100894582372389e-01
-5.711905372476028947e-03 1.767549156862616155e-02 -5.893738400631978909e-03 9.998100894582372389e-01
-5.627074633062582529e-03 1.788461758803345375e-02 -5.946682004890365900e-03 9.998065380151984760e-01
-4.474013983209557815e-03 1.794433089820216334e-02 -5.700885357424940493e-03 9.998127245107633065e-01
-4.474013983209557815e-03 1.794433089820216334e-02 -5.700885357424940493e-03 9.998127245107633065e-01
-4.259379307039322556e-03 1.796502715236461545e-02 -5.836842631743478782e-03 9.998125058006755994e-01
-4.146999689871520324e-03 1.822114230356667447e-02 -5.709743563279439348e-03 9.998090773718585345e-01
-4.146999689871520324e-03 1.822114230356667447e-02 -5.709743563279439348e-03 9.998090773718585345e-01
-6.016678249907660668e-03 1.831412574789187050e-02 -5.662282184973979095e-03 9.997981450979919194e-01
-1.759355551921722507e-03 1.863027525024908010e-02 -5.042737373745277175e-03 9.998121765171303910e-01
-1.743744604280104016e-03 1.869936584090668014e-02 -5.024879774613701632e-03 9.998110039678267391e-01
-1.743744604280104016e-03 1.869936584090668014e-02 -5.024879774613701632e-03 9.998110039678267391e-01
-4.559643066024418080e-03 1.818745648200501691e-02 -5.872163996953809993e-03 9.998069532523858882e-01
-4.559643066024418080e-03 1.818745648200501691e-02 -5.872163996953809993e-03 9.998069532523858882e-01
-4.559643066024418080e-03 1.818745648200501691e-02 -5.872163996953809993e-03 9.998069532523858882e-01
-4.334266292248489111e-03 1.807160752391829758e-02 -6.337093215593039321e-03 9.998072176108683262e-01
-4.334266292248489111e-03 1.807160752391829758e-02 -6.337093215593039321e-03 9.998072176108683262e-01
-4.196536057119301319e-03 1.829070384515501038e-02 -6.387903997245771535e-03 9.998034976536600560e-01
-4.597316654548750867e-03 1.849166312680252527e-02 -5.938362937615181657e-03 9.998008096215985629e-01
-4.597316654548750867e-03 1.849166312680252527e-02 -5.938362937615181657e-03 9.998008096215985629e-01
-4.295176783330845009e-03 1.864733030732726796e-02 -5.827230501168361235e-03 9.997999159399323377e-01
-4.295176783330845009e-03 1.864733030732726796e-02 -5.827230501168361235e-03 9.997999159399323377e-01
-4.295913493989248974e-03 1.886730722848981023e-02 -5.875624950324616173e-03 9.997955025287126318e-01
-4.469952664846597173e-03 1.914056736384557242e-02 -5.813458230508736745e-03 9.997899088846448068e-01
-4.469952664846597173e-03 1.914056736384557242e-02 -5.813458230508736745e-03 9.997899088846448068e-01
-4.690985599307219249e-03 1.923131907276157820e-02 -5.851956141433352181e-03 9.997869301156859789e-01
-4.478274833349383394e-03 1.925886795431773144e-02 -5.716721387891283458e-03 9.997881576395113434e-01
-4.478274833349383394e-03 1.925886795431773144e-02 -5.716721387891283458e-03 9.997881576395113434e-01
-4.483604827765356668e-03 1.934602128686362804e-02 -5.678514120446237143e-03 9.997866688576622085e-01
-4.522830785417704218e-03 1.935652181747416281e-02 -5.841525731380395672e-03 9.997853497836152181e-01
-4.522830785417704218e-03 1.935652181747416281e-02 -5.841525731380395672e-03 9.997853497836152181e-01
-4.487093383320237688e-03 1.962461070229669716e-02 -5.654114693931968326e-03 9.997813619160844656e-01
-4.243795251354826568e-03 1.983212651173031638e-02 -5.611120725441383870e-03 9.997785716267837408e-01
-4.243795251354826568e-03 1.983212651173031638e-02 -5.611120725441383870e-03 9.997785716267837408e-01
-4.298180432375154313e-03 1.990269721614802007e-02 -5.614126265225687432e-03 9.997769200550546964e-01
-4.328159530519327947e-03 2.008385458384009253e-02 -5.400817720075455457e-03 9.997743430335108705e-01
-4.328159530519327947e-03 2.008385458384009253e-02 -5.400817720075455457e-03 9.997743430335108705e-01
-4.325704842124068923e-03 2.021049356133746214e-02 -5.295590612235832537e-03 9.997723645649011504e-01
-4.325704842124068923e-03 2.021049356133746214e-02 -5.295590612235832537e-03 9.997723645649011504e-01
-4.279101388378192886e-03 2.032073929365321718e-02 -5.208923287326772469e-03 9.997707857124322750e-01
-5.040137337682868736e-03 2.013555883768195984e-02 -5.189810943068934139e-03 9.997710848730757549e-01
-5.040137337682868736e-03 2.013555883768195984e-02 -5.189810943068934139e-03 9.997710848730757549e-01
-5.252177077479724260e-03 2.009616604096102488e-02 -5.356420552335768026e-03 9.997699072813042154e-01
-5.741628134637142937e-03 2.009784230555233114e-02 -5.186455725731976656e-03 9.997680786652621832e-01
-5.741628134637142937e-03 2.009784230555233114e-02 -5.186455725731976656e-03 9.997680786652621832e-01
-5.714604446448121391e-03 1.999949163987229869e-02 -5.438109792124240331e-03 9.997688685851626733e-01
-5.714604446448121391e-03 1.999949163987229869e-02 -5.438109792124240331e-03 9.997688685851626733e-01
-5.712134008298598575e-03 2.009797505866894526e-02 -5.325088501894874142e-03 9.997675161536603294e-01
-5.511930355634104585e-03 2.024495801244039633e-02 -5.242011530963021360e-03 9.997661134555113627e-01
-5.511930355634104585e-03 2.024495801244039633e-02 -5.242011530963021360e-03 9.997661134555113627e-01
-5.799373366271552178e-03 2.021990636612459175e-02 -5.390619730539608981e-03 9.997642041371678223e-01
-5.757868142448617325e-03 2.050445048401585216e-02 -5.299656060389660965e-03 9.997591350472594396e-01
-5.757868142448617325e-03 2.050445048401585216e-02 -5.299656060389660965e-03 9.997591350472594396e-01
-5.711168248351735852e-03 2.057807910263489970e-02 -5.344605606315267626e-03 9.997576508377405968e-01
-5.656139321067055019e-03 2.068714823740509801e-02 -5.308994149511556820e-03 9.997559024916555792e-01
-5.335239269978230177e-03 2.053484591474862703e-02 -5.668096620076318488e-03 9.997588349226502746e-01
-5.335239269978230177e-03 2.053484591474862703e-02 -5.668096620076318488e-03 9.997588349226502746e-01
-5.335239269978230177e-03 2.053484591474862703e-02 -5.668096620076318488e-03 9.997588349226502746e-01
-5.719055342990557629e-03 2.051383703849031168e-02 -5.698024304247070564e-03 9.997569741767098339e-01
-5.723655958259888342e-03 2.061853198093425987e-02 -5.778536144630294635e-03 9.997543320343492690e-01
-5.878892599193020867e-03 2.078139242378052726e-02 -5.781586125533291244e-03 9.997500415666953355e-01
-5.878892599193020867e-03 2.078139242378052726e-02 -5.781586125533291244e-03 9.997500415666953355e-01
-5.972268495768671102e-03 2.075346449184828357e-02 -5.812181781098498846e-03 9.997498908544795171e-01
-5.972268495768671102e-03 2.075346449184828357e-02 -5.812181781098498846e-03 9.997498908544795171e-01
-5.829107615064115996e-03 2.078423257472358787e-02 -5.857569750862638529e-03 9.997498317365728360e-01
-6.013890797349276916e-03 2.078084923581758475e-02 -5.837637795340203974e-03 9.997489241842104635e-01
-6.013890797349276916e-03 2.078084923581758475e-02 -5.837637795340203974e-03 9.997489241842104635e-01
-5.956637047049612339e-03 2.083424187490023546e-02 -5.798548154427956257e-03 9.997483831844333757e-01
-6.134717533732908165e-03 2.094402449326583301e-02 -5.713286174837258966e-03 9.997455033356695830e-01
-6.134717533732908165e-03 2.094402449326583301e-02 -5.713286174837258966e-03 9.997455033356695830e-01
-5.813943896174207128e-03 2.086371914664678084e-02 -5.890307352424606867e-03 9.997480720456709546e-01
-5.893967843415826718e-03 2.110894835617731571e-02 -5.796299834874950839e-03 9.997430051521147831e-01
-5.893967843415826718e-03 2.110894835617731571e-02 -5.796299834874950839e-03 9.997430051521147831e-01
-6.004507773310186793e-03 2.104308879301490867e-02 -5.808450397392965481e-03 9.997436652484629205e-01
-6.004507773310186793e-03 2.104308879301490867e-02 -5.808450397392965481e-03 9.997436652484629205e-01
-5.997350930681467039e-03 2.097221228523900999e-02 -5.653501771734335303e-03 9.997460857694788761e-01
-6.107593373999383249e-03 2.088705131368374240e-02 -5.809179259916629270e-03 9.997463087338325227e-01
