1.295022666454315186e-04 -6.073477720747177955e-08 3.783175945281982422e-01
2.489183098077774048e-04 2.920648330473341048e-05 3.716273307800292969e-01
2.747029066085815430e-04 1.168831076938658953e-04 3.651854395866394043e-01
1.983083784580230713e-04 3.106653166469186544e-04 3.593328893184661865e-01
8.124858140945434570e-06 5.918249371461570263e-04 3.540356755256652832e-01
-2.155210822820663452e-04 9.889609646052122116e-04 3.492364585399627686e-01
-4.264563322067260742e-04 1.516284886747598648e-03 3.448640704154968262e-01
-6.259400397539138794e-04 2.165380399674177170e-03 3.409192264080047607e-01
-8.142236620187759399e-04 2.928367117419838905e-03 3.374078571796417236e-01
-9.698476642370223999e-04 3.775415476411581039e-03 3.342115581035614014e-01
-1.081136986613273621e-03 4.689219407737255096e-03 3.312671184539794922e-01
-1.151271164417266846e-03 5.667579825967550278e-03 3.285864293575286865e-01
-1.182597130537033081e-03 6.709234323352575302e-03 3.261767029762268066e-01
-1.181624829769134521e-03 7.814898155629634857e-03 3.239924311637878418e-01
-1.154774799942970276e-03 8.983483538031578064e-03 3.220055103302001953e-01
-1.104073598980903625e-03 1.021521538496017456e-02 3.202283084392547607e-01
-1.032236963510513306e-03 1.150893792510032654e-02 3.186606466770172119e-01
-9.405985474586486816e-04 1.286660600453615189e-02 3.172758817672729492e-01
-8.322838693857192993e-04 1.428637932986021042e-02 3.160500526428222656e-01
-7.081236690282821655e-04 1.576569490134716034e-02 3.149888515472412109e-01
-5.692914128303527832e-04 1.730239950120449066e-02 3.140921890735626221e-01
-4.179887473583221436e-04 1.889185421168804169e-02 3.133334219455718994e-01
-2.555456012487411499e-04 2.052963525056838989e-02 3.126966059207916260e-01
-8.192099630832672119e-05 2.221274189651012421e-02 3.121803104877471924e-01
1.027882099151611328e-04 2.393910475075244904e-02 3.117838799953460693e-01
2.958048135042190552e-04 2.570321410894393921e-02 3.114942908287048340e-01
4.937015473842620850e-04 2.749973908066749573e-02 3.113084435462951660e-01
6.962940096855163574e-04 2.932492084801197052e-02 3.112241625785827637e-01
9.039808064699172974e-04 3.117682784795761108e-02 3.112408220767974854e-01
1.112390309572219849e-03 3.305186703801155090e-02 3.113507032394409180e-01
1.318810507655143738e-03 3.494955971837043762e-02 3.115581572055816650e-01
1.523382961750030518e-03 3.686780482530593872e-02 3.118559718132019043e-01
1.726701855659484863e-03 3.880701586604118347e-02 3.122448027133941650e-01
1.927057281136512756e-03 4.076817631721496582e-02 3.127195835113525391e-01
2.123586833477020264e-03 4.275466501712799072e-02 3.132824301719665527e-01
2.315688878297805786e-03 4.476589336991310120e-02 3.139233291149139404e-01
2.503875643014907837e-03 4.680329933762550354e-02 3.146400749683380127e-01
2.690151333808898926e-03 4.886459559202194214e-02 3.154200911521911621e-01
2.876078709959983826e-03 5.095241591334342957e-02 3.162605464458465576e-01
3.060642629861831665e-03 5.306701734662055969e-02 3.171488046646118164e-01
3.243910148739814758e-03 5.521045252680778503e-02 3.180803060531616211e-01
3.428595140576362610e-03 5.737740173935890198e-02 3.190504014492034912e-01
3.614917397499084473e-03 5.956882238388061523e-02 3.200559914112091064e-01
3.802921622991561890e-03 6.178552284836769104e-02 3.210856020450592041e-01
3.992315381765365601e-03 6.402957439422607422e-02 3.221322000026702881e-01
4.183482378721237183e-03 6.629525125026702881e-02 3.231988847255706787e-01
4.375891759991645813e-03 6.858194619417190552e-02 3.242869675159454346e-01
4.569565877318382263e-03 7.089001685380935669e-02 3.253822028636932373e-01
4.765046760439872742e-03 7.322081923484802246e-02 3.264775574207305908e-01
4.959577694535255432e-03 7.556985318660736084e-02 3.275763392448425293e-01
5.151947960257530212e-03 7.793571054935455322e-02 3.286802172660827637e-01
5.342809483408927917e-03 8.031780272722244263e-02 3.297750353813171387e-01
5.532843992114067078e-03 8.271623402833938599e-02 3.308509886264801025e-01
5.718592554330825806e-03 8.513373136520385742e-02 3.319075107574462891e-01
5.899237468838691711e-03 8.756936341524124146e-02 3.329408168792724609e-01
6.076877936720848083e-03 9.001968801021575928e-02 3.339428901672363281e-01
6.253508850932121277e-03 9.248162806034088135e-02 3.349066078662872314e-01
6.424423307180404663e-03 9.496063739061355591e-02 3.358278274536132812e-01
6.588190793991088867e-03 9.745544940233230591e-02 3.367083370685577393e-01
6.746685132384300232e-03 9.995743632316589355e-02 3.375413417816162109e-01
6.904030218720436096e-03 1.024596914649009705e-01 3.383390009403228760e-01
7.059369236230850220e-03 1.049638241529464722e-01 3.391321599483489990e-01
7.210401818156242371e-03 1.074753701686859131e-01 3.399304449558258057e-01
7.357249036431312561e-03 1.099965646862983704e-01 3.407252430915832520e-01
7.499899715185165405e-03 1.125288903713226318e-01 3.415089845657348633e-01
7.630169391632080078e-03 1.150669008493423462e-01 3.422806859016418457e-01
7.742162793874740601e-03 1.176161095499992371e-01 3.430480360984802246e-01
7.839091122150421143e-03 1.201843470335006714e-01 3.438168466091156006e-01
7.921570912003517151e-03 1.227728128433227539e-01 3.445784747600555420e-01
7.992532104253768921e-03 1.253697574138641357e-01 3.453444540500640869e-01
8.052963763475418091e-03 1.279739588499069214e-01 3.461197018623352051e-01
8.105600252747535706e-03 1.305928230285644531e-01 3.468992412090301514e-01
8.150860667228698730e-03 1.332277208566665649e-01 3.476682603359222412e-01
8.193759247660636902e-03 1.358647942543029785e-01 3.484216034412384033e-01
8.238796144723892212e-03 1.385031491518020630e-01 3.491576015949249268e-01
8.286200463771820068e-03 1.411535292863845825e-01 3.498679399490356445e-01
8.335769176483154297e-03 1.438214778900146484e-01 3.505437374114990234e-01
8.394757285714149475e-03 1.464956104755401611e-01 3.511813879013061523e-01
8.464980870485305786e-03 1.491753607988357544e-01 3.517707288265228271e-01
8.545342832803726196e-03 1.518724858760833740e-01 3.523072898387908936e-01
8.633801713585853577e-03 1.545929461717605591e-01 3.527836203575134277e-01
8.731368929147720337e-03 1.573299467563629150e-01 3.532085716724395752e-01
8.836733177304267883e-03 1.600838899612426758e-01 3.535756766796112061e-01
8.948823437094688416e-03 1.628630459308624268e-01 3.538809716701507568e-01
9.065615013241767883e-03 1.656709611415863037e-01 3.541177511215209961e-01
9.181464090943336487e-03 1.685031354427337646e-01 3.543094098567962646e-01
9.292246773838996887e-03 1.713581681251525879e-01 3.544545471668243408e-01
9.397773072123527527e-03 1.742366999387741089e-01 3.545454442501068115e-01
9.498069062829017639e-03 1.771375983953475952e-01 3.545804321765899658e-01
9.589131921529769897e-03 1.800595670938491821e-01 3.546215593814849854e-01
9.672950953245162964e-03 1.829937249422073364e-01 3.547022342681884766e-01
9.753284975886344910e-03 1.859265416860580444e-01 3.548375666141510010e-01
9.831052273511886597e-03 1.888530999422073364e-01 3.550299108028411865e-01
9.903941303491592407e-03 1.917784661054611206e-01 3.553017079830169678e-01
9.970230981707572937e-03 1.946996897459030151e-01 3.556635379791259766e-01
1.003008335828781128e-02 1.976110488176345825e-01 3.561114072799682617e-01
1.008000597357749939e-02 2.005115151405334473e-01 3.566155731678009033e-01
1.010967791080474854e-02 2.034014612436294556e-01 3.571527302265167236e-01
1.011434197425842285e-02 2.062792927026748657e-01 3.577121794223785400e-01
1.009593904018402100e-02 2.091425806283950806e-01 3.582908511161804199e-01
1.005639694631099701e-02 2.119907140731811523e-01 3.588862121105194092e-01
9.996592998504638672e-03 2.148192524909973145e-01 3.594713807106018066e-01
9.919872507452964783e-03 2.176259309053421021e-01 3.600346744060516357e-01
9.829783812165260315e-03 2.204106897115707397e-01 3.605771362781524658e-01
9.728966280817985535e-03 2.231727838516235352e-01 3.610962033271789551e-01
9.620152413845062256e-03 2.259029000997543335e-01 3.615718781948089600e-01
9.506754577159881592e-03 2.285989075899124146e-01 3.619970083236694336e-01
9.391788393259048462e-03 2.312649786472320557e-01 3.623756766319274902e-01
9.277638047933578491e-03 2.339040040969848633e-01 3.627113997936248779e-01
9.165756404399871826e-03 2.365120053291320801e-01 3.630028665065765381e-01
9.057935327291488647e-03 2.390895783901214600e-01 3.632532656192779541e-01
8.956244215369224548e-03 2.416420876979827881e-01 3.634681701660156250e-01
8.862011134624481201e-03 2.441730648279190063e-01 3.636515140533447266e-01
8.773852139711380005e-03 2.466801851987838745e-01 3.638058304786682129e-01
8.691137656569480896e-03 2.491652816534042358e-01 3.639356791973114014e-01
8.614640682935714722e-03 2.516325712203979492e-01 3.640452921390533447e-01
8.544724434614181519e-03 2.540848255157470703e-01 3.641369640827178955e-01
8.479289710521697998e-03 2.565202116966247559e-01 3.642140626907348633e-01
8.416784927248954773e-03 2.589401900768280029e-01 3.642806410789489746e-01
8.357012644410133362e-03 2.613482773303985596e-01 3.643389344215393066e-01
8.299706503748893738e-03 2.637468278408050537e-01 3.643903136253356934e-01
8.243720978498458862e-03 2.661343216896057129e-01 3.644362092018127441e-01
8.187845349311828613e-03 2.685123085975646973e-01 3.644792139530181885e-01
8.131464943289756775e-03 2.708835601806640625e-01 3.645200729370117188e-01
8.073855191469192505e-03 2.732500731945037842e-01 3.645598888397216797e-01
8.015533909201622009e-03 2.756107747554779053e-01 3.645973205566406250e-01
7.956072688102722168e-03 2.779668569564819336e-01 3.646332919597625732e-01
7.894439622759819031e-03 2.803208231925964355e-01 3.646684885025024414e-01
7.829606533050537109e-03 2.826747894287109375e-01 3.647031486034393311e-01
7.763233035802841187e-03 2.850271463394165039e-01 3.647340536117553711e-01
7.695470005273818970e-03 2.873794138431549072e-01 3.647600114345550537e-01
7.624978199601173401e-03 2.897340953350067139e-01 3.647825419902801514e-01
7.550524547696113586e-03 2.920935451984405518e-01 3.648011088371276855e-01
7.474722340703010559e-03 2.944559454917907715e-01 3.648131191730499268e-01
7.398203015327453613e-03 2.968224287033081055e-01 3.648179173469543457e-01
7.319558411836624146e-03 2.991966307163238525e-01 3.648151755332946777e-01
7.237477228045463562e-03 3.015808463096618652e-01 3.648031651973724365e-01
7.155304774641990662e-03 3.039725422859191895e-01 3.647804856300354004e-01
7.074443623423576355e-03 3.063724935054779053e-01 3.647465109825134277e-01
6.993278861045837402e-03 3.087847828865051270e-01 3.646979033946990967e-01
6.910525262355804443e-03 3.112125098705291748e-01 3.646307885646820068e-01
6.827538833022117615e-03 3.136516213417053223e-01 3.645506799221038818e-01
6.744738668203353882e-03 3.161015808582305908e-01 3.644576370716094971e-01
6.660861894488334656e-03 3.185658752918243408e-01 3.643465340137481689e-01
6.574850529432296753e-03 3.210478127002716064e-01 3.642111718654632568e-01
6.486568599939346313e-03 3.235435783863067627e-01 3.640660643577575684e-01
6.395710632205009460e-03 3.260518610477447510e-01 3.639171421527862549e-01
6.301449611783027649e-03 3.285741508007049561e-01 3.637602627277374268e-01
6.203224882483482361e-03 3.311118185520172119e-01 3.635927736759185791e-01
6.101643666625022888e-03 3.336651921272277832e-01 3.634199798107147217e-01
5.996562540531158447e-03 3.362339138984680176e-01 3.632459938526153564e-01
5.887584760785102844e-03 3.388175964355468750e-01 3.630701899528503418e-01
5.774594843387603760e-03 3.414155542850494385e-01 3.628945946693420410e-01
5.658518522977828979e-03 3.440274298191070557e-01 3.627287447452545166e-01
5.539570003747940063e-03 3.466512262821197510e-01 3.625794351100921631e-01
5.417568609118461609e-03 3.492846190929412842e-01 3.624460101127624512e-01
5.291996523737907410e-03 3.519279956817626953e-01 3.623195588588714600e-01
5.163962021470069885e-03 3.545868694782257080e-01 3.622072935104370117e-01
5.033545196056365967e-03 3.572635650634765625e-01 3.621080517768859863e-01
4.900110885500907898e-03 3.599578142166137695e-01 3.620202541351318359e-01
4.763124510645866394e-03 3.626693487167358398e-01 3.619408607482910156e-01
4.627838730812072754e-03 3.654000163078308105e-01 3.618842363357543945e-01
4.495458677411079407e-03 3.681501746177673340e-01 3.618494868278503418e-01
4.364041611552238464e-03 3.709190785884857178e-01 3.618280589580535889e-01
4.232151433825492859e-03 3.737061023712158203e-01 3.618144094944000244e-01
4.105588421225547791e-03 3.765141069889068604e-01 3.618226051330566406e-01
3.976190462708473206e-03 3.793434202671051025e-01 3.618527948856353760e-01
3.849534317851066589e-03 3.821892440319061279e-01 3.619194030761718750e-01
3.728710114955902100e-03 3.850483894348144531e-01 3.620213568210601807e-01
3.611205145716667175e-03 3.879274725914001465e-01 3.621454536914825439e-01
3.500431776046752930e-03 3.908181786537170410e-01 3.623053431510925293e-01
3.398099914193153381e-03 3.937167227268218994e-01 3.625034987926483154e-01
3.304753452539443970e-03 3.966212272644042969e-01 3.627324402332305908e-01
3.212226554751396179e-03 3.995301425457000732e-01 3.629768192768096924e-01
3.116812556982040405e-03 4.024417400360107422e-01 3.632341325283050537e-01
3.020197153091430664e-03 4.053537249565124512e-01 3.635044693946838379e-01
2.923848107457160950e-03 4.082644879817962646e-01 3.637849092483520508e-01
2.824181690812110901e-03 4.111703634262084961e-01 3.640700578689575195e-01
2.720452845096588135e-03 4.140689373016357422e-01 3.643584549427032471e-01
2.615019679069519043e-03 4.169598221778869629e-01 3.646489381790161133e-01
2.509769052267074585e-03 4.198420047760009766e-01 3.649361133575439453e-01
2.406163141131401062e-03 4.227101802825927734e-01 3.652202188968658447e-01
2.305841073393821716e-03 4.255645275115966797e-01 3.655043244361877441e-01
2.210069447755813599e-03 4.284079670906066895e-01 3.657862544059753418e-01
2.119962126016616821e-03 4.312429428100585938e-01 3.660639524459838867e-01
2.035237848758697510e-03 4.340608417987823486e-01 3.663360178470611572e-01
1.955982297658920288e-03 4.368631839752197266e-01 3.666076064109802246e-01
1.883132383227348328e-03 4.396567940711975098e-01 3.668793439865112305e-01
1.817516982555389404e-03 4.424451589584350586e-01 3.671476542949676514e-01
1.759147271513938904e-03 4.452162086963653564e-01 3.674013614654541016e-01
1.707805320620536804e-03 4.479702711105346680e-01 3.676408231258392334e-01
1.663215458393096924e-03 4.507154822349548340e-01 3.678644001483917236e-01
1.624953001737594604e-03 4.534567296504974365e-01 3.680675029754638672e-01
1.593846827745437622e-03 4.561809003353118896e-01 3.682450652122497559e-01
1.570845022797584534e-03 4.588881134986877441e-01 3.683958053588867188e-01
1.554815098643302917e-03 4.615881443023681641e-01 3.685157597064971924e-01
1.544833183288574219e-03 4.642877876758575439e-01 3.686006963253021240e-01
1.542357727885246277e-03 4.669785797595977783e-01 3.686522245407104492e-01
1.547768712043762207e-03 4.696631431579589844e-01 3.686707615852355957e-01
1.560190692543983459e-03 4.723511040210723877e-01 3.686529397964477539e-01
1.578664407134056091e-03 4.750495254993438721e-01 3.685961067676544189e-01
1.603126525878906250e-03 4.777531027793884277e-01 3.685078322887420654e-01
1.633144915103912354e-03 4.804638922214508057e-01 3.683893680572509766e-01
1.668090000748634338e-03 4.831884503364562988e-01 3.682388365268707275e-01
1.707168295979499817e-03 4.859314262866973877e-01 3.680558204650878906e-01
1.747822389006614685e-03 4.886933565139770508e-01 3.678529560565948486e-01
1.788428053259849548e-03 4.914732277393341064e-01 3.676336705684661865e-01
1.829003915190696716e-03 4.942694008350372314e-01 3.673995733261108398e-01
1.869257539510726929e-03 4.970798492431640625e-01 3.671562075614929199e-01
1.906964927911758423e-03 4.999057054519653320e-01 3.669307231903076172e-01
1.942710950970649719e-03 5.027381181716918945e-01 3.667567372322082520e-01
1.975657418370246887e-03 5.055805444717407227e-01 3.666296005249023438e-01
2.005023881793022156e-03 5.084353089332580566e-01 3.665484488010406494e-01
2.034781500697135925e-03 5.113070011138916016e-01 3.665224015712738037e-01
2.065172418951988220e-03 5.141988992691040039e-01 3.665427863597869873e-01
2.093834802508354187e-03 5.171123743057250977e-01 3.665972352027893066e-01
2.118987962603569031e-03 5.200470685958862305e-01 3.666791617870330811e-01
2.135962247848510742e-03 5.229902863502502441e-01 3.668081164360046387e-01
2.144228667020797729e-03 5.259246826171875000e-01 3.670245110988616943e-01
2.146985381841659546e-03 5.288434624671936035e-01 3.673239946365356445e-01
2.145459875464439392e-03 5.317414402961730957e-01 3.677062988281250000e-01
2.132158726453781128e-03 5.346192717552185059e-01 3.681199848651885986e-01
2.102756872773170471e-03 5.374794602394104004e-01 3.685331046581268311e-01
2.059092745184898376e-03 5.403223037719726562e-01 3.689479529857635498e-01
2.002298831939697266e-03 5.431480407714843750e-01 3.693630099296569824e-01
1.928856596350669861e-03 5.459529161453247070e-01 3.697464168071746826e-01
1.838818192481994629e-03 5.487360954284667969e-01 3.700883686542510986e-01
1.735543832182884216e-03 5.514996051788330078e-01 3.703970313072204590e-01
1.621592789888381958e-03 5.542451143264770508e-01 3.706751167774200439e-01
1.498222351074218750e-03 5.569663047790527344e-01 3.709091544151306152e-01
1.368982717394828796e-03 5.596634745597839355e-01 3.710990250110626221e-01
1.237692311406135559e-03 5.623405575752258301e-01 3.712502717971801758e-01
1.107309013605117798e-03 5.650001168251037598e-01 3.713641464710235596e-01
9.774379432201385498e-04 5.676403045654296875e-01 3.714389503002166748e-01
8.491240441799163818e-04 5.702633857727050781e-01 3.714774847030639648e-01
7.250010967254638672e-04 5.728729963302612305e-01 3.714832067489624023e-01
6.070267409086227417e-04 5.754718184471130371e-01 3.714574277400970459e-01
4.934929311275482178e-04 5.780594348907470703e-01 3.714048862457275391e-01
3.835149109363555908e-04 5.806384682655334473e-01 3.713355362415313721e-01
2.779681235551834106e-04 5.832117199897766113e-01 3.712503314018249512e-01
1.775175333023071289e-04 5.857812762260437012e-01 3.711515069007873535e-01
8.035078644752502441e-05 5.883451104164123535e-01 3.710440695285797119e-01
-1.463480293750762939e-05 5.909051299095153809e-01 3.709333539009094238e-01
-1.076217740774154663e-04 5.934636592864990234e-01 3.708207905292510986e-01
-1.989770680665969849e-04 5.960229635238647461e-01 3.707068860530853271e-01
-2.891644835472106934e-04 5.985817313194274902e-01 3.705952167510986328e-01
-3.788266330957412720e-04 6.011409163475036621e-01 3.704889118671417236e-01
-4.685819149017333984e-04 6.037030816078186035e-01 3.703878819942474365e-01
-5.591437220573425293e-04 6.062698960304260254e-01 3.702914118766784668e-01
-6.497669965028762817e-04 6.088400483131408691e-01 3.701987266540527344e-01
-7.403492927551269531e-04 6.114140748977661133e-01 3.701114356517791748e-01
-8.317027240991592407e-04 6.139945983886718750e-01 3.700284063816070557e-01
-9.244736284017562866e-04 6.165842413902282715e-01 3.699481487274169922e-01
-1.016778871417045593e-03 6.191803812980651855e-01 3.698673844337463379e-01
-1.108070835471153259e-03 6.217838525772094727e-01 3.697844743728637695e-01
-1.199135556817054749e-03 6.243978738784790039e-01 3.696976304054260254e-01
-1.290693879127502441e-03 6.270253658294677734e-01 3.696034252643585205e-01
-1.380747184157371521e-03 6.296623945236206055e-01 3.695012629032135010e-01
-1.468576490879058838e-03 6.323090791702270508e-01 3.693879246711730957e-01
-1.555025577545166016e-03 6.349694728851318359e-01 3.692594468593597412e-01
-1.640873029828071594e-03 6.376464366912841797e-01 3.691112697124481201e-01
-1.726059243083000183e-03 6.403338909149169922e-01 3.689513504505157471e-01
-1.810578629374504089e-03 6.430296897888183594e-01 3.687819540500640869e-01
-1.895094290375709534e-03 6.457367539405822754e-01 3.685971796512603760e-01
-1.980068162083625793e-03 6.484577059745788574e-01 3.683933019638061523e-01
-2.064980566501617432e-03 6.511882543563842773e-01 3.681793212890625000e-01
-2.149684354662895203e-03 6.539257764816284180e-01 3.679602146148681641e-01
-2.234829589724540710e-03 6.566714048385620117e-01 3.677338063716888428e-01
-2.320814877748489380e-03 6.594257950782775879e-01 3.674988746643066406e-01
-2.406854182481765747e-03 6.621870398521423340e-01 3.672617077827453613e-01
-2.492742612957954407e-03 6.649534702301025391e-01 3.670296072959899902e-01
-2.579145133495330811e-03 6.677241921424865723e-01 3.668041229248046875e-01
-2.666568383574485779e-03 6.704975366592407227e-01 3.665882050991058350e-01
-2.753710374236106873e-03 6.732766032218933105e-01 3.663939833641052246e-01
-2.841344103217124939e-03 6.760631203651428223e-01 3.662132620811462402e-01
-2.930568531155586243e-03 6.788575053215026855e-01 3.660422265529632568e-01
-3.022287040948867798e-03 6.816612482070922852e-01 3.658803999423980713e-01
-3.115633502602577209e-03 6.844781041145324707e-01 3.657402694225311279e-01
-3.210825845599174500e-03 6.873102188110351562e-01 3.656241893768310547e-01
-3.308735787868499756e-03 6.901571750640869141e-01 3.655282258987426758e-01
-3.410099074244499207e-03 6.930186152458190918e-01 3.654494881629943848e-01
-3.511613234877586365e-03 6.958953142166137695e-01 3.654004335403442383e-01
-3.612434491515159607e-03 6.987873315811157227e-01 3.653825223445892334e-01
-3.714289516210556030e-03 7.016941308975219727e-01 3.653867542743682861e-01
-3.818344324827194214e-03 7.046149373054504395e-01 3.654072284698486328e-01
-3.918418660759925842e-03 7.075521349906921387e-01 3.654552996158599854e-01
-4.020426422357559204e-03 7.105054855346679688e-01 3.655249178409576416e-01
-4.123432561755180359e-03 7.134699821472167969e-01 3.656304776668548584e-01
-4.222167655825614929e-03 7.164418697357177734e-01 3.657742440700531006e-01
-4.322104156017303467e-03 7.194250226020812988e-01 3.659294843673706055e-01
-4.420313984155654907e-03 7.224079370498657227e-01 3.661094605922698975e-01
-4.515256732702255249e-03 7.253859043121337891e-01 3.663141727447509766e-01
-4.606312140822410583e-03 7.283569574356079102e-01 3.665373623371124268e-01
-4.700610414147377014e-03 7.313187122344970703e-01 3.667614161968231201e-01
-4.800565540790557861e-03 7.342699170112609863e-01 3.669862449169158936e-01
-4.903726279735565186e-03 7.372092604637145996e-01 3.672154545783996582e-01
-5.008276551961898804e-03 7.401349544525146484e-01 3.674488365650177002e-01
-5.113240331411361694e-03 7.430415749549865723e-01 3.676844835281372070e-01
-5.217118188738822937e-03 7.459292411804199219e-01 3.679252564907073975e-01
-5.318576470017433167e-03 7.488000392913818359e-01 3.681709766387939453e-01
-5.416618660092353821e-03 7.516556978225708008e-01 3.684197962284088135e-01
-5.511087365448474884e-03 7.544919252395629883e-01 3.686687946319580078e-01
-5.601633340120315552e-03 7.573101520538330078e-01 3.689199388027191162e-01
-5.687714554369449615e-03 7.601147294044494629e-01 3.691710531711578369e-01
-5.769456736743450165e-03 7.629091143608093262e-01 3.694187998771667480e-01
-5.847270600497722626e-03 7.656851410865783691e-01 3.696576654911041260e-01
-5.921465344727039337e-03 7.684439420700073242e-01 3.698885738849639893e-01
-5.991669371724128723e-03 7.711926102638244629e-01 3.701118826866149902e-01
-6.058095023036003113e-03 7.739353775978088379e-01 3.703224658966064453e-01
-6.120787933468818665e-03 7.766617536544799805e-01 3.705133199691772461e-01
-6.178812123835086823e-03 7.793724536895751953e-01 3.706854283809661865e-01
-6.232848390936851501e-03 7.820751667022705078e-01 3.708354532718658447e-01
-6.284313276410102844e-03 7.847760915756225586e-01 3.709593713283538818e-01
-6.330586038529872894e-03 7.874635457992553711e-01 3.710564076900482178e-01
-6.370964460074901581e-03 7.901383638381958008e-01 3.711251616477966309e-01
-6.406561471521854401e-03 7.928102612495422363e-01 3.711622059345245361e-01
-6.438214331865310669e-03 7.954858541488647461e-01 3.711650967597961426e-01
-6.464575417339801788e-03 7.981572747230529785e-01 3.711360096931457520e-01
-6.485374644398689270e-03 8.008272051811218262e-01 3.710750341415405273e-01
-6.501564756035804749e-03 8.035048246383666992e-01 3.709788024425506592e-01
-6.513703614473342896e-03 8.061965703964233398e-01 3.708452284336090088e-01
-6.521385163068771362e-03 8.088970184326171875e-01 3.706822991371154785e-01
-6.524649448692798615e-03 8.116078376770019531e-01 3.704913854598999023e-01
-6.524313241243362427e-03 8.143353462219238281e-01 3.702694177627563477e-01
-6.521063856780529022e-03 8.170837759971618652e-01 3.700166046619415283e-01
-6.517544388771057129e-03 8.198541402816772461e-01 3.697493374347686768e-01
-6.515201181173324585e-03 8.226456642150878906e-01 3.694731891155242920e-01
-6.513860076665878296e-03 8.254556059837341309e-01 3.691900968551635742e-01
-6.513673812150955200e-03 8.282807469367980957e-01 3.689065873622894287e-01
-6.514398381114006042e-03 8.311137557029724121e-01 3.686608374118804932e-01
-6.518019363284111023e-03 8.339570164680480957e-01 3.684608042240142822e-01
-6.525626406073570251e-03 8.368138670921325684e-01 3.683027923107147217e-01
-6.538089364767074585e-03 8.396868705749511719e-01 3.681855797767639160e-01
-6.551619619131088257e-03 8.425777554512023926e-01 3.681204319000244141e-01
-6.567416712641716003e-03 8.454889655113220215e-01 3.681066036224365234e-01
-6.586194038391113281e-03 8.484116792678833008e-01 3.681651651859283447e-01
-6.605522707104682922e-03 8.513413667678833008e-01 3.682926595211029053e-01
-6.627850234508514404e-03 8.542689681053161621e-01 3.684907853603363037e-01
-6.654395721852779388e-03 8.571848273277282715e-01 3.687604069709777832e-01
-6.684504449367523193e-03 8.600832819938659668e-01 3.690989017486572266e-01
-6.718644872307777405e-03 8.629601597785949707e-01 3.694934546947479248e-01
-6.766602396965026855e-03 8.658194541931152344e-01 3.699020147323608398e-01
-6.832256913185119629e-03 8.686636686325073242e-01 3.703103959560394287e-01
-6.913809105753898621e-03 8.714929223060607910e-01 3.707208037376403809e-01
-7.010066881775856018e-03 8.743065595626831055e-01 3.711318373680114746e-01
-7.122674956917762756e-03 8.771011829376220703e-01 3.715157210826873779e-01
-7.251033559441566467e-03 8.798758387565612793e-01 3.718637526035308838e-01
-7.392795756459236145e-03 8.826315402984619141e-01 3.721802234649658203e-01
-7.545657455921173096e-03 8.853687047958374023e-01 3.724666535854339600e-01
-7.707163691520690918e-03 8.880818486213684082e-01 3.727076649665832520e-01
-7.873537018895149231e-03 8.907715082168579102e-01 3.729019165039062500e-01
-8.041376248002052307e-03 8.934416174888610840e-01 3.730545341968536377e-01
-8.208014070987701416e-03 8.960942625999450684e-01 3.731672465801239014e-01
-8.372950367629528046e-03 8.987280130386352539e-01 3.732385039329528809e-01
-8.534850552678108215e-03 9.013450741767883301e-01 3.732728660106658936e-01
-8.691467344760894775e-03 9.039491415023803711e-01 3.732739090919494629e-01
-8.840916678309440613e-03 9.065429568290710449e-01 3.732435107231140137e-01
-8.984734304249286652e-03 9.091244935989379883e-01 3.731832802295684814e-01
-9.123478084802627563e-03 9.116958975791931152e-01 3.730972409248352051e-01
-9.256254881620407104e-03 9.142631292343139648e-01 3.729936778545379639e-01
-9.382707998156547546e-03 9.168283939361572266e-01 3.728760480880737305e-01
-9.504511952400207520e-03 9.193888306617736816e-01 3.727490007877349854e-01
-9.623064659535884857e-03 9.219458699226379395e-01 3.726173937320709229e-01
-9.738684631884098053e-03 9.245027899742126465e-01 3.724834322929382324e-01
-9.851917624473571777e-03 9.270617961883544922e-01 3.723488152027130127e-01
-9.963564574718475342e-03 9.296213388442993164e-01 3.722161650657653809e-01
-1.007461827248334885e-02 9.321823716163635254e-01 3.720884323120117188e-01
-1.018592528998851776e-02 9.347476363182067871e-01 3.719657957553863525e-01
-1.029819063842296600e-02 9.373189210891723633e-01 3.718483746051788330e-01
-1.041103713214397430e-02 9.398949146270751953e-01 3.717348575592041016e-01
-1.052450761198997498e-02 9.424759149551391602e-01 3.716268837451934814e-01
-1.063953246921300888e-02 9.450644254684448242e-01 3.715237677097320557e-01
-1.075689680874347687e-02 9.476628303527832031e-01 3.714245557785034180e-01
-1.087439619004726410e-02 9.502684473991394043e-01 3.713251054286956787e-01
-1.099148578941822052e-02 9.528821706771850586e-01 3.712231218814849854e-01
-1.110905967652797699e-02 9.555072784423828125e-01 3.711175620555877686e-01
-1.122786477208137512e-02 9.581459164619445801e-01 3.710059225559234619e-01
-1.134551875293254852e-02 9.607949256896972656e-01 3.708864152431488037e-01
-1.146108843386173248e-02 9.634540081024169922e-01 3.707556426525115967e-01
-1.157557126134634018e-02 9.661271572113037109e-01 3.706105053424835205e-01
-1.168970763683319092e-02 9.688171148300170898e-01 3.704472780227661133e-01
-1.180297508835792542e-02 9.715186357498168945e-01 3.702715635299682617e-01
-1.191511750221252441e-02 9.742288589477539062e-01 3.700844645500183105e-01
-1.202680170536041260e-02 9.769510030746459961e-01 3.698811829090118408e-01
-1.213867403566837311e-02 9.796879887580871582e-01 3.696584105491638184e-01
-1.224995963275432587e-02 9.824345707893371582e-01 3.694248497486114502e-01
-1.236050948500633240e-02 9.851879477500915527e-01 3.691854178905487061e-01
-1.247090194374322891e-02 9.879490137100219727e-01 3.689382672309875488e-01
-1.258166600018739700e-02 9.907181859016418457e-01 3.686822056770324707e-01
-1.269150339066982269e-02 9.934937953948974609e-01 3.684234023094177246e-01
-1.279992517083883286e-02 9.962736964225769043e-01 3.681691884994506836e-01
-1.290778722614049911e-02 9.990563392639160156e-01 3.679212331771850586e-01
-1.301566977053880692e-02 1.001840949058532715e+00 3.676824867725372314e-01
-1.312231272459030151e-02 1.004629850387573242e+00 3.674650490283966064e-01
-1.322844158858060837e-02 1.007424354553222656e+00 3.672650754451751709e-01
-1.333541981875896454e-02 1.010224580764770508e+00 3.670767545700073242e-01
-1.344421319663524628e-02 1.013032317161560059e+00 3.668999671936035156e-01
-1.355421636253595352e-02 1.015851259231567383e+00 3.667452335357666016e-01
-1.366559974849224091e-02 1.018683671951293945e+00 3.666154742240905762e-01
-1.377927511930465698e-02 1.021529316902160645e+00 3.665072321891784668e-01
-1.389602478593587875e-02 1.024387717247009277e+00 3.664172887802124023e-01
-1.401391439139842987e-02 1.027259707450866699e+00 3.663578629493713379e-01
-1.413258723914623260e-02 1.030145049095153809e+00 3.663315474987030029e-01
-1.425347011536359787e-02 1.033043980598449707e+00 3.663298487663269043e-01
-1.437738351523876190e-02 1.035955190658569336e+00 3.663476407527923584e-01
-1.449763216078281403e-02 1.038880825042724609e+00 3.663974106311798096e-01
-1.461330801248550415e-02 1.041820645332336426e+00 3.664687275886535645e-01
-1.473366189748048782e-02 1.044772267341613770e+00 3.665524721145629883e-01
-1.485346723347902298e-02 1.047731757164001465e+00 3.666689991950988770e-01
-1.497557200491428375e-02 1.050702929496765137e+00 3.668042123317718506e-01
-1.510031521320343018e-02 1.053681969642639160e+00 3.669516146183013916e-01
-1.522142719477415085e-02 1.056654572486877441e+00 3.671380877494812012e-01
-1.533826440572738647e-02 1.059619307518005371e+00 3.673553168773651123e-01
-1.545760594308376312e-02 1.062574625015258789e+00 3.675786256790161133e-01
-1.558184623718261719e-02 1.065518975257873535e+00 3.678025305271148682e-01
-1.570902019739151001e-02 1.068449854850769043e+00 3.680292963981628418e-01
-1.583739370107650757e-02 1.071366429328918457e+00 3.682585656642913818e-01
-1.596659049391746521e-02 1.074262857437133789e+00 3.684881329536437988e-01
-1.609511114656925201e-02 1.077139735221862793e+00 3.687223196029663086e-01
-1.622161269187927246e-02 1.079999685287475586e+00 3.689614236354827881e-01
-1.634498499333858490e-02 1.082844734191894531e+00 3.692045807838439941e-01
-1.646576449275016785e-02 1.085669159889221191e+00 3.694477975368499756e-01
-1.658385805785655975e-02 1.088475346565246582e+00 3.696942031383514404e-01
-1.669825240969657898e-02 1.091268181800842285e+00 3.699437677860260010e-01
-1.680842600762844086e-02 1.094049930572509766e+00 3.701916337013244629e-01
-1.691564172506332397e-02 1.096813201904296875e+00 3.704286217689514160e-01
-1.701977103948593140e-02 1.099558949470520020e+00 3.706576526165008545e-01
-1.712035015225410461e-02 1.102294564247131348e+00 3.708786368370056152e-01
-1.721688732504844666e-02 1.105024576187133789e+00 3.710880279541015625e-01
-1.730810478329658508e-02 1.107737660408020020e+00 3.712756633758544922e-01
-1.739380881190299988e-02 1.110434889793395996e+00 3.714394569396972656e-01
-1.747473329305648804e-02 1.113124251365661621e+00 3.715778291225433350e-01
-1.755152083933353424e-02 1.115811944007873535e+00 3.716882467269897461e-01
-1.762247830629348755e-02 1.118486285209655762e+00 3.717701137065887451e-01
-1.768715679645538330e-02 1.121148347854614258e+00 3.718226850032806396e-01
-1.774656027555465698e-02 1.123807787895202637e+00 3.718425035476684570e-01
-1.780147850513458252e-02 1.126471281051635742e+00 3.718271851539611816e-01
-1.785137876868247986e-02 1.129132270812988281e+00 3.717800378799438477e-01
-1.789637096226215363e-02 1.131793260574340820e+00 3.717018067836761475e-01
-1.793729327619075775e-02 1.134463787078857422e+00 3.715892732143402100e-01
-1.797479391098022461e-02 1.137150049209594727e+00 3.714406192302703857e-01
-1.800816692411899567e-02 1.139846444129943848e+00 3.712636828422546387e-01
-1.803747378289699554e-02 1.142555236816406250e+00 3.710597455501556396e-01
-1.806366629898548126e-02 1.145281314849853516e+00 3.708259761333465576e-01
-1.808749511837959290e-02 1.148029565811157227e+00 3.705629706382751465e-01
-1.811155118048191071e-02 1.150799870491027832e+00 3.702881634235382080e-01
-1.813743449747562408e-02 1.153591036796569824e+00 3.700074851512908936e-01
-1.816500723361968994e-02 1.156401038169860840e+00 3.697231411933898926e-01
-1.819409057497978210e-02 1.159224748611450195e+00 3.694438636302947998e-01
-1.822396554052829742e-02 1.162055134773254395e+00 3.692091405391693115e-01
-1.825691945850849152e-02 1.164897084236145020e+00 3.690205514430999756e-01
-1.829430460929870605e-02 1.167753696441650391e+00 3.688730895519256592e-01
-1.833710633218288422e-02 1.170627713203430176e+00 3.687650263309478760e-01
-1.838229969143867493e-02 1.173520207405090332e+00 3.687085509300231934e-01
-1.843153685331344604e-02 1.176426887512207031e+00 3.687343001365661621e-01
-1.848135516047477722e-02 1.179338693618774414e+00 3.688417375087738037e-01
-1.853156276047229767e-02 1.182253479957580566e+00 3.690232634544372559e-01
-1.858452707529067993e-02 1.185164451599121094e+00 3.692741692066192627e-01
-1.864150539040565491e-02 1.188064217567443848e+00 3.695905208587646484e-01
-1.870207674801349640e-02 1.190947055816650391e+00 3.699689209461212158e-01
-1.876794174313545227e-02 1.193810939788818359e+00 3.703878819942474365e-01
-1.884799078106880188e-02 1.196658253669738770e+00 3.708150386810302734e-01
-1.894593611359596252e-02 1.199491143226623535e+00 3.712385594844818115e-01
-1.906009949743747711e-02 1.202308893203735352e+00 3.716599047183990479e-01
-1.918915286660194397e-02 1.205111861228942871e+00 3.720778524875640869e-01
-1.933427900075912476e-02 1.207895040512084961e+00 3.724654614925384521e-01
-1.949463784694671631e-02 1.210656285285949707e+00 3.728133440017700195e-01
-1.966759562492370605e-02 1.213397979736328125e+00 3.731267154216766357e-01
-1.985072717070579529e-02 1.216121435165405273e+00 3.734084367752075195e-01
-2.004128508269786835e-02 1.218820333480834961e+00 3.736441731452941895e-01
-2.023557573556900024e-02 1.221495628356933594e+00 3.738336861133575439e-01
-2.043043449521064758e-02 1.224150896072387695e+00 3.739821314811706543e-01
-2.062326669692993164e-02 1.226788878440856934e+00 3.740913569927215576e-01
-2.081383392214775085e-02 1.229408144950866699e+00 3.741605281829833984e-01
-2.100094035267829895e-02 1.232010602951049805e+00 3.741937577724456787e-01
-2.118249237537384033e-02 1.234600186347961426e+00 3.741949498653411865e-01
-2.135685831308364868e-02 1.237179756164550781e+00 3.741658627986907959e-01
-2.152548916637897491e-02 1.239746689796447754e+00 3.741077780723571777e-01
-2.168896980583667755e-02 1.242303967475891113e+00 3.740247488021850586e-01
-2.184639871120452881e-02 1.244855880737304688e+00 3.739195764064788818e-01
-2.199764549732208252e-02 1.247406601905822754e+00 3.738011121749877930e-01
-2.214416302740573883e-02 1.249952554702758789e+00 3.736728131771087646e-01
-2.228735573589801788e-02 1.252495169639587402e+00 3.735401630401611328e-01
-2.242759987711906433e-02 1.255037665367126465e+00 3.734051883220672607e-01
-2.256546169519424438e-02 1.257582426071166992e+00 3.732692003250122070e-01
-2.270178124308586121e-02 1.260127663612365723e+00 3.731349706649780273e-01
-2.283745072782039642e-02 1.262674450874328613e+00 3.730055391788482666e-01
-2.297350578010082245e-02 1.265225887298583984e+00 3.728809654712677002e-01
-2.311063557863235474e-02 1.267783641815185547e+00 3.727608919143676758e-01
-2.324839681386947632e-02 1.270345687866210938e+00 3.726458847522735596e-01
-2.338702976703643799e-02 1.272913098335266113e+00 3.725360035896301270e-01
-2.352752909064292908e-02 1.275487780570983887e+00 3.724309802055358887e-01
-2.367059886455535889e-02 1.278073072433471680e+00 3.723298609256744385e-01
-2.381418272852897644e-02 1.280665278434753418e+00 3.722285032272338867e-01
-2.395773306488990784e-02 1.283265829086303711e+00 3.721246123313903809e-01
-2.410223148763179779e-02 1.285878300666809082e+00 3.720166087150573730e-01
-2.424838952720165253e-02 1.288503885269165039e+00 3.719037771224975586e-01
-2.439386397600173950e-02 1.291140079498291016e+00 3.717827498912811279e-01
-2.453781664371490479e-02 1.293786406517028809e+00 3.716503977775573730e-01
-2.468118071556091309e-02 1.296446681022644043e+00 3.715039789676666260e-01
-2.482479065656661987e-02 1.299124121665954590e+00 3.713399171829223633e-01
-2.496778592467308044e-02 1.301812887191772461e+00 3.711628615856170654e-01
-2.510994300246238708e-02 1.304510831832885742e+00 3.709731400012969971e-01
-2.525187283754348755e-02 1.307221293449401855e+00 3.707679510116577148e-01
-2.539430931210517883e-02 1.309946179389953613e+00 3.705430328845977783e-01
-2.553634718060493469e-02 1.312681198120117188e+00 3.703067004680633545e-01
-2.567763254046440125e-02 1.315423607826232910e+00 3.700639009475708008e-01
-2.581890672445297241e-02 1.318173885345458984e+00 3.698132336139678955e-01
-2.596073597669601440e-02 1.320932745933532715e+00 3.695531785488128662e-01
-2.610152773559093475e-02 1.323698520660400391e+00 3.692918419837951660e-01
-2.624090760946273804e-02 1.326468348503112793e+00 3.690352439880371094e-01
-2.637961134314537048e-02 1.329241037368774414e+00 3.687858879566192627e-01
-2.651844546198844910e-02 1.332015991210937500e+00 3.685465455055236816e-01
-2.665604650974273682e-02 1.334795117378234863e+00 3.683298230171203613e-01
-2.679353952407836914e-02 1.337579846382141113e+00 3.681280016899108887e-01
-2.693193592131137848e-02 1.340371489524841309e+00 3.679396808147430420e-01
-2.707253582775592804e-02 1.343170404434204102e+00 3.677622377872467041e-01
-2.721469476819038391e-02 1.345981597900390625e+00 3.676075637340545654e-01
-2.735861390829086304e-02 1.348805785179138184e+00 3.674786686897277832e-01
-2.750518731772899628e-02 1.351643562316894531e+00 3.673718869686126709e-01
-2.765536680817604065e-02 1.354493975639343262e+00 3.672825396060943604e-01
-2.780679054558277130e-02 1.357358217239379883e+00 3.672270476818084717e-01
-2.795965783298015594e-02 1.360236406326293945e+00 3.672039210796356201e-01
-2.811514027416706085e-02 1.363127708435058594e+00 3.672052919864654541e-01
-2.827417477965354919e-02 1.366031765937805176e+00 3.672262430191040039e-01
-2.843019366264343262e-02 1.368950843811035156e+00 3.672783970832824707e-01
-2.858252264559268951e-02 1.371883749961853027e+00 3.673494160175323486e-01
-2.874119579792022705e-02 1.374829053878784180e+00 3.674384951591491699e-01
-2.889907732605934143e-02 1.377781987190246582e+00 3.675603568553924561e-01
-2.905976772308349609e-02 1.380746126174926758e+00 3.676981925964355469e-01
-2.922267839312553406e-02 1.383715867996215820e+00 3.678505122661590576e-01
-2.938248589634895325e-02 1.386679172515869141e+00 3.680378794670104980e-01
-2.953875251114368439e-02 1.389634847640991211e+00 3.682517111301422119e-01
-2.969780564308166504e-02 1.392580628395080566e+00 3.684692382812500000e-01
-2.986182086169719696e-02 1.395515918731689453e+00 3.686862885951995850e-01
-3.002863936126232147e-02 1.398438215255737305e+00 3.689057528972625732e-01
-3.019658103585243225e-02 1.401346683502197266e+00 3.691272735595703125e-01
-3.036500327289104462e-02 1.404235005378723145e+00 3.693496584892272949e-01
-3.053242713212966919e-02 1.407104372978210449e+00 3.695775568485260010e-01
-3.069733269512653351e-02 1.409957528114318848e+00 3.698116242885589600e-01
-3.085889108479022980e-02 1.412796497344970703e+00 3.700491487979888916e-01
-3.101750835776329041e-02 1.415615200996398926e+00 3.702863454818725586e-01
-3.117319382727146149e-02 1.418415784835815430e+00 3.705263733863830566e-01
-3.132500126957893372e-02 1.421203851699829102e+00 3.707697987556457520e-01
-3.147214278578758240e-02 1.423982262611389160e+00 3.710136413574218750e-01
-3.161477297544479370e-02 1.426741361618041992e+00 3.712436258792877197e-01
-3.175299987196922302e-02 1.429482579231262207e+00 3.714602887630462646e-01
-3.188667818903923035e-02 1.432213902473449707e+00 3.716644048690795898e-01
-3.201567754149436951e-02 1.434939503669738770e+00 3.718527853488922119e-01
-3.213931992650032043e-02 1.437648415565490723e+00 3.720185458660125732e-01
-3.225678205490112305e-02 1.440340995788574219e+00 3.721610605716705322e-01
-3.236910328269004822e-02 1.443026185035705566e+00 3.722768723964691162e-01
-3.247714042663574219e-02 1.445709466934204102e+00 3.723627328872680664e-01
-3.257918357849121094e-02 1.448380351066589355e+00 3.724188208580017090e-01
-3.267492353916168213e-02 1.451041579246520996e+00 3.724448978900909424e-01
-3.276541456580162048e-02 1.453701734542846680e+00 3.724374771118164062e-01
-3.285142406821250916e-02 1.456368088722229004e+00 3.723944127559661865e-01
-3.293298184871673584e-02 1.459034442901611328e+00 3.723206222057342529e-01
-3.301036730408668518e-02 1.461703419685363770e+00 3.722174763679504395e-01
-3.308445587754249573e-02 1.464383363723754883e+00 3.720818459987640381e-01
-3.315588459372520447e-02 1.467080950736999512e+00 3.719119727611541748e-01
-3.322385251522064209e-02 1.469791650772094727e+00 3.717158436775207520e-01
-3.328841179609298706e-02 1.472515821456909180e+00 3.714944720268249512e-01
-3.335054963827133179e-02 1.475259184837341309e+00 3.712454140186309814e-01
-3.341099992394447327e-02 1.478024482727050781e+00 3.709701001644134521e-01
-3.347261250019073486e-02 1.480811953544616699e+00 3.706870675086975098e-01
-3.353710472583770752e-02 1.483620524406433105e+00 3.704033792018890381e-01
-3.360426425933837891e-02 1.486446976661682129e+00 3.701217770576477051e-01
-3.367262706160545349e-02 1.489283084869384766e+00 3.698600828647613525e-01
-3.374193236231803894e-02 1.492127299308776855e+00 3.696441054344177246e-01
-3.381412848830223083e-02 1.494986295700073242e+00 3.694751858711242676e-01
-3.389070183038711548e-02 1.497862219810485840e+00 3.693464100360870361e-01
-3.397288545966148376e-02 1.500755786895751953e+00 3.692555427551269531e-01
-3.405990451574325562e-02 1.503662705421447754e+00 3.692454099655151367e-01
-3.414847701787948608e-02 1.506572961807250977e+00 3.693307638168334961e-01
-3.423780202865600586e-02 1.509482264518737793e+00 3.695048689842224121e-01
-3.432717174291610718e-02 1.512387514114379883e+00 3.697608709335327148e-01
-3.441933542490005493e-02 1.515286087989807129e+00 3.700832128524780273e-01
-3.451644629240036011e-02 1.518171787261962891e+00 3.704608380794525146e-01
-3.461990505456924438e-02 1.521040678024291992e+00 3.708766400814056396e-01
-3.473072871565818787e-02 1.523891568183898926e+00 3.713158369064331055e-01
-3.485694527626037598e-02 1.526725769042968750e+00 3.717516958713531494e-01
-3.500159084796905518e-02 1.529545068740844727e+00 3.721764385700225830e-01
-3.516270965337753296e-02 1.532348990440368652e+00 3.725930452346801758e-01
-3.533871471881866455e-02 1.535137534141540527e+00 3.730012178421020508e-01
-3.552981838583946228e-02 1.537903904914855957e+00 3.733730614185333252e-01
-3.573421761393547058e-02 1.540646791458129883e+00 3.736992478370666504e-01
-3.594867885112762451e-02 1.543370366096496582e+00 3.739879727363586426e-01
-3.617061302065849304e-02 1.546074986457824707e+00 3.742429912090301514e-01
-3.639721125364303589e-02 1.548756003379821777e+00 3.744530677795410156e-01
-3.662510216236114502e-02 1.551414370536804199e+00 3.746190965175628662e-01
-3.685136511921882629e-02 1.554054260253906250e+00 3.747459948062896729e-01
-3.707380220293998718e-02 1.556677937507629395e+00 3.748351335525512695e-01
-3.729261085391044617e-02 1.559283733367919922e+00 3.748865425586700439e-01
-3.750719130039215088e-02 1.561873793601989746e+00 3.749043643474578857e-01
-3.771573305130004883e-02 1.564451932907104492e+00 3.748918473720550537e-01
-3.791677951812744141e-02 1.567020535469055176e+00 3.748505711555480957e-01
-3.811182081699371338e-02 1.569578170776367188e+00 3.747820854187011719e-01
-3.830146789550781250e-02 1.572127223014831543e+00 3.746903538703918457e-01
-3.848534822463989258e-02 1.574672341346740723e+00 3.745793998241424561e-01
-3.866324573755264282e-02 1.577216267585754395e+00 3.744566142559051514e-01
-3.883668780326843262e-02 1.579756498336791992e+00 3.743247091770172119e-01
-3.900696709752082825e-02 1.582293987274169922e+00 3.741892278194427490e-01
-3.917470201849937439e-02 1.584831833839416504e+00 3.740516901016235352e-01
-3.934040665626525879e-02 1.587372541427612305e+00 3.739134669303894043e-01
-3.950479999184608459e-02 1.589914560317993164e+00 3.737776875495910645e-01
-3.966897726058959961e-02 1.592458248138427734e+00 3.736464083194732666e-01
-3.983379900455474854e-02 1.595006585121154785e+00 3.735199868679046631e-01
-4.000005125999450684e-02 1.597562074661254883e+00 3.733978867530822754e-01
-4.016704112291336060e-02 1.600122094154357910e+00 3.732802271842956543e-01
-4.033513367176055908e-02 1.602687597274780273e+00 3.731670379638671875e-01
-4.050519317388534546e-02 1.605261206626892090e+00 3.730577230453491211e-01
-4.067790508270263672e-02 1.607845067977905273e+00 3.729515969753265381e-01
-4.085134342312812805e-02 1.610436558723449707e+00 3.728440701961517334e-01
-4.102475196123123169e-02 1.613036751747131348e+00 3.727328479290008545e-01
-4.119924828410148621e-02 1.615648865699768066e+00 3.726164698600769043e-01
-4.137551039457321167e-02 1.618274450302124023e+00 3.724939823150634766e-01
-4.155129939317703247e-02 1.620910882949829102e+00 3.723620474338531494e-01
-4.172578826546669006e-02 1.623558282852172852e+00 3.722181618213653564e-01
-4.189999774098396301e-02 1.626219272613525391e+00 3.720591664314270020e-01
-4.207476973533630371e-02 1.628897070884704590e+00 3.718815147876739502e-01
-4.224914312362670898e-02 1.631586313247680664e+00 3.716905415058135986e-01
-4.242283105850219727e-02 1.634284853935241699e+00 3.714872896671295166e-01
-4.259645193815231323e-02 1.636995315551757812e+00 3.712693154811859131e-01
-4.277089238166809082e-02 1.639719843864440918e+00 3.710328638553619385e-01
-4.294490441679954529e-02 1.642453789710998535e+00 3.707855343818664551e-01
-4.311804473400115967e-02 1.645194292068481445e+00 3.705320060253143311e-01
-4.329115152359008789e-02 1.647942781448364258e+00 3.702717721462249756e-01
-4.346482083201408386e-02 1.650699734687805176e+00 3.700038492679595947e-01
-4.363725334405899048e-02 1.653462409973144531e+00 3.697376847267150879e-01
-4.380799829959869385e-02 1.656229376792907715e+00 3.694798350334167480e-01
-4.397794604301452637e-02 1.658999204635620117e+00 3.692328929901123047e-01
-4.414793103933334351e-02 1.661770462989807129e+00 3.690000772476196289e-01
-4.431736469268798828e-02 1.664545774459838867e+00 3.687885105609893799e-01
-4.448736086487770081e-02 1.667328596115112305e+00 3.685913085937500000e-01
-4.465892538428306580e-02 1.670119881629943848e+00 3.684089481830596924e-01
-4.483331367373466492e-02 1.672919631004333496e+00 3.682389855384826660e-01
-4.500987380743026733e-02 1.675732254981994629e+00 3.680935502052307129e-01
-4.518873244524002075e-02 1.678558945655822754e+00 3.679759502410888672e-01
-4.537095502018928528e-02 1.681399345397949219e+00 3.678812980651855469e-01
-4.555731266736984253e-02 1.684252858161926270e+00 3.678063750267028809e-01
-4.574490338563919067e-02 1.687120437622070312e+00 3.677664697170257568e-01
-4.593366011977195740e-02 1.690001726150512695e+00 3.677591383457183838e-01
-4.612496495246887207e-02 1.692896723747253418e+00 3.677758574485778809e-01
-4.631990939378738403e-02 1.695803403854370117e+00 3.678109347820281982e-01
-4.651267826557159424e-02 1.698726296424865723e+00 3.678738772869110107e-01
-4.670780152082443237e-02 1.701663613319396973e+00 3.679528534412384033e-01
-4.690686240792274475e-02 1.704610943794250488e+00 3.680649697780609131e-01
-4.710362851619720459e-02 1.707565426826477051e+00 3.682122528553009033e-01
-4.730382561683654785e-02 1.710528731346130371e+00 3.683651387691497803e-01
-4.750365018844604492e-02 1.713488101959228516e+00 3.685402274131774902e-01
-4.770200699567794800e-02 1.716439604759216309e+00 3.687343299388885498e-01
-4.789840057492256165e-02 1.719382762908935547e+00 3.689422607421875000e-01
-4.809822142124176025e-02 1.722314357757568359e+00 3.691454827785491943e-01
-4.830275475978851318e-02 1.725233793258666992e+00 3.693455457687377930e-01
-4.850993305444717407e-02 1.728139519691467285e+00 3.695458173751831055e-01
-4.871793463826179504e-02 1.731030821800231934e+00 3.697485029697418213e-01
-4.892610386013984680e-02 1.733902812004089355e+00 3.699542284011840820e-01
-4.913318157196044922e-02 1.736756443977355957e+00 3.701686263084411621e-01
-4.933774098753929138e-02 1.739595293998718262e+00 3.703927099704742432e-01
-4.953878745436668396e-02 1.742421150207519531e+00 3.706223368644714355e-01
-4.973679780960083008e-02 1.745226979255676270e+00 3.708509206771850586e-01
-4.993158578872680664e-02 1.748014688491821289e+00 3.710824549198150635e-01
-5.012238025665283203e-02 1.750790953636169434e+00 3.713175356388092041e-01
-5.030832439661026001e-02 1.753558516502380371e+00 3.715539872646331787e-01
-5.048938095569610596e-02 1.756307721138000488e+00 3.717769980430603027e-01
-5.066568404436111450e-02 1.759040713310241699e+00 3.719854652881622314e-01
-5.083720386028289795e-02 1.761764526367187500e+00 3.721796274185180664e-01
-5.100378394126892090e-02 1.764484167098999023e+00 3.723562359809875488e-01
-5.116362869739532471e-02 1.767187714576721191e+00 3.725081980228424072e-01
-5.131641775369644165e-02 1.769876003265380859e+00 3.726328611373901367e-01
-5.146358534693717957e-02 1.772556900978088379e+00 3.727273643016815186e-01
-5.160586163401603699e-02 1.775237917900085449e+00 3.727892041206359863e-01
-5.174178257584571838e-02 1.777908921241760254e+00 3.728197515010833740e-01
-5.187134444713592529e-02 1.780571222305297852e+00 3.728193342685699463e-01
-5.199565738439559937e-02 1.783234357833862305e+00 3.727845251560211182e-01
-5.211564153432846069e-02 1.785906553268432617e+00 3.727130591869354248e-01
-5.223140865564346313e-02 1.788581490516662598e+00 3.726117312908172607e-01
-5.234362185001373291e-02 1.791261553764343262e+00 3.724823296070098877e-01
-5.245315656065940857e-02 1.793954849243164062e+00 3.723219335079193115e-01
-5.256070569157600403e-02 1.796667814254760742e+00 3.721290826797485352e-01
-5.266568064689636230e-02 1.799396872520446777e+00 3.719122409820556641e-01
-5.276824533939361572e-02 1.802142739295959473e+00 3.716725707054138184e-01
-5.286933854222297668e-02 1.804908871650695801e+00 3.714083731174468994e-01
-5.296958982944488525e-02 1.807696700096130371e+00 3.711222112178802490e-01
-5.307223647832870483e-02 1.810506582260131836e+00 3.708340525627136230e-01
-5.317912995815277100e-02 1.813335895538330078e+00 3.705522119998931885e-01
-5.328929051756858826e-02 1.816179990768432617e+00 3.702855110168457031e-01
-5.340168997645378113e-02 1.819031238555908203e+00 3.700506687164306641e-01
-5.351529642939567566e-02 1.821895360946655273e+00 3.698636293411254883e-01
-5.363115668296813965e-02 1.824776053428649902e+00 3.697237074375152588e-01
-5.375208705663681030e-02 1.827674865722656250e+00 3.696299791336059570e-01
-5.387768894433975220e-02 1.830586910247802734e+00 3.695992529392242432e-01
-5.400521308183670044e-02 1.833505868911743164e+00 3.696471154689788818e-01
-5.413338914513587952e-02 1.836424589157104492e+00 3.697802126407623291e-01
-5.426160246133804321e-02 1.839337825775146484e+00 3.699923157691955566e-01
-5.438890308141708374e-02 1.842242002487182617e+00 3.702796399593353271e-01
-5.452022701501846313e-02 1.845134854316711426e+00 3.706258833408355713e-01
-5.465993285179138184e-02 1.848012328147888184e+00 3.710148334503173828e-01
-5.481018871068954468e-02 1.850872397422790527e+00 3.714236021041870117e-01
-5.497062951326370239e-02 1.853713154792785645e+00 3.718490600585937500e-01
-5.514746159315109253e-02 1.856535434722900391e+00 3.722640275955200195e-01
-5.534257739782333374e-02 1.859341382980346680e+00 3.726598024368286133e-01
-5.555370450019836426e-02 1.862130761146545410e+00 3.730408549308776855e-01
-5.577918142080307007e-02 1.864903450012207031e+00 3.734070062637329102e-01
-5.601811408996582031e-02 1.867650747299194336e+00 3.737310171127319336e-01
-5.626779049634933472e-02 1.870372056961059570e+00 3.740047514438629150e-01
-5.652450770139694214e-02 1.873072385787963867e+00 3.742385506629943848e-01
-5.678541958332061768e-02 1.875754237174987793e+00 3.744377493858337402e-01
-5.704800039529800415e-02 1.878413200378417969e+00 3.745942711830139160e-01
-5.730947107076644897e-02 1.881051182746887207e+00 3.747102022171020508e-01
-5.756722390651702881e-02 1.883670806884765625e+00 3.747899532318115234e-01
-5.781912058591842651e-02 1.886276483535766602e+00 3.748353719711303711e-01
-5.806600302457809448e-02 1.888865232467651367e+00 3.748462498188018799e-01
-5.830778926610946655e-02 1.891438961029052734e+00 3.748267292976379395e-01
-5.854298919439315796e-02 1.894001483917236328e+00 3.747797906398773193e-01
-5.877038091421127319e-02 1.896557092666625977e+00 3.747067153453826904e-01
-5.899136886000633240e-02 1.899102091789245605e+00 3.746094405651092529e-01
-5.920723825693130493e-02 1.901641368865966797e+00 3.744959831237792969e-01
-5.941769480705261230e-02 1.904177904129028320e+00 3.743711113929748535e-01
-5.962281674146652222e-02 1.906713843345642090e+00 3.742364943027496338e-01
-5.982389673590660095e-02 1.909246921539306641e+00 3.740960061550140381e-01
-6.002242118120193481e-02 1.911777377128601074e+00 3.739537596702575684e-01
-6.021904945373535156e-02 1.914308667182922363e+00 3.738114535808563232e-01
-6.041447818279266357e-02 1.916843652725219727e+00 3.736706674098968506e-01
-6.060933321714401245e-02 1.919380545616149902e+00 3.735329806804656982e-01
-6.080445647239685059e-02 1.921920061111450195e+00 3.734008967876434326e-01
-6.100078672170639038e-02 1.924464344978332520e+00 3.732744455337524414e-01
-6.119903549551963806e-02 1.927015781402587891e+00 3.731536865234375000e-01
-6.139827519655227661e-02 1.929572463035583496e+00 3.730367720127105713e-01
-6.159862503409385681e-02 1.932135701179504395e+00 3.729233145713806152e-01
-6.180097162723541260e-02 1.934707045555114746e+00 3.728128969669342041e-01
-6.200615316629409790e-02 1.937289118766784668e+00 3.727042973041534424e-01
-6.221185624599456787e-02 1.939879655838012695e+00 3.725931942462921143e-01
-6.241738423705101013e-02 1.942478537559509277e+00 3.724765777587890625e-01
-6.262367963790893555e-02 1.945090413093566895e+00 3.723544478416442871e-01
-6.283167749643325806e-02 1.947716593742370605e+00 3.722240030765533447e-01
-6.303929537534713745e-02 1.950353503227233887e+00 3.720831274986267090e-01
-6.324572116136550903e-02 1.953001856803894043e+00 3.719293177127838135e-01
-6.345201283693313599e-02 1.955663204193115234e+00 3.717592954635620117e-01
-6.365907192230224609e-02 1.958342432975769043e+00 3.715692460536956787e-01
-6.386599689722061157e-02 1.961032867431640625e+00 3.713656365871429443e-01
-6.407247483730316162e-02 1.963732242584228516e+00 3.711522221565246582e-01
-6.427929550409317017e-02 1.966442704200744629e+00 3.709253668785095215e-01
-6.448723375797271729e-02 1.969166517257690430e+00 3.706817626953125000e-01
-6.469491124153137207e-02 1.971899271011352539e+00 3.704281747341156006e-01
-6.490190327167510986e-02 1.974639058113098145e+00 3.701696097850799561e-01
-6.510896235704421997e-02 1.977385401725769043e+00 3.699051141738891602e-01
-6.531660258769989014e-02 1.980139136314392090e+00 3.696363270282745361e-01
-6.552314013242721558e-02 1.982899069786071777e+00 3.693719506263732910e-01
-6.572809815406799316e-02 1.985662817955017090e+00 3.691191971302032471e-01
-6.593237817287445068e-02 1.988429784774780273e+00 3.688808977603912354e-01
-6.613682210445404053e-02 1.991197466850280762e+00 3.686606287956237793e-01
-6.634192168712615967e-02 1.993970870971679688e+00 3.684547841548919678e-01
-6.654801219701766968e-02 1.996754169464111328e+00 3.682674765586853027e-01
-6.675655394792556763e-02 1.999547004699707031e+00 3.680948913097381592e-01
-6.696848571300506592e-02 2.002350330352783203e+00 3.679362237453460693e-01
-6.718307733535766602e-02 2.005167245864868164e+00 3.678033947944641113e-01
-6.740044802427291870e-02 2.007998228073120117e+00 3.676997423171997070e-01
-6.762173771858215332e-02 2.010843515396118164e+00 3.676183819770812988e-01
-6.784720718860626221e-02 2.013702392578125000e+00 3.675599396228790283e-01
-6.807359308004379272e-02 2.016576766967773438e+00 3.675359785556793213e-01
-6.830017268657684326e-02 2.019464015960693359e+00 3.675444126129150391e-01
-6.852868944406509399e-02 2.022364377975463867e+00 3.675754070281982422e-01
-6.876048445701599121e-02 2.025277376174926758e+00 3.676227331161499023e-01
-6.899096071720123291e-02 2.028206110000610352e+00 3.676922619342803955e-01
-6.923026591539382935e-02 2.031149625778198242e+00 3.677866458892822266e-01
-6.947002559900283813e-02 2.034101963043212891e+00 3.679211735725402832e-01
-6.970757246017456055e-02 2.037058115005493164e+00 3.680924475193023682e-01
-6.994614005088806152e-02 2.040015697479248047e+00 3.682783842086791992e-01
-7.018579542636871338e-02 2.042966604232788086e+00 3.684760630130767822e-01
-7.042621821165084839e-02 2.045908212661743164e+00 3.686804771423339844e-01
-7.066670060157775879e-02 2.048840284347534180e+00 3.688886761665344238e-01
-7.091099023818969727e-02 2.051758766174316406e+00 3.690903782844543457e-01
-7.115934044122695923e-02 2.054664134979248047e+00 3.692887127399444580e-01
-7.140976190567016602e-02 2.057556152343750000e+00 3.694895803928375244e-01
-7.166057080030441284e-02 2.060433626174926758e+00 3.696944117546081543e-01
-7.191090285778045654e-02 2.063292026519775391e+00 3.699027299880981445e-01
-7.215961813926696777e-02 2.066132783889770508e+00 3.701193928718566895e-01
-7.240540534257888794e-02 2.068959236145019531e+00 3.703454136848449707e-01
-7.264751940965652466e-02 2.071773767471313477e+00 3.705762922763824463e-01
-7.288621366024017334e-02 2.074568986892700195e+00 3.708049356937408447e-01
-7.312142103910446167e-02 2.077347040176391602e+00 3.710345923900604248e-01
-7.335247844457626343e-02 2.080114364624023438e+00 3.712666034698486328e-01
-7.357861846685409546e-02 2.082873582839965820e+00 3.714980483055114746e-01
-7.379949092864990234e-02 2.085615396499633789e+00 3.717151284217834473e-01
-7.401522994041442871e-02 2.088341951370239258e+00 3.719161748886108398e-01
-7.422595471143722534e-02 2.091060161590576172e+00 3.721009790897369385e-01
-7.443173229694366455e-02 2.093775272369384766e+00 3.722663223743438721e-01
-7.463023811578750610e-02 2.096473932266235352e+00 3.724056482315063477e-01
-7.482135295867919922e-02 2.099158048629760742e+00 3.725166022777557373e-01
-7.500639557838439941e-02 2.101835966110229492e+00 3.725966215133666992e-01
-7.518628239631652832e-02 2.104515314102172852e+00 3.726431429386138916e-01
-7.535953074693679810e-02 2.107185363769531250e+00 3.726579248905181885e-01
-7.552611827850341797e-02 2.109849691390991211e+00 3.726415038108825684e-01
-7.568734139204025269e-02 2.112516641616821289e+00 3.725906312465667725e-01
-7.584417611360549927e-02 2.115194559097290039e+00 3.725022971630096436e-01
-7.599659264087677002e-02 2.117876052856445312e+00 3.723848164081573486e-01
-7.614527642726898193e-02 2.120563983917236328e+00 3.722398877143859863e-01
-7.629118859767913818e-02 2.123267889022827148e+00 3.720644712448120117e-01
-7.643514871597290039e-02 2.125991821289062500e+00 3.718574643135070801e-01
-7.657735794782638550e-02 2.128734111785888672e+00 3.716293275356292725e-01
-7.671847939491271973e-02 2.131494760513305664e+00 3.713813722133636475e-01
-7.685904204845428467e-02 2.134276151657104492e+00 3.711133003234863281e-01
-7.699950784444808960e-02 2.137077569961547852e+00 3.708282709121704102e-01
-7.714335620403289795e-02 2.139899492263793945e+00 3.705470860004425049e-01
-7.729241251945495605e-02 2.142740488052368164e+00 3.702796995639801025e-01
-7.744435966014862061e-02 2.145588397979736328e+00 3.700461089611053467e-01
-7.760034501552581787e-02 2.148447036743164062e+00 3.698453903198242188e-01
-7.775787264108657837e-02 2.151320695877075195e+00 3.696948885917663574e-01
-7.791748642921447754e-02 2.154213190078735352e+00 3.695904910564422607e-01
-7.808257639408111572e-02 2.157123804092407227e+00 3.695411980152130127e-01
-7.825065404176712036e-02 2.160044670104980469e+00 3.695581853389739990e-01
-7.842072844505310059e-02 2.162969589233398438e+00 3.696516156196594238e-01
-7.859209179878234863e-02 2.165890216827392578e+00 3.698261678218841553e-01
-7.876381278038024902e-02 2.168801546096801758e+00 3.700772523880004883e-01
-7.893483340740203857e-02 2.171699047088623047e+00 3.704016208648681641e-01
-7.911106199026107788e-02 2.174582242965698242e+00 3.707804083824157715e-01
-7.929986715316772461e-02 2.177448749542236328e+00 3.711771667003631592e-01
-7.950104773044586182e-02 2.180297613143920898e+00 3.715867698192596436e-01
-7.971423864364624023e-02 2.183128833770751953e+00 3.720060884952545166e-01
-7.994397729635238647e-02 2.185940504074096680e+00 3.724070787429809570e-01
-8.019133657217025757e-02 2.188734054565429688e+00 3.727811872959136963e-01
-8.045373857021331787e-02 2.191509962081909180e+00 3.731336295604705811e-01
-8.072957396507263184e-02 2.194268226623535156e+00 3.734649419784545898e-01
-8.101702481508255005e-02 2.196999788284301758e+00 3.737510144710540771e-01
-8.131296187639236450e-02 2.199703931808471680e+00 3.739863336086273193e-01
-8.161391317844390869e-02 2.202384948730468750e+00 3.741780817508697510e-01
-8.191698044538497925e-02 2.205045223236083984e+00 3.743283152580261230e-01
-8.221963793039321899e-02 2.207683801651000977e+00 3.744340837001800537e-01
-8.251941204071044922e-02 2.210302591323852539e+00 3.744994699954986572e-01
-8.281388133764266968e-02 2.212905406951904297e+00 3.745297789573669434e-01
-8.310106396675109863e-02 2.215495109558105469e+00 3.745271563529968262e-01
-8.338234573602676392e-02 2.218069076538085938e+00 3.744928538799285889e-01
-8.365805447101593018e-02 2.220630168914794922e+00 3.744317889213562012e-01
-8.392703533172607422e-02 2.223180770874023438e+00 3.743467032909393311e-01
-8.418832719326019287e-02 2.225724697113037109e+00 3.742407262325286865e-01
-8.444389700889587402e-02 2.228261709213256836e+00 3.741215765476226807e-01
-8.469481766223907471e-02 2.230793476104736328e+00 3.739930689334869385e-01
-8.494129031896591187e-02 2.233322381973266602e+00 3.738581240177154541e-01
-8.518358319997787476e-02 2.235851049423217773e+00 3.737186789512634277e-01
-8.542267978191375732e-02 2.238377332687377930e+00 3.735774159431457520e-01
-8.565972000360488892e-02 2.240902423858642578e+00 3.734373450279235840e-01
-8.589565753936767578e-02 2.243429183959960938e+00 3.733000159263610840e-01
-8.613125979900360107e-02 2.245960235595703125e+00 3.731659054756164551e-01
-8.636678755283355713e-02 2.248493194580078125e+00 3.730364739894866943e-01
-8.660288155078887939e-02 2.251029968261718750e+00 3.729134798049926758e-01
-8.684055507183074951e-02 2.253571748733520508e+00 3.727965056896209717e-01
-8.708053827285766602e-02 2.256121158599853516e+00 3.726857006549835205e-01
-8.732151240110397339e-02 2.258675813674926758e+00 3.725778758525848389e-01
-8.756327629089355469e-02 2.261236906051635742e+00 3.724719583988189697e-01
-8.780701458454132080e-02 2.263807773590087891e+00 3.723673224449157715e-01
-8.805342018604278564e-02 2.266390562057495117e+00 3.722625970840454102e-01
-8.830012381076812744e-02 2.268981456756591797e+00 3.721538782119750977e-01
-8.854632079601287842e-02 2.271581888198852539e+00 3.720378577709197998e-01
-8.879302442073822021e-02 2.274194478988647461e+00 3.719141185283660889e-01
-8.904120326042175293e-02 2.276823759078979492e+00 3.717794418334960938e-01
-8.928907662630081177e-02 2.279463052749633789e+00 3.716332912445068359e-01
-8.953596651554107666e-02 2.282112836837768555e+00 3.714737892150878906e-01
-8.978296816349029541e-02 2.284777164459228516e+00 3.712970912456512451e-01
-9.003094583749771118e-02 2.287457704544067383e+00 3.710991442203521729e-01
-9.027911722660064697e-02 2.290149688720703125e+00 3.708880543708801270e-01
-9.052710980176925659e-02 2.292850255966186523e+00 3.706690669059753418e-01
-9.077574312686920166e-02 2.295561075210571289e+00 3.704386949539184570e-01
-9.102566540241241455e-02 2.298282623291015625e+00 3.701940774917602539e-01
-9.127558022737503052e-02 2.301014184951782227e+00 3.699412047863006592e-01
-9.152494370937347412e-02 2.303751230239868164e+00 3.696845769882202148e-01
-9.177455306053161621e-02 2.306494712829589844e+00 3.694245219230651855e-01
-9.202484041452407837e-02 2.309244155883789062e+00 3.691632449626922607e-01
-9.227417409420013428e-02 2.311999559402465820e+00 3.689103722572326660e-01
-9.252212196588516235e-02 2.314760684967041016e+00 3.686735033988952637e-01
-9.276963770389556885e-02 2.317523479461669922e+00 3.684552907943725586e-01
-9.301830083131790161e-02 2.320288658142089844e+00 3.682474493980407715e-01
-9.326802939176559448e-02 2.323061466217041016e+00 3.680563569068908691e-01
-9.351924061775207520e-02 2.325846433639526367e+00 3.678846061229705811e-01
-9.377303719520568848e-02 2.328642129898071289e+00 3.677302896976470947e-01
-9.403039515018463135e-02 2.331449270248413086e+00 3.675911426544189453e-01
-9.429045021533966064e-02 2.334270000457763672e+00 3.674796223640441895e-01
-9.455339610576629639e-02 2.337105512619018555e+00 3.673981726169586182e-01
-9.482022374868392944e-02 2.339954376220703125e+00 3.673401772975921631e-01
-9.509145468473434448e-02 2.342817306518554688e+00 3.673040270805358887e-01
-9.536223113536834717e-02 2.345694780349731445e+00 3.673029839992523193e-01
-9.563160687685012817e-02 2.348587036132812500e+00 3.673325181007385254e-01
-9.590172022581100464e-02 2.351492404937744141e+00 3.673811256885528564e-01
-9.617415070533752441e-02 2.354409456253051758e+00 3.674419820308685303e-01
-9.645252674818038940e-02 2.357342720031738281e+00 3.675252199172973633e-01
-9.673558175563812256e-02 2.360288381576538086e+00 3.676497340202331543e-01
-9.701865911483764648e-02 2.363241672515869141e+00 3.678143918514251709e-01
-9.729816019535064697e-02 2.366195201873779297e+00 3.680236935615539551e-01
-9.757709503173828125e-02 2.369144916534423828e+00 3.682574927806854248e-01
-9.785817563533782959e-02 2.372088432312011719e+00 3.684988617897033691e-01
-9.814027696847915649e-02 2.375024318695068359e+00 3.687457144260406494e-01
-9.842245280742645264e-02 2.377949714660644531e+00 3.689947724342346191e-01
-9.870641678571701050e-02 2.380862236022949219e+00 3.692375123500823975e-01
-9.899204224348068237e-02 2.383758544921875000e+00 3.694767653942108154e-01
-9.927755594253540039e-02 2.386639356613159180e+00 3.697156012058258057e-01
-9.956151247024536133e-02 2.389506578445434570e+00 3.699541687965393066e-01
-9.984353184700012207e-02 2.392353773117065430e+00 3.701926767826080322e-01
-1.001229137182235718e-01 2.395183086395263672e+00 3.704345822334289551e-01
-1.003985106945037842e-01 2.397999286651611328e+00 3.706810474395751953e-01
-1.006700471043586731e-01 2.400803089141845703e+00 3.709270358085632324e-01
-1.009377688169479370e-01 2.403588294982910156e+00 3.711667656898498535e-01
-1.012016758322715759e-01 2.406356811523437500e+00 3.714035451412200928e-01
-1.014613360166549683e-01 2.409114360809326172e+00 3.716379106044769287e-01
-1.017163172364234924e-01 2.411864757537841797e+00 3.718667626380920410e-01
-1.019656881690025330e-01 2.414598703384399414e+00 3.720776736736297607e-01
-1.022095233201980591e-01 2.417316436767578125e+00 3.722697794437408447e-01
-1.024482697248458862e-01 2.420025587081909180e+00 3.724421858787536621e-01
-1.026821807026863098e-01 2.422731399536132812e+00 3.725917041301727295e-01
-1.029096320271492004e-01 2.425422906875610352e+00 3.727125823497772217e-01
-1.031297147274017334e-01 2.428099632263183594e+00 3.728058040142059326e-01
-1.033439338207244873e-01 2.430771112442016602e+00 3.728675246238708496e-01
-1.035532057285308838e-01 2.433444261550903320e+00 3.728951513767242432e-01
-1.037564277648925781e-01 2.436110734939575195e+00 3.728906512260437012e-01
-1.039535924792289734e-01 2.438771963119506836e+00 3.728551268577575684e-01
-1.041461750864982605e-01 2.441438198089599609e+00 3.727848231792449951e-01
-1.043350622057914734e-01 2.444116592407226562e+00 3.726774156093597412e-01
-1.045199111104011536e-01 2.446801662445068359e+00 3.725413680076599121e-01
-1.047012954950332642e-01 2.449494361877441406e+00 3.723784387111663818e-01
-1.048801392316818237e-01 2.452202081680297852e+00 3.721857368946075439e-01
-1.050574630498886108e-01 2.454931020736694336e+00 3.719624280929565430e-01
-1.052344143390655518e-01 2.457680940628051758e+00 3.717205822467803955e-01
-1.054117977619171143e-01 2.460450410842895508e+00 3.714630007743835449e-01
-1.055899709463119507e-01 2.463238954544067383e+00 3.711899816989898682e-01
-1.057692021131515503e-01 2.466047286987304688e+00 3.709061145782470703e-01
-1.059526354074478149e-01 2.468874216079711914e+00 3.706324398517608643e-01
-1.061401441693305969e-01 2.471711874008178711e+00 3.703920841217041016e-01
-1.063321977853775024e-01 2.474559545516967773e+00 3.701882362365722656e-01
-1.065298467874526978e-01 2.477420806884765625e+00 3.700205981731414795e-01
-1.067296341061592102e-01 2.480298757553100586e+00 3.699036836624145508e-01
-1.069317683577537537e-01 2.483196496963500977e+00 3.698313236236572266e-01
-1.071394532918930054e-01 2.486111640930175781e+00 3.698243200778961182e-01
-1.073490008711814880e-01 2.489035129547119141e+00 3.698828220367431641e-01
-1.075607761740684509e-01 2.491961240768432617e+00 3.700149059295654297e-01
-1.077744141221046448e-01 2.494879722595214844e+00 3.702235221862792969e-01
-1.079888492822647095e-01 2.497786521911621094e+00 3.705047070980072021e-01
-1.082028895616531372e-01 2.500677108764648438e+00 3.708558380603790283e-01
-1.084243357181549072e-01 2.503550767898559570e+00 3.712453842163085938e-01
-1.086596250534057617e-01 2.506407260894775391e+00 3.716415762901306152e-01
-1.089078113436698914e-01 2.509246349334716797e+00 3.720415830612182617e-01
-1.091681718826293945e-01 2.512067556381225586e+00 3.724432885646820068e-01
-1.094442903995513916e-01 2.514868497848510742e+00 3.728190958499908447e-01
-1.097366362810134888e-01 2.517650127410888672e+00 3.731612861156463623e-01
-1.100428998470306396e-01 2.520411014556884766e+00 3.734757602214813232e-01
-1.103612333536148071e-01 2.523152828216552734e+00 3.737623095512390137e-01
-1.106894463300704956e-01 2.525866985321044922e+00 3.740017712116241455e-01
-1.110236793756484985e-01 2.528554201126098633e+00 3.741936087608337402e-01
-1.113608404994010925e-01 2.531217575073242188e+00 3.743443489074707031e-01
-1.116981804370880127e-01 2.533861160278320312e+00 3.744563162326812744e-01
-1.120339334011077881e-01 2.536482810974121094e+00 3.745268285274505615e-01
-1.123662590980529785e-01 2.539085626602172852e+00 3.745604157447814941e-01
-1.126928254961967468e-01 2.541673183441162109e+00 3.745619058609008789e-01
-1.130119264125823975e-01 2.544248342514038086e+00 3.745329678058624268e-01
-1.133247613906860352e-01 2.546808242797851562e+00 3.744743764400482178e-01
-1.136318668723106384e-01 2.549356222152709961e+00 3.743902444839477539e-01
-1.139322891831398010e-01 2.551894903182983398e+00 3.742831945419311523e-01
-1.142252832651138306e-01 2.554428339004516602e+00 3.741552829742431641e-01
-1.145123615860939026e-01 2.556956529617309570e+00 3.740124404430389404e-01
-1.147949993610382080e-01 2.559479713439941406e+00 3.738638460636138916e-01
-1.150734573602676392e-01 2.562002658843994141e+00 3.737106919288635254e-01
-1.153482049703598022e-01 2.564526081085205078e+00 3.735553920269012451e-01
-1.156202778220176697e-01 2.567048311233520508e+00 3.734009563922882080e-01
-1.158909350633621216e-01 2.569570541381835938e+00 3.732508718967437744e-01
-1.161611899733543396e-01 2.572096347808837891e+00 3.731064200401306152e-01
-1.164320558309555054e-01 2.574626207351684570e+00 3.729679584503173828e-01
-1.167032942175865173e-01 2.577159404754638672e+00 3.728361129760742188e-01
-1.169755384325981140e-01 2.579696416854858398e+00 3.727114498615264893e-01
-1.172497496008872986e-01 2.582240581512451172e+00 3.725948035717010498e-01
-1.175268068909645081e-01 2.584791898727416992e+00 3.724851906299591064e-01
-1.178049817681312561e-01 2.587350368499755859e+00 3.723782598972320557e-01
-1.180840060114860535e-01 2.589916944503784180e+00 3.722724616527557373e-01
-1.183649748563766479e-01 2.592491626739501953e+00 3.721670210361480713e-01
-1.186488270759582520e-01 2.595079421997070312e+00 3.720603883266448975e-01
-1.189329698681831360e-01 2.597676753997802734e+00 3.719480037689208984e-01
-1.192164868116378784e-01 2.600283145904541016e+00 3.718281090259552002e-01
-1.195005476474761963e-01 2.602904081344604492e+00 3.716980516910552979e-01
-1.197862252593040466e-01 2.605540037155151367e+00 3.715546131134033203e-01
-1.200718209147453308e-01 2.608187675476074219e+00 3.713992834091186523e-01
-1.203569173812866211e-01 2.610845327377319336e+00 3.712308406829833984e-01
-1.206424534320831299e-01 2.613516807556152344e+00 3.710452318191528320e-01
-1.209294199943542480e-01 2.616203784942626953e+00 3.708374202251434326e-01
-1.212167143821716309e-01 2.618902206420898438e+00 3.706182837486267090e-01
-1.215040460228919983e-01 2.621608018875122070e+00 3.703921735286712646e-01
-1.217921972274780273e-01 2.624323844909667969e+00 3.701564073562622070e-01
-1.220818236470222473e-01 2.627049922943115234e+00 3.699089586734771729e-01
-1.223713830113410950e-01 2.629783153533935547e+00 3.696553707122802734e-01
-1.226603910326957703e-01 2.632523059844970703e+00 3.693999052047729492e-01
-1.229494214057922363e-01 2.635266780853271484e+00 3.691452443599700928e-01
-1.232391446828842163e-01 2.638015747070312500e+00 3.688928484916687012e-01
-1.235279738903045654e-01 2.640769958496093750e+00 3.686537742614746094e-01
-1.238156110048294067e-01 2.643529415130615234e+00 3.684356808662414551e-01
-1.241036206483840942e-01 2.646291971206665039e+00 3.682314157485961914e-01
-1.243933141231536865e-01 2.649059295654296875e+00 3.680360615253448486e-01
-1.246845647692680359e-01 2.651836872100830078e+00 3.678601086139678955e-01
-1.249779090285301208e-01 2.654625892639160156e+00 3.677058517932891846e-01
-1.252742707729339600e-01 2.657426595687866211e+00 3.675702810287475586e-01
-1.255745589733123779e-01 2.660240173339843750e+00 3.674514889717102051e-01
-1.258776485919952393e-01 2.663067579269409180e+00 3.673614263534545898e-01
-1.261835694313049316e-01 2.665908813476562500e+00 3.673013150691986084e-01
-1.264930963516235352e-01 2.668764114379882812e+00 3.672673106193542480e-01
-1.268071681261062622e-01 2.671632289886474609e+00 3.672539591789245605e-01
