1.752668115524736166e+09
1.752668115528064489e+09
1.752668115534677982e+09
1.752668115538285255e+09
1.752668115543973923e+09
1.752668115548242092e+09
1.752668115554603815e+09
1.752668115558218718e+09
1.752668115563836813e+09
1.752668115567944527e+09
1.752668115574324846e+09
1.752668115577925205e+09
1.752668115585748434e+09
1.752668115590916872e+09
1.752668115594667435e+09
1.752668115597982407e+09
1.752668115604830742e+09
1.752668115608051062e+09
1.752668115614679575e+09
1.752668115618513346e+09
1.752668115624185801e+09
1.752668115628724813e+09
1.752668115634638786e+09
1.752668115638306379e+09
1.752668115644605160e+09
1.752668115650153875e+09
1.752668115658430815e+09
1.752668115663779259e+09
1.752668115668074131e+09
1.752668115674488068e+09
1.752668115678007841e+09
1.752668115684598207e+09
1.752668115688554049e+09
1.752668115694594860e+09
1.752668115698284388e+09
1.752668115704588652e+09
1.752668115708042860e+09
1.752668115714574575e+09
1.752668115718098879e+09
1.752668115725477934e+09
1.752668115727840424e+09
1.752668115733327627e+09
1.752668115737870932e+09
1.752668115743754387e+09
1.752668115748299360e+09
1.752668115754882336e+09
1.752668115758297920e+09
1.752668115764582157e+09
1.752668115768132210e+09
1.752668115774467230e+09
1.752668115778324842e+09
1.752668115785174131e+09
1.752668115788056612e+09
1.752668115795597792e+09
1.752668115799865007e+09
1.752668115804452181e+09
1.752668115808285475e+09
1.752668115814912081e+09
1.752668115817947388e+09
1.752668115823817730e+09
1.752668115828325272e+09
1.752668115834749222e+09
1.752668115838256359e+09
1.752668115844970465e+09
1.752668115850200176e+09
1.752668115854525089e+09
1.752668115858299017e+09
1.752668115864422321e+09
1.752668115870249987e+09
1.752668115874940395e+09
1.752668115878179312e+09
1.752668115884561062e+09
1.752668115888169765e+09
1.752668115894614697e+09
1.752668115898249388e+09
1.752668115905773401e+09
1.752668115909587383e+09
1.752668115914072037e+09
1.752668115920371771e+09
1.752668115925153971e+09
1.752668115928310633e+09
1.752668115936806440e+09
1.752668115940457106e+09
1.752668115945165157e+09
1.752668115948351145e+09
1.752668115954382181e+09
1.752668115958163023e+09
1.752668115964975834e+09
1.752668115968327761e+09
1.752668115974585056e+09
1.752668115978016615e+09
1.752668115983789206e+09
1.752668115987900734e+09
1.752668115994173288e+09
1.752668115998151541e+09
1.752668116003701687e+09
1.752668116007900715e+09
1.752668116014451504e+09
1.752668116018111706e+09
1.752668116025372744e+09
1.752668116028672218e+09
1.752668116034168720e+09
1.752668116037872314e+09
1.752668116044943094e+09
1.752668116048287392e+09
1.752668116054235935e+09
1.752668116058129549e+09
1.752668116064836979e+09
1.752668116068281174e+09
1.752668116075596571e+09
1.752668116079944611e+09
1.752668116084861755e+09
1.752668116088588953e+09
1.752668116094575167e+09
1.752668116098288298e+09
1.752668116103767872e+09
1.752668116108094454e+09
1.752668116114429474e+09
1.752668116120273590e+09
1.752668116124590158e+09
1.752668116128253698e+09
1.752668116134607315e+09
1.752668116140015125e+09
1.752668116144038677e+09
1.752668116150479317e+09
1.752668116154470444e+09
1.752668116159928083e+09
1.752668116164978027e+09
1.752668116169769049e+09
1.752668116173498631e+09
1.752668116177988291e+09
1.752668116184659719e+09
1.752668116188463926e+09
1.752668116194529772e+09
1.752668116198226452e+09
1.752668116204203606e+09
1.752668116209762335e+09
1.752668116216422319e+09
1.752668116220893145e+09
1.752668116223818779e+09
1.752668116227952480e+09
1.752668116234309196e+09
1.752668116240068197e+09
1.752668116243750572e+09
1.752668116248014927e+09
1.752668116254666090e+09
1.752668116259913921e+09
1.752668116264029980e+09
1.752668116268734455e+09
1.752668116274874210e+09
1.752668116277906895e+09
1.752668116285253048e+09
1.752668116288301229e+09
1.752668116294445276e+09
1.752668116298362017e+09
1.752668116305107594e+09
1.752668116308178425e+09
1.752668116314443588e+09
1.752668116318321705e+09
1.752668116325891495e+09
1.752668116328750134e+09
1.752668116336559534e+09
1.752668116338323116e+09
1.752668116343861341e+09
1.752668116348272800e+09
1.752668116356333256e+09
1.752668116358320475e+09
1.752668116365081549e+09
1.752668116370049238e+09
1.752668116374503613e+09
1.752668116378301620e+09
1.752668116384371996e+09
1.752668116387943983e+09
1.752668116395029545e+09
1.752668116398313999e+09
1.752668116403792143e+09
1.752668116409947872e+09
1.752668116414872169e+09
1.752668116418290377e+09
1.752668116426011324e+09
1.752668116427808762e+09
1.752668116434698343e+09
1.752668116438268185e+09
1.752668116444708824e+09
1.752668116448351383e+09
1.752668116454560995e+09
1.752668116460352182e+09
1.752668116463666677e+09
1.752668116467878819e+09
1.752668116475250721e+09
1.752668116478260040e+09
1.752668116484909296e+09
1.752668116490908384e+09
1.752668116494998693e+09
1.752668116499770880e+09
1.752668116504575729e+09
1.752668116508470058e+09
1.752668116514731169e+09
1.752668116518277645e+09
1.752668116523928165e+09
1.752668116528090715e+09
1.752668116534485340e+09
1.752668116538002491e+09
1.752668116544744015e+09
1.752668116548080683e+09
1.752668116554383039e+09
1.752668116557992935e+09
1.752668116563821077e+09
1.752668116568541288e+09
1.752668116575489759e+09
1.752668116580242634e+09
1.752668116583920479e+09
1.752668116589828491e+09
1.752668116594356537e+09
1.752668116598085642e+09
1.752668116604354858e+09
1.752668116608293533e+09
1.752668116614595413e+09
1.752668116620115280e+09
1.752668116623909712e+09
1.752668116628070831e+09
1.752668116637057781e+09
1.752668116640098333e+09
1.752668116645533800e+09
1.752668116647881031e+09
1.752668116653755665e+09
1.752668116658274651e+09
1.752668116664898157e+09
1.752668116670318842e+09
1.752668116674616337e+09
1.752668116678005695e+09
1.752668116684414625e+09
1.752668116688102007e+09
1.752668116694258213e+09
1.752668116698491335e+09
1.752668116704148293e+09
1.752668116708441019e+09
1.752668116714668274e+09
1.752668116718290329e+09
1.752668116725099802e+09
1.752668116730094910e+09
1.752668116734250307e+09
1.752668116739914894e+09
1.752668116744622707e+09
1.752668116748308659e+09
1.752668116754584312e+09
1.752668116760382175e+09
1.752668116763960838e+09
1.752668116768092155e+09
1.752668116776023865e+09
1.752668116779981375e+09
1.752668116784841061e+09
1.752668116790346384e+09
1.752668116793199062e+09
1.752668116798275471e+09
1.752668116804319382e+09
1.752668116808286190e+09
1.752668116814081430e+09
1.752668116820272446e+09
1.752668116824241400e+09
1.752668116828287601e+09
1.752668116834201813e+09
1.752668116837875128e+09
1.752668116844006062e+09
1.752668116848500967e+09
1.752668116854378223e+09
1.752668116857917786e+09
1.752668116863874912e+09
1.752668116870082378e+09
1.752668116875093937e+09
1.752668116878280163e+09
1.752668116883830070e+09
1.752668116887854576e+09
1.752668116894224882e+09
1.752668116898009300e+09
1.752668116904867887e+09
1.752668116908271551e+09
1.752668116916329622e+09
1.752668116918320417e+09
1.752668116924692154e+09
1.752668116929945946e+09
1.752668116934454679e+09
1.752668116938303471e+09
1.752668116943908215e+09
1.752668116948095322e+09
1.752668116954550266e+09
1.752668116958280087e+09
1.752668116964758635e+09
1.752668116968024492e+09
1.752668116975039959e+09
1.752668116978263140e+09
1.752668116985632420e+09
1.752668116990018845e+09
1.752668116994566202e+09
1.752668116998277426e+09
1.752668117004321098e+09
1.752668117007965326e+09
1.752668117014520168e+09
1.752668117018292189e+09
1.752668117024449348e+09
1.752668117028344631e+09
1.752668117034584522e+09
1.752668117038169146e+09
1.752668117043321371e+09
1.752668117050117731e+09
1.752668117054316282e+09
1.752668117059706926e+09
1.752668117063857555e+09
1.752668117068161249e+09
1.752668117074746609e+09
1.752668117078245401e+09
1.752668117084646702e+09
1.752668117088050127e+09
1.752668117093775034e+09
1.752668117098540545e+09
1.752668117104899645e+09
1.752668117107860565e+09
1.752668117114309549e+09
1.752668117118354082e+09
1.752668117125283003e+09
1.752668117128201485e+09
1.752668117134287834e+09
1.752668117138472795e+09
1.752668117145123959e+09
1.752668117148360729e+09
1.752668117154541731e+09
1.752668117158201456e+09
1.752668117164957285e+09
1.752668117170336008e+09
1.752668117174457073e+09
1.752668117178300142e+09
1.752668117184739590e+09
1.752668117188005924e+09
1.752668117196511507e+09
1.752668117200012445e+09
1.752668117203294039e+09
1.752668117207905293e+09
1.752668117214415789e+09
1.752668117218299389e+09
1.752668117225005150e+09
1.752668117227968216e+09
1.752668117234183788e+09
1.752668117238275290e+09
1.752668117244154692e+09
1.752668117247880697e+09
1.752668117254527807e+09
1.752668117258271933e+09
1.752668117264030457e+09
1.752668117267994404e+09
1.752668117274818897e+09
1.752668117278300524e+09
1.752668117284624100e+09
1.752668117288001299e+09
1.752668117294519901e+09
1.752668117298276663e+09
1.752668117306173325e+09
1.752668117310230970e+09
1.752668117312906265e+09
1.752668117318516016e+09
1.752668117323813677e+09
1.752668117327873945e+09
1.752668117333500624e+09
1.752668117338279963e+09
1.752668117344963551e+09
1.752668117349924564e+09
1.752668117354238749e+09
1.752668117359855890e+09
1.752668117363839388e+09
1.752668117368452787e+09
1.752668117374422312e+09
1.752668117378232718e+09
1.752668117384475946e+09
1.752668117390285730e+09
1.752668117394879818e+09
1.752668117398099899e+09
1.752668117404356956e+09
1.752668117407907009e+09
1.752668117414419651e+09
1.752668117418533564e+09
1.752668117424780130e+09
1.752668117428005695e+09
1.752668117434472084e+09
1.752668117438249111e+09
1.752668117444300652e+09
1.752668117449783564e+09
1.752668117454776049e+09
1.752668117458273888e+09
1.752668117464761257e+09
1.752668117470209360e+09
1.752668117475635767e+09
1.752668117478271723e+09
1.752668117484575033e+09
1.752668117490310192e+09
1.752668117494444132e+09
1.752668117500003576e+09
1.752668117504697800e+09
1.752668117510117054e+09
1.752668117514919996e+09
1.752668117517963886e+09
1.752668117523870707e+09
1.752668117528106928e+09
1.752668117534637928e+09
1.752668117538052320e+09
1.752668117543730974e+09
1.752668117548278809e+09
1.752668117554461718e+09
1.752668117559953213e+09
1.752668117564799786e+09
1.752668117568317413e+09
1.752668117574661016e+09
1.752668117580026150e+09
1.752668117584827185e+09
1.752668117590091228e+09
1.752668117594465494e+09
1.752668117599897146e+09
1.752668117603771448e+09
1.752668117608296156e+09
1.752668117616126060e+09
1.752668117620115995e+09
1.752668117623829365e+09
1.752668117628309011e+09
1.752668117634742975e+09
1.752668117638294220e+09
1.752668117644721508e+09
1.752668117648057938e+09
1.752668117654806614e+09
1.752668117660266638e+09
1.752668117664469242e+09
1.752668117668262005e+09
1.752668117675201893e+09
1.752668117678575039e+09
1.752668117686353207e+09
1.752668117688366413e+09
1.752668117694727659e+09
1.752668117698149920e+09
1.752668117705104589e+09
1.752668117708338976e+09
1.752668117714407921e+09
1.752668117718333960e+09
1.752668117724555492e+09
1.752668117728303909e+09
1.752668117734255075e+09
1.752668117739780903e+09
1.752668117744596004e+09
1.752668117748271942e+09
1.752668117755373240e+09
1.752668117758322239e+09
1.752668117764492273e+09
1.752668117768042326e+09
1.752668117774700403e+09
1.752668117779549599e+09
1.752668117784634590e+09
1.752668117788170815e+09
1.752668117794722557e+09
1.752668117798258543e+09
1.752668117804612637e+09
1.752668117808237314e+09
1.752668117814204693e+09
1.752668117817865133e+09
1.752668117826263905e+09
1.752668117829959393e+09
1.752668117834708929e+09
1.752668117838252068e+09
1.752668117844580412e+09
1.752668117848272800e+09
1.752668117855585575e+09
1.752668117858284473e+09
1.752668117864740372e+09
1.752668117868171453e+09
1.752668117874212027e+09
1.752668117878252506e+09
1.752668117883920670e+09
1.752668117888164520e+09
1.752668117896025419e+09
1.752668117899747133e+09
1.752668117904309273e+09
1.752668117908550501e+09
1.752668117914873362e+09
1.752668117918285131e+09
1.752668117924271345e+09
1.752668117928267479e+09
1.752668117934403658e+09
1.752668117938102484e+09
1.752668117944664001e+09
1.752668117949909210e+09
1.752668117955065489e+09
1.752668117958594084e+09
1.752668117964515209e+09
1.752668117969966650e+09
1.752668117975147247e+09
1.752668117978083134e+09
1.752668117984554768e+09
1.752668117987940550e+09
1.752668117994395733e+09
1.752668117999994278e+09
1.752668118004004240e+09
1.752668118008004427e+09
1.752668118014537573e+09
1.752668118019891977e+09
1.752668118023899555e+09
1.752668118028352976e+09
1.752668118036327362e+09
1.752668118038093090e+09
1.752668118044743538e+09
1.752668118048138142e+09
1.752668118054374933e+09
1.752668118058322191e+09
1.752668118064915895e+09
1.752668118068007469e+09
1.752668118074422359e+09
1.752668118078341007e+09
1.752668118084641218e+09
1.752668118091103077e+09
1.752668118094401360e+09
1.752668118098078728e+09
1.752668118104355335e+09
1.752668118108317375e+09
1.752668118114269257e+09
1.752668118117956638e+09
1.752668118125210762e+09
1.752668118128479004e+09
1.752668118134474039e+09
1.752668118140576601e+09
1.752668118144026279e+09
1.752668118148427963e+09
1.752668118154253244e+09
1.752668118158078194e+09
1.752668118165176392e+09
1.752668118168402433e+09
1.752668118177554607e+09
1.752668118178294420e+09
1.752668118184601307e+09
1.752668118189851999e+09
1.752668118194658995e+09
1.752668118198241472e+09
1.752668118204617023e+09
1.752668118207984686e+09
1.752668118214504719e+09
1.752668118218276024e+09
1.752668118224768400e+09
1.752668118228010893e+09
1.752668118234981775e+09
1.752668118238308430e+09
1.752668118244218111e+09
1.752668118250099897e+09
1.752668118254168272e+09
1.752668118258063555e+09
1.752668118264931917e+09
1.752668118268297434e+09
1.752668118274526358e+09
1.752668118278080463e+09
1.752668118283749580e+09
1.752668118289979935e+09
1.752668118294467211e+09
1.752668118298155785e+09
1.752668118303866148e+09
1.752668118307905674e+09
1.752668118315916538e+09
1.752668118319844961e+09
1.752668118325000048e+09
1.752668118328275681e+09
1.752668118334147930e+09
1.752668118339825630e+09
1.752668118344887972e+09
1.752668118348254204e+09
1.752668118354231834e+09
1.752668118357993841e+09
1.752668118364751339e+09
1.752668118368293285e+09
1.752668118374613285e+09
1.752668118377901793e+09
1.752668118383744240e+09
1.752668118388454914e+09
1.752668118394619703e+09
1.752668118398279428e+09
1.752668118404688120e+09
1.752668118408022642e+09
1.752668118414681673e+09
1.752668118419827938e+09
1.752668118423983097e+09
1.752668118428280592e+09
1.752668118434640884e+09
1.752668118438289165e+09
1.752668118444236994e+09
1.752668118450083017e+09
1.752668118456269264e+09
1.752668118458279610e+09
1.752668118464626074e+09
1.752668118470046520e+09
1.752668118474989891e+09
1.752668118478458881e+09
1.752668118484576941e+09
1.752668118488100529e+09
1.752668118494551182e+09
1.752668118498237133e+09
1.752668118505076408e+09
1.752668118508271933e+09
1.752668118514524937e+09
1.752668118520432949e+09
1.752668118524550200e+09
1.752668118527896643e+09
1.752668118534760475e+09
1.752668118538299322e+09
1.752668118543853760e+09
1.752668118548268795e+09
1.752668118554561138e+09
1.752668118558275223e+09
1.752668118564310551e+09
1.752668118568287373e+09
1.752668118574364185e+09
1.752668118578255415e+09
1.752668118584655762e+09
1.752668118588261366e+09
1.752668118594480038e+09
1.752668118600112200e+09
1.752668118605129242e+09
1.752668118608046770e+09
1.752668118614398479e+09
1.752668118618263245e+09
1.752668118624565601e+09
1.752668118630065441e+09
1.752668118634539604e+09
1.752668118637978077e+09
1.752668118644696236e+09
1.752668118648261786e+09
1.752668118654815435e+09
1.752668118659695387e+09
1.752668118663988590e+09
1.752668118670101166e+09
1.752668118674822807e+09
1.752668118678267956e+09
1.752668118684694052e+09
1.752668118689989805e+09
1.752668118695157290e+09
1.752668118700137138e+09
1.752668118704715014e+09
1.752668118709941149e+09
1.752668118714511633e+09
1.752668118718109131e+09
1.752668118724139214e+09
1.752668118728376865e+09
1.752668118736048698e+09
1.752668118738966465e+09
1.752668118743716002e+09
1.752668118749984741e+09
1.752668118754530668e+09
1.752668118760064363e+09
1.752668118765064001e+09
1.752668118768234730e+09
1.752668118774334669e+09
1.752668118780163288e+09
1.752668118784764767e+09
1.752668118788268089e+09
1.752668118794684649e+09
1.752668118798237801e+09
1.752668118803540945e+09
1.752668118810010910e+09
1.752668118814602852e+09
1.752668118818167925e+09
1.752668118824591875e+09
1.752668118830017328e+09
1.752668118834441662e+09
1.752668118840015411e+09
1.752668118844054222e+09
1.752668118848270178e+09
1.752668118854135513e+09
1.752668118857952356e+09
1.752668118864615679e+09
1.752668118870337486e+09
1.752668118876738548e+09
1.752668118878263235e+09
1.752668118884317398e+09
1.752668118888019562e+09
1.752668118894759655e+09
1.752668118900180817e+09
1.752668118903983831e+09
1.752668118909578323e+09
1.752668118914199114e+09
1.752668118917905331e+09
1.752668118924420834e+09
1.752668118929819584e+09
1.752668118934945345e+09
1.752668118938272238e+09
1.752668118944622040e+09
1.752668118948246717e+09
1.752668118954816341e+09
1.752668118960503578e+09
1.752668118963833332e+09
1.752668118968335390e+09
1.752668118974703550e+09
1.752668118978404284e+09
1.752668118984447002e+09
1.752668118988038301e+09
1.752668118994575500e+09
1.752668118998034716e+09
1.752668119004658461e+09
1.752668119008043289e+09
1.752668119014874697e+09
1.752668119018881559e+09
1.752668119024800301e+09
1.752668119028316021e+09
1.752668119034460783e+09
1.752668119038259268e+09
1.752668119044510603e+09
1.752668119048106909e+09
1.752668119054669142e+09
1.752668119057892323e+09
1.752668119063761950e+09
1.752668119068181753e+09
1.752668119074836254e+09
1.752668119078274727e+09
1.752668119083707094e+09
1.752668119089982271e+09
1.752668119094708681e+09
1.752668119098008871e+09
1.752668119104299784e+09
1.752668119108301401e+09
1.752668119114912748e+09
1.752668119119812250e+09
1.752668119124301195e+09
1.752668119127961397e+09
1.752668119134305000e+09
1.752668119138287306e+09
1.752668119145315886e+09
1.752668119147923470e+09
1.752668119156599283e+09
1.752668119158248186e+09
1.752668119164745808e+09
1.752668119168121815e+09
1.752668119174352407e+09
1.752668119178271294e+09
1.752668119183772564e+09
1.752668119189798832e+09
1.752668119195565939e+09
1.752668119198314667e+09
1.752668119204310179e+09
1.752668119209808111e+09
1.752668119214671373e+09
1.752668119218118191e+09
1.752668119223444462e+09
1.752668119230099201e+09
1.752668119234467745e+09
1.752668119238101482e+09
1.752668119244261980e+09
1.752668119248268604e+09
1.752668119254709959e+09
1.752668119258473873e+09
1.752668119264498234e+09
1.752668119267983675e+09
1.752668119274635315e+09
1.752668119278098106e+09
1.752668119284609795e+09
1.752668119288227797e+09
1.752668119296096087e+09
1.752668119298419237e+09
1.752668119303810596e+09
1.752668119308235407e+09
1.752668119314463854e+09
1.752668119318330526e+09
1.752668119324862957e+09
1.752668119328184605e+09
1.752668119334336042e+09
1.752668119338080406e+09
1.752668119344594717e+09
1.752668119348269939e+09
1.752668119354476452e+09
1.752668119357894897e+09
1.752668119364752054e+09
1.752668119368410349e+09
1.752668119374523401e+09
1.752668119378275633e+09
1.752668119383830547e+09
1.752668119390015841e+09
1.752668119394501686e+09
1.752668119398252249e+09
1.752668119404464245e+09
1.752668119408329964e+09
1.752668119414556980e+09
1.752668119418031693e+09
1.752668119423753738e+09
1.752668119427885771e+09
1.752668119435234547e+09
1.752668119438262939e+09
1.752668119443869114e+09
1.752668119449856997e+09
1.752668119454359293e+09
1.752668119458442926e+09
1.752668119464695692e+09
1.752668119468295574e+09
1.752668119474509001e+09
1.752668119477911949e+09
1.752668119484793901e+09
1.752668119488019466e+09
1.752668119494354725e+09
1.752668119497835875e+09
1.752668119503844976e+09
1.752668119508058548e+09
1.752668119514569759e+09
1.752668119518065929e+09
1.752668119524447680e+09
1.752668119528130293e+09
1.752668119535128355e+09
1.752668119538085222e+09
1.752668119544383526e+09
1.752668119548240185e+09
1.752668119554665327e+09
1.752668119557986021e+09
1.752668119564638138e+09
1.752668119568305254e+09
1.752668119576505661e+09
1.752668119578012466e+09
1.752668119584597826e+09
1.752668119588306665e+09
1.752668119594582558e+09
1.752668119600654602e+09
1.752668119604682207e+09
1.752668119608335733e+09
1.752668119614578485e+09
1.752668119618269682e+09
1.752668119623896837e+09
1.752668119628466606e+09
1.752668119634732962e+09
1.752668119638263702e+09
1.752668119644270420e+09
1.752668119648254395e+09
1.752668119654463053e+09
1.752668119660050869e+09
1.752668119664172649e+09
1.752668119668663025e+09
1.752668119674535751e+09
1.752668119677989721e+09
1.752668119684763670e+09
1.752668119688321352e+09
1.752668119692890644e+09
1.752668119698077917e+09
1.752668119704889059e+09
1.752668119709747791e+09
1.752668119715035677e+09
1.752668119720139980e+09
1.752668119724135876e+09
1.752668119728316784e+09
1.752668119734440804e+09
1.752668119738218069e+09
1.752668119744587183e+09
1.752668119748438358e+09
1.752668119754534721e+09
1.752668119760082722e+09
1.752668119764709473e+09
1.752668119770318031e+09
1.752668119774538994e+09
1.752668119778228045e+09
1.752668119784927130e+09
1.752668119788290501e+09
1.752668119794422626e+09
1.752668119798280478e+09
1.752668119804662943e+09
1.752668119808548927e+09
1.752668119815095186e+09
1.752668119818294048e+09
1.752668119824258804e+09
1.752668119828101397e+09
1.752668119834244013e+09
1.752668119839965105e+09
1.752668119845016718e+09
1.752668119848284483e+09
1.752668119856142759e+09
1.752668119858072042e+09
1.752668119865069151e+09
1.752668119868289709e+09
1.752668119874790430e+09
1.752668119878322840e+09
1.752668119884184837e+09
1.752668119887940884e+09
1.752668119894620419e+09
1.752668119898402214e+09
1.752668119904045582e+09
1.752668119908041954e+09
1.752668119914645195e+09
1.752668119918309212e+09
1.752668119924039602e+09
1.752668119928426266e+09
1.752668119935183048e+09
1.752668119939521551e+09
1.752668119943483114e+09
1.752668119947838545e+09
1.752668119954664230e+09
1.752668119958524466e+09
1.752668119963572264e+09
1.752668119968200445e+09
1.752668119974528551e+09
1.752668119978080273e+09
1.752668119984452963e+09
1.752668119988136530e+09
1.752668119995682478e+09
1.752668119998237848e+09
1.752668120004522324e+09
1.752668120008069038e+09
1.752668120014461517e+09
1.752668120020260572e+09
1.752668120024669886e+09
1.752668120028346777e+09
1.752668120034173250e+09
1.752668120037916660e+09
1.752668120044271469e+09
1.752668120048250198e+09
1.752668120054600000e+09
1.752668120060168743e+09
1.752668120064154387e+09
1.752668120068267584e+09
1.752668120074363947e+09
1.752668120080055237e+09
1.752668120084769726e+09
1.752668120088313818e+09
1.752668120094323635e+09
1.752668120098095179e+09
1.752668120104634523e+09
1.752668120110094547e+09
1.752668120114727259e+09
1.752668120118106604e+09
1.752668120124597788e+09
1.752668120128163815e+09
1.752668120136104345e+09
1.752668120137856960e+09
1.752668120143782139e+09
1.752668120147955179e+09
1.752668120154245615e+09
1.752668120158470631e+09
1.752668120164967060e+09
1.752668120168281317e+09
1.752668120174678087e+09
1.752668120178265333e+09
1.752668120184565544e+09
1.752668120189985275e+09
1.752668120194630623e+09
1.752668120201543570e+09
1.752668120204617500e+09
1.752668120210030079e+09
1.752668120214786053e+09
1.752668120218266010e+09
1.752668120224449873e+09
1.752668120228090763e+09
1.752668120234890699e+09
1.752668120237903118e+09
1.752668120244519711e+09
1.752668120248033524e+09
1.752668120254518509e+09
1.752668120257895947e+09
1.752668120263982773e+09
1.752668120270546436e+09
1.752668120276728153e+09
1.752668120278267622e+09
1.752668120284662724e+09
1.752668120288245201e+09
1.752668120294793367e+09
1.752668120298196554e+09
1.752668120304698706e+09
1.752668120309911013e+09
1.752668120314465284e+09
1.752668120318285227e+09
1.752668120324556112e+09
1.752668120330109596e+09
1.752668120334614038e+09
1.752668120338386059e+09
1.752668120343636274e+09
1.752668120348323107e+09
1.752668120354759693e+09
1.752668120358432770e+09
1.752668120364826441e+09
1.752668120368362427e+09
1.752668120374387264e+09
1.752668120378082514e+09
1.752668120384550571e+09
1.752668120388146400e+09
1.752668120394956827e+09
1.752668120398341656e+09
1.752668120403839588e+09
1.752668120409874678e+09
1.752668120414663315e+09
1.752668120417882681e+09
1.752668120424511671e+09
1.752668120428295851e+09
1.752668120434595108e+09
1.752668120437961817e+09
1.752668120444785118e+09
1.752668120448277235e+09
1.752668120454422951e+09
1.752668120457871675e+09
1.752668120464195251e+09
1.752668120468326330e+09
1.752668120474803448e+09
1.752668120478255987e+09
1.752668120484543800e+09
1.752668120488407612e+09
1.752668120494566441e+09
1.752668120498320341e+09
1.752668120504592657e+09
1.752668120509853363e+09
1.752668120514299393e+09
1.752668120518326044e+09
1.752668120524427414e+09
