1.753175297544317245e+09
1.753175297582437277e+09
1.753175297583209991e+09
1.753175297597179890e+09
1.753175297598011732e+09
1.753175297600422859e+09
1.753175297601209402e+09
1.753175297613275766e+09
1.753175297614113092e+09
1.753175297615071058e+09
1.753175297615818977e+09
1.753175297636780977e+09
1.753175297637768030e+09
1.753175297638906717e+09
1.753175297639644384e+09
1.753175297651729345e+09
1.753175297652770519e+09
1.753175297654012918e+09
1.753175297654972553e+09
1.753175297679574251e+09
1.753175297680420876e+09
1.753175297681488991e+09
1.753175297682263851e+09
1.753175297694200993e+09
1.753175297695109129e+09
1.753175297696307659e+09
1.753175297697222233e+09
1.753175297718407154e+09
1.753175297719362974e+09
1.753175297720677853e+09
1.753175297721536160e+09
1.753175297733535528e+09
1.753175297734427929e+09
1.753175297735477686e+09
1.753175297736263990e+09
1.753175297750266314e+09
1.753175297751298904e+09
1.753175297752929688e+09
1.753175297753895283e+09
1.753175297766866922e+09
1.753175297767702818e+09
1.753175297768797159e+09
1.753175297769601345e+09
1.753175297793591738e+09
1.753175297794549942e+09
1.753175297795822144e+09
1.753175297796624899e+09
1.753175297809617758e+09
1.753175297810488462e+09
1.753175297811519384e+09
1.753175297812273741e+09
1.753175297826059818e+09
1.753175297827231407e+09
1.753175297828636885e+09
1.753175297829664230e+09
1.753175297843581915e+09
1.753175297844671726e+09
1.753175297845952749e+09
1.753175297846979618e+09
1.753175297861312866e+09
1.753175297862345457e+09
1.753175297863590002e+09
1.753175297864543915e+09
1.753175297878685236e+09
1.753175297879760981e+09
1.753175297881021500e+09
1.753175297882022381e+09
1.753175297894441366e+09
1.753175297895219803e+09
1.753175297896145582e+09
1.753175297896905899e+09
1.753175297906564236e+09
1.753175297907570839e+09
1.753175297908660173e+09
1.753175297909537315e+09
1.753175297922233343e+09
1.753175297923271179e+09
1.753175297924570322e+09
1.753175297925614834e+09
1.753175297938657999e+09
1.753175297939681768e+09
1.753175297940939188e+09
1.753175297941931248e+09
1.753175297956123829e+09
1.753175297957024813e+09
1.753175297958070278e+09
1.753175297958841562e+09
1.753175297968286514e+09
1.753175297969098091e+09
1.753175297970084429e+09
1.753175297970937252e+09
1.753175297983733416e+09
1.753175297984656572e+09
1.753175297985816479e+09
1.753175297986687422e+09
1.753175297996860981e+09
1.753175297997672796e+09
1.753175297998632908e+09
1.753175297999388218e+09
1.753175298009883881e+09
1.753175298010814667e+09
1.753175298011915684e+09
1.753175298012771845e+09
1.753175298023206234e+09
1.753175298023984909e+09
1.753175298024951696e+09
1.753175298025717497e+09
1.753175298035367250e+09
1.753175298036133289e+09
1.753175298037093639e+09
1.753175298037861586e+09
1.753175298052629709e+09
1.753175298053454638e+09
1.753175298054430723e+09
1.753175298055172682e+09
1.753175298065335512e+09
1.753175298066133738e+09
1.753175298067086697e+09
1.753175298067844629e+09
1.753175298079411507e+09
1.753175298080353737e+09
1.753175298081494570e+09
1.753175298082218409e+09
1.753175298092497349e+09
1.753175298093237877e+09
1.753175298094160318e+09
1.753175298094931602e+09
1.753175298104139328e+09
1.753175298104919434e+09
1.753175298105879307e+09
1.753175298106581450e+09
1.753175298117775440e+09
1.753175298118570328e+09
1.753175298119557619e+09
1.753175298120313168e+09
1.753175298129746914e+09
1.753175298130496025e+09
1.753175298131475925e+09
1.753175298132189512e+09
1.753175298145120144e+09
1.753175298145998955e+09
1.753175298147063732e+09
1.753175298147849798e+09
1.753175298159125566e+09
1.753175298160091877e+09
1.753175298161352158e+09
1.753175298162347078e+09
1.753175298177827358e+09
1.753175298178718805e+09
1.753175298179811001e+09
1.753175298180699110e+09
1.753175298191673994e+09
1.753175298192438364e+09
1.753175298193418980e+09
1.753175298194184780e+09
1.753175298203902245e+09
1.753175298204660177e+09
1.753175298205627918e+09
1.753175298206351042e+09
1.753175298218921661e+09
1.753175298219715834e+09
1.753175298220753431e+09
1.753175298221503019e+09
1.753175298231457710e+09
1.753175298232251406e+09
1.753175298233193874e+09
1.753175298233919144e+09
1.753175298244977713e+09
1.753175298245804548e+09
1.753175298246797562e+09
1.753175298247547865e+09
1.753175298258031607e+09
1.753175298258812189e+09
1.753175298259757757e+09
1.753175298260538816e+09
1.753175298269773483e+09
1.753175298270581245e+09
1.753175298271543503e+09
1.753175298272320509e+09
1.753175298283629656e+09
1.753175298284492493e+09
1.753175298285527468e+09
1.753175298286348343e+09
1.753175298295843601e+09
1.753175298296640873e+09
1.753175298297588825e+09
1.753175298298326969e+09
1.753175298308354855e+09
1.753175298309274197e+09
1.753175298312757492e+09
1.753175298313701391e+09
1.753175298324532509e+09
1.753175298325345516e+09
1.753175298326296568e+09
1.753175298327088833e+09
1.753175298337018728e+09
1.753175298337774038e+09
1.753175298338770151e+09
1.753175298339537621e+09
1.753175298350834608e+09
1.753175298351795435e+09
1.753175298352780104e+09
1.753175298353537083e+09
1.753175298363695145e+09
1.753175298364487886e+09
1.753175298365462065e+09
1.753175298366304874e+09
1.753175298379131317e+09
1.753175298379972458e+09
1.753175298380988121e+09
1.753175298381760836e+09
1.753175298391884089e+09
1.753175298392710447e+09
1.753175298393630266e+09
1.753175298394363165e+09
1.753175298403682470e+09
1.753175298404489756e+09
1.753175298405462503e+09
1.753175298406254292e+09
1.753175298417750835e+09
1.753175298418606281e+09
1.753175298419605255e+09
1.753175298420386314e+09
1.753175298430010080e+09
1.753175298430779934e+09
1.753175298431738377e+09
1.753175298432499886e+09
1.753175298446848631e+09
1.753175298447784662e+09
1.753175298448978186e+09
1.753175298449742317e+09
1.753175298461340666e+09
1.753175298462371588e+09
1.753175298463624954e+09
1.753175298464601994e+09
1.753175298479150057e+09
1.753175298479998112e+09
1.753175298481006145e+09
1.753175298481766701e+09
1.753175298491442442e+09
1.753175298492259979e+09
1.753175298493229866e+09
1.753175298494048119e+09
1.753175298503829002e+09
1.753175298504620552e+09
1.753175298505590200e+09
1.753175298506349325e+09
1.753175298517800808e+09
1.753175298518603325e+09
1.753175298519630432e+09
1.753175298520391464e+09
1.753175298530833960e+09
1.753175298531615019e+09
1.753175298532772303e+09
1.753175298533606052e+09
1.753175298543479443e+09
1.753175298546966076e+09
1.753175298548011780e+09
1.753175298548806429e+09
1.753175298560738325e+09
1.753175298561733484e+09
1.753175298562993765e+09
1.753175298563962221e+09
1.753175298575280190e+09
1.753175298576102257e+09
1.753175298577087164e+09
1.753175298577944517e+09
1.753175298589378834e+09
1.753175298590194941e+09
1.753175298591145515e+09
1.753175298591883183e+09
1.753175298601349831e+09
1.753175298602146149e+09
1.753175298603227139e+09
1.753175298604018211e+09
1.753175298613955498e+09
1.753175298614791393e+09
1.753175298615792751e+09
1.753175298616594791e+09
1.753175298627416372e+09
1.753175298628273964e+09
1.753175298629291773e+09
1.753175298630073309e+09
1.753175298640004396e+09
1.753175298640788078e+09
1.753175298641801119e+09
1.753175298642590761e+09
1.753175298653068066e+09
1.753175298654095888e+09
1.753175298655356884e+09
1.753175298659044266e+09
1.753175298671503305e+09
1.753175298672303915e+09
1.753175298673261642e+09
1.753175298674013615e+09
1.753175298683416367e+09
1.753175298684200525e+09
1.753175298685163498e+09
1.753175298685962200e+09
1.753175298698232889e+09
1.753175298699072599e+09
1.753175298700072289e+09
1.753175298700836658e+09
1.753175298710758924e+09
1.753175298711546659e+09
1.753175298712494373e+09
1.753175298713247299e+09
1.753175298725109100e+09
1.753175298726072550e+09
1.753175298727184057e+09
1.753175298728017569e+09
1.753175298737363100e+09
1.753175298738139391e+09
1.753175298739076614e+09
1.753175298739848852e+09
1.753175298749730110e+09
1.753175298750516176e+09
1.753175298751456738e+09
1.753175298752216339e+09
1.753175298765763998e+09
1.753175298766571999e+09
1.753175298767577648e+09
1.753175298768349409e+09
1.753175298778672457e+09
1.753175298779495239e+09
1.753175298780450583e+09
1.753175298781242132e+09
1.753175298793532133e+09
1.753175298794582844e+09
1.753175298795764208e+09
1.753175298796804667e+09
1.753175298812048197e+09
1.753175298812874079e+09
1.753175298813883066e+09
1.753175298814652920e+09
1.753175298826127291e+09
1.753175298827169895e+09
1.753175298828409910e+09
1.753175298829385757e+09
1.753175298841794252e+09
1.753175298842597723e+09
1.753175298843541861e+09
1.753175298844285965e+09
1.753175298853696823e+09
1.753175298857728243e+09
1.753175298858912706e+09
1.753175298859828472e+09
1.753175298872120857e+09
1.753175298873137474e+09
1.753175298874364614e+09
1.753175298875334501e+09
1.753175298887741804e+09
1.753175298891139030e+09
1.753175298892326355e+09
1.753175298893189669e+09
1.753175298904015303e+09
1.753175298904816628e+09
1.753175298905767441e+09
1.753175298906530380e+09
1.753175298918118477e+09
1.753175298919284821e+09
1.753175298920672178e+09
1.753175298921476364e+09
1.753175298931920290e+09
1.753175298932754993e+09
1.753175298933749437e+09
1.753175298934519768e+09
1.753175298944251537e+09
1.753175298945034981e+09
1.753175298947279692e+09
1.753175298948163271e+09
1.753175298958676815e+09
1.753175298959490776e+09
1.753175298960500717e+09
1.753175298961345911e+09
1.753175298970719814e+09
1.753175298971535683e+09
1.753175298972537518e+09
1.753175298973309994e+09
1.753175298987381458e+09
1.753175298988204479e+09
1.753175298989228010e+09
1.753175298990016222e+09
1.753175298999665976e+09
1.753175299000496149e+09
1.753175299001468658e+09
1.753175299002259731e+09
1.753175299011982679e+09
1.753175299012732267e+09
1.753175299013688803e+09
1.753175299014427662e+09
1.753175299026644707e+09
1.753175299028605700e+09
1.753175299029790401e+09
1.753175299032023668e+09
1.753175299042086601e+09
1.753175299042936802e+09
1.753175299043922424e+09
1.753175299044717550e+09
1.753175299059214592e+09
1.753175299060194731e+09
1.753175299061200857e+09
1.753175299062025547e+09
1.753175299072075367e+09
1.753175299072843075e+09
1.753175299073776245e+09
1.753175299074535608e+09
1.753175299087214231e+09
1.753175299088031292e+09
1.753175299089017868e+09
1.753175299089770079e+09
1.753175299100960732e+09
1.753175299101982117e+09
1.753175299103177786e+09
1.753175299104153156e+09
1.753175299116424799e+09
1.753175299117414951e+09
1.753175299118632793e+09
1.753175299119603157e+09
1.753175299133582115e+09
1.753175299134582043e+09
1.753175299135812521e+09
1.753175299136756420e+09
1.753175299149588823e+09
1.753175299150624752e+09
1.753175299151863337e+09
1.753175299152822733e+09
1.753175299164926767e+09
1.753175299165717840e+09
1.753175299166686296e+09
1.753175299167429686e+09
1.753175299176655054e+09
1.753175299177418709e+09
1.753175299178391695e+09
1.753175299179107666e+09
1.753175299191785097e+09
1.753175299192578316e+09
1.753175299193525791e+09
1.753175299194286108e+09
1.753175299204041719e+09
1.753175299204821110e+09
1.753175299205846786e+09
1.753175299206622124e+09
1.753175299216961622e+09
1.753175299217746973e+09
1.753175299218721628e+09
1.753175299219491482e+09
1.753175299230030060e+09
1.753175299230887890e+09
1.753175299231889725e+09
1.753175299232647419e+09
1.753175299244026899e+09
1.753175299245031118e+09
1.753175299246246576e+09
1.753175299247231960e+09
1.753175299263332844e+09
1.753175299264158249e+09
1.753175299265163660e+09
1.753175299265962839e+09
1.753175299275658607e+09
1.753175299276463509e+09
1.753175299277531385e+09
1.753175299278290987e+09
1.753175299287775278e+09
1.753175299291704893e+09
1.753175299292801619e+09
1.753175299295753956e+09
1.753175299306796074e+09
1.753175299307632923e+09
1.753175299308587074e+09
1.753175299309380054e+09
1.753175299319042921e+09
1.753175299319872856e+09
1.753175299320861340e+09
1.753175299321736097e+09
1.753175299335844278e+09
1.753175299336672544e+09
1.753175299337681055e+09
1.753175299338441133e+09
1.753175299347980261e+09
1.753175299348776817e+09
1.753175299349762201e+09
1.753175299350534916e+09
1.753175299362433910e+09
1.753175299363308191e+09
1.753175299364384651e+09
1.753175299365205288e+09
1.753175299374611378e+09
1.753175299375456333e+09
1.753175299376460552e+09
1.753175299377238035e+09
1.753175299387257099e+09
1.753175299388084412e+09
1.753175299392675877e+09
1.753175299393539190e+09
1.753175299403205872e+09
1.753175299403992176e+09
1.753175299404968500e+09
1.753175299405700922e+09
1.753175299415547371e+09
1.753175299416323900e+09
1.753175299417279005e+09
1.753175299418082476e+09
1.753175299432316065e+09
1.753175299433142424e+09
1.753175299434128284e+09
1.753175299434924364e+09
1.753175299444643497e+09
1.753175299445432425e+09
1.753175299446406841e+09
1.753175299447178841e+09
1.753175299457405329e+09
1.753175299458426952e+09
1.753175299459865808e+09
1.753175299462793112e+09
1.753175299478505373e+09
1.753175299479613066e+09
1.753175299480845213e+09
1.753175299481830597e+09
1.753175299495158672e+09
1.753175299495977402e+09
1.753175299496976137e+09
1.753175299497713089e+09
1.753175299507651329e+09
1.753175299508471012e+09
1.753175299509426117e+09
1.753175299510228395e+09
1.753175299519608736e+09
1.753175299520653725e+09
1.753175299521792412e+09
1.753175299522684336e+09
1.753175299535034895e+09
1.753175299536074400e+09
1.753175299537293673e+09
1.753175299538280725e+09
1.753175299550027609e+09
1.753175299550802708e+09
1.753175299551784039e+09
1.753175299552541494e+09
1.753175299566323757e+09
1.753175299567163706e+09
1.753175299568165541e+09
1.753175299568960190e+09
1.753175299578224897e+09
1.753175299578996897e+09
1.753175299579980612e+09
1.753175299580783844e+09
1.753175299595190763e+09
1.753175299595992565e+09
1.753175299596974134e+09
1.753175299597748280e+09
1.753175299607201099e+09
1.753175299607977152e+09
1.753175299609053612e+09
1.753175299609797955e+09
1.753175299620059252e+09
1.753175299620891333e+09
1.753175299624925137e+09
1.753175299625707865e+09
1.753175299635735989e+09
1.753175299636505127e+09
1.753175299637467384e+09
1.753175299638236523e+09
1.753175299648309946e+09
1.753175299649104834e+09
1.753175299650089741e+09
1.753175299650891542e+09
1.753175299661886692e+09
1.753175299662715912e+09
1.753175299663689137e+09
1.753175299664465904e+09
1.753175299674340248e+09
1.753175299675130606e+09
1.753175299676117659e+09
1.753175299676873922e+09
1.753175299686554432e+09
1.753175299687362194e+09
1.753175299688463211e+09
1.753175299689384937e+09
1.753175299700682640e+09
1.753175299701483011e+09
1.753175299702459335e+09
1.753175299703261137e+09
1.753175299712502956e+09
1.753175299713316202e+09
1.753175299714311600e+09
1.753175299715054989e+09
1.753175299726956367e+09
1.753175299728056431e+09
1.753175299729235411e+09
1.753175299730166674e+09
1.753175299744631767e+09
1.753175299745405436e+09
1.753175299746379375e+09
1.753175299747148752e+09
1.753175299762203932e+09
1.753175299763208151e+09
1.753175299764416218e+09
1.753175299765298367e+09
1.753175299774808645e+09
1.753175299775580168e+09
1.753175299776605606e+09
1.753175299777389526e+09
1.753175299787816763e+09
1.753175299788809776e+09
1.753175299790093899e+09
1.753175299795597315e+09
1.753175299805794001e+09
1.753175299806563377e+09
1.753175299807576656e+09
1.753175299808345795e+09
1.753175299819525719e+09
1.753175299820433378e+09
1.753175299821476698e+09
1.753175299825832844e+09
1.753175299835320473e+09
1.753175299836082697e+09
1.753175299837038755e+09
1.753175299837766647e+09
1.753175299847630501e+09
1.753175299848414183e+09
1.753175299849400759e+09
1.753175299850153446e+09
1.753175299860967159e+09
1.753175299861841440e+09
1.753175299863052368e+09
1.753175299863897800e+09
1.753175299874340534e+09
1.753175299875200272e+09
1.753175299876216888e+09
1.753175299876965523e+09
1.753175299886775494e+09
1.753175299887619734e+09
1.753175299889805794e+09
1.753175299890659094e+09
1.753175299901632309e+09
1.753175299902434349e+09
1.753175299903476000e+09
1.753175299904272795e+09
1.753175299913493395e+09
1.753175299914479017e+09
1.753175299915718794e+09
1.753175299916724205e+09
1.753175299930545092e+09
1.753175299931329012e+09
1.753175299932283640e+09
1.753175299933133602e+09
1.753175299942322731e+09
1.753175299943122625e+09
1.753175299944113731e+09
1.753175299944877148e+09
1.753175299955868959e+09
1.753175299957729340e+09
1.753175299958737135e+09
1.753175299959513903e+09
1.753175299969368219e+09
1.753175299970278263e+09
1.753175299971250057e+09
1.753175299972044468e+09
1.753175299982102633e+09
1.753175299982926369e+09
1.753175299983919382e+09
1.753175299984683990e+09
1.753175299995281935e+09
1.753175299996080637e+09
1.753175299997077465e+09
1.753175299997827053e+09
1.753175300007714987e+09
1.753175300008536100e+09
1.753175300009533882e+09
1.753175300010269403e+09
1.753175300020199060e+09
1.753175300021024466e+09
1.753175300025009155e+09
1.753175300025936842e+09
1.753175300036432981e+09
1.753175300037263393e+09
1.753175300038271189e+09
1.753175300039035082e+09
1.753175300048201561e+09
1.753175300049043417e+09
1.753175300050001144e+09
1.753175300050740242e+09
1.753175300064032316e+09
1.753175300064866543e+09
1.753175300065844297e+09
1.753175300066599131e+09
1.753175300076219559e+09
1.753175300076987982e+09
1.753175300077935219e+09
1.753175300078741312e+09
1.753175300091929674e+09
1.753175300092861414e+09
1.753175300095391989e+09
1.753175300096170664e+09
1.753175300106240511e+09
1.753175300107048035e+09
1.753175300108039141e+09
1.753175300108816624e+09
1.753175300118637562e+09
1.753175300119445801e+09
1.753175300120474339e+09
1.753175300121304989e+09
1.753175300132443190e+09
1.753175300133268118e+09
1.753175300134253025e+09
1.753175300135002136e+09
1.753175300146106958e+09
1.753175300147109747e+09
1.753175300148320913e+09
1.753175300149281979e+09
1.753175300162065268e+09
1.753175300162892103e+09
1.753175300163869619e+09
1.753175300164646626e+09
1.753175300174326897e+09
1.753175300175076962e+09
1.753175300176151752e+09
1.753175300176896572e+09
1.753175300186464787e+09
1.753175300187285185e+09
1.753175300189465523e+09
1.753175300190475464e+09
1.753175300203123808e+09
1.753175300203957081e+09
1.753175300204907179e+09
1.753175300205635786e+09
1.753175300214943647e+09
1.753175300215754986e+09
1.753175300216740608e+09
1.753175300217501402e+09
1.753175300229063988e+09
1.753175300229907751e+09
1.753175300230884075e+09
1.753175300231656075e+09
1.753175300241108894e+09
1.753175300241912842e+09
1.753175300242894888e+09
1.753175300243655205e+09
1.753175300254326344e+09
1.753175300255230188e+09
1.753175300256314039e+09
1.753175300257138968e+09
1.753175300268264771e+09
1.753175300269099474e+09
1.753175300270053864e+09
1.753175300270835876e+09
1.753175300281208754e+09
1.753175300282011032e+09
1.753175300282987833e+09
1.753175300283767223e+09
1.753175300298077106e+09
1.753175300298895597e+09
1.753175300299879789e+09
1.753175300300639629e+09
1.753175300310377836e+09
1.753175300311188936e+09
1.753175300312202930e+09
1.753175300313016176e+09
1.753175300322773695e+09
1.753175300323698521e+09
1.753175300324787378e+09
1.753175300325658083e+09
1.753175300336011171e+09
1.753175300336790800e+09
1.753175300337759256e+09
1.753175300338532925e+09
1.753175300347791195e+09
1.753175300348565817e+09
1.753175300349503756e+09
1.753175300350267172e+09
1.753175300365942240e+09
1.753175300367018223e+09
1.753175300368295193e+09
1.753175300369265079e+09
1.753175300382112503e+09
1.753175300383116961e+09
1.753175300384321690e+09
1.753175300385278702e+09
1.753175300400096416e+09
1.753175300401173592e+09
1.753175300402477026e+09
1.753175300403479099e+09
1.753175300415291548e+09
1.753175300416044950e+09
1.753175300417097807e+09
1.753175300417838812e+09
1.753175300429193735e+09
1.753175300430022478e+09
1.753175300431002617e+09
1.753175300431758642e+09
1.753175300440868855e+09
1.753175300441710949e+09
1.753175300442787409e+09
1.753175300443537474e+09
1.753175300453572273e+09
1.753175300454373837e+09
1.753175300458889008e+09
1.753175300459666967e+09
1.753175300469153166e+09
1.753175300469940424e+09
1.753175300470884562e+09
1.753175300471653938e+09
1.753175300482035637e+09
1.753175300482821226e+09
1.753175300483806372e+09
1.753175300484590292e+09
1.753175300497121811e+09
1.753175300498075962e+09
1.753175300499171019e+09
1.753175300499912977e+09
1.753175300509810686e+09
1.753175300510606766e+09
1.753175300511570692e+09
1.753175300512361765e+09
1.753175300521518707e+09
1.753175300522317410e+09
1.753175300526675940e+09
1.753175300527567625e+09
1.753175300539478540e+09
1.753175300540270329e+09
1.753175300541249752e+09
1.753175300542053938e+09
1.753175300551590204e+09
1.753175300552369118e+09
1.753175300553344727e+09
1.753175300554214001e+09
1.753175300566659212e+09
1.753175300567474127e+09
1.753175300568445921e+09
1.753175300569230080e+09
1.753175300578602314e+09
1.753175300579419136e+09
1.753175300580343246e+09
1.753175300581078529e+09
1.753175300593208790e+09
1.753175300594227314e+09
1.753175300595430851e+09
1.753175300596426725e+09
1.753175300608312368e+09
1.753175300609216690e+09
1.753175300610271931e+09
1.753175300611014843e+09
1.753175300620881081e+09
1.753175300621772766e+09
1.753175300622843742e+09
1.753175300623743057e+09
1.753175300636889696e+09
1.753175300637699842e+09
1.753175300638696194e+09
1.753175300639514208e+09
1.753175300649656534e+09
1.753175300650423765e+09
1.753175300651393175e+09
1.753175300652122259e+09
1.753175300667867661e+09
1.753175300668742657e+09
1.753175300669743299e+09
1.753175300670499802e+09
1.753175300681043148e+09
1.753175300681911945e+09
1.753175300682910204e+09
1.753175300683664560e+09
1.753175300695937634e+09
1.753175300696996689e+09
1.753175300698164940e+09
1.753175300698939085e+09
1.753175300710595131e+09
1.753175300711639643e+09
1.753175300712877274e+09
1.753175300713856220e+09
1.753175300728501320e+09
1.753175300729423046e+09
1.753175300730417728e+09
1.753175300731245756e+09
1.753175300741421938e+09
1.753175300742175579e+09
1.753175300743129492e+09
1.753175300743877649e+09
1.753175300753196716e+09
1.753175300754230738e+09
1.753175300755434275e+09
1.753175300756443977e+09
1.753175300773658037e+09
1.753175300774501562e+09
1.753175300775524616e+09
1.753175300776335955e+09
1.753175300786298275e+09
1.753175300787126780e+09
1.753175300788158417e+09
1.753175300788947105e+09
1.753175300801575184e+09
1.753175300802393198e+09
1.753175300803355455e+09
1.753175300804130793e+09
1.753175300813689947e+09
1.753175300814480782e+09
1.753175300815471411e+09
1.753175300816222906e+09
1.753175300827627420e+09
1.753175300828531265e+09
1.753175300829521894e+09
1.753175300830329418e+09
1.753175300840082169e+09
1.753175300840895653e+09
1.753175300841888189e+09
1.753175300842686415e+09
1.753175300852778196e+09
1.753175300853543997e+09
1.753175300854741812e+09
1.753175300855709076e+09
1.753175300867844582e+09
1.753175300868661165e+09
1.753175300869668007e+09
1.753175300870444775e+09
1.753175300880334377e+09
1.753175300881106377e+09
1.753175300882146835e+09
1.753175300882921934e+09
1.753175300894794703e+09
1.753175300895726681e+09
1.753175300896853924e+09
1.753175300899934769e+09
1.753175300910002470e+09
1.753175300910826445e+09
1.753175300911789894e+09
1.753175300912569761e+09
1.753175300922285318e+09
1.753175300923125267e+09
1.753175300924097538e+09
1.753175300924933672e+09
1.753175300937135696e+09
1.753175300937967300e+09
1.753175300938980818e+09
1.753175300939743519e+09
1.753175300949186563e+09
1.753175300950019121e+09
1.753175300950946569e+09
1.753175300951793671e+09
1.753175300965271711e+09
1.753175300966058731e+09
1.753175300967072010e+09
1.753175300967839241e+09
1.753175300977625847e+09
1.753175300978469372e+09
1.753175300979421377e+09
1.753175300980166674e+09
1.753175300990126848e+09
1.753175300991066933e+09
1.753175300995706320e+09
1.753175300996604204e+09
1.753175301009222507e+09
1.753175301010099173e+09
1.753175301011132002e+09
1.753175301011929750e+09
1.753175301022203922e+09
1.753175301023016691e+09
1.753175301024053335e+09
1.753175301024828911e+09
1.753175301038654089e+09
1.753175301039639473e+09
1.753175301040703058e+09
1.753175301041739941e+09
1.753175301053208351e+09
1.753175301054017782e+09
1.753175301055045843e+09
1.753175301055835962e+09
1.753175301065906763e+09
1.753175301066727638e+09
1.753175301067733288e+09
1.753175301068491936e+09
1.753175301085322857e+09
1.753175301086199284e+09
1.753175301087223291e+09
1.753175301088028193e+09
1.753175301099149466e+09
1.753175301100191593e+09
1.753175301101411581e+09
1.753175301102346420e+09
1.753175301116751909e+09
1.753175301117607832e+09
1.753175301118592501e+09
1.753175301119477034e+09
1.753175301129655600e+09
1.753175301130514383e+09
1.753175301131531477e+09
1.753175301132293463e+09
1.753175301144937754e+09
1.753175301145961285e+09
1.753175301146985292e+09
1.753175301147770405e+09
1.753175301157912493e+09
1.753175301158725262e+09
1.753175301159771681e+09
1.753175301160550833e+09
1.753175301171380758e+09
1.753175301172267199e+09
1.753175301174920082e+09
1.753175301175812244e+09
1.753175301186326504e+09
1.753175301187137127e+09
1.753175301188149691e+09
1.753175301188936949e+09
1.753175301199213982e+09
1.753175301200056791e+09
1.753175301201086521e+09
1.753175301201848745e+09
1.753175301212978601e+09
1.753175301213799238e+09
1.753175301214793444e+09
1.753175301215576410e+09
1.753175301226166248e+09
1.753175301227008581e+09
1.753175301230945826e+09
1.753175301234738827e+09
1.753175301244698524e+09
1.753175301245510101e+09
1.753175301246485233e+09
1.753175301247305155e+09
1.753175301257238865e+09
1.753175301258087635e+09
1.753175301259207964e+09
1.753175301259947777e+09
1.753175301273350716e+09
1.753175301274175882e+09
1.753175301275171280e+09
1.753175301276083946e+09
1.753175301286138296e+09
1.753175301286911726e+09
1.753175301287896395e+09
1.753175301288667917e+09
1.753175301299875259e+09
1.753175301300868750e+09
1.753175301302175522e+09
1.753175301302970409e+09
1.753175301313240051e+09
1.753175301314013481e+09
1.753175301314957619e+09
1.753175301315697670e+09
1.753175301324859619e+09
1.753175301325668573e+09
1.753175301326595545e+09
1.753175301327359438e+09
1.753175301340580940e+09
1.753175301341376781e+09
1.753175301342411518e+09
1.753175301343163729e+09
1.753175301352718115e+09
1.753175301353525400e+09
1.753175301354568958e+09
1.753175301355309963e+09
1.753175301368258476e+09
1.753175301369061947e+09
1.753175301370149612e+09
1.753175301370939255e+09
1.753175301380764723e+09
1.753175301381581545e+09
1.753175301382563353e+09
1.753175301383347273e+09
1.753175301393113375e+09
1.753175301393906593e+09
1.753175301394896746e+09
1.753175301395725012e+09
1.753175301405670643e+09
1.753175301406458616e+09
1.753175301407463789e+09
1.753175301408217430e+09
1.753175301418282747e+09
1.753175301419071674e+09
1.753175301420032740e+09
1.753175301420781851e+09
1.753175301431113958e+09
1.753175301432296515e+09
1.753175301433430672e+09
1.753175301434282780e+09
1.753175301444656610e+09
1.753175301445495844e+09
1.753175301446504354e+09
1.753175301447248936e+09
1.753175301456590176e+09
1.753175301457361698e+09
1.753175301458382845e+09
1.753175301459178925e+09
1.753175301474333286e+09
1.753175301475118876e+09
1.753175301476163864e+09
1.753175301477016926e+09
1.753175301487221479e+09
1.753175301488018036e+09
1.753175301489020109e+09
1.753175301489781141e+09
1.753175301505746603e+09
1.753175301506561279e+09
1.753175301507580757e+09
1.753175301508366346e+09
1.753175301518421173e+09
1.753175301519268036e+09
1.753175301520271301e+09
1.753175301521075010e+09
1.753175301532905817e+09
1.753175301533871651e+09
1.753175301535195827e+09
1.753175301536128283e+09
1.753175301547273397e+09
1.753175301548095465e+09
1.753175301549141645e+09
1.753175301549991131e+09
1.753175301560205936e+09
1.753175301561040401e+09
1.753175301562256098e+09
1.753175301563237190e+09
1.753175301575664997e+09
1.753175301576665401e+09
1.753175301577732801e+09
1.753175301578541279e+09
1.753175301588948488e+09
1.753175301589741468e+09
1.753175301590722322e+09
1.753175301591569185e+09
1.753175301603541136e+09
1.753175301604354620e+09
1.753175301605376720e+09
1.753175301606171370e+09
1.753175301616890430e+09
1.753175301617735147e+09
1.753175301618744135e+09
1.753175301619516611e+09
1.753175301630177975e+09
1.753175301631128550e+09
1.753175301632882357e+09
1.753175301633690834e+09
1.753175301644094467e+09
1.753175301644897699e+09
1.753175301645874977e+09
1.753175301646644831e+09
1.753175301657479525e+09
1.753175301658508539e+09
1.753175301659769297e+09
1.753175301660780907e+09
1.753175301673796892e+09
1.753175301674716234e+09
1.753175301675748348e+09
1.753175301676599026e+09
1.753175301688014030e+09
1.753175301689042091e+09
1.753175301690324545e+09
1.753175301691319227e+09
1.753175301707072258e+09
1.753175301708139181e+09
1.753175301709471464e+09
1.753175301710515022e+09
1.753175301722346067e+09
1.753175301723132133e+09
1.753175301724136591e+09
1.753175301724979162e+09
1.753175301737785816e+09
1.753175301738764286e+09
1.753175301739932299e+09
1.753175301740732193e+09
1.753175301750865459e+09
1.753175301751677513e+09
1.753175301752662897e+09
1.753175301753447056e+09
1.753175301763554573e+09
1.753175301767717838e+09
1.753175301768894434e+09
1.753175301769854069e+09
1.753175301779882669e+09
1.753175301780715227e+09
1.753175301781737566e+09
1.753175301782508612e+09
1.753175301791982651e+09
1.753175301792809486e+09
1.753175301793866634e+09
1.753175301794670820e+09
1.753175301806413174e+09
1.753175301807243824e+09
1.753175301808218718e+09
1.753175301808993578e+09
1.753175301818866253e+09
1.753175301819735527e+09
1.753175301820803404e+09
1.753175301821599722e+09
1.753175301831694365e+09
1.753175301833758354e+09
1.753175301834793329e+09
1.753175301835591793e+09
1.753175301846352816e+09
1.753175301847204685e+09
1.753175301848172903e+09
1.753175301848946095e+09
1.753175301858123779e+09
1.753175301858995438e+09
1.753175301860018015e+09
1.753175301860806465e+09
1.753175301871815443e+09
1.753175301872627258e+09
1.753175301873621941e+09
1.753175301874363899e+09
1.753175301883642435e+09
1.753175301884470701e+09
1.753175301885464907e+09
1.753175301886252642e+09
1.753175301896016359e+09
1.753175301896929026e+09
1.753175301899184942e+09
1.753175301900116682e+09
1.753175301909721851e+09
1.753175301910540819e+09
1.753175301911554813e+09
1.753175301912362576e+09
1.753175301921970606e+09
1.753175301922791719e+09
1.753175301923788786e+09
1.753175301924547672e+09
1.753175301937306404e+09
1.753175301938135386e+09
1.753175301939143181e+09
1.753175301939961910e+09
1.753175301950395584e+09
1.753175301951248169e+09
1.753175301952279091e+09
1.753175301953063250e+09
1.753175301962743044e+09
1.753175301968321562e+09
1.753175301969370127e+09
1.753175301970225096e+09
1.753175301982007742e+09
1.753175301983085394e+09
1.753175301984378815e+09
1.753175301985432148e+09
1.753175301998147249e+09
1.753175301999226809e+09
1.753175302000506878e+09
1.753175302001531363e+09
1.753175302016321421e+09
1.753175302017442465e+09
1.753175302018767595e+09
1.753175302019913912e+09
1.753175302031899691e+09
1.753175302032773733e+09
1.753175302033820868e+09
1.753175302034666777e+09
1.753175302047666550e+09
1.753175302048511744e+09
1.753175302049561024e+09
1.753175302050309420e+09
1.753175302059926271e+09
1.753175302060760736e+09
1.753175302061760426e+09
1.753175302062533855e+09
1.753175302073006153e+09
1.753175302073903322e+09
1.753175302075071573e+09
1.753175302075982809e+09
1.753175302086364508e+09
1.753175302087202072e+09
1.753175302088215113e+09
1.753175302089009047e+09
1.753175302100334644e+09
1.753175302101389170e+09
1.753175302102651596e+09
1.753175302103657722e+09
1.753175302115807056e+09
1.753175302116654158e+09
1.753175302117683172e+09
1.753175302118487358e+09
1.753175302128535509e+09
1.753175302129344225e+09
1.753175302130323648e+09
1.753175302131094694e+09
1.753175302144951105e+09
1.753175302145879269e+09
1.753175302146901608e+09
1.753175302147716284e+09
1.753175302157791138e+09
1.753175302158613682e+09
1.753175302159616470e+09
1.753175302160416603e+09
1.753175302170096874e+09
1.753175302170946360e+09
1.753175302172070980e+09
1.753175302172985315e+09
1.753175302185344219e+09
1.753175302186209202e+09
1.753175302187263727e+09
1.753175302188083887e+09
1.753175302197477102e+09
1.753175302198300838e+09
1.753175302199319601e+09
1.753175302200106144e+09
1.753175302214231491e+09
1.753175302215072870e+09
1.753175302216084242e+09
1.753175302216900349e+09
1.753175302226669073e+09
1.753175302227718830e+09
1.753175302228981495e+09
1.753175302229976892e+09
1.753175302244320869e+09
1.753175302246137381e+09
1.753175302247148037e+09
1.753175302247941494e+09
1.753175302257273436e+09
1.753175302258065939e+09
1.753175302259089470e+09
1.753175302259847641e+09
1.753175302269640446e+09
1.753175302270525217e+09
1.753175302271795988e+09
1.753175302272704601e+09
1.753175302283617496e+09
1.753175302284451246e+09
1.753175302285455465e+09
1.753175302286273479e+09
1.753175302295908928e+09
1.753175302296736717e+09
1.753175302297712326e+09
1.753175302298473835e+09
1.753175302316339493e+09
1.753175302317219257e+09
1.753175302318403482e+09
1.753175302319317818e+09
1.753175302329451561e+09
1.753175302330316782e+09
1.753175302331323862e+09
1.753175302332217932e+09
1.753175302343018532e+09
1.753175302344061136e+09
1.753175302345170498e+09
1.753175302346147060e+09
1.753175302357649565e+09
1.753175302358603001e+09
1.753175302359742641e+09
1.753175302360582590e+09
1.753175302370337725e+09
1.753175302371397734e+09
1.753175302373245478e+09
1.753175302374142170e+09
1.753175302385129690e+09
1.753175302385965109e+09
1.753175302387006998e+09
1.753175302387764454e+09
1.753175302397066355e+09
1.753175302397891760e+09
1.753175302398928404e+09
1.753175302399731398e+09
1.753175302411961079e+09
1.753175302412826538e+09
1.753175302413862228e+09
1.753175302414684772e+09
1.753175302423976183e+09
1.753175302424758196e+09
1.753175302425755024e+09
1.753175302426537991e+09
1.753175302436271191e+09
1.753175302437079906e+09
1.753175302438059330e+09
1.753175302441772461e+09
1.753175302452547073e+09
1.753175302453354359e+09
1.753175302454319000e+09
1.753175302455080748e+09
1.753175302464785337e+09
1.753175302467600584e+09
1.753175302468754768e+09
1.753175302469667435e+09
1.753175302479808807e+09
1.753175302480606794e+09
1.753175302481605291e+09
1.753175302482421398e+09
1.753175302492761374e+09
1.753175302493582249e+09
1.753175302494558096e+09
1.753175302495358229e+09
1.753175302507202387e+09
1.753175302508268833e+09
1.753175302509578943e+09
1.753175302510580540e+09
1.753175302522514582e+09
1.753175302523286104e+09
1.753175302524237633e+09
1.753175302524993896e+09
1.753175302537205219e+09
1.753175302538236141e+09
1.753175302539416313e+09
1.753175302540267706e+09
1.753175302550572395e+09
1.753175302551465988e+09
1.753175302552471876e+09
1.753175302553230047e+09
1.753175302562195778e+09
1.753175302563000679e+09
1.753175302563960314e+09
1.753175302564768553e+09
1.753175302576382160e+09
1.753175302577244043e+09
1.753175302578243017e+09
1.753175302579007149e+09
1.753175302588458300e+09
1.753175302589317799e+09
1.753175302590273857e+09
1.753175302591071129e+09
1.753175302602293968e+09
1.753175302603237629e+09
1.753175302604273558e+09
1.753175302605035067e+09
1.753175302614409924e+09
1.753175302615245581e+09
1.753175302616306067e+09
1.753175302617113113e+09
1.753175302626463652e+09
1.753175302627238989e+09
1.753175302628238678e+09
1.753175302628993273e+09
1.753175302642025709e+09
1.753175302642881870e+09
1.753175302643941879e+09
1.753175302644807339e+09
1.753175302654783726e+09
1.753175302655582190e+09
1.753175302656533003e+09
1.753175302657300949e+09
1.753175302666488171e+09
1.753175302670948982e+09
1.753175302672085047e+09
1.753175302673009872e+09
1.753175302683796644e+09
1.753175302684610367e+09
1.753175302685586214e+09
1.753175302686392546e+09
1.753175302695547581e+09
1.753175302696388960e+09
1.753175302697393656e+09
1.753175302698145866e+09
1.753175302710287094e+09
1.753175302711232185e+09
1.753175302712393522e+09
1.753175302713166475e+09
1.753175302722811460e+09
1.753175302723614454e+09
1.753175302724584341e+09
1.753175302725362778e+09
1.753175302735225677e+09
1.753175302736138582e+09
1.753175302737160683e+09
1.753175302738028049e+09
1.753175302749712944e+09
1.753175302750530005e+09
1.753175302751524448e+09
1.753175302752357483e+09
1.753175302761933565e+09
1.753175302762737036e+09
1.753175302763738394e+09
1.753175302764545679e+09
1.753175302778250456e+09
1.753175302782886744e+09
1.753175302784114122e+09
1.753175302785072327e+09
1.753175302795381784e+09
1.753175302796201944e+09
1.753175302797561169e+09
1.753175302798624277e+09
1.753175302811837912e+09
1.753175302812693834e+09
1.753175302813734055e+09
1.753175302814579010e+09
1.753175302825753450e+09
1.753175302826822042e+09
1.753175302828080177e+09
1.753175302829108477e+09
1.753175302845158100e+09
1.753175302846125126e+09
1.753175302848581553e+09
1.753175302849449396e+09
1.753175302859310627e+09
1.753175302860081673e+09
1.753175302861032724e+09
1.753175302861808062e+09
1.753175302873275995e+09
1.753175302874286890e+09
1.753175302875374079e+09
1.753175302876127720e+09
1.753175302886048317e+09
1.753175302886862040e+09
1.753175302887878656e+09
1.753175302888653755e+09
1.753175302897738218e+09
1.753175302898585558e+09
1.753175302899570942e+09
1.753175302900365829e+09
1.753175302912700176e+09
1.753175302913503408e+09
1.753175302914505005e+09
1.753175302915310144e+09
1.753175302924838543e+09
1.753175302925730467e+09
1.753175302926709414e+09
1.753175302927490711e+09
1.753175302937445641e+09
1.753175302938331127e+09
1.753175302941414356e+09
1.753175302942307234e+09
1.753175302952557802e+09
1.753175302953516960e+09
1.753175302954537153e+09
1.753175302955349684e+09
1.753175302965507746e+09
1.753175302966369629e+09
1.753175302967382431e+09
1.753175302968191147e+09
1.753175302980555534e+09
1.753175302981506824e+09
1.753175302982510328e+09
1.753175302983389139e+09
1.753175302993200779e+09
1.753175302994041443e+09
1.753175302995013952e+09
1.753175302995807886e+09
1.753175303007650375e+09
1.753175303008566618e+09
1.753175303009619236e+09
1.753175303010426998e+09
1.753175303020478725e+09
1.753175303021265984e+09
1.753175303022249222e+09
1.753175303022994280e+09
1.753175303032100201e+09
1.753175303032893658e+09
1.753175303033923149e+09
1.753175303034729481e+09
1.753175303046760082e+09
1.753175303047620773e+09
1.753175303048656464e+09
1.753175303049430132e+09
1.753175303058954239e+09
1.753175303059764147e+09
1.753175303060753345e+09
1.753175303061548471e+09
1.753175303075158834e+09
1.753175303076096296e+09
1.753175303077333212e+09
1.753175303078158379e+09
1.753175303087920189e+09
1.753175303088717461e+09
1.753175303089724064e+09
1.753175303090538979e+09
1.753175303100350380e+09
1.753175303101165533e+09
1.753175303102203369e+09
1.753175303102956772e+09
1.753175303114815474e+09
1.753175303115684032e+09
1.753175303116719961e+09
1.753175303117504358e+09
1.753175303127810478e+09
1.753175303128682137e+09
1.753175303129703522e+09
1.753175303130508184e+09
1.753175303140916109e+09
1.753175303141904116e+09
1.753175303142960548e+09
1.753175303143788576e+09
1.753175303154102325e+09
1.753175303154952765e+09
1.753175303155944586e+09
1.753175303156711340e+09
1.753175303166173697e+09
1.753175303166979313e+09
1.753175303167961836e+09
1.753175303168794632e+09
1.753175303183078051e+09
1.753175303183924198e+09
1.753175303184940577e+09
1.753175303185731173e+09
1.753175303195571423e+09
1.753175303196383953e+09
1.753175303197415352e+09
1.753175303198220253e+09
1.753175303209010601e+09
1.753175303210050106e+09
1.753175303211421013e+09
1.753175303213032007e+09
1.753175303223198175e+09
1.753175303224040985e+09
1.753175303225111723e+09
1.753175303225929737e+09
1.753175303236148119e+09
1.753175303236977816e+09
1.753175303237974644e+09
1.753175303238909960e+09
1.753175303251669407e+09
1.753175303252662897e+09
1.753175303253752947e+09
1.753175303254554510e+09
1.753175303264649153e+09
1.753175303265487194e+09
1.753175303266449928e+09
1.753175303267220974e+09
1.753175303282108068e+09
1.753175303283002853e+09
