1.753175215117394447e+09
1.753175215164605618e+09
1.753175215165397644e+09
1.753175215179441452e+09
1.753175215180335045e+09
1.753175215183406353e+09
1.753175215184364796e+09
1.753175215200271606e+09
1.753175215201200485e+09
1.753175215202295542e+09
1.753175215203147888e+09
1.753175215220578909e+09
1.753175215221452951e+09
1.753175215222526312e+09
1.753175215223342419e+09
1.753175215244631052e+09
1.753175215245510817e+09
1.753175215246674061e+09
1.753175215247459650e+09
1.753175215259061575e+09
1.753175215259889603e+09
1.753175215260890007e+09
1.753175215261668444e+09
1.753175215285383701e+09
1.753175215286377430e+09
1.753175215287480593e+09
1.753175215288294315e+09
1.753175215300766230e+09
1.753175215301619053e+09
1.753175215302724838e+09
1.753175215303491831e+09
1.753175215317479849e+09
1.753175215318569899e+09
1.753175215320170164e+09
1.753175215321109056e+09
1.753175215333950758e+09
1.753175215334808588e+09
1.753175215336021900e+09
1.753175215336864471e+09
1.753175215348952532e+09
1.753175215349823952e+09
1.753175215351020575e+09
1.753175215351876259e+09
1.753175215364054441e+09
1.753175215364889860e+09
1.753175215365942717e+09
1.753175215366858721e+09
1.753175215381125212e+09
1.753175215382092953e+09
1.753175215386707783e+09
1.753175215387549400e+09
1.753175215399705648e+09
1.753175215400577784e+09
1.753175215401640892e+09
1.753175215402426720e+09
1.753175215413863897e+09
1.753175215421614885e+09
1.753175215422796249e+09
1.753175215423697233e+09
1.753175215435892582e+09
1.753175215436751604e+09
1.753175215437808275e+09
1.753175215438566446e+09
1.753175215451794863e+09
1.753175215452929258e+09
1.753175215454429626e+09
1.753175215455381393e+09
1.753175215466730833e+09
1.753175215467576742e+09
1.753175215468667507e+09
1.753175215469500780e+09
1.753175215481488466e+09
1.753175215482359886e+09
1.753175215483377695e+09
1.753175215484142065e+09
1.753175215495009422e+09
1.753175215495832205e+09
1.753175215496868610e+09
1.753175215497669220e+09
1.753175215507903814e+09
1.753175215508701086e+09
1.753175215509682655e+09
1.753175215510566235e+09
1.753175215522867918e+09
1.753175215523810625e+09
1.753175215524967194e+09
1.753175215525856256e+09
1.753175215536499500e+09
1.753175215537390709e+09
1.753175215538426399e+09
1.753175215539203644e+09
1.753175215552513599e+09
1.753175215553367138e+09
1.753175215554399729e+09
1.753175215555219412e+09
1.753175215564933777e+09
1.753175215565753460e+09
1.753175215566724300e+09
1.753175215567497730e+09
1.753175215577739000e+09
1.753175215581875086e+09
1.753175215583057165e+09
1.753175215583950758e+09
1.753175215595139503e+09
1.753175215595941067e+09
1.753175215596936226e+09
1.753175215597732067e+09
1.753175215608481884e+09
1.753175215609318733e+09
1.753175215610472202e+09
1.753175215613996029e+09
1.753175215625029325e+09
1.753175215625804663e+09
1.753175215626817226e+09
1.753175215627566338e+09
1.753175215637880325e+09
1.753175215638649940e+09
1.753175215639618635e+09
1.753175215640379429e+09
1.753175215654449463e+09
1.753175215655377626e+09
1.753175215656391382e+09
1.753175215657122850e+09
1.753175215667466402e+09
1.753175215668283224e+09
1.753175215669329643e+09
1.753175215670060873e+09
1.753175215680634260e+09
1.753175215681459427e+09
1.753175215682454586e+09
1.753175215683230400e+09
1.753175215693333149e+09
1.753175215694100618e+09
1.753175215695053816e+09
1.753175215695778847e+09
1.753175215705601454e+09
1.753175215706388712e+09
1.753175215707366943e+09
1.753175215708140612e+09
1.753175215719086170e+09
1.753175215719939470e+09
1.753175215720907688e+09
1.753175215721679211e+09
1.753175215730952501e+09
1.753175215731858015e+09
1.753175215732790232e+09
1.753175215733573914e+09
1.753175215743115187e+09
1.753175215743936300e+09
1.753175215747948170e+09
1.753175215748708725e+09
1.753175215758325338e+09
1.753175215759104490e+09
1.753175215760069132e+09
1.753175215760830641e+09
1.753175215770553827e+09
1.753175215771358967e+09
1.753175215772335052e+09
1.753175215773056269e+09
1.753175215788367987e+09
1.753175215789192677e+09
1.753175215790154696e+09
1.753175215790905714e+09
1.753175215800777912e+09
1.753175215801540852e+09
1.753175215802525282e+09
1.753175215803272963e+09
1.753175215815225601e+09
1.753175215816140652e+09
1.753175215817228317e+09
1.753175215818154573e+09
1.753175215829465389e+09
1.753175215830296516e+09
1.753175215831243038e+09
1.753175215832045555e+09
1.753175215841352224e+09
1.753175215842124224e+09
1.753175215843113422e+09
1.753175215843963861e+09
1.753175215853825569e+09
1.753175215854618311e+09
1.753175215855834484e+09
1.753175215859713554e+09
1.753175215870260477e+09
1.753175215871060848e+09
1.753175215872088432e+09
1.753175215872830868e+09
1.753175215883080721e+09
1.753175215883857012e+09
1.753175215884844065e+09
1.753175215885611296e+09
1.753175215897735119e+09
1.753175215898539782e+09
1.753175215899546623e+09
1.753175215900357485e+09
1.753175215910723925e+09
1.753175215911694288e+09
1.753175215915962934e+09
1.753175215916811228e+09
1.753175215927539110e+09
1.753175215928352833e+09
1.753175215929378271e+09
1.753175215930163622e+09
1.753175215940520763e+09
1.753175215941327333e+09
1.753175215942465305e+09
1.753175215943235874e+09
1.753175215953985214e+09
1.753175215954811096e+09
1.753175215955753326e+09
1.753175215956505299e+09
1.753175215966124535e+09
1.753175215966871262e+09
1.753175215967821360e+09
1.753175215968536854e+09
1.753175215978262901e+09
1.753175215982729435e+09
1.753175215983881474e+09
1.753175215984752178e+09
1.753175215996151924e+09
1.753175215996927500e+09
1.753175215997941256e+09
1.753175215998686552e+09
1.753175216008672714e+09
1.753175216009553909e+09
1.753175216010528803e+09
1.753175216011468172e+09
1.753175216026070118e+09
1.753175216026904345e+09
1.753175216027861357e+09
1.753175216028703213e+09
1.753175216038281679e+09
1.753175216039080620e+09
1.753175216040048599e+09
1.753175216040818930e+09
1.753175216052980661e+09
1.753175216053822994e+09
1.753175216054779053e+09
1.753175216055614471e+09
1.753175216065124035e+09
1.753175216065953493e+09
1.753175216066988707e+09
1.753175216067741871e+09
1.753175216077575922e+09
1.753175216078387499e+09
1.753175216081345558e+09
1.753175216082244635e+09
1.753175216093067884e+09
1.753175216093828917e+09
1.753175216094897747e+09
1.753175216095654249e+09
1.753175216105467081e+09
1.753175216106222630e+09
1.753175216107153654e+09
1.753175216107906342e+09
1.753175216120032787e+09
1.753175216120953083e+09
1.753175216122068405e+09
1.753175216122812986e+09
1.753175216132839918e+09
1.753175216133614302e+09
1.753175216134627581e+09
1.753175216135444641e+09
1.753175216144749403e+09
1.753175216145706654e+09
1.753175216148747444e+09
1.753175216149650335e+09
1.753175216161170006e+09
1.753175216162107706e+09
1.753175216163270235e+09
1.753175216164048433e+09
1.753175216173511505e+09
1.753175216174287796e+09
1.753175216175245285e+09
1.753175216176029205e+09
1.753175216187727690e+09
1.753175216188527346e+09
1.753175216189492226e+09
1.753175216190263271e+09
1.753175216199799299e+09
1.753175216200578213e+09
1.753175216201543570e+09
1.753175216202295303e+09
1.753175216212299109e+09
1.753175216213307142e+09
1.753175216216372490e+09
1.753175216217202187e+09
1.753175216227903605e+09
1.753175216228690147e+09
1.753175216229668617e+09
1.753175216230440378e+09
1.753175216240411997e+09
1.753175216241249084e+09
1.753175216242174387e+09
1.753175216242946863e+09
1.753175216254660368e+09
1.753175216256019831e+09
1.753175216257083893e+09
1.753175216257847071e+09
1.753175216268095732e+09
1.753175216268903494e+09
1.753175216269916773e+09
1.753175216270679474e+09
1.753175216280757427e+09
1.753175216281711578e+09
1.753175216282883167e+09
1.753175216283796787e+09
1.753175216294613600e+09
1.753175216295443296e+09
1.753175216296472788e+09
1.753175216297207355e+09
1.753175216307265997e+09
1.753175216308026791e+09
1.753175216308942318e+09
1.753175216309787750e+09
1.753175216322913170e+09
1.753175216323703527e+09
1.753175216324686766e+09
1.753175216325457811e+09
1.753175216335115194e+09
1.753175216335873127e+09
1.753175216336848736e+09
1.753175216337558746e+09
1.753175216352258444e+09
1.753175216353259802e+09
1.753175216354403496e+09
1.753175216355260611e+09
1.753175216365488529e+09
1.753175216366325617e+09
1.753175216367334127e+09
1.753175216368170977e+09
1.753175216378221035e+09
1.753175216378987551e+09
1.753175216380148649e+09
1.753175216383914232e+09
1.753175216394889116e+09
1.753175216395662785e+09
1.753175216396623135e+09
1.753175216397342205e+09
1.753175216407464504e+09
1.753175216408266544e+09
1.753175216409228802e+09
1.753175216410006285e+09
1.753175216425810099e+09
1.753175216426608324e+09
1.753175216427656174e+09
1.753175216428467989e+09
1.753175216438666344e+09
1.753175216439492941e+09
1.753175216440503120e+09
1.753175216441410780e+09
1.753175216455147266e+09
1.753175216456146955e+09
1.753175216457361698e+09
1.753175216458144426e+09
1.753175216468509912e+09
1.753175216469324350e+09
1.753175216470305443e+09
1.753175216471064568e+09
1.753175216480617523e+09
1.753175216481551886e+09
1.753175216482690334e+09
1.753175216483564854e+09
1.753175216494618654e+09
1.753175216495381355e+09
1.753175216496343136e+09
1.753175216497094870e+09
1.753175216506533384e+09
1.753175216507307768e+09
1.753175216508305311e+09
1.753175216509088516e+09
1.753175216521120310e+09
1.753175216522220135e+09
1.753175216523271084e+09
1.753175216524038076e+09
1.753175216533526182e+09
1.753175216534335375e+09
1.753175216535308599e+09
1.753175216536093712e+09
1.753175216545867920e+09
1.753175216546627760e+09
1.753175216547778130e+09
1.753175216551577568e+09
1.753175216561585188e+09
1.753175216562412739e+09
1.753175216563407421e+09
1.753175216564117908e+09
1.753175216573966742e+09
1.753175216574762344e+09
1.753175216575732470e+09
1.753175216576474428e+09
1.753175216588999748e+09
1.753175216589809895e+09
1.753175216590771198e+09
1.753175216591493845e+09
1.753175216601403713e+09
1.753175216602179527e+09
1.753175216603132248e+09
1.753175216603864670e+09
1.753175216613065958e+09
1.753175216613879204e+09
1.753175216615041018e+09
1.753175216615892887e+09
1.753175216627808332e+09
1.753175216628598452e+09
1.753175216629561186e+09
1.753175216630308628e+09
1.753175216639689922e+09
1.753175216640576601e+09
1.753175216641523600e+09
1.753175216642258644e+09
1.753175216653170586e+09
1.753175216654079676e+09
1.753175216655209780e+09
1.753175216656050205e+09
1.753175216665938854e+09
1.753175216666733027e+09
1.753175216667719364e+09
1.753175216668453693e+09
1.753175216677877903e+09
1.753175216678629398e+09
1.753175216679571629e+09
1.753175216680325747e+09
1.753175216691363335e+09
1.753175216692191601e+09
1.753175216693212748e+09
1.753175216693983078e+09
1.753175216703823328e+09
1.753175216704591036e+09
1.753175216705567837e+09
1.753175216706351757e+09
1.753175216718117237e+09
1.753175216718954802e+09
1.753175216720085144e+09
1.753175216720926523e+09
1.753175216731521845e+09
1.753175216732360125e+09
1.753175216733391523e+09
1.753175216734141588e+09
1.753175216743579149e+09
1.753175216744360447e+09
1.753175216745377302e+09
1.753175216746227503e+09
1.753175216760464668e+09
1.753175216761331081e+09
1.753175216762359142e+09
1.753175216763108015e+09
1.753175216772435904e+09
1.753175216773215771e+09
1.753175216774142027e+09
1.753175216774858475e+09
1.753175216786168098e+09
1.753175216786995411e+09
1.753175216787985802e+09
1.753175216788745642e+09
1.753175216798416853e+09
1.753175216799196720e+09
1.753175216800164700e+09
1.753175216800972223e+09
1.753175216810717106e+09
1.753175216811494589e+09
1.753175216812430620e+09
1.753175216813197613e+09
1.753175216824978828e+09
1.753175216825819254e+09
1.753175216826816559e+09
1.753175216827566147e+09
1.753175216838341236e+09
1.753175216839148760e+09
1.753175216840202093e+09
1.753175216840976477e+09
1.753175216850521326e+09
1.753175216851603985e+09
1.753175216852753401e+09
1.753175216853596449e+09
1.753175216863577604e+09
1.753175216864349127e+09
1.753175216865321636e+09
1.753175216866057873e+09
1.753175216875324965e+09
1.753175216876115084e+09
1.753175216877115965e+09
1.753175216877850056e+09
1.753175216888322830e+09
1.753175216889242887e+09
1.753175216890918493e+09
1.753175216891777992e+09
1.753175216905004025e+09
1.753175216905871391e+09
1.753175216906936169e+09
1.753175216907713652e+09
1.753175216917644501e+09
1.753175216918432474e+09
1.753175216919428587e+09
1.753175216920178652e+09
1.753175216935138226e+09
1.753175216936005592e+09
1.753175216936954260e+09
1.753175216937736750e+09
1.753175216947918177e+09
1.753175216948689461e+09
1.753175216949658155e+09
1.753175216950444460e+09
1.753175216962218523e+09
1.753175216963097334e+09
1.753175216964143276e+09
1.753175216964899778e+09
1.753175216975098610e+09
1.753175216975902557e+09
1.753175216976880074e+09
1.753175216977621794e+09
1.753175216986961126e+09
1.753175216987928629e+09
1.753175216992702007e+09
1.753175216993634462e+09
1.753175217004944086e+09
1.753175217005785704e+09
1.753175217006791353e+09
1.753175217007600784e+09
1.753175217017024279e+09
1.753175217017819643e+09
1.753175217018815756e+09
1.753175217019644022e+09
1.753175217032688856e+09
1.753175217033599377e+09
1.753175217034703016e+09
1.753175217035568237e+09
1.753175217044844151e+09
1.753175217045608997e+09
1.753175217046608210e+09
1.753175217047381163e+09
1.753175217058206797e+09
1.753175217059140682e+09
1.753175217060288191e+09
1.753175217061177015e+09
1.753175217074068069e+09
1.753175217074973345e+09
1.753175217076020718e+09
1.753175217076783657e+09
1.753175217087160110e+09
1.753175217088121653e+09
1.753175217089344978e+09
1.753175217090284824e+09
1.753175217101352453e+09
1.753175217102148771e+09
1.753175217103165150e+09
1.753175217103924751e+09
1.753175217113957644e+09
1.753175217114735603e+09
1.753175217115674257e+09
1.753175217116450548e+09
1.753175217128249407e+09
1.753175217129100800e+09
1.753175217130136728e+09
1.753175217130909920e+09
1.753175217141400814e+09
1.753175217142196178e+09
1.753175217143131971e+09
1.753175217143952847e+09
1.753175217153530359e+09
1.753175217154353142e+09
1.753175217159027100e+09
1.753175217159797192e+09
1.753175217169882059e+09
1.753175217170716763e+09
1.753175217171697378e+09
1.753175217172459364e+09
1.753175217181523085e+09
1.753175217182323456e+09
1.753175217183326721e+09
1.753175217184155941e+09
1.753175217200166225e+09
1.753175217201021194e+09
1.753175217202062130e+09
1.753175217202838898e+09
1.753175217212572575e+09
1.753175217213347435e+09
1.753175217214330912e+09
1.753175217215081215e+09
1.753175217225766182e+09
1.753175217226675510e+09
1.753175217227778673e+09
1.753175217228643894e+09
1.753175217238733292e+09
1.753175217239535570e+09
1.753175217240578651e+09
1.753175217241398573e+09
1.753175217251090288e+09
1.753175217251966476e+09
1.753175217252952099e+09
1.753175217253734350e+09
1.753175217265055418e+09
1.753175217265878677e+09
1.753175217266860485e+09
1.753175217267679453e+09
1.753175217277638674e+09
1.753175217278429270e+09
1.753175217279416561e+09
1.753175217280163527e+09
1.753175217291195631e+09
1.753175217292147160e+09
1.753175217293229580e+09
1.753175217293973923e+09
1.753175217304525614e+09
1.753175217305424929e+09
1.753175217306375504e+09
1.753175217307089806e+09
1.753175217316777229e+09
1.753175217317580462e+09
1.753175217318591595e+09
1.753175217319379807e+09
1.753175217331417799e+09
1.753175217332237005e+09
1.753175217333218098e+09
1.753175217333970547e+09
1.753175217343333721e+09
1.753175217344080448e+09
1.753175217345015049e+09
1.753175217345744848e+09
1.753175217358585358e+09
1.753175217359515190e+09
1.753175217360623837e+09
1.753175217361593962e+09
1.753175217371172667e+09
1.753175217371973991e+09
1.753175217372936010e+09
1.753175217373695850e+09
1.753175217383714199e+09
1.753175217384492636e+09
1.753175217385435343e+09
1.753175217386216164e+09
1.753175217398748398e+09
1.753175217399561167e+09
1.753175217400559902e+09
1.753175217401341677e+09
1.753175217411421537e+09
1.753175217412164688e+09
1.753175217413089275e+09
1.753175217414039373e+09
1.753175217432797194e+09
1.753175217433592796e+09
1.753175217434562206e+09
1.753175217435286522e+09
1.753175217445114136e+09
1.753175217445952177e+09
1.753175217446921825e+09
1.753175217447687864e+09
1.753175217457924366e+09
1.753175217458894491e+09
1.753175217460706234e+09
1.753175217461803198e+09
1.753175217472907782e+09
1.753175217473663568e+09
1.753175217474645853e+09
1.753175217475441933e+09
1.753175217484673262e+09
1.753175217485497236e+09
1.753175217486488104e+09
1.753175217487228155e+09
1.753175217499811888e+09
1.753175217500639439e+09
1.753175217501610756e+09
1.753175217502432346e+09
1.753175217511840820e+09
1.753175217512647390e+09
1.753175217513626099e+09
1.753175217514401436e+09
1.753175217527678967e+09
1.753175217528604269e+09
1.753175217529756308e+09
1.753175217530585766e+09
1.753175217540844202e+09
1.753175217541705132e+09
1.753175217542682886e+09
1.753175217543427467e+09
1.753175217553602457e+09
1.753175217554662704e+09
1.753175217558953524e+09
1.753175217559813738e+09
1.753175217570165157e+09
1.753175217571011782e+09
1.753175217572006702e+09
1.753175217572770596e+09
1.753175217582702875e+09
1.753175217583478212e+09
1.753175217584446669e+09
1.753175217585218191e+09
1.753175217596697330e+09
1.753175217597541809e+09
1.753175217598509550e+09
1.753175217599272251e+09
1.753175217609023571e+09
1.753175217609812260e+09
1.753175217610839844e+09
1.753175217611581087e+09
1.753175217621167898e+09
1.753175217623098373e+09
1.753175217624299765e+09
1.753175217625143766e+09
1.753175217635364056e+09
1.753175217636121750e+09
1.753175217637106895e+09
1.753175217637845755e+09
1.753175217647144079e+09
1.753175217647917986e+09
1.753175217648880482e+09
1.753175217649630785e+09
1.753175217662624598e+09
1.753175217663440943e+09
1.753175217664425373e+09
1.753175217665239573e+09
1.753175217674640894e+09
1.753175217675437927e+09
1.753175217676529408e+09
1.753175217677266836e+09
1.753175217687517643e+09
1.753175217688450813e+09
1.753175217689600229e+09
1.753175217690457582e+09
1.753175217701348782e+09
1.753175217702123165e+09
1.753175217703081846e+09
1.753175217703863621e+09
1.753175217713832617e+09
1.753175217714606524e+09
1.753175217715546131e+09
1.753175217716297150e+09
1.753175217729351997e+09
1.753175217730414391e+09
1.753175217731680870e+09
1.753175217732642412e+09
1.753175217745223999e+09
1.753175217746078491e+09
1.753175217747052908e+09
1.753175217747819185e+09
1.753175217762577772e+09
1.753175217763500214e+09
1.753175217764607191e+09
1.753175217765482426e+09
1.753175217776621580e+09
1.753175217777437687e+09
1.753175217778435230e+09
1.753175217779159069e+09
1.753175217789340734e+09
1.753175217790450573e+09
1.753175217791628599e+09
1.753175217792510748e+09
1.753175217803399324e+09
1.753175217804363728e+09
1.753175217805358171e+09
1.753175217806129456e+09
1.753175217815400600e+09
1.753175217816160679e+09
1.753175217817138433e+09
1.753175217817895651e+09
1.753175217832107306e+09
1.753175217832955360e+09
1.753175217833952665e+09
1.753175217834711313e+09
1.753175217844078302e+09
1.753175217844916821e+09
1.753175217845884323e+09
1.753175217846679211e+09
1.753175217859135389e+09
1.753175217860124826e+09
1.753175217861265421e+09
1.753175217862151623e+09
1.753175217871735811e+09
1.753175217872522831e+09
1.753175217873541594e+09
1.753175217874304295e+09
1.753175217883859873e+09
1.753175217884629965e+09
1.753175217885604143e+09
1.753175217886387110e+09
1.753175217896698475e+09
1.753175217897504330e+09
1.753175217898481369e+09
1.753175217899256945e+09
1.753175217909353256e+09
1.753175217910155535e+09
1.753175217911106586e+09
1.753175217911867380e+09
1.753175217921289682e+09
1.753175217922360659e+09
1.753175217925969839e+09
1.753175217926944017e+09
1.753175217938092709e+09
1.753175217938893557e+09
1.753175217939851761e+09
1.753175217940602779e+09
1.753175217950078726e+09
1.753175217950862408e+09
1.753175217951832533e+09
1.753175217952627897e+09
1.753175217963703871e+09
1.753175217964487791e+09
1.753175217965491056e+09
1.753175217966212034e+09
1.753175217975569487e+09
1.753175217976374388e+09
1.753175217977317333e+09
1.753175217978035450e+09
1.753175217992039442e+09
1.753175217992955923e+09
1.753175217994050503e+09
1.753175217994902611e+09
1.753175218009704590e+09
1.753175218010551214e+09
1.753175218011586905e+09
1.753175218012411118e+09
1.753175218024254799e+09
1.753175218025460958e+09
1.753175218026820660e+09
1.753175218027796745e+09
1.753175218039601803e+09
1.753175218040477037e+09
1.753175218041518450e+09
1.753175218042289734e+09
1.753175218051999807e+09
1.753175218052791834e+09
1.753175218053731918e+09
1.753175218054537535e+09
1.753175218066654205e+09
1.753175218067441225e+09
1.753175218068403482e+09
1.753175218069195509e+09
1.753175218079240084e+09
1.753175218080044031e+09
1.753175218081030846e+09
1.753175218081787109e+09
1.753175218093881369e+09
1.753175218095128298e+09
1.753175218096125364e+09
1.753175218096919775e+09
1.753175218107168913e+09
1.753175218108023882e+09
1.753175218108982086e+09
1.753175218109821796e+09
1.753175218118968010e+09
1.753175218119848013e+09
1.753175218120985031e+09
1.753175218121928215e+09
1.753175218134904861e+09
1.753175218135721684e+09
1.753175218136707067e+09
1.753175218137599707e+09
1.753175218147258043e+09
1.753175218148053646e+09
1.753175218149051905e+09
1.753175218149825096e+09
1.753175218165064812e+09
1.753175218165952444e+09
1.753175218167002916e+09
1.753175218167780399e+09
1.753175218178696871e+09
1.753175218179694414e+09
1.753175218180935860e+09
1.753175218181959629e+09
1.753175218197810173e+09
1.753175218198816299e+09
1.753175218200044870e+09
1.753175218201036453e+09
1.753175218213707447e+09
1.753175218214724779e+09
1.753175218215950966e+09
1.753175218216995955e+09
1.753175218231962919e+09
1.753175218233052254e+09
1.753175218234325647e+09
1.753175218235370159e+09
1.753175218247837782e+09
1.753175218248784304e+09
1.753175218249838114e+09
1.753175218250612974e+09
1.753175218262927055e+09
1.753175218263769150e+09
1.753175218264811277e+09
1.753175218265628099e+09
1.753175218275341272e+09
1.753175218276155233e+09
1.753175218277139187e+09
1.753175218277885914e+09
1.753175218287575245e+09
1.753175218288411617e+09
1.753175218289594650e+09
1.753175218290579796e+09
1.753175218302541018e+09
1.753175218303403616e+09
1.753175218304449797e+09
1.753175218305276632e+09
1.753175218315278292e+09
1.753175218316128016e+09
1.753175218317106485e+09
1.753175218317877531e+09
1.753175218328487635e+09
1.753175218329660177e+09
1.753175218332270145e+09
1.753175218333070278e+09
1.753175218344393015e+09
1.753175218345466852e+09
1.753175218346720695e+09
1.753175218347750902e+09
1.753175218361156940e+09
1.753175218362581253e+09
1.753175218363868237e+09
1.753175218366547108e+09
1.753175218378821373e+09
1.753175218379662514e+09
1.753175218380681753e+09
1.753175218381469727e+09
1.753175218391205072e+09
1.753175218392178774e+09
1.753175218398473024e+09
1.753175218399327278e+09
1.753175218409740210e+09
1.753175218410537243e+09
1.753175218411621332e+09
1.753175218412436008e+09
1.753175218421705961e+09
1.753175218422607660e+09
1.753175218423652172e+09
1.753175218424462318e+09
1.753175218434456348e+09
1.753175218435277224e+09
1.753175218436266184e+09
1.753175218437035799e+09
1.753175218448523283e+09
1.753175218449440241e+09
1.753175218450465441e+09
1.753175218451295376e+09
1.753175218461075544e+09
1.753175218461898088e+09
1.753175218462911606e+09
1.753175218463685989e+09
1.753175218473583937e+09
1.753175218474607944e+09
1.753175218475666285e+09
1.753175218476477385e+09
1.753175218486360788e+09
1.753175218487193823e+09
1.753175218488223553e+09
1.753175218489043236e+09
1.753175218498392105e+09
1.753175218499214888e+09
1.753175218500242472e+09
1.753175218501077414e+09
1.753175218514022350e+09
1.753175218514986038e+09
1.753175218516177893e+09
1.753175218517090321e+09
1.753175218526727676e+09
1.753175218527575254e+09
1.753175218528598547e+09
1.753175218529440403e+09
1.753175218539592505e+09
1.753175218540596724e+09
1.753175218541770697e+09
1.753175218542755604e+09
1.753175218553211212e+09
1.753175218554003477e+09
1.753175218554989576e+09
1.753175218555778265e+09
1.753175218565509319e+09
1.753175218566327572e+09
1.753175218567305326e+09
1.753175218568077326e+09
1.753175218582072258e+09
1.753175218582984686e+09
1.753175218584047794e+09
1.753175218584880352e+09
1.753175218595395088e+09
1.753175218596246481e+09
1.753175218597269773e+09
1.753175218598086596e+09
1.753175218612570763e+09
1.753175218613366127e+09
1.753175218614418745e+09
1.753175218615228415e+09
1.753175218625296593e+09
1.753175218626156092e+09
1.753175218627173185e+09
1.753175218628007889e+09
1.753175218637362719e+09
1.753175218638425350e+09
1.753175218643073082e+09
1.753175218643985748e+09
1.753175218655700922e+09
1.753175218656553745e+09
1.753175218657604933e+09
1.753175218658419371e+09
1.753175218667856932e+09
1.753175218668689489e+09
1.753175218669759989e+09
1.753175218670657396e+09
1.753175218682882071e+09
1.753175218683700323e+09
1.753175218684678555e+09
1.753175218685436010e+09
1.753175218694787502e+09
1.753175218695673227e+09
