3.811083514410469206e+02 2.053090678813568957e+03 4.451341840212298848e+02
3.810401753944268535e+02 2.053085874800241982e+03 4.451898590673353624e+02
3.810682133818634725e+02 2.053162912339814284e+03 4.452174190116134014e+02
3.810543259944203101e+02 2.053157504565312138e+03 4.452018566277773743e+02
3.813202949061376330e+02 2.053357377498959067e+03 4.453054965437142982e+02
3.814861056547728140e+02 2.052876535381103622e+03 4.453000026625018677e+02
3.810775690768466006e+02 2.052800002463152850e+03 4.455269173104410356e+02
3.807988663567186904e+02 2.052297912049529714e+03 4.462975707160119327e+02
3.799953217584061917e+02 2.052044530083257087e+03 4.476005402765179042e+02
3.804862713262006082e+02 2.051688326747030715e+03 4.476369659873507203e+02
3.803194316705372557e+02 2.051473971313618677e+03 4.482224296606003691e+02
3.797283720588405345e+02 2.051026953423227496e+03 4.493255302943055085e+02
3.794374221484531517e+02 2.050642387801587120e+03 4.500618910232471990e+02
3.792826816501423650e+02 2.050166584173441606e+03 4.507901125838581038e+02
3.791287444757327876e+02 2.049923554532396338e+03 4.511401408886534341e+02
3.787756126300583333e+02 2.049321161930929975e+03 4.519025603698445366e+02
3.786819574869544454e+02 2.048907323873850146e+03 4.522348141803641397e+02
3.788287809300229014e+02 2.047794611799650284e+03 4.529363575479995347e+02
3.789569876734808531e+02 2.047085438810689766e+03 4.534089066421598204e+02
3.789072290249171715e+02 2.045825976269183229e+03 4.539997296064556167e+02
3.789209153635064240e+02 2.045071116165233661e+03 4.542606647033410923e+02
3.795157000527969444e+02 2.043304314298348118e+03 4.544194636974062291e+02
3.784113742655194983e+02 2.041604638970463611e+03 4.557265376956949012e+02
3.784935794245723173e+02 2.039726659336922694e+03 4.560984644228470302e+02
3.792903659540824037e+02 2.038545228738759761e+03 4.558900097595079615e+02
3.786712849190134307e+02 2.036650280558543500e+03 4.567596846601762195e+02
3.788445349084145164e+02 2.035744772992577964e+03 4.568921874564627501e+02
3.787467933995286558e+02 2.034168199828081924e+03 4.576105567875769111e+02
3.792315771872459891e+02 2.032551615362631082e+03 4.573904397142605944e+02
3.788448334512220299e+02 2.030717939264162396e+03 4.577004994996323148e+02
3.796020270454436059e+02 2.029355934674974378e+03 4.577818733497207973e+02
3.799701009708043671e+02 2.027254360234034493e+03 4.580190535774062823e+02
3.809452488350173098e+02 2.024179182976834227e+03 4.584910066925534124e+02
3.819905831467676762e+02 2.022144929015468506e+03 4.581746815753823512e+02
3.815126457452044519e+02 2.021345603689697782e+03 4.579675972370118302e+02
3.819811025305135672e+02 2.019483963991043083e+03 4.579792926545513865e+02
3.821861849889297105e+02 2.018294421281821997e+03 4.580121178052057758e+02
3.826313063150632843e+02 2.015912320683543385e+03 4.581677479787218203e+02
3.828461956246172804e+02 2.014684221981591236e+03 4.582079164660438551e+02
3.830539965969074387e+02 2.012117982284300751e+03 4.582779563301419898e+02
3.835542815618476880e+02 2.010749220176012386e+03 4.584390434269899401e+02
3.841947137165336699e+02 2.007921074039555378e+03 4.585827272902157574e+02
3.844196003278960347e+02 2.005197173823522462e+03 4.587975341112635874e+02
3.845363893627155676e+02 2.002461285633192574e+03 4.596548564512125949e+02
3.845363893627155676e+02 2.002461285633192574e+03 4.596548564512125949e+02
3.860462704447685951e+02 1.997896725276090820e+03 4.597006002419486208e+02
3.863302035462997424e+02 1.996476818729105844e+03 4.598606411281317605e+02
3.869217959060859471e+02 1.993532576622789747e+03 4.601523956159405202e+02
3.869955016936348215e+02 1.992267497726373222e+03 4.603107128812418978e+02
3.876257787010481479e+02 1.989438061503765539e+03 4.607771617202276957e+02
3.885316089455388919e+02 1.986605620616109945e+03 4.611274206050242128e+02
3.888996266140568991e+02 1.985227052409564067e+03 4.613161282911117951e+02
3.893786380781756407e+02 1.982728850273568924e+03 4.613787597107934175e+02
3.900556713692235462e+02 1.981411440890751237e+03 4.614865604313228005e+02
3.898640740981059594e+02 1.979978494592814286e+03 4.616082091863559640e+02
3.910941384206398652e+02 1.976091107059458636e+03 4.616710305605629969e+02
3.914713886640353167e+02 1.974771787846696952e+03 4.617774544286667151e+02
3.924045485239394111e+02 1.972065612727966254e+03 4.619288525008927877e+02
3.924316027143212864e+02 1.970597733254631521e+03 4.619524067020967664e+02
3.929932636433287598e+02 1.967768593739639755e+03 4.620676843815563757e+02
3.933846872989839198e+02 1.966313039771873946e+03 4.621669359734498812e+02
3.940545031359645236e+02 1.963307189649466409e+03 4.621656309678883758e+02
3.944500061309501575e+02 1.960226825557025450e+03 4.620893742511334494e+02
3.947708901334283382e+02 1.958724936306498648e+03 4.620866684281616017e+02
3.945408324535068232e+02 1.954352160018919903e+03 4.628769723247038428e+02
3.946198721410868302e+02 1.952682279618905341e+03 4.628316001157181745e+02
3.954132775054315516e+02 1.951010095231000378e+03 4.625852086166484014e+02
3.956923870496569862e+02 1.948042572671444304e+03 4.625265381768897441e+02
3.958482268747112585e+02 1.946602891837705101e+03 4.627449146280168293e+02
3.962217948527180056e+02 1.943946470893490641e+03 4.628785640978273364e+02
3.963160422212857839e+02 1.942512083030652548e+03 4.629520677832358047e+02
3.963396529164082835e+02 1.939538144113271528e+03 4.634799317134873604e+02
3.961352291217156107e+02 1.934662773680645159e+03 4.643310881287519010e+02
3.960979559530959477e+02 1.933178216013211795e+03 4.648351410484830808e+02
3.961562757061508933e+02 1.931548114832592773e+03 4.651355290182776798e+02
3.962048038694344427e+02 1.929896718905304624e+03 4.656226633211261969e+02
3.960223815354507906e+02 1.926947583739941138e+03 4.662833219505598663e+02
3.955393425864366463e+02 1.924038881664572045e+03 4.674714416216465338e+02
3.962788845296958016e+02 1.921259976671933600e+03 4.678821247754588057e+02
3.962690826279439307e+02 1.919799322547668453e+03 4.684585249849211550e+02
3.958683758789833860e+02 1.918368044034302557e+03 4.687140754225892465e+02
3.959655134272512100e+02 1.915255361855592582e+03 4.697747474956005931e+02
3.958609614312177314e+02 1.911523686364728064e+03 4.713310884449017522e+02
3.963247542770545806e+02 1.908078228829951286e+03 4.723466667722448165e+02
3.968747859503915834e+02 1.906753817133839902e+03 4.723227621649554067e+02
3.967093916888466083e+02 1.905310246158915334e+03 4.728288110069646564e+02
3.956731988304898096e+02 1.903065182143087213e+03 4.735173491708476945e+02
3.952151808438370040e+02 1.900227787374543595e+03 4.745632882356450750e+02
3.949774881136570457e+02 1.898741807670951857e+03 4.747800390736618965e+02
3.955203706305097171e+02 1.895340025589865036e+03 4.750503534043918989e+02
3.955272041692767857e+02 1.893847514783036331e+03 4.752517979542012085e+02
3.949551659985722836e+02 1.890697059152846123e+03 4.759680944573127590e+02
3.950849359521972133e+02 1.887583103617805818e+03 4.756255497071069271e+02
3.950349715307967244e+02 1.885777706344177432e+03 4.755269898647591162e+02
3.949125512622357519e+02 1.882080252012371830e+03 4.753552359398692602e+02
3.950038469963463399e+02 1.878350847280227754e+03 4.751093272860565548e+02
3.951172947649293974e+02 1.876350445810724295e+03 4.749068787758781696e+02
3.949033350597542835e+02 1.872714919232928651e+03 4.745444911168509066e+02
3.950716519103277733e+02 1.870656229830292887e+03 4.744586164822875389e+02
3.951462297800902093e+02 1.867049627960764155e+03 4.740086771550802496e+02
3.951336353328395035e+02 1.865313194466379628e+03 4.738305611995065192e+02
3.951969984461508147e+02 1.861296388671788009e+03 4.740812058438370968e+02
3.952282635673312825e+02 1.859560697457714014e+03 4.739221669833046917e+02
3.957109606885945254e+02 1.854167726449459906e+03 4.744122068091420488e+02
3.957550390086252605e+02 1.852526430542667640e+03 4.746490931018291235e+02
3.957264794055257653e+02 1.849174751014806134e+03 4.752133792709481099e+02
3.961732911146490892e+02 1.847220949471175345e+03 4.751545295302514091e+02
3.966996425922937419e+02 1.842779187160697347e+03 4.784403578628461560e+02
3.970194750350342474e+02 1.841187592893347983e+03 4.787833068824381826e+02
3.972913945187513036e+02 1.838199146909883666e+03 4.785029163929224296e+02
3.978505051050057659e+02 1.836214025003422194e+03 4.786709938109888185e+02
3.983478825739148874e+02 1.832755828767953972e+03 4.789920765527405706e+02
3.986215766150077116e+02 1.831144040546015958e+03 4.791042899891647835e+02
3.989318104041585116e+02 1.827382825247015262e+03 4.793661171402513901e+02
3.998407981508070748e+02 1.823906517328067139e+03 4.792603506168888430e+02
4.007663266561047521e+02 1.820306495524366710e+03 4.787089051238937714e+02
4.010010214012496021e+02 1.818533796954714035e+03 4.786159626190174095e+02
4.012778270576702084e+02 1.815035485259777033e+03 4.781480257918799452e+02
4.018578451714203084e+02 1.811279084532188108e+03 4.778097652625626210e+02
4.026326903965367023e+02 1.807328409443417740e+03 4.776632723997878429e+02
4.026326903965367023e+02 1.807328409443417740e+03 4.776632723997878429e+02
4.031947082166252585e+02 1.803540276027859363e+03 4.772675271446543093e+02
4.032011054142642479e+02 1.799829532036799947e+03 4.771560779232227674e+02
4.041812933807388504e+02 1.797115566715509431e+03 4.732790885971459716e+02
4.045764760793923642e+02 1.794972360364715996e+03 4.732039547647015638e+02
4.038078046933030123e+02 1.791379549026066343e+03 4.730236659694812147e+02
4.039450480129547714e+02 1.789457509735009126e+03 4.727400256540974510e+02
4.043561627206512412e+02 1.785719887730942446e+03 4.721781287535496290e+02
4.048350541431287866e+02 1.783664375669591209e+03 4.718644626444484516e+02
4.051413821435500608e+02 1.779925097515447078e+03 4.715786834543357600e+02
4.052058320869724071e+02 1.778019762852876283e+03 4.713561417566897376e+02
4.053076074799861317e+02 1.774122638768108118e+03 4.712744936054998561e+02
4.073186485956670140e+02 1.769534575404869202e+03 4.734330073674613004e+02
4.076535366143799592e+02 1.765633118262472408e+03 4.735040235112088567e+02
4.076278436093867299e+02 1.763798262759469708e+03 4.735236353105941589e+02
4.077751772786418769e+02 1.760099498500831942e+03 4.735895506283725922e+02
4.078000959203895377e+02 1.758325626851419884e+03 4.736835503025654930e+02
4.080356155141346335e+02 1.754560822483712855e+03 4.738337332531420998e+02
4.081651379541311258e+02 1.752728189712579933e+03 4.737482191585836517e+02
4.081977848204111297e+02 1.749095590115792220e+03 4.738173514132691935e+02
4.080611057079836996e+02 1.747329514675423297e+03 4.739847414974479989e+02
4.068530883511588740e+02 1.744519846992596740e+03 4.715829214033809649e+02
4.067990817584628758e+02 1.740908074992040611e+03 4.718738567917231990e+02
4.067905402754697093e+02 1.739005292700071095e+03 4.720083316154664885e+02
4.062013905060457546e+02 1.735352780736765226e+03 4.723221507218191277e+02
4.063641996759133690e+02 1.731774898952078956e+03 4.725744538526698193e+02
4.063139637350325870e+02 1.730095108302593871e+03 4.726505831008693690e+02
4.064002262110046786e+02 1.726310380248648016e+03 4.729575751801385763e+02
4.065175479016866689e+02 1.724777855218431114e+03 4.728480562051939842e+02
4.065689663520734598e+02 1.721333309002662418e+03 4.731213923347974628e+02
4.066509849428100551e+02 1.719591760578665571e+03 4.732084134898728394e+02
4.068155440761909176e+02 1.716039727965901648e+03 4.734704474916468371e+02
4.070066075983040719e+02 1.712507914248763427e+03 4.737120118802951652e+02
4.073411932197750502e+02 1.708840931211442921e+03 4.739132720110529249e+02
4.076790977405134413e+02 1.706401568444972554e+03 4.744761869436310917e+02
4.076482350366123910e+02 1.703450481537841142e+03 4.745093812123110979e+02
4.077804920862835729e+02 1.701393867720672915e+03 4.749044121650492798e+02
4.081170196201939007e+02 1.698255845251288292e+03 4.752749286037342245e+02
4.083876913992424988e+02 1.696272080285112452e+03 4.756626364825027622e+02
4.085683930094045309e+02 1.693228496103274210e+03 4.759293093658442899e+02
4.086902217169044889e+02 1.691533652817955272e+03 4.762025988469970343e+02
4.090474529455190691e+02 1.687980594835146121e+03 4.768788211870624991e+02
4.091270474827435351e+02 1.686658673398577321e+03 4.769700782628968909e+02
4.095797344998529752e+02 1.683053658334640659e+03 4.775988586000683540e+02
4.099237709276520150e+02 1.680036823598389901e+03 4.778230504081811887e+02
4.100352389262109796e+02 1.676411317004647117e+03 4.784655208109368800e+02
4.103149691341965877e+02 1.673333310154640913e+03 4.785902654484268623e+02
4.105332043714302017e+02 1.671553131490787109e+03 4.787671673585351755e+02
4.106953451795294541e+02 1.669873724796261968e+03 4.789673563271164198e+02
4.107834800923188254e+02 1.666402168112359504e+03 4.790881286863486253e+02
4.110155303213271054e+02 1.664593341855767221e+03 4.792118247389089447e+02
4.113218575694927495e+02 1.661120905710876968e+03 4.793568970440534827e+02
4.112542448847528931e+02 1.659547473202476340e+03 4.795395520065230244e+02
4.115428438043625761e+02 1.656045989528158543e+03 4.796674971876147424e+02
4.117351846771786654e+02 1.652566415021987268e+03 4.796021680243085825e+02
4.121210621404142671e+02 1.649037974157638018e+03 4.795735305560252755e+02
4.124630619986870101e+02 1.647036924292532603e+03 4.794113011162360749e+02
4.127368423338696743e+02 1.643405473073014718e+03 4.788651497713126446e+02
4.131666817488606398e+02 1.641498655963238889e+03 4.784963928116696934e+02
4.135566914753435412e+02 1.637390532956668039e+03 4.781862362444835526e+02
4.135544581225778416e+02 1.635625552393231146e+03 4.779356136638080557e+02
4.138819394774544662e+02 1.631450925757980940e+03 4.775369105284052011e+02
4.136260468613531316e+02 1.629629912357362628e+03 4.775611531156826004e+02
4.141335498891622819e+02 1.623188822831034713e+03 4.770159413918977975e+02
4.142773470244827649e+02 1.621063247750689925e+03 4.768514479223352396e+02
4.143324271431747547e+02 1.616882444927202414e+03 4.764377632975991901e+02
4.143324271431747547e+02 1.616882444927202414e+03 4.764377632975991901e+02
4.148753270037458378e+02 1.610006420396428666e+03 4.760854464335290004e+02
4.149964964785816619e+02 1.607870780772047056e+03 4.758779070359015009e+02
4.157603003710852363e+02 1.603929134180174742e+03 4.755016066080767700e+02
4.158501642964587859e+02 1.602039265054160978e+03 4.754509817145494139e+02
4.162553883364635681e+02 1.598236849491341900e+03 4.753135345525091680e+02
4.168292823937421758e+02 1.594359497111872543e+03 4.753618550843116850e+02
4.173921588354060646e+02 1.590660121627304761e+03 4.753700163369369420e+02
4.175983662141925947e+02 1.588990053395731138e+03 4.751388910551156641e+02
4.181423653327840952e+02 1.585173935772646701e+03 4.751923237363540693e+02
4.184412258793171873e+02 1.583325131598409143e+03 4.751196529441580196e+02
4.191790926036791234e+02 1.579277273257527668e+03 4.753197259499312395e+02
4.195053692552888265e+02 1.577525912109744695e+03 4.751696547209132291e+02
4.198279622383506080e+02 1.573483723546048395e+03 4.751983967123435946e+02
4.205113999719640105e+02 1.569132661536546266e+03 4.754452363308438976e+02
4.207680807001421499e+02 1.567166888879120506e+03 4.750871109245038610e+02
4.214674368800178854e+02 1.562876237378937276e+03 4.749358762390714332e+02
4.220764967154258329e+02 1.558652404458913225e+03 4.746538889931620702e+02
4.223106033738716860e+02 1.556554963386131021e+03 4.745049267201573002e+02
4.231082173320829725e+02 1.552142793194376281e+03 4.740562873353272835e+02
4.233941283858285942e+02 1.550212864191302060e+03 4.737419082056460979e+02
4.237612257910086555e+02 1.548200669389788573e+03 4.735046881066982110e+02
4.245520400849749194e+02 1.543914322292721863e+03 4.727839263523972022e+02
4.250427071287567742e+02 1.539860087745947339e+03 4.720772613657797478e+02
4.254600075342520427e+02 1.537854870794924864e+03 4.715722123313400402e+02
4.262262425375539010e+02 1.533651163361298813e+03 4.706863887641897009e+02
4.268754207644823282e+02 1.529200924842511995e+03 4.696981631396830039e+02
4.272739633653910118e+02 1.527260232497784955e+03 4.689592108390064595e+02
4.279922550124739473e+02 1.522852048019189169e+03 4.676059667410967222e+02
4.287287093665105999e+02 1.518393357227608249e+03 4.664710080071674270e+02
4.292358918939704040e+02 1.513724752087895240e+03 4.652638709281160345e+02
4.297210265926170223e+02 1.511188205605493749e+03 4.647279065089963410e+02
4.300045362869161067e+02 1.509111716476593301e+03 4.642035396971220393e+02
4.304739137425557942e+02 1.504307826113526517e+03 4.633412221375702416e+02
4.305190172379261071e+02 1.502178511321265887e+03 4.629613266247037018e+02
4.307201410814805627e+02 1.497996081562504742e+03 4.627885815055188345e+02
4.307794284426732361e+02 1.494054883776958150e+03 4.630974384771687369e+02
4.307621330878352524e+02 1.490540430484681337e+03 4.638760711629768707e+02
4.307735669031839052e+02 1.488303946435572243e+03 4.645631302405711267e+02
4.307302773126455122e+02 1.484736603275259768e+03 4.651642098174665989e+02
4.307584019004097513e+02 1.482726302303584134e+03 4.656711748290442188e+02
4.307454780943624542e+02 1.480708944163023261e+03 4.659985724170131220e+02
4.314203605119654412e+02 1.473936926796564649e+03 4.674987807852339756e+02
4.312441413298163297e+02 1.472299785150344178e+03 4.673853989260714457e+02
4.312441413298163297e+02 1.472299785150344178e+03 4.673853989260714457e+02
4.316938561825025999e+02 1.465937423262663742e+03 4.680740171471225608e+02
4.321476663540374830e+02 1.461845495252059663e+03 4.683629596975121672e+02
4.323791522290512717e+02 1.459649829113812984e+03 4.685504563819945361e+02
4.326690983406492705e+02 1.455904562440704694e+03 4.687411725796121686e+02
4.328752718218968880e+02 1.452268931058466251e+03 4.690320456313245927e+02
4.331535885086784106e+02 1.450442228735641265e+03 4.692248705902756001e+02
4.333246748698255715e+02 1.447070136524037480e+03 4.696248986386646038e+02
4.333388070967473027e+02 1.445451902239840820e+03 4.698711730653968743e+02
4.334413832272962281e+02 1.442296301021063755e+03 4.703542519362289340e+02
4.335032060146487538e+02 1.440768978574590392e+03 4.705412959270740316e+02
4.336664239503620024e+02 1.437643779363578005e+03 4.710964113431740543e+02
4.336118794622458950e+02 1.434650729190044558e+03 4.714211084258320170e+02
4.336100051596051230e+02 1.431673592162928571e+03 4.717144639138781486e+02
4.336956807066683837e+02 1.430097241622039292e+03 4.718976255002993412e+02
4.336811649976460785e+02 1.426965447675593168e+03 4.721410639339532622e+02
4.337109350637720695e+02 1.425382819085304163e+03 4.722401907420982639e+02
4.339748220864013888e+02 1.421809582196106248e+03 4.725409885854386403e+02
4.341770673321295817e+02 1.420196798473924900e+03 4.727213513743589033e+02
4.344438162690327658e+02 1.416526330355268556e+03 4.729759271451374616e+02
4.346282864619744259e+02 1.414753097151178054e+03 4.731211906065677795e+02
4.350038613434995227e+02 1.411463552993467147e+03 4.734395846453891181e+02
4.353009296554801608e+02 1.408159764473532050e+03 4.739935968820256562e+02
4.354116752927965877e+02 1.406905950228695474e+03 4.740099060913281050e+02
4.356614423132813272e+02 1.404000038789654127e+03 4.743028157552030848e+02
4.359603558988922600e+02 1.401071868626372179e+03 4.746367092083194166e+02
4.360998597633922031e+02 1.399580087746383242e+03 4.748478001520923613e+02
4.363665561025977695e+02 1.396640555197601543e+03 4.751002990733705360e+02
4.365418820637351587e+02 1.395232388873406080e+03 4.753146793180224563e+02
4.370491715728686586e+02 1.392178842708850880e+03 4.756421063662824054e+02
4.371609393943224404e+02 1.389185727662558293e+03 4.758649678312837636e+02
4.372845710675503597e+02 1.387645582687569004e+03 4.759276445172262129e+02
4.375371288914929551e+02 1.386058634452602519e+03 4.759898722493676928e+02
4.379222724176012775e+02 1.381491159556470393e+03 4.762568441928773950e+02
4.381552789047109400e+02 1.379717245642003945e+03 4.763745338318256586e+02
4.385470635085143272e+02 1.376657819645435211e+03 4.764342119964587141e+02
4.386258304618124839e+02 1.375141607741952612e+03 4.764657534215908186e+02
4.389877057686653075e+02 1.371941379490211148e+03 4.765471131629504384e+02
4.392653597561211427e+02 1.370410214155045878e+03 4.766147485737549800e+02
4.396863919676156911e+02 1.367170892827442003e+03 4.767870973243211665e+02
4.398107794348371726e+02 1.365528060410237231e+03 4.768341453507475194e+02
4.401958314828775087e+02 1.362151321664046009e+03 4.772067851656639732e+02
4.405282601027503802e+02 1.359091177538195325e+03 4.771738476228266563e+02
4.408705186680119255e+02 1.355830701931271051e+03 4.772130531432514431e+02
4.412697963853470924e+02 1.352323518659808769e+03 4.775074416404635258e+02
4.413090083272210791e+02 1.350832625955409412e+03 4.772709613766778034e+02
4.414532082979802112e+02 1.349227245970847207e+03 4.773228292275017566e+02
4.418864871988519667e+02 1.345828248347919953e+03 4.773077850509461086e+02
4.419540872469958117e+02 1.344130340093447558e+03 4.773107420538278802e+02
4.421203675902550003e+02 1.340792974951654742e+03 4.772635631414591444e+02
4.422288443211417075e+02 1.339051873627617852e+03 4.772587809103473546e+02
4.424855082139227420e+02 1.335617627539202658e+03 4.771183996850205062e+02
4.426620065689884882e+02 1.332104877192588447e+03 4.769988302453184588e+02
4.427950623810222623e+02 1.328597961257817133e+03 4.768819762420010306e+02
4.427950623810222623e+02 1.328597961257817133e+03 4.768819762420010306e+02
4.430905518690807412e+02 1.323254698356571680e+03 4.769081815321396789e+02
4.432105101682811323e+02 1.321452818041609817e+03 4.769594009712437810e+02
4.432155881046953141e+02 1.317951708663081718e+03 4.771804084316866010e+02
4.432687767749017667e+02 1.316310443459914268e+03 4.772826904628642524e+02
4.434683913038367677e+02 1.312678050488329063e+03 4.775788155329447591e+02
4.435320924171026604e+02 1.310851173274817484e+03 4.778476646470118112e+02
4.436850846729326463e+02 1.307410135592862616e+03 4.782036030698942568e+02
4.438736570416438667e+02 1.305621070511532480e+03 4.783980446246599172e+02
4.442421494582062564e+02 1.300158780964956804e+03 4.787940516108819224e+02
4.443823662053356998e+02 1.298321518610760677e+03 4.789062443522878993e+02
4.447598429065362780e+02 1.294650654243431973e+03 4.791675277975298854e+02
4.449378497268285173e+02 1.292753083149905933e+03 4.792577154610057732e+02
4.453611710021194767e+02 1.289006209179485950e+03 4.792667315197919038e+02
4.455291179795506764e+02 1.287095768081493816e+03 4.794580628604868480e+02
4.459453202693301250e+02 1.283246248641754619e+03 4.794730907409278302e+02
4.460753342265891774e+02 1.281378911448279496e+03 4.795058478579049392e+02
4.465347609800093664e+02 1.277507273443500026e+03 4.794547046136082145e+02
4.469880339120741723e+02 1.273758034904636588e+03 4.792924891306499262e+02
4.473476490729924535e+02 1.271817884857184936e+03 4.791236258870171127e+02
4.476905024686370780e+02 1.268048337564974190e+03 4.789263375762885175e+02
4.487417319232940258e+02 1.264066130132167018e+03 4.788049044157261278e+02
4.490872183870666277e+02 1.262029891956168740e+03 4.788360540827900422e+02
4.489571133039908091e+02 1.258797033401347562e+03 4.777866866048348129e+02
4.492113069376043200e+02 1.256900649467054564e+03 4.775270050154015280e+02
4.497135866816443013e+02 1.252994877849656859e+03 4.770351466608738065e+02
4.499914060376492557e+02 1.251052341357239584e+03 4.767543761921112946e+02
4.505914157147066703e+02 1.246919143381322556e+03 4.762497598368884724e+02
4.507658918299114248e+02 1.244905068793252667e+03 4.759831066684325265e+02
4.508234539845941526e+02 1.240821347696603652e+03 4.752335927046996176e+02
4.514883117746534822e+02 1.236525065877283623e+03 4.748863683037357646e+02
4.519361968130505147e+02 1.232242695005370251e+03 4.744614365314569682e+02
4.523330168023960027e+02 1.228012545478578886e+03 4.741453311382398965e+02
4.524930257906809175e+02 1.225930227471585340e+03 4.740400556410859281e+02
4.526577732851321798e+02 1.223826968295931010e+03 4.739165839326728928e+02
4.528905554028243614e+02 1.219799460010767916e+03 4.737875386035586303e+02
4.530189844589680206e+02 1.217780858058693639e+03 4.737437948975566542e+02
4.531161877926298871e+02 1.214119239268128695e+03 4.738040626465583500e+02
4.533566546112814990e+02 1.210403365943687277e+03 4.738187937884442249e+02
4.533566546112814990e+02 1.210403365943687277e+03 4.738187937884442249e+02
4.532830405037604464e+02 1.204941777847410549e+03 4.739239080538359303e+02
4.533474911737093294e+02 1.201112071752573002e+03 4.740777418963675700e+02
4.533877698637856497e+02 1.199107562442924745e+03 4.741504302244416067e+02
4.535213798843926156e+02 1.195064741634389975e+03 4.743420346894540103e+02
4.535487171295369535e+02 1.191316175482937751e+03 4.744685465512451401e+02
4.536487663370973564e+02 1.189277282169168757e+03 4.745859915751656786e+02
4.536979333519778379e+02 1.187423644946666855e+03 4.748157247683043920e+02
4.539350655480425303e+02 1.183524437257317231e+03 4.752215880285419303e+02
4.539722722438423261e+02 1.181668919774829646e+03 4.754035338165953704e+02
4.542404106995629718e+02 1.176079273383833879e+03 4.759988403048021723e+02
4.543469687488793056e+02 1.174176514216108899e+03 4.761341296826927874e+02
4.544749160910801038e+02 1.170509152402733207e+03 4.765838302088166643e+02
4.545117349648745062e+02 1.168695969296219118e+03 4.767686835865671355e+02
4.549010601836052388e+02 1.164615900927434495e+03 4.774931303174690811e+02
4.549806608239091474e+02 1.162870331935275317e+03 4.774190313320735299e+02
4.550722036796710199e+02 1.159120464483178239e+03 4.777058191122359858e+02
4.551670527869650300e+02 1.157285215203438838e+03 4.778244257752507451e+02
4.552605719306154697e+02 1.153527785116266159e+03 4.780058395091927537e+02
4.553798745217607120e+02 1.149837260111953356e+03 4.782003657962563352e+02
4.555137899976703579e+02 1.146154893660733251e+03 4.782979474266205671e+02
4.555332053191240220e+02 1.144255844308602263e+03 4.783067183738520498e+02
4.556722303979806270e+02 1.140601681559777035e+03 4.784561841634189250e+02
4.557375002228606036e+02 1.138767662494222122e+03 4.784300873510024417e+02
4.558859276590863487e+02 1.135040948889120273e+03 4.785314410027921781e+02
4.559695671475546419e+02 1.133201280966417471e+03 4.785220139542095694e+02
4.560474474683699668e+02 1.129449993703212613e+03 4.785947860907519384e+02
4.561022710487931136e+02 1.127582220380637636e+03 4.785513654469216931e+02
4.562163839166768753e+02 1.123791427465448351e+03 4.784138570048021393e+02
4.562212304561200540e+02 1.121897477971390344e+03 4.784799872221697115e+02
4.563329434140734406e+02 1.116116940050646463e+03 4.782890043962185587e+02
4.563539020072190056e+02 1.114249445080382657e+03 4.782218331247709102e+02
4.564365001444871268e+02 1.110317367577460800e+03 4.780975294009891172e+02
4.564826290192166880e+02 1.108357191619266587e+03 4.779829334103911833e+02
4.562249871964703516e+02 1.104818848563412075e+03 4.772539376134959639e+02
4.562551814574232480e+02 1.102790772509714088e+03 4.771629974362564326e+02
4.562757828774959421e+02 1.098740793251525247e+03 4.769255205830209547e+02
4.563164957059458970e+02 1.096669093714164546e+03 4.769179090362761713e+02
4.562890199836705278e+02 1.094575060056023403e+03 4.767666626613294056e+02
4.560853171458392694e+02 1.088192079134948017e+03 4.763319310132328610e+02
4.562387532069503777e+02 1.084022423747188896e+03 4.760853001756061644e+02
4.562597620194469528e+02 1.081839344817765095e+03 4.759146016645228201e+02
4.561650934304939824e+02 1.077520176125292210e+03 4.755496371179148127e+02
4.562078781114204276e+02 1.073217877791012825e+03 4.751604668524934709e+02
4.563238077489074271e+02 1.071017177469292619e+03 4.748665926103496986e+02
4.562346296579318050e+02 1.068865891655225596e+03 4.747313941207743255e+02
4.562191850923923653e+02 1.064439740018155135e+03 4.742437066872723221e+02
4.562350818240408898e+02 1.062129123772624098e+03 4.740081168956079409e+02
4.563349371545355098e+02 1.059831686808746554e+03 4.737998337680838858e+02
4.563767179942535677e+02 1.053068872772363648e+03 4.731044237270185704e+02
4.566173406253816438e+02 1.048488514209356708e+03 4.729471362613544443e+02
4.565928487152519324e+02 1.046096485687050972e+03 4.728688660395199008e+02
4.567654068689615769e+02 1.041624428785290092e+03 4.726717969635603822e+02
4.569419456138137434e+02 1.039459721650772508e+03 4.725786167403373952e+02
4.570909581147342919e+02 1.037302620051304075e+03 4.725434566939148908e+02
4.575173603034334633e+02 1.033029603103641193e+03 4.725063487103456055e+02
4.579797415563242566e+02 1.028804566533370917e+03 4.725554527843938786e+02
4.581740799975798382e+02 1.026678825194100909e+03 4.725703172783124160e+02
4.586225145712912195e+02 1.022353755849323647e+03 4.726226298167349569e+02
4.593882262997609587e+02 1.017765885450223323e+03 4.730119984797626103e+02
4.597976791195355304e+02 1.013664833655327811e+03 4.726442646679798827e+02
4.601076970713770038e+02 1.011499619755192612e+03 4.726140570165953818e+02
4.606101232683658964e+02 1.007116902650284374e+03 4.723390481853712686e+02
4.609505639079084744e+02 1.004887185222140943e+03 4.723031551859272099e+02
4.614955176939227499e+02 1.000478834283468927e+03 4.721493225897846173e+02
4.617850161704384959e+02 9.982418544942261178e+02 4.720270996737892801e+02
4.622755551033296229e+02 9.937641146974632420e+02 4.716940018363812328e+02
4.625717965295978047e+02 9.915187132714296467e+02 4.716319433593210420e+02
4.631338820441908410e+02 9.870676665158994183e+02 4.712514588483366538e+02
4.636409327880297724e+02 9.825015513050529989e+02 4.706583140785614319e+02
4.639844305502207362e+02 9.802467452663307768e+02 4.704825823389366519e+02
4.645285886268260924e+02 9.757442295689529601e+02 4.699385593383406672e+02
4.649978616412791439e+02 9.711622599439824626e+02 4.692355625392369234e+02
4.652398975262381100e+02 9.688233687446002023e+02 4.688601902693264378e+02
4.658268043309631139e+02 9.642387024497913899e+02 4.682585049314159278e+02
4.660793603610009086e+02 9.618496151532957583e+02 4.678814156624365523e+02
4.666092391981487708e+02 9.569388381910891894e+02 4.670288441076680215e+02
4.670853120174114679e+02 9.520426738147812102e+02 4.662447075692791145e+02
4.673266439132679579e+02 9.495106471578652645e+02 4.657963429598707421e+02
4.678406341882419497e+02 9.445245916383361191e+02 4.649448775008904704e+02
4.680487654116246858e+02 9.394000015407308410e+02 4.640520035778174019e+02
4.682396561773011285e+02 9.367603629004695449e+02 4.636640057526917644e+02
4.684259776770243207e+02 9.316327674789301909e+02 4.631497738888547246e+02
4.685681304927291535e+02 9.292056562932692714e+02 4.633258382237826822e+02
4.685414360483889595e+02 9.245979489033016989e+02 4.637156782474619376e+02
4.687294117940376736e+02 9.226982406008680755e+02 4.642355772086993966e+02
4.683732497450621395e+02 9.186068854203161891e+02 4.652954895971848259e+02
4.682665688895187941e+02 9.166689177382238540e+02 4.659340562941918620e+02
4.680663383351088100e+02 9.126441748263536056e+02 4.672177276578246392e+02
4.679923763463743285e+02 9.085482585585928064e+02 4.684530477022697710e+02
4.680896162615820799e+02 9.044321368775071051e+02 4.695489126551192385e+02
4.681424429001206136e+02 9.024076823263468441e+02 4.700653833625767106e+02
4.681914254602214100e+02 9.003853315495902052e+02 4.704858960376154187e+02
4.682856423311653771e+02 8.963238724790218157e+02 4.712805959394202091e+02
4.684368773964641832e+02 8.922826875542556309e+02 4.719753936496612141e+02
4.686234675758041703e+02 8.902727987079019840e+02 4.723107837813799392e+02
4.688710004192661245e+02 8.862290175499693987e+02 4.729426208458852443e+02
4.691738447089031752e+02 8.824845603839424939e+02 4.733999560646695386e+02
4.693098799255400309e+02 8.805644106724242874e+02 4.736306285343150080e+02
4.696547757354704231e+02 8.769306974845227387e+02 4.741377218238627620e+02
4.698826806743066413e+02 8.732682553439800586e+02 4.745140978412597406e+02
4.700384851309278247e+02 8.715449040241016974e+02 4.748049302637338087e+02
4.700384851309278247e+02 8.715449040241016974e+02 4.748049302637338087e+02
4.703775982302243506e+02 8.661916097079272276e+02 4.754427931052171061e+02
4.705508856974948344e+02 8.646227312316690359e+02 4.756789738613275631e+02
4.708412818301796392e+02 8.613139153312198459e+02 4.761181792863908413e+02
4.709662982519812431e+02 8.579426924514269786e+02 4.765032232437845892e+02
4.710645873947963196e+02 8.563353640161320754e+02 4.767317332632447346e+02
4.712127425603921438e+02 8.530209850214744165e+02 4.771849331493916679e+02
4.713722247704391179e+02 8.513370311318591348e+02 4.773953563030118517e+02
4.715687970074739042e+02 8.479020124393134665e+02 4.776813045467025631e+02
4.717218483176908990e+02 8.445283915910869155e+02 4.779331300841841426e+02
4.719596247435953273e+02 8.410726763974370215e+02 4.783332612384586469e+02
4.720608440604242446e+02 8.393933129666555715e+02 4.784528087243910477e+02
4.723111656323622469e+02 8.359501399617453217e+02 4.787207601540242194e+02
4.724695538568109896e+02 8.342498090678242306e+02 4.788472522247581082e+02
4.726434956533273066e+02 8.308285573577815057e+02 4.790993238380705748e+02
4.729239703277673357e+02 8.273194741182361440e+02 4.792080529112762974e+02
4.730579606647355604e+02 8.256246765897221849e+02 4.792868304442622502e+02
4.732943187557366400e+02 8.221499044224158297e+02 4.794963618460693624e+02
4.733112089915134675e+02 8.202978329678504679e+02 4.795691858642429679e+02
4.736612107061223469e+02 8.169599342347653419e+02 4.798175645913979679e+02
4.737235445831918810e+02 8.136721622163896654e+02 4.800395299405475953e+02
4.739504355188455520e+02 8.117892477110132177e+02 4.799759600051979191e+02
4.742687102715827905e+02 8.082765127453158129e+02 4.802539798520588761e+02
4.743700065519927307e+02 8.064675701250642987e+02 4.802896449809144315e+02
4.748249035244152196e+02 8.012415877223827465e+02 4.805059353808620131e+02
4.749040637866036718e+02 7.994239188124880684e+02 4.805898561372966924e+02
4.750082397189746644e+02 7.976494069825225779e+02 4.806842092357970273e+02
4.751812483312495488e+02 7.941268746646654790e+02 4.807298627880815047e+02
4.753664359133713333e+02 7.905126677795476553e+02 4.808245503943975336e+02
4.754191953660880472e+02 7.886678882832582076e+02 4.808258828452850366e+02
4.755018376114864509e+02 7.869433695361892660e+02 4.808033757437717668e+02
4.756930917509760661e+02 7.833401497111523213e+02 4.807391327313787883e+02
4.758332955591339442e+02 7.797406127404159406e+02 4.807179704099147557e+02
4.759552505796265791e+02 7.779182563540507545e+02 4.807249194507252810e+02
4.761417772287391017e+02 7.743393088885518409e+02 4.805556003039931738e+02
4.761570462652626361e+02 7.725840216157708937e+02 4.804029012775740739e+02
4.762449764836154031e+02 7.690686356602507203e+02 4.801006280162783924e+02
4.763508538412483517e+02 7.654535833756793863e+02 4.798740514329170992e+02
4.765348528074928822e+02 7.618554742565123661e+02 4.796495857494078336e+02
4.767732040608723310e+02 7.599611611180739601e+02 4.796182825485751096e+02
4.765795509142593573e+02 7.564460292437632916e+02 4.795460579354989363e+02
4.768400631698690972e+02 7.544389711075968989e+02 4.796816203542452399e+02
4.769166061105774475e+02 7.525539042301642212e+02 4.798783897680764881e+02
4.770185781504642932e+02 7.487060522903890387e+02 4.801316462588177387e+02
4.772231050789860092e+02 7.450428993534220581e+02 4.805766074028138064e+02
4.771287238379651399e+02 7.433019828980502552e+02 4.807771864224108072e+02
4.775311499413692218e+02 7.393674239908896197e+02 4.809536294355311270e+02
4.777113188699626676e+02 7.356474841807677194e+02 4.811043526657280722e+02
4.779910950089142716e+02 7.319008076305818804e+02 4.811855339486310754e+02
4.782017497728523949e+02 7.300784997114534463e+02 4.812768408647606861e+02
4.785157278465762829e+02 7.264031321712360523e+02 4.813367347815952826e+02
4.786170557627775111e+02 7.244474264548823612e+02 4.813328509100007864e+02
4.789665079572448576e+02 7.207744783129729740e+02 4.814204323514121597e+02
4.791040831643558136e+02 7.188645569163516029e+02 4.812989622532053886e+02
4.794986708980360959e+02 7.149875727411391608e+02 4.811200647556148624e+02
4.797063827927618718e+02 7.130762740994966862e+02 4.810492434555796422e+02
4.801429657654070979e+02 7.092771396232190000e+02 4.808517066850796482e+02
4.802933491635224641e+02 7.073675626884552230e+02 4.807318771101145671e+02
4.806596621579703310e+02 7.034509707935422966e+02 4.804192922923693914e+02
4.810562071465038230e+02 6.994308558349783880e+02 4.799699445368399893e+02
4.812299782432143047e+02 6.974332372095691426e+02 4.797006282706905154e+02
4.818774661680193958e+02 6.932674614445751331e+02 4.794599144183727049e+02
4.822132957894379501e+02 6.891350334741734969e+02 4.789705288270974393e+02
4.823968944799635779e+02 6.871225158495842606e+02 4.787870306139815852e+02
4.828682504027754021e+02 6.828372458307384250e+02 4.782487639069834131e+02
4.829666067724840559e+02 6.808426874916972338e+02 4.781145125674384531e+02
4.833744450722954866e+02 6.765679836101787714e+02 4.777147620618652013e+02
4.837920531960506878e+02 6.721333073781906933e+02 4.771886895653036049e+02
4.837308046803302091e+02 6.701349444311570096e+02 4.769291102996733684e+02
4.839902229924129529e+02 6.657773842738816938e+02 4.765089533196244815e+02
4.843498939194156492e+02 6.615610903562337626e+02 4.764285623872025894e+02
4.842952223590774565e+02 6.595990720007807795e+02 4.764825611140672663e+02
4.845659508311348418e+02 6.555924877484681019e+02 4.765214938202519193e+02
4.846235519184097029e+02 6.536111896191756614e+02 4.765317538340877945e+02
4.845394503704186491e+02 6.499017772155962120e+02 4.767620124912074289e+02
4.846981971847860109e+02 6.479405295153226234e+02 4.770390773389219703e+02
4.846961725365241591e+02 6.442983228816528936e+02 4.773430914311387596e+02
4.844917947778039320e+02 6.404181767134036818e+02 4.777156435154624319e+02
4.845288564140062704e+02 6.368133015475623324e+02 4.778420424016723018e+02
4.844957963197987851e+02 6.349224784219578623e+02 4.780622539770935759e+02
4.846965375250125021e+02 6.311538519153534708e+02 4.784898008104617588e+02
4.848627668095106742e+02 6.290592178398767373e+02 4.788364498076151108e+02
4.849657283239525896e+02 6.254179253264092040e+02 4.792844572839234161e+02
4.850698054166005022e+02 6.235523086637600727e+02 4.794177827490727850e+02
4.850246008717687687e+02 6.201626793644029476e+02 4.799714730582905986e+02
4.852200261171431634e+02 6.166687603777313598e+02 4.803552966876957839e+02
4.851455885246960520e+02 6.151085896451097597e+02 4.805306871892884146e+02
4.852919574744257147e+02 6.116722644603351000e+02 4.807940700587538458e+02
4.854319461073687307e+02 6.099712307601519115e+02 4.809382612858490234e+02
4.855188653201754505e+02 6.082464353789027882e+02 4.811007586955931856e+02
4.853774240679385912e+02 6.033276200872751360e+02 4.814952048947401977e+02
4.856115103464443905e+02 6.014168636466085900e+02 4.815461102025082027e+02
4.860296894757609039e+02 5.978115938968957153e+02 4.818619823984377035e+02
4.860973785897747348e+02 5.960321826202776947e+02 4.818581016963808565e+02
4.862132244588431149e+02 5.925984909853387990e+02 4.819485869673364391e+02
4.862179574598341674e+02 5.910364777007773682e+02 4.820741102247541221e+02
4.865264991415288591e+02 5.874558230213604020e+02 4.822986877753633621e+02
4.867078811007165768e+02 5.840486902429483962e+02 4.824392956152747161e+02
4.866890270098689371e+02 5.807352844187944356e+02 4.826164473780499975e+02
4.868256491298743072e+02 5.790841741958671491e+02 4.827252655452087424e+02
4.869182706966295200e+02 5.756754498048076130e+02 4.827491364634807951e+02
4.870552425361391897e+02 5.739872257389358765e+02 4.828351964451676963e+02
4.870227955628477616e+02 5.708967070475945320e+02 4.829053363205787264e+02
4.871494360862949975e+02 5.690851887599089878e+02 4.831242179687728253e+02
4.872362657160986714e+02 5.656884963266522846e+02 4.831753852447225768e+02
4.873747032290679044e+02 5.641020680247572727e+02 4.831893144462923146e+02
4.875067149694245359e+02 5.590402767178613885e+02 4.832425465925647359e+02
4.875656670319048658e+02 5.573052534829071192e+02 4.832724129801719073e+02
4.876806685150617113e+02 5.538932456009995349e+02 4.832240441964638649e+02
4.877387453531283654e+02 5.521937973017273862e+02 4.832414495283786664e+02
4.877777125967524512e+02 5.505309260335856152e+02 4.832543783508871797e+02
4.878068433303945426e+02 5.471265659341391938e+02 4.831874322035087630e+02
4.874778942380461331e+02 5.456895248850003100e+02 4.830619499727595212e+02
4.881267351568234858e+02 5.402098576076439258e+02 4.830438380510336742e+02
4.882530670826746473e+02 5.385306713347086998e+02 4.829674229316173637e+02
4.882667066967213714e+02 5.350487594526717885e+02 4.828132944523101173e+02
4.884180268277818868e+02 5.332527113898073594e+02 4.827363008378443965e+02
4.884445156770681820e+02 5.298200794223498633e+02 4.825533620825122512e+02
4.884915478757472442e+02 5.280032284217010101e+02 4.824364777566016755e+02
4.886591575320547918e+02 5.243534444556438530e+02 4.822276627789576082e+02
4.886676560309894057e+02 5.225446189412864442e+02 4.820874144384639521e+02
4.887949852054408098e+02 5.187726106788411471e+02 4.818845670497924516e+02
4.889854595844862502e+02 5.148899451595385699e+02 4.815955180114974041e+02
4.889588351375168145e+02 5.129282478473968467e+02 4.814415539394839243e+02
4.890075657581148221e+02 5.089537701127010791e+02 4.812194000063234967e+02
4.886976821272356233e+02 5.070341187347375467e+02 4.808487256682956854e+02
4.890478532912683249e+02 5.028769343196720456e+02 4.808605542196814895e+02
4.890565981600152554e+02 4.987900787871808461e+02 4.806798649262844378e+02
4.892911935915589652e+02 4.947084350644221900e+02 4.805007873310406126e+02
4.892453839472755703e+02 4.926950162003595892e+02 4.804419246944756310e+02
4.892751669686726927e+02 4.907641004561705245e+02 4.802681131200360483e+02
4.895023123782171410e+02 4.869897413006982561e+02 4.801888430297733521e+02
4.897372107407753106e+02 4.830301978834589818e+02 4.800005621179142281e+02
4.897486830877037960e+02 4.812700634454373585e+02 4.798982874320708447e+02
4.903140002685497052e+02 4.771140242977069761e+02 4.798205909071109545e+02
4.902145624221536764e+02 4.754029136317728330e+02 4.796341206111317206e+02
4.906791697075348679e+02 4.715886412051380034e+02 4.796227596783871832e+02
4.912410614991478042e+02 4.675854604849376983e+02 4.797236801508266808e+02
4.915582933382985971e+02 4.636134264738323623e+02 4.797808094907080090e+02
4.918219591588489834e+02 4.616676543179331134e+02 4.798891348504306507e+02
4.921557612499037759e+02 4.593184084992425937e+02 4.800223972113423088e+02
4.925559369203972437e+02 4.553907043332018247e+02 4.798520114682058306e+02
4.929196573014158389e+02 4.514379424178291629e+02 4.799865812718383609e+02
4.932220940915601659e+02 4.493011522849572543e+02 4.797149787248046664e+02
4.937910430990604027e+02 4.451506643025145991e+02 4.795099665789404639e+02
4.939226073898384470e+02 4.431815093700865305e+02 4.795411595639187112e+02
4.944463294488965062e+02 4.391036078237361835e+02 4.792783493712502150e+02
4.950868991280535170e+02 4.347901648874108105e+02 4.786340765845843634e+02
4.952876162655966255e+02 4.326590177165617774e+02 4.784415854327232296e+02
4.958142201189597813e+02 4.287146788292761244e+02 4.781580700389854997e+02
4.962157846237031436e+02 4.245885952440295341e+02 4.775359952894236244e+02
4.964846426625229583e+02 4.225478381125757892e+02 4.771026979595267221e+02
4.971820058619432530e+02 4.181299872827581225e+02 4.759664420379791068e+02
4.976338219602105823e+02 4.160311602433703797e+02 4.756651857303460815e+02
4.979652260784710052e+02 4.118979781933013555e+02 4.749709640277559970e+02
4.986761750187844200e+02 4.074957294632657749e+02 4.740087931396649878e+02
4.989059511521760442e+02 4.052478606481297447e+02 4.733710295441409244e+02
4.995259917642786149e+02 4.008112966274404698e+02 4.724617970521490520e+02
4.999108452476197044e+02 3.983462229990764172e+02 4.716634646235333435e+02
5.005660721650252185e+02 3.936557220101352073e+02 4.706839076027269471e+02
5.009322474787961141e+02 3.890244213438379575e+02 4.698004935297146858e+02
5.012289820582689686e+02 3.866383571284128493e+02 4.693662243486697321e+02
5.016949242521653218e+02 3.819255517527495840e+02 4.686175964645159979e+02
5.021222278799944547e+02 3.794763152359412288e+02 4.680926924683621451e+02
5.022536478585431041e+02 3.751618458219704166e+02 4.677359209336539152e+02
5.020904035393478466e+02 3.732244666564258182e+02 4.682019292045482644e+02
5.021193282294582332e+02 3.673184523179199346e+02 4.685909830015532407e+02
5.021193282294582332e+02 3.673184523179199346e+02 4.685909830015532407e+02
5.019470991875539880e+02 3.614259060414070746e+02 4.697530478610409546e+02
5.019252664795538408e+02 3.595018940080752827e+02 4.702280706994573620e+02
5.020450818350270765e+02 3.552790822236764257e+02 4.707240461044452786e+02
5.018157435852256185e+02 3.534118293394705574e+02 4.711852903095231113e+02
5.018815181765901343e+02 3.493041848389033817e+02 4.719806475453902976e+02
5.019235668466436664e+02 3.471813945039754685e+02 4.723397919435411723e+02
5.020089542778022178e+02 3.432279919916973085e+02 4.726765748829200788e+02
5.022647840368600214e+02 3.410911325206669176e+02 4.730071881357796997e+02
5.024346442330927971e+02 3.371290954378289371e+02 4.732886193360690186e+02
5.026704070377453490e+02 3.332327043051803912e+02 4.735666256477587126e+02
5.028810119160391423e+02 3.294049444784756133e+02 4.738535486019933956e+02
5.029587370989882515e+02 3.276066629379889150e+02 4.740739281473172468e+02
5.033163820117605951e+02 3.238115835159906624e+02 4.745200558932509693e+02
5.031639034247481277e+02 3.221668031801982579e+02 4.747742754392471056e+02
5.031944543813174278e+02 3.187632641785193073e+02 4.747930626755556318e+02
5.031365023581518585e+02 3.171101868714914076e+02 4.749489451704260432e+02
5.030388896698941039e+02 3.138436463333148936e+02 4.754345348869604209e+02
5.029680689199171297e+02 3.106320721161765164e+02 4.757362254983750631e+02
5.029680689199171297e+02 3.106320721161765164e+02 4.757362254983750631e+02
5.028569883003628433e+02 3.059451361340397284e+02 4.760409147352777381e+02
5.027898133400357779e+02 3.027203963694435060e+02 4.762736678925364231e+02
5.027898133400357779e+02 3.027203963694435060e+02 4.762736678925364231e+02
5.027590575245883429e+02 2.975290359542885312e+02 4.764872674916171604e+02
5.027152103763843911e+02 2.958530199207837654e+02 4.768115083625123134e+02
5.029766133984812768e+02 2.921698286407127512e+02 4.768575604236087315e+02
5.030688631995583933e+02 2.903281010951022267e+02 4.769220567042930838e+02
5.031260055277588776e+02 2.868686866438104630e+02 4.773797816984311453e+02
5.031610857244449448e+02 2.851839810838276321e+02 4.775116655090029099e+02
5.031298571223175600e+02 2.819432727576385673e+02 4.775302565869041587e+02
5.034649594211869612e+02 2.785012276609437549e+02 4.778064953682384726e+02
5.033315369892960121e+02 2.768705687549729078e+02 4.779304221762726570e+02
5.034189609392253715e+02 2.736056300102162595e+02 4.781137488007847764e+02
5.036409424586317414e+02 2.702824487193111622e+02 4.781746395974411143e+02
5.036876280255233382e+02 2.670275773508124075e+02 4.784085642517620727e+02
5.037124041654283815e+02 2.653980620829510713e+02 4.785798738659955802e+02
5.037302893905859378e+02 2.636391562452731705e+02 4.787365376054431749e+02
5.038010648374775542e+02 2.603065659457738548e+02 4.789243891830143980e+02
5.039496646388421368e+02 2.568638185592593572e+02 4.789559968872930540e+02
5.035645479352876919e+02 2.553999079544861672e+02 4.792223947790259899e+02
5.039286235136689811e+02 2.534808698173045229e+02 4.794211732202184635e+02
5.042955001981624719e+02 2.499062485740665522e+02 4.792375311999059022e+02
5.041757218959852480e+02 2.463244743153480556e+02 4.793330965652237978e+02
5.043377374554206085e+02 2.427393283393960246e+02 4.794079205142641058e+02
5.043058030074608382e+02 2.409415556304589927e+02 4.794345789929141120e+02
5.044898904296998126e+02 2.370048666000910487e+02 4.796126474604865280e+02
5.046242099572907023e+02 2.352194770792895326e+02 4.795288703107539732e+02
5.045960667381548888e+02 2.316626326724026228e+02 4.793976195211727713e+02
5.047443586311052286e+02 2.278805656996430855e+02 4.794070898455379961e+02
5.045654605423207499e+02 2.261166014967561750e+02 4.793825004638298424e+02
5.045516505134949057e+02 2.223119048821466492e+02 4.792542686996831662e+02
5.044294707228813195e+02 2.185925699450057778e+02 4.791271642900672987e+02
5.043893369566029605e+02 2.168235586864168738e+02 4.790539652502956756e+02
5.043355540184674055e+02 2.131239795381477506e+02 4.787485781521779700e+02
5.042281570103018566e+02 2.113508961708009508e+02 4.785837914003373044e+02
5.044627355509241511e+02 2.074695109565541600e+02 4.780489402890941619e+02
5.040039530602488185e+02 2.055567568001881966e+02 4.781194034358243812e+02
5.039075970471277515e+02 2.014804820815329549e+02 4.778841196258660489e+02
5.038581179537123944e+02 1.996056095248160318e+02 4.778637106067608329e+02
5.037097964620182324e+02 1.955704515125405010e+02 4.777137340055027153e+02
5.037236243063418897e+02 1.915274758786351299e+02 4.778044975600986390e+02
5.037012968667551718e+02 1.895291651034021356e+02 4.778248104731429180e+02
5.037078705024040346e+02 1.856549339046201794e+02 4.776454087723473663e+02
5.036734471593819080e+02 1.837088836241320280e+02 4.776723299741793198e+02
5.036646764158514316e+02 1.797725417167151818e+02 4.777000282101776065e+02
5.034485451709722383e+02 1.761364665722004474e+02 4.777463469409538561e+02
5.033727064094962316e+02 1.743068811713370394e+02 4.776823910103299227e+02
5.037456473530359631e+02 1.700939673586509286e+02 4.775717284499210109e+02
5.038722543901461677e+02 1.681236625739299200e+02 4.779462297396412964e+02
5.039941504212348491e+02 1.641130466766515497e+02 4.777980685395501723e+02
5.038651674144699086e+02 1.602146855024503509e+02 4.775174567403192327e+02
5.041311198094707606e+02 1.581135342585978947e+02 4.774269938494771850e+02
5.044810181356284602e+02 1.540121037438832445e+02 4.771121099386804758e+02
5.044810181356284602e+02 1.540121037438832445e+02 4.771121099386804758e+02
5.048829485986202030e+02 1.479104880927386603e+02 4.765894798852377789e+02
5.049697175973188905e+02 1.458569511068878342e+02 4.763749443496720914e+02
5.052299380757483505e+02 1.416152744371755432e+02 4.759602824847030433e+02
5.056729693337823051e+02 1.374546801752809984e+02 4.758719994466881644e+02
5.057965257700665802e+02 1.353352158671502252e+02 4.756262298537052402e+02
5.060052074948742415e+02 1.311648631739953430e+02 4.752972428795723658e+02
5.062114421536560371e+02 1.268432751784820738e+02 4.748954148427093855e+02
5.065199863769992703e+02 1.225324766206861540e+02 4.743210776411056599e+02
5.066828551252551165e+02 1.203528453280648591e+02 4.740449154884467475e+02
5.067110265574031018e+02 1.161535164238675861e+02 4.733327868059890875e+02
5.067907821969795350e+02 1.142380130381872192e+02 4.732724140111678821e+02
5.070600866683103618e+02 1.096860461146053325e+02 4.726414652602963429e+02
5.071612891185445164e+02 1.074485198915117365e+02 4.723070869401163350e+02
5.072047173606039223e+02 1.030538246921900480e+02 4.718150601179324894e+02
5.070941491939525463e+02 9.882733862744360920e+01 4.716119479513429837e+02
5.073977614962691973e+02 9.641894850183223298e+01 4.713831049597164906e+02
5.073958622336965050e+02 9.417192146284239129e+01 4.710222077470533577e+02
5.073994535573020244e+02 8.770632295652568189e+01 4.706422316394473455e+02
5.073304490842499490e+02 8.566472548905478845e+01 4.705585652672859283e+02
5.069861450314829767e+02 8.170365541769781714e+01 4.706617029740285716e+02
5.071078996514460755e+02 7.705728809445263039e+01 4.704840844808949782e+02
5.072197524236591448e+02 7.505074801325156386e+01 4.705713848589753638e+02
5.070097815441571356e+02 7.279192803810848034e+01 4.706845777147344165e+02
5.069860586057798741e+02 6.868528599007579771e+01 4.712159299040916380e+02
5.069962975109132799e+02 6.664314107431685841e+01 4.711185212045855337e+02
5.071229094080223376e+02 6.413624688613799663e+01 4.715283663130473428e+02
5.071054287696783263e+02 5.778807425196257697e+01 4.718064044196142390e+02
5.071796578533325714e+02 5.353556681312480237e+01 4.719391939010452006e+02
5.071796578533325714e+02 5.353556681312480237e+01 4.719391939010452006e+02
5.074288460698340373e+02 4.745348098931657432e+01 4.725677513017998308e+02
5.075413739734040064e+02 4.512492389278420291e+01 4.727005398769829867e+02
5.072978990370697261e+02 4.335027279783371768e+01 4.727219328687153848e+02
5.073944874038909916e+02 3.931773465908476339e+01 4.727621322496634662e+02
5.074466895662069419e+02 3.495777111107062751e+01 4.729216246477237178e+02
5.073794713306540416e+02 3.090506006768415403e+01 4.730668259932742217e+02
5.074924209419251611e+02 2.870664542826857613e+01 4.730078863503066486e+02
5.072802439635240148e+02 2.470731624009179228e+01 4.734222713745220403e+02
5.073539809225400745e+02 2.228349047364160640e+01 4.732054691379477731e+02
5.070929207475290923e+02 1.813339395595253833e+01 4.734067166476656894e+02
5.072322379528490615e+02 1.348663219957655102e+01 4.734612017905117796e+02
5.071685647375763324e+02 1.152003137008424183e+01 4.735572499279977023e+02
5.070004225105202522e+02 7.111787360675907443e+00 4.736189032411196536e+02
5.069984860597084548e+02 2.398528044738738707e+00 4.736856451399508501e+02
5.068108127583083160e+02 5.723909664150974574e-01 4.738992777986102283e+02
5.066204125451959612e+02 -1.536740358253510408e+00 4.736880349915339252e+02
5.067072939148401929e+02 -6.381387246229731858e+00 4.734300190945893405e+02
5.064946362607493597e+02 -8.486405271569665842e+00 4.732077804010025943e+02
5.063235034580944784e+02 -1.314221632607339174e+01 4.728208341166502464e+02
5.059302253071862765e+02 -1.766285897759896528e+01 4.729165350923991014e+02
5.056504613625506863e+02 -2.249774624000120227e+01 4.724218338384563936e+02
5.055063770565326990e+02 -2.488322909170484465e+01 4.723027801317612102e+02
5.052764497947973155e+02 -2.735399642853840163e+01 4.720185503451691034e+02
5.048731327871119561e+02 -3.225015974278678499e+01 4.714076982479047047e+02
5.044493405590184807e+02 -3.701384416466278537e+01 4.708182038398496161e+02
5.043445386920988653e+02 -3.944286729684856851e+01 4.705057604396000670e+02
5.038111857467766299e+02 -4.660772927215211325e+01 4.693964329544305656e+02
5.038996331153813912e+02 -4.879708522634551571e+01 4.690252977870683253e+02
5.038916720983535242e+02 -5.150017898354168722e+01 4.690580450362808733e+02
5.039344180110636557e+02 -5.608095785682909451e+01 4.685002737221554980e+02
5.040957052353874133e+02 -5.840873691590940808e+01 4.683125730323757807e+02
5.042493915968190095e+02 -6.277026271022474191e+01 4.680827011930797426e+02
5.044995657982802300e+02 -6.748776167141117810e+01 4.677657406741986961e+02
5.046974801650080167e+02 -6.947284470360243347e+01 4.677795735387224454e+02
5.050692699421691145e+02 -7.396947858929524955e+01 4.676299952874140331e+02
5.053300311270551219e+02 -7.599547561592069655e+01 4.677538069231673035e+02
5.057065844776395807e+02 -8.032545894375657269e+01 4.677384817962206967e+02
5.063022795221183401e+02 -8.491380834890506435e+01 4.678097025587970279e+02
5.068455706966133789e+02 -8.952282840474777004e+01 4.678957498685470568e+02
5.071617652252120934e+02 -9.188396478206375662e+01 4.678770252158620906e+02
5.074568402799120008e+02 -9.645272527964903020e+01 4.678866981873671875e+02
5.078953171927860808e+02 -9.889761253430575039e+01 4.678001761894617516e+02
5.083685640851682592e+02 -1.034874679553519883e+02 4.676224015996332355e+02
5.085012485164736518e+02 -1.056804836974343118e+02 4.674915571962976060e+02
5.093387568577052775e+02 -1.104345705210433977e+02 4.684381491797549302e+02
5.091162038342656047e+02 -1.126800548344653663e+02 4.672483325466105271e+02
5.097022555205406320e+02 -1.173322823700877677e+02 4.666783064353323880e+02
5.102383797109756642e+02 -1.221203894684998374e+02 4.661700960219924355e+02
5.106901303941178867e+02 -1.264772065996748012e+02 4.655088768663750898e+02
5.107661515982285891e+02 -1.284629285883584089e+02 4.656810628336644413e+02
5.113659829049180416e+02 -1.333414832299044974e+02 4.646908005675049367e+02
5.116031435735336004e+02 -1.354152571655217230e+02 4.643148088690280701e+02
5.120996509538766759e+02 -1.401358441556516823e+02 4.625925197586143440e+02
5.123965886280145696e+02 -1.425929227202937568e+02 4.619070322161526292e+02
5.132429893289680649e+02 -1.474207379446603454e+02 4.609059065742330858e+02
5.135012655101868404e+02 -1.498278450765670868e+02 4.603493107417137367e+02
5.139961573070613667e+02 -1.548048577997648465e+02 4.589985496011126429e+02
5.143609515079674566e+02 -1.598104198307973149e+02 4.577631364004212173e+02
5.144368794874770856e+02 -1.624300416691865223e+02 4.572473856197603936e+02
5.149953168906029077e+02 -1.676725609712173082e+02 4.561396593457470203e+02
5.153051010086456927e+02 -1.728486923883237978e+02 4.550675459010168993e+02
5.151441156893001789e+02 -1.752735818299148605e+02 4.544904804142498733e+02
5.155852496741294999e+02 -1.802914252242952671e+02 4.541723658112775297e+02
5.156136173130290672e+02 -1.823718684118521480e+02 4.542693122577994700e+02
5.153918659966442419e+02 -1.859784066669749620e+02 4.546893937044237646e+02
5.154447663769830115e+02 -1.878602965462989971e+02 4.554011157048396399e+02
5.149995975733285150e+02 -1.911255211682272943e+02 4.565440319772493467e+02
5.146696767988315742e+02 -1.944838766844901272e+02 4.581414073220360592e+02
5.143740101678846486e+02 -1.982259771150496306e+02 4.594162137999788342e+02
5.142029038037616147e+02 -2.000382855874522647e+02 4.601855836216257103e+02
5.140300603992453716e+02 -2.040945109328752380e+02 4.613417332079238236e+02
5.141084806803022502e+02 -2.062521472206958890e+02 4.620368379606046574e+02
5.140166003857203805e+02 -2.106816630875277951e+02 4.629959107058662084e+02
5.141012309006943042e+02 -2.129182939368021437e+02 4.633699613181827885e+02
5.141918393625107910e+02 -2.174521945768436240e+02 4.641813866005967952e+02
5.144226488174100496e+02 -2.197714037937207081e+02 4.646110804364061551e+02
5.145866702285419478e+02 -2.241560396811631790e+02 4.650239238779928996e+02
5.149453067443552072e+02 -2.285454179686324494e+02 4.654326921005998088e+02
5.152494692686154849e+02 -2.326157546364056259e+02 4.655406213845864727e+02
5.154435728127153880e+02 -2.346869540985618414e+02 4.657469717574286392e+02
5.154418348188398795e+02 -2.385649607772169247e+02 4.657190780324564798e+02
5.156010368516945164e+02 -2.401737160243805533e+02 4.658998361081240773e+02
5.154805840319507979e+02 -2.436976044013297553e+02 4.661789278614419914e+02
5.157552065328467279e+02 -2.454317259267946838e+02 4.662881669633219417e+02
5.154800917699227512e+02 -2.486799127546917703e+02 4.666788663257946723e+02
5.154930425002429502e+02 -2.503415935173077855e+02 4.669365174496322766e+02
5.154221913850548162e+02 -2.536489107301076160e+02 4.672163080647218862e+02
5.154043601165502650e+02 -2.568512847639091774e+02 4.676669203264746670e+02
5.153569486431208588e+02 -2.600919207613596313e+02 4.681398325672858505e+02
5.153866565926869043e+02 -2.617560107829424965e+02 4.684025197338102657e+02
5.152844787456780296e+02 -2.652056869880665886e+02 4.688719206625884794e+02
5.154469626814775438e+02 -2.668067943344992727e+02 4.690361463825466330e+02
5.152739084948825621e+02 -2.703102692962361289e+02 4.694740300824337851e+02
5.153864554941902725e+02 -2.721697101966053651e+02 4.695061280407952609e+02
5.151691075137576945e+02 -2.752346630672656147e+02 4.701302523542328231e+02
5.151576524725179524e+02 -2.767965804961755794e+02 4.702765829895198522e+02
5.151503781525170780e+02 -2.800148666288037020e+02 4.707790068138150446e+02
5.152097654318876039e+02 -2.832138835513609365e+02 4.713064150738199487e+02
5.153210494790014309e+02 -2.847003253411873516e+02 4.715107643796333718e+02
5.150259856226950888e+02 -2.877773246938380112e+02 4.716687636621931006e+02
5.150768634336341165e+02 -2.908180837719712599e+02 4.720648813211781203e+02
5.154353524363001497e+02 -2.923210432032334438e+02 4.724267203822676038e+02
5.150942963058873829e+02 -2.952275710735053167e+02 4.727522412233564637e+02
5.151781405353261789e+02 -2.966055558223258117e+02 4.728565312585883476e+02
5.152053360174224963e+02 -2.999767858156702687e+02 4.730800177958793142e+02
5.150268375301976675e+02 -3.012437122694857408e+02 4.733927153301792714e+02
5.149142521026010400e+02 -3.041257772676359536e+02 4.735556828421472346e+02
5.150812060187913630e+02 -3.073643898306049778e+02 4.740119572801648360e+02
5.151504655021143435e+02 -3.089080851551458409e+02 4.741554328907071749e+02
5.151628453462310517e+02 -3.117110101809416278e+02 4.741522599420779329e+02
5.150664335436575811e+02 -3.133637643651871940e+02 4.743496160281068228e+02
5.151521129329746600e+02 -3.164730356988972630e+02 4.743108265692113719e+02
5.153989381059285506e+02 -3.194317987111513162e+02 4.746579895978804871e+02
5.153085861403960735e+02 -3.208881819253806498e+02 4.748322423211340038e+02
5.154864326983268938e+02 -3.239414082913594939e+02 4.752016826561686003e+02
5.155431501580004578e+02 -3.256289610408863382e+02 4.751902035199436227e+02
5.153470818709951118e+02 -3.285482221526993385e+02 4.751986391585687670e+02
5.155504996128091761e+02 -3.300812126818299816e+02 4.752477492163089323e+02
5.155031206012536131e+02 -3.348685265495402632e+02 4.754775385763090298e+02
5.155343318768382233e+02 -3.364838525565763234e+02 4.755431769559978648e+02
5.155609196675763997e+02 -3.380740287941536053e+02 4.755517008670179280e+02
5.157508894189520561e+02 -3.414299328136460758e+02 4.758676782646742822e+02
5.156946848524905818e+02 -3.446109288830240871e+02 4.758724094592150209e+02
5.160381252056923813e+02 -3.463179493903986099e+02 4.758798832475423524e+02
5.159458730708795429e+02 -3.497134227994955040e+02 4.760486976405481983e+02
5.158935176650624044e+02 -3.530126251433587186e+02 4.761942050235296051e+02
5.160307707471387175e+02 -3.549035918298528713e+02 4.762729311906920202e+02
5.159688039465492011e+02 -3.581914973235318485e+02 4.763504472871006215e+02
5.160027174479278074e+02 -3.615805492038232387e+02 4.764569600289574396e+02
5.158226049567909968e+02 -3.634247708018762069e+02 4.764409655909228150e+02
5.158233327769204379e+02 -3.650945636490187098e+02 4.763960382587119398e+02
5.157367030721261472e+02 -3.685426307154450569e+02 4.764465700875307448e+02
5.157493280497553769e+02 -3.719177180882094831e+02 4.763831589380175728e+02
5.156196955483062538e+02 -3.736378696116113360e+02 4.762778811715368761e+02
5.156484251467778677e+02 -3.768547008812271315e+02 4.760792734634825365e+02
5.157132413901686050e+02 -3.785896371444818556e+02 4.760594946121250359e+02
5.157622093207713760e+02 -3.819609639579099962e+02 4.759633323404253815e+02
5.159107993643142436e+02 -3.853280575710192579e+02 4.758211742281141028e+02
5.159239619591405699e+02 -3.870553874875608358e+02 4.758325840326343155e+02
5.160128194265719230e+02 -3.905120514368686599e+02 4.758321258824853999e+02
5.162749184049190490e+02 -3.922924569605732472e+02 4.758511535973174773e+02
5.162299031329807804e+02 -3.957813878054632823e+02 4.760733200750296987e+02
5.161958311048479118e+02 -3.975759109286056514e+02 4.760925560289468876e+02
5.162259462726862012e+02 -4.010908864854411604e+02 4.764609781630341558e+02
5.164325728991855158e+02 -4.047288351206159973e+02 4.767011347387339129e+02
5.163532034270306212e+02 -4.062722006667302139e+02 4.768996923602717288e+02
5.164111085223447617e+02 -4.097886893086621285e+02 4.772341057738753989e+02
5.166268635038642287e+02 -4.133346191649650336e+02 4.772425772246255065e+02
5.167934222497577821e+02 -4.169844945842082780e+02 4.774143986006145610e+02
5.166930579771559451e+02 -4.188472460750940627e+02 4.774238611767198677e+02
5.172127704491059603e+02 -4.226959591741317581e+02 4.773899258845230520e+02
5.169891642300443664e+02 -4.244765489634318101e+02 4.774400580765054656e+02
5.173338678502144603e+02 -4.281395949210790377e+02 4.776370116515400923e+02
5.173776203909021660e+02 -4.300487743391973936e+02 4.776165088965428254e+02
5.175436392166860742e+02 -4.337416322892446487e+02 4.775663967063246673e+02
5.175477382274307274e+02 -4.355638100946540021e+02 4.772180629077878962e+02
5.176046066503217844e+02 -4.392517599691125270e+02 4.769675384625490437e+02
5.178902261287489637e+02 -4.430046994282260471e+02 4.765512334656275470e+02
5.181171049410772866e+02 -4.450483839299196802e+02 4.763141540092391892e+02
5.184633274751722638e+02 -4.487613920295543721e+02 4.759077298702128473e+02
5.187085983673304099e+02 -4.527589437459365627e+02 4.753092912638161920e+02
5.189628619565502277e+02 -4.546515455759075053e+02 4.752095875506595917e+02
5.190268120998703125e+02 -4.584843470539634041e+02 4.745117298797269427e+02
5.194693611844978705e+02 -4.606452581097242387e+02 4.738333412600185852e+02
5.197120186023450970e+02 -4.643385414379603162e+02 4.733812114309004073e+02
5.199663406823793821e+02 -4.663558169839598690e+02 4.729386959177608105e+02
5.201716470258505751e+02 -4.704077183980184600e+02 4.722576035052413204e+02
5.204649991341412942e+02 -4.745752177837149475e+02 4.715857743551568433e+02
5.205933694175291748e+02 -4.766802108450489186e+02 4.713024711201855439e+02
5.205037665946192647e+02 -4.807933096344676187e+02 4.706478557573632884e+02
5.208523111528518257e+02 -4.853249210180361501e+02 4.703027500399765586e+02
5.210327056181605485e+02 -4.869885570861603696e+02 4.707539962878968822e+02
5.211267066645278874e+02 -4.914367730219699411e+02 4.695283582632124535e+02
5.211427800865192239e+02 -4.934970481759445420e+02 4.695454827638242818e+02
5.209068654145526125e+02 -4.974937095401441525e+02 4.690381654684688897e+02
5.212483042679224354e+02 -4.993169388532681978e+02 4.696941142745026809e+02
5.211324499174654648e+02 -5.033119361064545956e+02 4.688097564027551130e+02
5.210711710000166477e+02 -5.070322119983326843e+02 4.686289606028429375e+02
5.211846208868823851e+02 -5.090249416233193642e+02 4.686664175701614568e+02
5.209702089145987429e+02 -5.125587345558552670e+02 4.684561264994665066e+02
5.207667633683437316e+02 -5.163300417607974850e+02 4.686718746251607968e+02
5.206373271506802212e+02 -5.182409869238084639e+02 4.684872288307714712e+02
5.205976940976603373e+02 -5.222194288721199200e+02 4.686795791589882469e+02
5.203532497060945161e+02 -5.241586520282753554e+02 4.687254371153056809e+02
5.205390952331242715e+02 -5.281824379684001087e+02 4.690316359618433353e+02
5.204790746315617298e+02 -5.303870172358551827e+02 4.689817573028130369e+02
5.204217582913363458e+02 -5.342065189831971566e+02 4.694247087159816942e+02
5.204769241564032427e+02 -5.362508033788799366e+02 4.695137972441864918e+02
5.205044630991260419e+02 -5.422729158370819960e+02 4.707560903653268838e+02
5.209351932412949964e+02 -5.443700747192875724e+02 4.710280240172513118e+02
5.207883278154031359e+02 -5.461569448636246307e+02 4.714744314262891862e+02
5.210494914326010303e+02 -5.501039549124199084e+02 4.716032126686634456e+02
5.207852805264940343e+02 -5.540895650527278349e+02 4.708690138966655923e+02
5.207614661045823823e+02 -5.558848640326497161e+02 4.709919788577227564e+02
5.208282869250366502e+02 -5.576289627628980270e+02 4.716741715411328073e+02
5.204695563489456163e+02 -5.617442350851001720e+02 4.709849411386039719e+02
5.206930527581305341e+02 -5.658436650110083974e+02 4.712580309295282177e+02
5.206262804424804926e+02 -5.676700310137561019e+02 4.711563084006140798e+02
5.207066479703390769e+02 -5.735077153176183629e+02 4.719271275735997051e+02
5.205025831904592906e+02 -5.753162666660857667e+02 4.717598504553862426e+02
5.205611694699992995e+02 -5.799112463865974405e+02 4.714121604063616928e+02
5.204048824327238663e+02 -5.816211886224804175e+02 4.718704319814213477e+02
5.205332269887647954e+02 -5.862799041078574191e+02 4.714053067129877945e+02
5.203708886543099652e+02 -5.882576467999008401e+02 4.714163595620477736e+02
5.202060851771916532e+02 -5.922606775294486852e+02 4.718637212484161410e+02
5.203445485248032583e+02 -5.948226357371702306e+02 4.714214623604714802e+02
5.199735427859297943e+02 -5.988383401764633618e+02 4.715933075482605545e+02
5.200576396307684490e+02 -6.035807095161313782e+02 4.708782462366256141e+02
5.197216240606700239e+02 -6.081313530605549431e+02 4.702921914416093045e+02
5.198615587761826191e+02 -6.102652833847408829e+02 4.709410181570058853e+02
5.195557331659928195e+02 -6.125105546497841260e+02 4.707405750386294017e+02
5.191325729400606406e+02 -6.171875170404683786e+02 4.701099037287002034e+02
5.191065107371128988e+02 -6.219871725031039205e+02 4.696665566693731648e+02
5.189914507617902473e+02 -6.243431211867277852e+02 4.693089706376903791e+02
5.185723235599675718e+02 -6.291075005611461393e+02 4.682801269704101514e+02
5.186260340865753733e+02 -6.314098299106733521e+02 4.684620051064244421e+02
5.186319640052912519e+02 -6.360397736005145362e+02 4.680685219792312637e+02
5.188619850143803660e+02 -6.405057945819986571e+02 4.672767060759817923e+02
5.185921417487812732e+02 -6.450630103342243729e+02 4.668434423886999411e+02
5.188453064651357636e+02 -6.471673400988590856e+02 4.667654386171763576e+02
5.189627967618353068e+02 -6.512733078698333884e+02 4.665004708415045798e+02
5.190777163396882088e+02 -6.532528168065537102e+02 4.662423967528532103e+02
5.196966970386962430e+02 -6.576002866987813604e+02 4.663843351369729930e+02
5.197433205977288253e+02 -6.597791326584709850e+02 4.664148254356917960e+02
5.204133751023026662e+02 -6.637495023550956148e+02 4.667110968911987925e+02
5.204469746729151893e+02 -6.659794773848825571e+02 4.665129150269092975e+02
5.212060006244913666e+02 -6.704811275260069579e+02 4.665882207182223738e+02
5.219299635222419056e+02 -6.750503499658012743e+02 4.667386718428526819e+02
5.223618435997454981e+02 -6.798268996003374696e+02 4.661449723600739503e+02
5.224738782531193237e+02 -6.819401884317719578e+02 4.662994632865409699e+02
5.227931519784345937e+02 -6.842649825331531019e+02 4.663073263700238158e+02
5.230143933865927011e+02 -6.889386106644457186e+02 4.661836969135136428e+02
5.236750613485131680e+02 -6.936084359953268859e+02 4.656953203666827790e+02
5.239075128504881604e+02 -6.960757852291584413e+02 4.655043494451103356e+02
5.243085394231562759e+02 -7.007218237783680479e+02 4.651163241024812010e+02
5.244640344573872426e+02 -7.029286743317234141e+02 4.645861666958186333e+02
5.250813861581143556e+02 -7.074613510573196891e+02 4.639595928803211109e+02
5.254994447244730509e+02 -7.119940260308001143e+02 4.630840649780741956e+02
5.260841778582278039e+02 -7.162859313782350910e+02 4.620884976783350453e+02
5.260841778582278039e+02 -7.162859313782350910e+02 4.620884976783350453e+02
5.268724020199714460e+02 -7.229889263427211290e+02 4.607756136487246863e+02
5.271740762616252596e+02 -7.253095665487608130e+02 4.601496775127930619e+02
5.275688723024038609e+02 -7.297652884081221600e+02 4.588513876156806646e+02
5.277733139040708465e+02 -7.320255948366094572e+02 4.581167089561236025e+02
5.285761427370088086e+02 -7.367104772761240383e+02 4.573820222872482191e+02
5.287933608532871403e+02 -7.389999454944327226e+02 4.566796544288533823e+02
5.293368101019758569e+02 -7.434042016963848027e+02 4.554759977021627151e+02
5.294006260765866045e+02 -7.480478695890983545e+02 4.545894651509827327e+02
5.294790624845439879e+02 -7.523873028965124377e+02 4.541059299236822540e+02
5.295666095015523069e+02 -7.544983783708198644e+02 4.539134509294444229e+02
5.293185204219034858e+02 -7.587227701254063277e+02 4.533746240650165191e+02
5.292676903739264844e+02 -7.629771731626195788e+02 4.537477347084877124e+02
5.292676903739264844e+02 -7.629771731626195788e+02 4.537477347084877124e+02
5.289527567223721007e+02 -7.669566998992642084e+02 4.536925728486096432e+02
5.288844000037781825e+02 -7.712092573004285896e+02 4.536408216540779108e+02
5.288465247382267762e+02 -7.734475222356907125e+02 4.539213459859873865e+02
5.286203237941432462e+02 -7.776418395093488698e+02 4.544130051107774761e+02
5.284213630672174986e+02 -7.818604942211846947e+02 4.544710540727646730e+02
5.284281070907394451e+02 -7.866087855375646996e+02 4.553679557426961537e+02
5.284051412181115666e+02 -7.887731477404018960e+02 4.554563875210766923e+02
5.282547606335397177e+02 -7.909513634480110795e+02 4.556679979721271820e+02
5.279767836389924014e+02 -7.948673942868892937e+02 4.563898354180936963e+02
5.276932991588806772e+02 -7.990744722247380878e+02 4.570409772594290416e+02
5.278409929195595396e+02 -8.012884915144039724e+02 4.575187582412089569e+02
5.278862338390298419e+02 -8.052972903904484383e+02 4.581706347442109859e+02
5.275343058073264046e+02 -8.094255465300817605e+02 4.582554335312253784e+02
5.279538445149468089e+02 -8.115027488563325733e+02 4.587433397481578368e+02
5.274689169109688009e+02 -8.154299880494872923e+02 4.593950383122967196e+02
5.271387026461596861e+02 -8.196260532694356016e+02 4.602278155343914818e+02
5.274483259329846305e+02 -8.217920783730398853e+02 4.603122685533817844e+02
5.270735230051019471e+02 -8.257777464778017702e+02 4.608405536016392716e+02
5.274848556093503475e+02 -8.279916019988288554e+02 4.613787273804854294e+02
5.269893498184434293e+02 -8.321695353651691676e+02 4.616163521334923416e+02
5.270840639182503082e+02 -8.343330279914109724e+02 4.617981353501737090e+02
5.267420998883715129e+02 -8.389849558496683812e+02 4.628253551631229925e+02
5.268035350540723130e+02 -8.411303988317769154e+02 4.633500886977092250e+02
5.266433433228900185e+02 -8.454914401487125133e+02 4.636412102563787130e+02
5.267474577750739400e+02 -8.476956358981788071e+02 4.640591898298429214e+02
5.264280184152879656e+02 -8.544195745790340197e+02 4.641828430792957079e+02
5.265096732945759186e+02 -8.567844455156323420e+02 4.646990357559085396e+02
5.267857025950823981e+02 -8.586612317698842389e+02 4.649876374768697360e+02
5.262698705562944497e+02 -8.632625217421636989e+02 4.643662821129623239e+02
5.261056208506786334e+02 -8.675768403195868359e+02 4.642075734103551667e+02
5.263217415865212843e+02 -8.699286420606446200e+02 4.639724268126427091e+02
5.259551983971213076e+02 -8.742636549211786132e+02 4.637526185933582497e+02
5.260770080479728676e+02 -8.766846348208998734e+02 4.635458880199480518e+02
5.257454718016324478e+02 -8.811137512596865236e+02 4.631056461962686512e+02
5.260644571003240344e+02 -8.859242760395012510e+02 4.626725109009835819e+02
5.260644609446322875e+02 -8.898364028482748154e+02 4.624512029217340228e+02
5.258376616128815613e+02 -8.920913285112239919e+02 4.624230498186103091e+02
5.258376616128815613e+02 -8.920913285112239919e+02 4.624230498186103091e+02
5.259100520590983479e+02 -8.989560110633217391e+02 4.611453803891049574e+02
5.262144134101987447e+02 -9.036122677898368920e+02 4.609554930330731963e+02
5.261427344862627251e+02 -9.060095872051688275e+02 4.607724476905542019e+02
5.262791614586922151e+02 -9.109393855191513012e+02 4.605661926385784000e+02
5.262968239802498829e+02 -9.158690542409420914e+02 4.611932180148232874e+02
5.263637954062681956e+02 -9.181327215591697950e+02 4.610601726771049016e+02
5.264964534768749900e+02 -9.227189220675842307e+02 4.618921124168491588e+02
5.270093435965991375e+02 -9.272405424717717324e+02 4.624630873927967514e+02
5.267196473668303724e+02 -9.294204252100120129e+02 4.628107454546861277e+02
5.267196473668303724e+02 -9.294204252100120129e+02 4.628107454546861277e+02
5.267196473668303724e+02 -9.294204252100120129e+02 4.628107454546861277e+02
5.270184594738027499e+02 -9.391846477255726313e+02 4.646268747111067796e+02
5.272255144205960278e+02 -9.411173270353266389e+02 4.650626976862333777e+02
5.275136571342675325e+02 -9.449982194644334186e+02 4.661136234833060144e+02
5.275896555114443345e+02 -9.467829568581153126e+02 4.664470313444979865e+02
