-4.618245955658054958e-04 9.582916516933291662e-03 -1.756015964399811405e-02 9.997997775666634945e-01
-4.618245955658054958e-04 9.582916516933291662e-03 -1.756015964399811405e-02 9.997997775666634945e-01
-4.618245955658054958e-04 9.582916516933291662e-03 -1.756015964399811405e-02 9.997997775666634945e-01
-3.993925961664340231e-04 9.569951838056024035e-03 -1.741839356719243267e-02 9.998024085152574791e-01
-3.993925961664340231e-04 9.569951838056024035e-03 -1.741839356719243267e-02 9.998024085152574791e-01
-2.167840496945685049e-04 9.824715635962696925e-03 -1.754569357482869962e-02 9.997977678532427026e-01
-2.167840496945685049e-04 9.824715635962696925e-03 -1.754569357482869962e-02 9.997977678532427026e-01
-5.124816906407730476e-04 9.785478491660920541e-03 -1.763332146891407812e-02 9.997965031681097514e-01
5.127031608321941478e-05 9.813374298974893162e-03 -1.766165715281637835e-02 9.997958596247732421e-01
4.273006719340418052e-04 9.882046500859978724e-03 -1.781170038937392175e-02 9.997924314078047159e-01
4.273006719340418052e-04 9.882046500859978724e-03 -1.781170038937392175e-02 9.997924314078047159e-01
3.459412763325467972e-04 1.023851157765238822e-02 -1.771933157891560778e-02 9.997905173053523997e-01
3.459412763325467972e-04 1.023851157765238822e-02 -1.771933157891560778e-02 9.997905173053523997e-01
3.705783593115204665e-04 1.040103732229275685e-02 -1.773472092168825592e-02 9.997885580302116049e-01
4.461892549159612712e-04 1.061248715999976722e-02 -1.778548132655239505e-02 9.997854033168370735e-01
4.461892549159612712e-04 1.061248715999976722e-02 -1.778548132655239505e-02 9.997854033168370735e-01
4.461892549159612712e-04 1.061248715999976722e-02 -1.778548132655239505e-02 9.997854033168370735e-01
4.461892549159612712e-04 1.061248715999976722e-02 -1.778548132655239505e-02 9.997854033168370735e-01
3.245720244866017335e-04 1.062390888413464358e-02 -1.773044360607742287e-02 9.997863064588123905e-01
8.417351507350065388e-04 1.083999392842624476e-02 -1.761450277887470842e-02 9.997857346979005522e-01
8.417351507350065388e-04 1.083999392842624476e-02 -1.761450277887470842e-02 9.997857346979005522e-01
2.682416339317593088e-04 1.058752979840071537e-02 -1.735978029679789703e-02 9.997932137633465111e-01
4.013183694675997526e-04 1.050073564587468249e-02 -1.735493742948370985e-02 9.997941686373653658e-01
4.013183694675997526e-04 1.050073564587468249e-02 -1.735493742948370985e-02 9.997941686373653658e-01
2.885153308987770593e-04 1.033706660027359191e-02 -1.749552671205196336e-02 9.997934628502395116e-01
3.617935729029304014e-04 1.065130692038694475e-02 -1.745361595717349196e-02 9.997908731611415689e-01
3.617935729029304014e-04 1.065130692038694475e-02 -1.745361595717349196e-02 9.997908731611415689e-01
4.457328307066832449e-04 1.044570478334042735e-02 -1.705867806790876962e-02 9.997998250031845391e-01
5.296434956224228743e-04 1.075819489471017097e-02 -1.735336951777899026e-02 9.997913988861648615e-01
5.296434956224228743e-04 1.075819489471017097e-02 -1.735336951777899026e-02 9.997913988861648615e-01
1.697742615345611836e-04 1.060787059144746060e-02 -1.762483138957177467e-02 9.997883823973473527e-01
1.697742615345611836e-04 1.060787059144746060e-02 -1.762483138957177467e-02 9.997883823973473527e-01
1.066327321394771010e-04 1.074671732184532061e-02 -1.739448509123366765e-02 9.997909424398061518e-01
5.290699984636234796e-04 1.076544407705914280e-02 -1.742681771922974243e-02 9.997900436206300645e-01
5.290699984636234796e-04 1.076544407705914280e-02 -1.742681771922974243e-02 9.997900436206300645e-01
5.290699984636234796e-04 1.076544407705914280e-02 -1.742681771922974243e-02 9.997900436206300645e-01
7.324553714674366918e-04 1.120529861532472068e-02 -1.739719045588190155e-02 9.997855982941102893e-01
5.699207844371321314e-04 1.138272019035080178e-02 -1.747830690794729275e-02 9.997822851296173097e-01
5.699207844371321314e-04 1.138272019035080178e-02 -1.747830690794729275e-02 9.997822851296173097e-01
5.187862078219571561e-05 1.132846321635278507e-02 -1.753256220975506902e-02 9.997821125085832872e-01
5.187862078219571561e-05 1.132846321635278507e-02 -1.753256220975506902e-02 9.997821125085832872e-01
2.687510224038203947e-03 1.325993742930869912e-02 -1.743436669223251759e-02 9.997564674490519998e-01
2.717183373923974868e-03 1.318477709513845089e-02 -1.733244838270877816e-02 9.997591533967191690e-01
2.717183373923974868e-03 1.318477709513845089e-02 -1.733244838270877816e-02 9.997591533967191690e-01
2.949030527127967632e-03 1.354801627733702094e-02 -1.745621685911327714e-02 9.997514866039793890e-01
2.949030527127967632e-03 1.354801627733702094e-02 -1.745621685911327714e-02 9.997514866039793890e-01
2.817885323655352960e-03 1.343165434658412719e-02 -1.729011651527111865e-02 9.997563213377073099e-01
2.817885323655352960e-03 1.343165434658412719e-02 -1.729011651527111865e-02 9.997563213377073099e-01
2.706150259910181967e-03 1.365121057155752049e-02 -1.737552776750121014e-02 9.997521754092374424e-01
2.744647968971868253e-03 1.360985111750076006e-02 -1.686733314134529829e-02 9.997613374864947611e-01
3.109034983884784945e-03 1.377473517324913181e-02 -1.692304975528807071e-02 9.997570709724217242e-01
3.109513659240970354e-03 1.361910072422202467e-02 -1.741769933161060532e-02 9.997507063114584591e-01
3.109513659240970354e-03 1.361910072422202467e-02 -1.741769933161060532e-02 9.997507063114584591e-01
3.205395499696738187e-03 1.362126946049929850e-02 -1.721459282251085535e-02 9.997538918413522158e-01
3.205395499696738187e-03 1.362126946049929850e-02 -1.721459282251085535e-02 9.997538918413522158e-01
3.360119885390825713e-03 1.393003469102317878e-02 -1.690342287766886595e-02 9.997544388613043287e-01
3.440373903795113011e-03 1.374338104402671526e-02 -1.726089881950658780e-02 9.997506412485183125e-01
3.326046044456016596e-03 1.378613024904593726e-02 -1.725454933725432266e-02 9.997505491659580690e-01
3.579069446535099955e-03 1.406896694496371884e-02 -1.740882593822186408e-02 9.997430605962970285e-01
3.579069446535099955e-03 1.406896694496371884e-02 -1.740882593822186408e-02 9.997430605962970285e-01
3.579069446535099955e-03 1.406896694496371884e-02 -1.740882593822186408e-02 9.997430605962970285e-01
3.067084444894720759e-03 1.401993326709616468e-02 -1.739211933010870528e-02 9.997457420011356399e-01
3.067084444894720759e-03 1.401993326709616468e-02 -1.739211933010870528e-02 9.997457420011356399e-01
2.998337622586529864e-03 1.386941864595094692e-02 -1.730142192149511718e-02 9.997496236545522219e-01
2.940228251983043831e-03 1.393788838077853268e-02 -1.738519288077631023e-02 9.997473907911985647e-01
2.940228251983043831e-03 1.393788838077853268e-02 -1.738519288077631023e-02 9.997473907911985647e-01
3.089763164240483771e-03 1.391800451689237730e-02 -1.726098134104142243e-02 9.997493691105791003e-01
3.117401036267162563e-03 1.414620233946668401e-02 -1.721213208060592970e-02 9.997469226156137090e-01
3.117401036267162563e-03 1.414620233946668401e-02 -1.721213208060592970e-02 9.997469226156137090e-01
3.084355193839259310e-03 1.422598301805027936e-02 -1.726761841977509163e-02 9.997449362283949981e-01
2.704025746897254206e-03 1.427822473241449619e-02 -1.740320107137765734e-02 9.997429415283310972e-01
2.704025746897254206e-03 1.427822473241449619e-02 -1.740320107137765734e-02 9.997429415283310972e-01
2.624291381784867993e-03 1.442280253607172540e-02 -1.745617948696350646e-02 9.997401550700401041e-01
2.624291381784867993e-03 1.442280253607172540e-02 -1.745617948696350646e-02 9.997401550700401041e-01
2.835681347205141860e-03 1.448667610476755095e-02 -1.742669941932683750e-02 9.997391686205362449e-01
-2.961099262662759946e-04 1.282243985785933016e-02 -1.746777935030994697e-02 9.997651594447428680e-01
-2.961099262662759946e-04 1.282243985785933016e-02 -1.746777935030994697e-02 9.997651594447428680e-01
3.595066156719451306e-05 1.280993529173550353e-02 -1.747867000591748349e-02 9.997651726081459023e-01
2.963731058167297713e-05 1.284072572133094711e-02 -1.736407375454931609e-02 9.997667747165965846e-01
2.963731058167297713e-05 1.284072572133094711e-02 -1.736407375454931609e-02 9.997667747165965846e-01
-3.816259409150427853e-04 1.304341962068154316e-02 -1.741989304318325438e-02 9.997631073872470520e-01
-6.525172058013141419e-05 1.318582398619881461e-02 -1.740708768211763138e-02 9.997615331099937164e-01
-6.525172058013141419e-05 1.318582398619881461e-02 -1.740708768211763138e-02 9.997615331099937164e-01
-1.591500078988524630e-04 1.315210508571070837e-02 -1.744399201932320467e-02 9.997613234895212919e-01
-3.290912750931466644e-04 1.327705842262614719e-02 -1.756851140505641048e-02 9.997574499975407925e-01
-3.290912750931466644e-04 1.327705842262614719e-02 -1.756851140505641048e-02 9.997574499975407925e-01
-2.962698848089912037e-04 1.327741148471130866e-02 -1.737139495838317671e-02 9.997609000184098926e-01
-2.962698848089912037e-04 1.327741148471130866e-02 -1.737139495838317671e-02 9.997609000184098926e-01
-2.620486087773781403e-04 1.320051916685580778e-02 -1.728610914115292357e-02 9.997634060391550337e-01
4.305499232041661776e-05 1.342470058992679786e-02 -1.724507854507343826e-02 9.997611628915741289e-01
4.305499232041661776e-05 1.342470058992679786e-02 -1.724507854507343826e-02 9.997611628915741289e-01
1.828149690383502763e-05 1.347928646289950697e-02 -1.737245863135337964e-02 9.997582238638199614e-01
-9.776506524869290628e-05 1.336358888472020945e-02 -1.730214584355672242e-02 9.997609917791955292e-01
-9.776506524869290628e-05 1.336358888472020945e-02 -1.730214584355672242e-02 9.997609917791955292e-01
-3.015760049565575310e-04 1.334269992623734677e-02 -1.744936904331408078e-02 9.997586713455312024e-01
-3.015760049565575310e-04 1.334269992623734677e-02 -1.744936904331408078e-02 9.997586713455312024e-01
2.315695762777685517e-04 1.359166813322001781e-02 -1.745845330196399425e-02 9.997551777016165930e-01
3.777316469290275657e-04 1.369015044599908651e-02 -1.733546442829933878e-02 9.997559296011322427e-01
3.777316469290275657e-04 1.369015044599908651e-02 -1.733546442829933878e-02 9.997559296011322427e-01
