1.752668461131083488e+09
1.752668461135506630e+09
1.752668461139105082e+09
1.752668461145400047e+09
1.752668461149204493e+09
1.752668461155255556e+09
1.752668461159202814e+09
1.752668461165663719e+09
1.752668461172519207e+09
1.752668461175462484e+09
1.752668461179092407e+09
1.752668461187164783e+09
1.752668461189217091e+09
1.752668461195386648e+09
1.752668461199006319e+09
1.752668461205097198e+09
1.752668461209857225e+09
1.752668461215856791e+09
1.752668461219018221e+09
1.752668461225405455e+09
1.752668461228980064e+09
1.752668461235362053e+09
1.752668461239269972e+09
1.752668461244841099e+09
1.752668461249517918e+09
1.752668461254171371e+09
1.752668461259617329e+09
1.752668461263851404e+09
1.752668461272529602e+09
1.752668461273916721e+09
1.752668461279145002e+09
1.752668461285248995e+09
1.752668461289479733e+09
1.752668461293926716e+09
1.752668461300325155e+09
1.752668461305772543e+09
1.752668461309340715e+09
1.752668461315431356e+09
1.752668461319051504e+09
1.752668461326541424e+09
1.752668461330043554e+09
1.752668461335356951e+09
1.752668461339049578e+09
1.752668461345388651e+09
1.752668461349200010e+09
1.752668461355411768e+09
1.752668461358981848e+09
1.752668461365419626e+09
1.752668461369428396e+09
1.752668461375439882e+09
1.752668461379089832e+09
1.752668461385247231e+09
1.752668461389144421e+09
1.752668461394026756e+09
1.752668461399045706e+09
1.752668461405191660e+09
1.752668461410757780e+09
1.752668461415573359e+09
1.752668461419239521e+09
1.752668461425416708e+09
1.752668461431069851e+09
1.752668461435387373e+09
1.752668461439076185e+09
1.752668461445106268e+09
1.752668461450767040e+09
1.752668461455490828e+09
1.752668461459275246e+09
1.752668461468124866e+09
1.752668461471556664e+09
1.752668461475427151e+09
1.752668461479063272e+09
1.752668461485685587e+09
1.752668461489019871e+09
1.752668461495398045e+09
1.752668461499039888e+09
1.752668461505387068e+09
1.752668461509170771e+09
1.752668461513745546e+09
1.752668461519135952e+09
1.752668461525212765e+09
1.752668461529213190e+09
1.752668461536936998e+09
1.752668461539119720e+09
1.752668461545499325e+09
1.752668461549034834e+09
1.752668461555440903e+09
1.752668461559050798e+09
1.752668461565450907e+09
1.752668461569600821e+09
1.752668461575552940e+09
1.752668461579028368e+09
1.752668461585361481e+09
1.752668461589183569e+09
1.752668461595423698e+09
1.752668461599274635e+09
1.752668461606722832e+09
1.752668461609320402e+09
1.752668461615777493e+09
1.752668461619063854e+09
1.752668461625402212e+09
1.752668461629123211e+09
1.752668461635686636e+09
1.752668461639485121e+09
1.752668461644001245e+09
1.752668461651007652e+09
1.752668461655654669e+09
1.752668461659299612e+09
1.752668461663802624e+09
1.752668461671758890e+09
1.752668461675305843e+09
1.752668461679507256e+09
1.752668461685766697e+09
1.752668461689201832e+09
1.752668461695310354e+09
1.752668461699030638e+09
1.752668461706604719e+09
1.752668461709525108e+09
1.752668461714997530e+09
1.752668461719198942e+09
1.752668461725457191e+09
1.752668461729068995e+09
1.752668461735160112e+09
1.752668461739228725e+09
1.752668461746231079e+09
1.752668461749238014e+09
1.752668461753832340e+09
1.752668461759078979e+09
1.752668461765600681e+09
1.752668461769361496e+09
1.752668461775544882e+09
1.752668461779016256e+09
1.752668461785176754e+09
1.752668461789196730e+09
1.752668461793782949e+09
1.752668461799035549e+09
1.752668461805277586e+09
1.752668461809319735e+09
1.752668461816657782e+09
1.752668461819039822e+09
1.752668461825391293e+09
1.752668461829238415e+09
1.752668461835411787e+09
1.752668461839103222e+09
1.752668461845378637e+09
1.752668461849183559e+09
1.752668461855486155e+09
1.752668461858995676e+09
1.752668461865407705e+09
1.752668461869018078e+09
1.752668461875488281e+09
1.752668461879238367e+09
1.752668461886940956e+09
1.752668461890856266e+09
1.752668461895192385e+09
1.752668461899218082e+09
1.752668461905079842e+09
1.752668461911451578e+09
1.752668461915762901e+09
1.752668461919081926e+09
1.752668461925463438e+09
1.752668461929208755e+09
1.752668461935508966e+09
1.752668461939120293e+09
1.752668461945513010e+09
1.752668461951178551e+09
1.752668461955591440e+09
1.752668461959405422e+09
1.752668461965552807e+09
1.752668461969232559e+09
1.752668461975627184e+09
1.752668461979032516e+09
1.752668461985294580e+09
1.752668461989032269e+09
1.752668461995387077e+09
1.752668461999257565e+09
1.752668462006635189e+09
1.752668462011960268e+09
1.752668462014019489e+09
1.752668462019019365e+09
1.752668462025205851e+09
1.752668462029721737e+09
1.752668462035346985e+09
1.752668462039291620e+09
1.752668462045319080e+09
1.752668462051272392e+09
1.752668462055419683e+09
1.752668462059266567e+09
1.752668462065993547e+09
1.752668462069099188e+09
1.752668462075531244e+09
1.752668462079090357e+09
1.752668462085404634e+09
1.752668462089255571e+09
1.752668462093686581e+09
1.752668462099286556e+09
1.752668462105466843e+09
1.752668462109257698e+09
1.752668462115438223e+09
1.752668462119190931e+09
1.752668462124954462e+09
1.752668462130854845e+09
1.752668462135514975e+09
1.752668462139089584e+09
1.752668462145445824e+09
1.752668462149378538e+09
1.752668462155558348e+09
1.752668462159003735e+09
1.752668462167757988e+09
1.752668462169286251e+09
1.752668462175405741e+09
1.752668462179069757e+09
1.752668462185596228e+09
1.752668462189222813e+09
1.752668462195421934e+09
1.752668462198982000e+09
1.752668462205347300e+09
1.752668462209231853e+09
1.752668462215493679e+09
1.752668462219051600e+09
1.752668462225175142e+09
1.752668462229203463e+09
1.752668462236780643e+09
1.752668462239090443e+09
1.752668462245272636e+09
1.752668462249203444e+09
1.752668462255758047e+09
1.752668462258968830e+09
1.752668462265236139e+09
1.752668462269168615e+09
1.752668462273745060e+09
1.752668462279006004e+09
1.752668462285287619e+09
1.752668462289197206e+09
1.752668462295346737e+09
1.752668462299182177e+09
1.752668462307220221e+09
1.752668462311086893e+09
1.752668462315223694e+09
1.752668462319038153e+09
1.752668462325625420e+09
1.752668462329381466e+09
1.752668462335402727e+09
1.752668462340498209e+09
1.752668462346107244e+09
1.752668462350771189e+09
1.752668462355211973e+09
1.752668462359372854e+09
1.752668462365660906e+09
1.752668462369035959e+09
1.752668462375437260e+09
1.752668462379143715e+09
1.752668462385375023e+09
1.752668462389040470e+09
1.752668462395407438e+09
1.752668462399056435e+09
1.752668462405243874e+09
1.752668462411254883e+09
1.752668462415547609e+09
1.752668462419291973e+09
1.752668462425254345e+09
1.752668462431288242e+09
1.752668462436002493e+09
1.752668462439110994e+09
1.752668462447540283e+09
1.752668462451157808e+09
1.752668462455416918e+09
1.752668462459007263e+09
1.752668462465461254e+09
1.752668462471216202e+09
1.752668462475482702e+09
1.752668462479143143e+09
1.752668462485415697e+09
1.752668462489214420e+09
1.752668462495390654e+09
1.752668462499075413e+09
1.752668462505509138e+09
1.752668462509280682e+09
1.752668462515907049e+09
1.752668462519682407e+09
1.752668462525226831e+09
1.752668462530922890e+09
1.752668462535195589e+09
1.752668462540861607e+09
1.752668462545421600e+09
1.752668462549028397e+09
1.752668462555393934e+09
1.752668462559049845e+09
1.752668462565594673e+09
1.752668462569236517e+09
1.752668462575553417e+09
1.752668462579016447e+09
1.752668462587413549e+09
1.752668462589302778e+09
1.752668462595377922e+09
1.752668462599043369e+09
1.752668462607559443e+09
1.752668462613173246e+09
1.752668462613672256e+09
1.752668462619058132e+09
1.752668462625285149e+09
1.752668462630910635e+09
1.752668462635607004e+09
1.752668462640550375e+09
1.752668462645442247e+09
1.752668462650989771e+09
1.752668462656662464e+09
1.752668462658754826e+09
1.752668462665978432e+09
1.752668462669305563e+09
1.752668462675348997e+09
1.752668462678987503e+09
1.752668462685722589e+09
1.752668462689194679e+09
1.752668462694809198e+09
1.752668462698880672e+09
1.752668462705735922e+09
1.752668462709519863e+09
1.752668462715234756e+09
1.752668462718875170e+09
1.752668462727655888e+09
1.752668462729458570e+09
1.752668462735347986e+09
1.752668462739084959e+09
1.752668462745405912e+09
1.752668462749163628e+09
1.752668462755492687e+09
1.752668462759010553e+09
1.752668462766274214e+09
1.752668462769497871e+09
1.752668462773999929e+09
1.752668462778992891e+09
1.752668462785341263e+09
1.752668462790777922e+09
1.752668462796284676e+09
1.752668462799020052e+09
1.752668462805411100e+09
1.752668462809233427e+09
1.752668462815715075e+09
1.752668462819098711e+09
1.752668462825176477e+09
1.752668462829301357e+09
1.752668462835614920e+09
1.752668462839010477e+09
1.752668462845474482e+09
1.752668462849247456e+09
1.752668462855623007e+09
1.752668462858989716e+09
1.752668462867383480e+09
1.752668462868973017e+09
1.752668462875632286e+09
1.752668462879009724e+09
1.752668462885500669e+09
1.752668462890817881e+09
1.752668462895169020e+09
1.752668462899255514e+09
1.752668462905639410e+09
1.752668462909353733e+09
1.752668462915481806e+09
1.752668462919006824e+09
1.752668462925329685e+09
1.752668462928930283e+09
1.752668462935317516e+09
1.752668462940562963e+09
1.752668462945460320e+09
1.752668462951328039e+09
1.752668462955579758e+09
1.752668462959016562e+09
1.752668462965662718e+09
1.752668462969603539e+09
1.752668462973715782e+09
1.752668462979012012e+09
1.752668462985410929e+09
1.752668462991025448e+09
1.752668462995546579e+09
1.752668462999197483e+09
1.752668463007467031e+09
1.752668463009248734e+09
1.752668463015337944e+09
1.752668463019002438e+09
1.752668463025671959e+09
1.752668463029358149e+09
1.752668463035369873e+09
1.752668463038968086e+09
1.752668463045141935e+09
1.752668463050808430e+09
1.752668463055637836e+09
1.752668463059176922e+09
1.752668463065394402e+09
1.752668463069383144e+09
1.752668463075557470e+09
1.752668463078831673e+09
1.752668463084206104e+09
1.752668463091093779e+09
1.752668463095921040e+09
1.752668463099137068e+09
1.752668463105470896e+09
1.752668463109164476e+09
1.752668463115361214e+09
1.752668463119138479e+09
1.752668463125666380e+09
1.752668463129327774e+09
1.752668463135321856e+09
1.752668463139016151e+09
1.752668463147759438e+09
1.752668463149234772e+09
1.752668463155381203e+09
1.752668463158970118e+09
1.752668463165281057e+09
1.752668463169121027e+09
1.752668463175544977e+09
1.752668463179234266e+09
1.752668463185368299e+09
1.752668463189198256e+09
1.752668463195391655e+09
1.752668463198779345e+09
1.752668463208557129e+09
1.752668463209857225e+09
1.752668463213790178e+09
1.752668463220233440e+09
1.752668463225361586e+09
1.752668463229225397e+09
1.752668463235459566e+09
1.752668463239732742e+09
1.752668463245428801e+09
1.752668463249242783e+09
1.752668463255396366e+09
1.752668463259013414e+09
1.752668463265194893e+09
1.752668463271209240e+09
1.752668463275340319e+09
1.752668463280307293e+09
1.752668463288224459e+09
1.752668463291050911e+09
1.752668463295266390e+09
1.752668463298995256e+09
1.752668463305286169e+09
1.752668463309239388e+09
1.752668463315575361e+09
1.752668463318998575e+09
1.752668463325153589e+09
1.752668463329512596e+09
1.752668463335630417e+09
1.752668463338993073e+09
1.752668463345404863e+09
1.752668463348969460e+09
1.752668463356061220e+09
1.752668463359131813e+09
1.752668463365089178e+09
1.752668463369197845e+09
1.752668463375437737e+09
1.752668463379054070e+09
1.752668463385333538e+09
1.752668463390980244e+09
1.752668463395094156e+09
1.752668463399039268e+09
1.752668463405785561e+09
1.752668463410950422e+09
1.752668463415353537e+09
1.752668463419103384e+09
1.752668463427201033e+09
1.752668463430975437e+09
1.752668463434026003e+09
1.752668463440520763e+09
1.752668463444005728e+09
1.752668463451206684e+09
1.752668463455303907e+09
1.752668463459090948e+09
1.752668463465421200e+09
1.752668463469218254e+09
1.752668463475772858e+09
1.752668463479242325e+09
1.752668463485449314e+09
1.752668463489224672e+09
1.752668463495406151e+09
1.752668463499153614e+09
1.752668463505127192e+09
1.752668463511820078e+09
1.752668463515719652e+09
1.752668463519148350e+09
1.752668463525474072e+09
1.752668463529141426e+09
1.752668463535349846e+09
1.752668463539423466e+09
1.752668463545346975e+09
1.752668463551334143e+09
1.752668463555845737e+09
1.752668463559399128e+09
1.752668463565251827e+09
1.752668463570362806e+09
1.752668463575484991e+09
1.752668463579190016e+09
1.752668463585381269e+09
1.752668463589191675e+09
1.752668463595302343e+09
1.752668463598959208e+09
1.752668463606210470e+09
1.752668463609049797e+09
1.752668463615321636e+09
1.752668463618970156e+09
1.752668463625314474e+09
1.752668463629098177e+09
1.752668463635467291e+09
1.752668463639979124e+09
1.752668463645400763e+09
1.752668463649273157e+09
1.752668463655168533e+09
1.752668463658770323e+09
1.752668463665834188e+09
1.752668463669235229e+09
1.752668463675532579e+09
1.752668463679078102e+09
1.752668463685179710e+09
1.752668463690786362e+09
1.752668463695268154e+09
1.752668463698832750e+09
1.752668463707873821e+09
1.752668463709921837e+09
1.752668463715366125e+09
1.752668463718998432e+09
1.752668463723999500e+09
1.752668463730870485e+09
1.752668463735196590e+09
1.752668463741159678e+09
1.752668463745326519e+09
1.752668463749215126e+09
1.752668463756224871e+09
1.752668463759277105e+09
1.752668463765615463e+09
1.752668463769280672e+09
1.752668463775345087e+09
1.752668463779201746e+09
1.752668463785284281e+09
1.752668463790819883e+09
1.752668463795190334e+09
1.752668463798793077e+09
1.752668463805769920e+09
1.752668463809596777e+09
1.752668463813791275e+09
1.752668463820745468e+09
1.752668463825182676e+09
1.752668463829212427e+09
1.752668463835620165e+09
1.752668463842522144e+09
1.752668463843911409e+09
1.752668463849888325e+09
1.752668463855995893e+09
1.752668463859305143e+09
1.752668463865226746e+09
1.752668463869248867e+09
1.752668463876051426e+09
1.752668463879199743e+09
1.752668463885284424e+09
1.752668463889285803e+09
1.752668463895305634e+09
1.752668463898998260e+09
1.752668463905607462e+09
1.752668463910754442e+09
1.752668463915408134e+09
1.752668463919170141e+09
1.752668463925455332e+09
1.752668463929168224e+09
1.752668463935379028e+09
1.752668463939281225e+09
1.752668463944966078e+09
1.752668463949303389e+09
1.752668463955404282e+09
1.752668463958986759e+09
1.752668463965133667e+09
1.752668463969209671e+09
1.752668463976526022e+09
1.752668463979114294e+09
1.752668463986798525e+09
1.752668463989181757e+09
1.752668463995255470e+09
1.752668463999175787e+09
1.752668464005722761e+09
1.752668464009878159e+09
1.752668464015321493e+09
1.752668464019027233e+09
1.752668464025671482e+09
1.752668464029186249e+09
1.752668464035367012e+09
1.752668464039389372e+09
1.752668464045377016e+09
1.752668464049378633e+09
1.752668464055491686e+09
1.752668464058975458e+09
1.752668464066406488e+09
1.752668464071687698e+09
1.752668464075704098e+09
1.752668464079158545e+09
1.752668464085372925e+09
1.752668464089212179e+09
1.752668464095419407e+09
1.752668464099022865e+09
1.752668464105402708e+09
1.752668464109222889e+09
1.752668464115654469e+09
1.752668464119222879e+09
1.752668464126824856e+09
1.752668464131575108e+09
1.752668464135759830e+09
1.752668464140332937e+09
1.752668464145221233e+09
1.752668464151309013e+09
1.752668464156053305e+09
1.752668464159028769e+09
1.752668464165189743e+09
1.752668464169219255e+09
1.752668464175427914e+09
1.752668464179219961e+09
1.752668464185330868e+09
1.752668464189067125e+09
1.752668464193667412e+09
1.752668464199492931e+09
1.752668464205410719e+09
1.752668464208981991e+09
1.752668464215781212e+09
1.752668464219255209e+09
1.752668464225405931e+09
1.752668464229245186e+09
1.752668464235430002e+09
1.752668464239075422e+09
1.752668464245345831e+09
1.752668464249046326e+09
1.752668464255459547e+09
1.752668464259047270e+09
1.752668464267516136e+09
1.752668464271235466e+09
1.752668464276861191e+09
1.752668464278849602e+09
1.752668464285243750e+09
1.752668464290939331e+09
1.752668464295295000e+09
1.752668464298993587e+09
1.752668464305614233e+09
1.752668464309415817e+09
1.752668464315347910e+09
1.752668464319064140e+09
1.752668464325363636e+09
1.752668464329136610e+09
1.752668464335149765e+09
1.752668464339762449e+09
1.752668464345245600e+09
1.752668464351391554e+09
1.752668464355211973e+09
1.752668464360726833e+09
1.752668464365711927e+09
1.752668464369339943e+09
1.752668464375322104e+09
1.752668464379012108e+09
1.752668464385365963e+09
1.752668464389176607e+09
1.752668464395478249e+09
1.752668464399033785e+09
1.752668464405396938e+09
1.752668464411468029e+09
1.752668464414930105e+09
1.752668464418998718e+09
1.752668464425497293e+09
1.752668464431071281e+09
1.752668464435287714e+09
1.752668464439173460e+09
1.752668464445403814e+09
1.752668464451061249e+09
1.752668464455695629e+09
1.752668464459128380e+09
1.752668464465457439e+09
1.752668464469275475e+09
1.752668464475503683e+09
1.752668464480815649e+09
1.752668464485514164e+09
1.752668464489270926e+09
1.752668464495365381e+09
1.752668464499270201e+09
1.752668464505400658e+09
1.752668464511239052e+09
1.752668464515583038e+09
1.752668464519068480e+09
1.752668464525576591e+09
1.752668464529250622e+09
1.752668464535268784e+09
1.752668464539232016e+09
1.752668464547431231e+09
1.752668464549288750e+09
1.752668464555329323e+09
1.752668464559000731e+09
1.752668464565305710e+09
1.752668464569301605e+09
1.752668464577549934e+09
1.752668464579207182e+09
1.752668464585553885e+09
1.752668464589098215e+09
1.752668464595378876e+09
1.752668464599121809e+09
1.752668464605637074e+09
1.752668464611561060e+09
1.752668464615895748e+09
1.752668464619387627e+09
1.752668464625460148e+09
1.752668464628983974e+09
1.752668464635462761e+09
1.752668464639035463e+09
1.752668464645464659e+09
1.752668464649215460e+09
1.752668464655229092e+09
1.752668464659028053e+09
1.752668464665719271e+09
1.752668464669274330e+09
1.752668464675648451e+09
1.752668464679053068e+09
1.752668464686650515e+09
1.752668464689440489e+09
1.752668464695487738e+09
1.752668464699017525e+09
1.752668464705187321e+09
1.752668464710844517e+09
1.752668464715695143e+09
1.752668464719289303e+09
1.752668464725452900e+09
1.752668464729279280e+09
1.752668464735247612e+09
1.752668464739191771e+09
1.752668464745739937e+09
1.752668464749634981e+09
1.752668464754916430e+09
1.752668464759016991e+09
1.752668464765533209e+09
1.752668464769000292e+09
1.752668464775768757e+09
1.752668464779144287e+09
1.752668464789021254e+09
1.752668464789853334e+09
1.752668464795294046e+09
1.752668464799017668e+09
1.752668464805411100e+09
1.752668464809280157e+09
1.752668464815471649e+09
1.752668464820989609e+09
1.752668464824018717e+09
1.752668464832504749e+09
1.752668464835362911e+09
1.752668464839020252e+09
1.752668464844516039e+09
1.752668464849247932e+09
1.752668464855270147e+09
1.752668464859012365e+09
1.752668464865659952e+09
1.752668464869243622e+09
1.752668464875582457e+09
1.752668464879227638e+09
1.752668464885384798e+09
1.752668464889214277e+09
1.752668464895433903e+09
1.752668464899042130e+09
1.752668464904447079e+09
1.752668464909505844e+09
1.752668464915669203e+09
1.752668464919097662e+09
1.752668464925159931e+09
1.752668464930810690e+09
1.752668464935582638e+09
1.752668464939199448e+09
1.752668464943990231e+09
1.752668464949244261e+09
1.752668464955357075e+09
1.752668464959035397e+09
1.752668464967134476e+09
1.752668464969217777e+09
1.752668464975978851e+09
1.752668464979210854e+09
1.752668464985422850e+09
1.752668464989178658e+09
1.752668464995465040e+09
1.752668464998970509e+09
1.752668465005377054e+09
1.752668465012276173e+09
1.752668465016105413e+09
1.752668465019314289e+09
1.752668465025221586e+09
1.752668465030831575e+09
1.752668465035795927e+09
1.752668465040084839e+09
1.752668465045321465e+09
1.752668465049234152e+09
1.752668465055999041e+09
1.752668465059070110e+09
1.752668465065351725e+09
1.752668465069386959e+09
1.752668465075510502e+09
1.752668465079272509e+09
1.752668465085399151e+09
1.752668465091022491e+09
1.752668465095432281e+09
1.752668465099290133e+09
1.752668465106471539e+09
1.752668465110235691e+09
1.752668465115586519e+09
1.752668465119043827e+09
1.752668465125482798e+09
1.752668465129600763e+09
1.752668465135318995e+09
1.752668465139013290e+09
1.752668465145474911e+09
1.752668465151205778e+09
1.752668465155410528e+09
1.752668465159481287e+09
1.752668465165643454e+09
1.752668465169340372e+09
1.752668465175405264e+09
1.752668465179005146e+09
1.752668465187063694e+09
1.752668465189790964e+09
1.752668465194058418e+09
1.752668465198991060e+09
1.752668465205252171e+09
1.752668465209085226e+09
1.752668465215619564e+09
1.752668465219235420e+09
1.752668465225739717e+09
1.752668465229007959e+09
1.752668465235366106e+09
1.752668465239070892e+09
1.752668465247807264e+09
1.752668465251100063e+09
1.752668465255342960e+09
1.752668465259014845e+09
1.752668465265227795e+09
1.752668465269286394e+09
1.752668465276009321e+09
1.752668465279268265e+09
1.752668465285433292e+09
1.752668465289043188e+09
1.752668465295348406e+09
1.752668465299015760e+09
1.752668465305381060e+09
1.752668465309488297e+09
1.752668465315563440e+09
1.752668465319102287e+09
1.752668465323986530e+09
1.752668465328975916e+09
1.752668465335292578e+09
1.752668465339112282e+09
1.752668465345690966e+09
1.752668465349223137e+09
1.752668465356225491e+09
1.752668465359241962e+09
1.752668465365150213e+09
1.752668465371593237e+09
1.752668465375774145e+09
1.752668465379286528e+09
1.752668465387986422e+09
1.752668465389231205e+09
1.752668465393884182e+09
1.752668465399283648e+09
1.752668465405396461e+09
1.752668465410994530e+09
1.752668465415196657e+09
1.752668465419019938e+09
1.752668465425777435e+09
1.752668465429176092e+09
1.752668465435208559e+09
1.752668465438984632e+09
1.752668465444043875e+09
1.752668465449269295e+09
1.752668465455214739e+09
1.752668465460238695e+09
1.752668465465697527e+09
1.752668465469196081e+09
1.752668465475518465e+09
1.752668465478990316e+09
1.752668465485188961e+09
1.752668465490965843e+09
1.752668465495547533e+09
1.752668465499282598e+09
1.752668465505348682e+09
1.752668465509227276e+09
1.752668465515169382e+09
1.752668465518824100e+09
1.752668465527035236e+09
1.752668465529197931e+09
1.752668465535270929e+09
1.752668465538984776e+09
1.752668465545612574e+09
1.752668465549259424e+09
1.752668465555705786e+09
1.752668465559073687e+09
1.752668465565456629e+09
1.752668465569229603e+09
1.752668465576324701e+09
1.752668465579038143e+09
1.752668465585453510e+09
1.752668465589208126e+09
1.752668465595355988e+09
1.752668465601331949e+09
1.752668465605181694e+09
1.752668465609503269e+09
1.752668465615903378e+09
1.752668465619049072e+09
1.752668465625148058e+09
1.752668465629451036e+09
1.752668465635761261e+09
1.752668465639109373e+09
1.752668465644641161e+09
1.752668465649225473e+09
1.752668465655410528e+09
1.752668465661083937e+09
1.752668465664294004e+09
1.752668465671923399e+09
1.752668465675485611e+09
1.752668465679156303e+09
1.752668465685986996e+09
1.752668465690929890e+09
1.752668465695338726e+09
1.752668465698794842e+09
1.752668465705178976e+09
1.752668465709326029e+09
1.752668465715500116e+09
1.752668465719021559e+09
1.752668465725324869e+09
1.752668465729360342e+09
1.752668465735385180e+09
1.752668465742530107e+09
1.752668465745096684e+09
1.752668465751236200e+09
1.752668465755705833e+09
1.752668465759314537e+09
1.752668465765465260e+09
1.752668465769057274e+09
1.752668465775328159e+09
1.752668465780413628e+09
1.752668465786012173e+09
1.752668465791467428e+09
1.752668465795299530e+09
1.752668465798988342e+09
1.752668465806854486e+09
1.752668465809287071e+09
1.752668465815313578e+09
1.752668465819493532e+09
1.752668465825540066e+09
1.752668465829194546e+09
1.752668465835308075e+09
1.752668465839001656e+09
1.752668465845497131e+09
1.752668465849680662e+09
1.752668465855453253e+09
1.752668465859006882e+09
1.752668465865230083e+09
1.752668465868984938e+09
1.752668465875467777e+09
1.752668465882116079e+09
1.752668465885432720e+09
1.752668465889235020e+09
1.752668465895411015e+09
1.752668465899068832e+09
1.752668465905456543e+09
1.752668465909429312e+09
1.752668465915440321e+09
1.752668465919289589e+09
1.752668465923976183e+09
1.752668465929155111e+09
1.752668465935173273e+09
1.752668465939285517e+09
1.752668465943909883e+09
1.752668465949476004e+09
1.752668465955437660e+09
1.752668465959029675e+09
1.752668465965526104e+09
1.752668465969447613e+09
1.752668465975385427e+09
1.752668465979042053e+09
1.752668465985400677e+09
1.752668465989210606e+09
1.752668465994101048e+09
1.752668465999202251e+09
1.752668466005299807e+09
1.752668466011225939e+09
1.752668466015600204e+09
1.752668466020863056e+09
1.752668466025364637e+09
1.752668466029309511e+09
1.752668466035590410e+09
1.752668466039086342e+09
1.752668466045270443e+09
1.752668466049206972e+09
1.752668466055507183e+09
1.752668466059288979e+09
1.752668466065506458e+09
1.752668466069210529e+09
1.752668466075944185e+09
1.752668466079090357e+09
1.752668466085262537e+09
1.752668466092767000e+09
1.752668466093601942e+09
1.752668466098971605e+09
1.752668466105406284e+09
1.752668466109213114e+09
1.752668466115323305e+09
1.752668466119288683e+09
1.752668466125165462e+09
1.752668466130824089e+09
1.752668466135338783e+09
1.752668466139224291e+09
1.752668466145406485e+09
1.752668466149401665e+09
1.752668466155600309e+09
1.752668466158664227e+09
1.752668466165271282e+09
1.752668466169149399e+09
1.752668466175487757e+09
1.752668466179206133e+09
1.752668466185386658e+09
1.752668466189193487e+09
1.752668466195381165e+09
1.752668466198957205e+09
1.752668466205330133e+09
1.752668466212758541e+09
1.752668466215181112e+09
1.752668466219051361e+09
1.752668466225322008e+09
1.752668466231307030e+09
1.752668466235595703e+09
1.752668466239305973e+09
1.752668466245221853e+09
1.752668466251175165e+09
1.752668466255623817e+09
1.752668466259115696e+09
1.752668466265427828e+09
1.752668466269457817e+09
1.752668466275503874e+09
1.752668466279039145e+09
1.752668466285426378e+09
1.752668466289047480e+09
1.752668466295469284e+09
1.752668466300839424e+09
1.752668466305773020e+09
1.752668466309505463e+09
1.752668466315615416e+09
1.752668466319044352e+09
1.752668466325552940e+09
1.752668466329408884e+09
1.752668466335433960e+09
1.752668466339035034e+09
1.752668466345451832e+09
1.752668466349200964e+09
1.752668466355559826e+09
1.752668466359212637e+09
1.752668466365233183e+09
1.752668466369216442e+09
1.752668466374005079e+09
1.752668466379063129e+09
1.752668466385415077e+09
1.752668466389224052e+09
1.752668466395330667e+09
1.752668466399404287e+09
1.752668466404055834e+09
1.752668466410930395e+09
1.752668466415332079e+09
1.752668466419277906e+09
1.752668466425618410e+09
1.752668466429186106e+09
1.752668466435393572e+09
1.752668466441775084e+09
1.752668466445169210e+09
1.752668466449583292e+09
1.752668466455602884e+09
1.752668466459906340e+09
1.752668466465233088e+09
1.752668466469195604e+09
1.752668466475497961e+09
1.752668466479138851e+09
1.752668466485637188e+09
1.752668466489207983e+09
1.752668466495420218e+09
1.752668466498816729e+09
1.752668466505176544e+09
1.752668466511346102e+09
1.752668466513593197e+09
1.752668466519100189e+09
1.752668466525583267e+09
1.752668466529188156e+09
1.752668466535475254e+09
1.752668466539025068e+09
1.752668466544860840e+09
1.752668466549040794e+09
1.752668466555373907e+09
1.752668466558992386e+09
1.752668466565164566e+09
1.752668466571161509e+09
1.752668466575701714e+09
1.752668466579655170e+09
1.752668466585372925e+09
1.752668466589205503e+09
1.752668466595388412e+09
1.752668466598990679e+09
1.752668466605207920e+09
1.752668466612054348e+09
1.752668466615669727e+09
1.752668466619270325e+09
1.752668466625318766e+09
1.752668466630852938e+09
1.752668466635540009e+09
1.752668466639100313e+09
1.752668466643899679e+09
1.752668466649063587e+09
1.752668466653991461e+09
1.752668466661190510e+09
1.752668466666041374e+09
1.752668466669064760e+09
1.752668466675507784e+09
1.752668466679021597e+09
1.752668466685461521e+09
1.752668466689243555e+09
1.752668466695277452e+09
1.752668466698808432e+09
1.752668466705790520e+09
1.752668466709321499e+09
1.752668466715446949e+09
1.752668466721781731e+09
1.752668466724006653e+09
1.752668466729211330e+09
1.752668466735440731e+09
1.752668466738999605e+09
1.752668466744503975e+09
1.752668466749403477e+09
1.752668466755479097e+09
1.752668466759105206e+09
1.752668466765654325e+09
1.752668466769325972e+09
1.752668466775422812e+09
1.752668466779182673e+09
1.752668466785554886e+09
1.752668466791094542e+09
1.752668466795053005e+09
1.752668466799035549e+09
1.752668466805426121e+09
1.752668466809539795e+09
1.752668466815655708e+09
1.752668466819020033e+09
1.752668466825261831e+09
1.752668466830796003e+09
1.752668466835302830e+09
1.752668466839108706e+09
1.752668466845276117e+09
1.752668466849246025e+09
1.752668466855564356e+09
1.752668466859555006e+09
1.752668466865455151e+09
1.752668466869285107e+09
1.752668466879648209e+09
1.752668466885468721e+09
1.752668466889454603e+09
1.752668466894096613e+09
1.752668466899023056e+09
1.752668466905081749e+09
1.752668466910225630e+09
1.752668466915570736e+09
1.752668466918981314e+09
1.752668466925187111e+09
1.752668466931607246e+09
1.752668466935598612e+09
1.752668466939144135e+09
1.752668466945335627e+09
1.752668466951462746e+09
1.752668466955497026e+09
1.752668466959047318e+09
1.752668466965387821e+09
1.752668466969253540e+09
1.752668466975312710e+09
1.752668466978997946e+09
1.752668466985159397e+09
1.752668466991126299e+09
1.752668466993614197e+09
1.752668466999046564e+09
1.752668467005412340e+09
1.752668467009344578e+09
1.752668467015838861e+09
1.752668467019066334e+09
1.752668467025571823e+09
1.752668467031276226e+09
1.752668467035214424e+09
1.752668467039028406e+09
1.752668467045649290e+09
1.752668467049240589e+09
1.752668467055348396e+09
1.752668467059054136e+09
1.752668467065449238e+09
1.752668467069650412e+09
1.752668467075189829e+09
1.752668467079072952e+09
1.752668467085026264e+09
1.752668467089038849e+09
1.752668467095462084e+09
1.752668467098977566e+09
1.752668467105404377e+09
1.752668467109263897e+09
1.752668467115336418e+09
1.752668467119046926e+09
1.752668467125433207e+09
1.752668467129197598e+09
1.752668467135504961e+09
1.752668467142365932e+09
1.752668467145152330e+09
1.752668467149054050e+09
1.752668467155212402e+09
1.752668467158970594e+09
1.752668467165632725e+09
1.752668467169310808e+09
1.752668467179986238e+09
1.752668467185539007e+09
1.752668467189301729e+09
1.752668467195388079e+09
1.752668467199021339e+09
1.752668467205348015e+09
1.752668467209449291e+09
1.752668467215397120e+09
1.752668467219170809e+09
1.752668467225749731e+09
1.752668467229148626e+09
1.752668467234099865e+09
1.752668467239706993e+09
1.752668467245273113e+09
1.752668467250930548e+09
1.752668467255229712e+09
1.752668467259129286e+09
1.752668467265636921e+09
1.752668467269394159e+09
1.752668467275782347e+09
1.752668467279138803e+09
1.752668467284046173e+09
1.752668467289007187e+09
1.752668467295414209e+09
1.752668467299319744e+09
1.752668467305525064e+09
1.752668467309329748e+09
1.752668467315529585e+09
1.752668467319062948e+09
1.752668467325522900e+09
1.752668467329474926e+09
1.752668467335488319e+09
1.752668467339102983e+09
1.752668467345170736e+09
1.752668467351748943e+09
1.752668467355600834e+09
1.752668467359684467e+09
1.752668467365495443e+09
1.752668467369209528e+09
1.752668467375604391e+09
1.752668467379026651e+09
1.752668467385423183e+09
1.752668467391519785e+09
1.752668467395397186e+09
1.752668467399005890e+09
1.752668467405225992e+09
1.752668467409384966e+09
1.752668467416571617e+09
1.752668467419332981e+09
1.752668467425332308e+09
1.752668467429232836e+09
1.752668467435212612e+09
1.752668467439353943e+09
1.752668467444052696e+09
1.752668467451188564e+09
1.752668467455313921e+09
1.752668467459007263e+09
1.752668467465198994e+09
1.752668467469173431e+09
1.752668467475344419e+09
1.752668467479217768e+09
1.752668467485574245e+09
1.752668467490180969e+09
1.752668467493887186e+09
1.752668467499169588e+09
1.752668467505366802e+09
1.752668467509306669e+09
1.752668467515182257e+09
1.752668467519276142e+09
1.752668467525419235e+09
1.752668467529214144e+09
1.752668467535215139e+09
1.752668467540741682e+09
1.752668467545310974e+09
1.752668467549360752e+09
1.752668467555542946e+09
1.752668467559423685e+09
1.752668467565338373e+09
1.752668467569362879e+09
1.752668467575499058e+09
1.752668467579079628e+09
1.752668467585335016e+09
1.752668467589199781e+09
1.752668467594095945e+09
1.752668467599263668e+09
1.752668467605376959e+09
1.752668467610883236e+09
1.752668467615108252e+09
1.752668467618834734e+09
1.752668467625130177e+09
1.752668467630901575e+09
1.752668467635576248e+09
1.752668467639055967e+09
1.752668467645475149e+09
1.752668467651134968e+09
1.752668467655428410e+09
1.752668467659305334e+09
1.752668467665203094e+09
1.752668467669389486e+09
1.752668467675916910e+09
1.752668467679069996e+09
1.752668467685361624e+09
1.752668467689408064e+09
1.752668467695411921e+09
1.752668467700864315e+09
1.752668467705390453e+09
1.752668467709205151e+09
1.752668467715438843e+09
1.752668467719180107e+09
1.752668467725702763e+09
1.752668467729232550e+09
1.752668467735206366e+09
1.752668467738853216e+09
1.752668467745744944e+09
1.752668467749432564e+09
1.752668467755285501e+09
1.752668467758979559e+09
1.752668467765122414e+09
1.752668467770457029e+09
1.752668467775631189e+09
1.752668467779390574e+09
1.752668467785217524e+09
1.752668467791216850e+09
1.752668467793552876e+09
1.752668467799120903e+09
1.752668467805384636e+09
1.752668467811543703e+09
1.752668467815484762e+09
1.752668467819280386e+09
1.752668467825194597e+09
1.752668467831255913e+09
1.752668467835648775e+09
1.752668467839615583e+09
1.752668467845214128e+09
1.752668467850919247e+09
1.752668467855601311e+09
1.752668467859376431e+09
1.752668467865128040e+09
1.752668467871072054e+09
1.752668467875417233e+09
1.752668467878986835e+09
1.752668467885581732e+09
1.752668467889222145e+09
1.752668467895287991e+09
1.752668467899119616e+09
1.752668467905608654e+09
1.752668467911149263e+09
1.752668467915440083e+09
1.752668467919189692e+09
1.752668467925351858e+09
1.752668467931271791e+09
1.752668467935401678e+09
1.752668467938961506e+09
1.752668467945477724e+09
1.752668467949147463e+09
1.752668467955319881e+09
1.752668467959086895e+09
1.752668467965138435e+09
1.752668467970777750e+09
1.752668467975145578e+09
1.752668467980214834e+09
1.752668467985154390e+09
1.752668467991464853e+09
1.752668467995429039e+09
1.752668467998997450e+09
1.752668468005409002e+09
1.752668468009331703e+09
1.752668468015407801e+09
1.752668468019109964e+09
1.752668468025386810e+09
1.752668468029196262e+09
1.752668468035887718e+09
1.752668468039249182e+09
1.752668468045274734e+09
1.752668468051167011e+09
1.752668468054270029e+09
1.752668468059274197e+09
1.752668468065333366e+09
1.752668468069135904e+09
1.752668468075458765e+09
1.752668468080528021e+09
1.752668468085445881e+09
1.752668468089399815e+09
1.752668468095411062e+09
1.752668468099076271e+09
1.752668468104738474e+09
1.752668468111333847e+09
1.752668468115630865e+09
1.752668468118846893e+09
1.752668468125301361e+09
1.752668468128972769e+09
1.752668468135503769e+09
1.752668468139257431e+09
1.752668468145472765e+09
1.752668468149187088e+09
1.752668468155464888e+09
1.752668468158990383e+09
1.752668468165350676e+09
1.752668468169356823e+09
1.752668468175362349e+09
1.752668468179075956e+09
1.752668468185419798e+09
1.752668468188958406e+09
1.752668468196245670e+09
1.752668468199013948e+09
1.752668468205486536e+09
1.752668468209329128e+09
1.752668468215366125e+09
1.752668468219004154e+09
1.752668468225587606e+09
1.752668468231210232e+09
1.752668468235385895e+09
1.752668468239039660e+09
1.752668468245968580e+09
1.752668468249171257e+09
1.752668468255234718e+09
1.752668468262363434e+09
1.752668468265916824e+09
1.752668468269299269e+09
1.752668468275306940e+09
1.752668468278998613e+09
1.752668468285689116e+09
1.752668468289282084e+09
1.752668468295265198e+09
1.752668468299007893e+09
1.752668468305550814e+09
1.752668468309580088e+09
1.752668468315518618e+09
1.752668468319158554e+09
1.752668468325650454e+09
1.752668468329303026e+09
1.752668468336707830e+09
1.752668468339074612e+09
1.752668468345528126e+09
1.752668468349226236e+09
1.752668468355718613e+09
1.752668468359259605e+09
1.752668468365196943e+09
1.752668468369225025e+09
1.752668468375735044e+09
1.752668468378981352e+09
1.752668468385296822e+09
1.752668468391232014e+09
1.752668468395690680e+09
1.752668468401422262e+09
1.752668468405366898e+09
1.752668468411314964e+09
1.752668468415610790e+09
1.752668468419360161e+09
1.752668468425191641e+09
1.752668468431178331e+09
1.752668468435820103e+09
1.752668468439301014e+09
1.752668468445680618e+09
1.752668468449231863e+09
1.752668468455379486e+09
1.752668468459098816e+09
1.752668468465516329e+09
1.752668468469732523e+09
1.752668468475894928e+09
1.752668468478812456e+09
1.752668468485580206e+09
1.752668468489202499e+09
1.752668468495199203e+09
1.752668468499107599e+09
1.752668468505560875e+09
1.752668468509258032e+09
1.752668468513572693e+09
1.752668468519301891e+09
1.752668468525307178e+09
1.752668468529186726e+09
1.752668468536356688e+09
1.752668468538804293e+09
1.752668468545415163e+09
1.752668468549194098e+09
1.752668468555406332e+09
1.752668468558973789e+09
1.752668468565639257e+09
1.752668468569055319e+09
1.752668468575404406e+09
1.752668468579176188e+09
1.752668468585379839e+09
1.752668468589171886e+09
1.752668468595559120e+09
1.752668468598995924e+09
1.752668468605371952e+09
1.752668468609226942e+09
1.752668468614316225e+09
1.752668468618987083e+09
1.752668468626173258e+09
1.752668468630878210e+09
1.752668468633998632e+09
1.752668468638992071e+09
1.752668468645572662e+09
1.752668468649342060e+09
1.752668468655528545e+09
1.752668468659016848e+09
1.752668468665448666e+09
1.752668468669224739e+09
1.752668468675464392e+09
1.752668468679584503e+09
1.752668468685795784e+09
1.752668468689047575e+09
1.752668468695443392e+09
1.752668468698983192e+09
1.752668468705381155e+09
1.752668468709184885e+09
1.752668468715536833e+09
1.752668468719075918e+09
1.752668468725338459e+09
1.752668468729209185e+09
1.752668468735363483e+09
1.752668468739000797e+09
1.752668468745369196e+09
1.752668468750174761e+09
1.752668468753908396e+09
1.752668468759085417e+09
1.752668468765468121e+09
1.752668468769162178e+09
1.752668468775518894e+09
1.752668468779031038e+09
1.752668468785422564e+09
1.752668468789228439e+09
1.752668468795446157e+09
1.752668468798970461e+09
1.752668468805546999e+09
1.752668468809310675e+09
1.752668468815531969e+09
1.752668468818836212e+09
1.752668468825140476e+09
1.752668468829263687e+09
1.752668468835796595e+09
1.752668468839032888e+09
1.752668468845336914e+09
1.752668468849179029e+09
1.752668468855376244e+09
1.752668468859246492e+09
1.752668468865523100e+09
1.752668468869272232e+09
1.752668468875477076e+09
1.752668468879023552e+09
1.752668468885175705e+09
1.752668468891690731e+09
1.752668468895385504e+09
1.752668468899104118e+09
1.752668468905184984e+09
1.752668468909264565e+09
1.752668468915673971e+09
1.752668468919220924e+09
1.752668468925454855e+09
1.752668468929257393e+09
1.752668468935327053e+09
1.752668468939032078e+09
1.752668468945305586e+09
1.752668468951024532e+09
1.752668468955878973e+09
1.752668468959159374e+09
1.752668468965360641e+09
1.752668468969240904e+09
1.752668468975587845e+09
1.752668468979044437e+09
1.752668468985752583e+09
1.752668468989242554e+09
1.752668468995610714e+09
1.752668468999117136e+09
1.752668469005643845e+09
1.752668469009465456e+09
1.752668469015574455e+09
1.752668469019186974e+09
1.752668469025366783e+09
1.752668469029790878e+09
1.752668469035032034e+09
1.752668469039078712e+09
1.752668469044030666e+09
1.752668469049006701e+09
1.752668469055412054e+09
1.752668469059048414e+09
1.752668469065424919e+09
1.752668469069008112e+09
1.752668469075611353e+09
1.752668469079015017e+09
1.752668469085324764e+09
1.752668469089226007e+09
1.752668469095322609e+09
1.752668469099406481e+09
1.752668469105684996e+09
1.752668469109216213e+09
1.752668469115324020e+09
1.752668469118989468e+09
1.752668469125410795e+09
1.752668469129176617e+09
