2.592633656743579661e-03 7.258932695418993282e-03 -1.999224141294822163e-02 9.997704218620051542e-01
2.765375633194038472e-03 7.431675230271997216e-03 -2.003233764055778118e-02 9.997678872365994840e-01
2.765375633194038472e-03 7.431675230271997216e-03 -2.003233764055778118e-02 9.997678872365994840e-01
2.640491634378184550e-03 7.119545524533139706e-03 -2.008261990037122149e-02 9.997694875587023189e-01
2.640491634378184550e-03 7.119545524533139706e-03 -2.008261990037122149e-02 9.997694875587023189e-01
2.893340681205730167e-03 7.229677436115998675e-03 -2.018127029732820488e-02 9.997660109610940760e-01
2.893340681205730167e-03 7.229677436115998675e-03 -2.018127029732820488e-02 9.997660109610940760e-01
2.802396127113961251e-03 7.179983880097795014e-03 -2.022304709436434020e-02 9.997657839582465567e-01
2.934249473778256963e-03 7.235946013102255436e-03 -2.035799447915802654e-02 9.997622634037093281e-01
2.934249473778256963e-03 7.235946013102255436e-03 -2.035799447915802654e-02 9.997622634037093281e-01
2.928243204794252815e-03 7.162866263650479424e-03 -2.025875742161033222e-02 9.997648230890877619e-01
2.579528122403453028e-03 7.387713508689437540e-03 -2.008437880682045762e-02 9.997676657362566388e-01
2.579528122403453028e-03 7.387713508689437540e-03 -2.008437880682045762e-02 9.997676657362566388e-01
2.612186688840685729e-03 7.564929945139509809e-03 -2.007422175140733192e-02 9.997664596978151907e-01
2.563395153671898987e-03 7.889714376853920394e-03 -2.016279845675421692e-02 9.997622932331114987e-01
2.563395153671898987e-03 7.889714376853920394e-03 -2.016279845675421692e-02 9.997622932331114987e-01
2.485547390670993229e-03 8.023276830030727502e-03 -2.020512466525712855e-02 9.997605723473690365e-01
2.485547390670993229e-03 8.023276830030727502e-03 -2.020512466525712855e-02 9.997605723473690365e-01
2.148833396952849664e-03 8.088810317727429533e-03 -2.036237415222490188e-02 9.997576343202190241e-01
2.707262126382131533e-03 8.117633383883861298e-03 -2.024168547832997170e-02 9.997584953022506937e-01
2.707262126382131533e-03 8.117633383883861298e-03 -2.024168547832997170e-02 9.997584953022506937e-01
3.764692537601715353e-03 8.985620094324006657e-03 -2.117495125277951001e-02 9.997283166746154803e-01
3.952530065743762103e-03 9.219576806644173492e-03 -2.126139831553148715e-02 9.997236267345360750e-01
3.952530065743762103e-03 9.219576806644173492e-03 -2.126139831553148715e-02 9.997236267345360750e-01
4.988681096589561020e-03 9.712499461563542033e-03 -2.068490604533980773e-02 9.997264201155340313e-01
5.012058398965114209e-03 9.668468377269688954e-03 -2.078576027082384287e-02 9.997246381678341898e-01
5.012058398965114209e-03 9.668468377269688954e-03 -2.078576027082384287e-02 9.997246381678341898e-01
5.037994073260689681e-03 9.706331694304185659e-03 -2.079668098280906471e-02 9.997239137886305693e-01
5.279165193960342305e-03 9.956215346908941707e-03 -2.066360969312863033e-02 9.997229713401962758e-01
5.279165193960342305e-03 9.956215346908941707e-03 -2.066360969312863033e-02 9.997229713401962758e-01
5.021756310454413529e-03 9.961491262071797692e-03 -2.075187959245854488e-02 9.997224165481007896e-01
5.242569731434541282e-03 1.020424625685327491e-02 -2.072696029269088802e-02 9.997193515872171421e-01
5.242569731434541282e-03 1.020424625685327491e-02 -2.072696029269088802e-02 9.997193515872171421e-01
4.826020608623988323e-03 1.010991954428194610e-02 -2.064415424421163492e-02 9.997241209190835809e-01
4.826020608623988323e-03 1.010991954428194610e-02 -2.064415424421163492e-02 9.997241209190835809e-01
5.128056659150377269e-03 1.033682451891226005e-02 -2.069726151036006476e-02 9.997191988052133160e-01
5.128056659150377269e-03 1.033682451891226005e-02 -2.069726151036006476e-02 9.997191988052133160e-01
5.128056659150377269e-03 1.033682451891226005e-02 -2.069726151036006476e-02 9.997191988052133160e-01
5.438173289792673504e-03 1.022747053930176363e-02 -2.101908023879478157e-02 9.997119702111968431e-01
5.438173289792673504e-03 1.022747053930176363e-02 -2.101908023879478157e-02 9.997119702111968431e-01
5.438173289792673504e-03 1.022747053930176363e-02 -2.101908023879478157e-02 9.997119702111968431e-01
5.438173289792673504e-03 1.022747053930176363e-02 -2.101908023879478157e-02 9.997119702111968431e-01
5.438173289792673504e-03 1.022747053930176363e-02 -2.101908023879478157e-02 9.997119702111968431e-01
5.195644031523031711e-03 1.048637734922289177e-02 -2.060280923113378543e-02 9.997192433003242451e-01
5.487101312506742143e-03 1.051080107154072490e-02 -2.059175634894195792e-02 9.997176573165478253e-01
5.432005195668137242e-03 1.070287808583671868e-02 -2.051958897002930521e-02 9.997174041641643250e-01
5.432005195668137242e-03 1.070287808583671868e-02 -2.051958897002930521e-02 9.997174041641643250e-01
5.432005195668137242e-03 1.070287808583671868e-02 -2.051958897002930521e-02 9.997174041641643250e-01
5.432005195668137242e-03 1.070287808583671868e-02 -2.051958897002930521e-02 9.997174041641643250e-01
5.432005195668137242e-03 1.070287808583671868e-02 -2.051958897002930521e-02 9.997174041641643250e-01
5.432005195668137242e-03 1.070287808583671868e-02 -2.051958897002930521e-02 9.997174041641643250e-01
5.432005195668137242e-03 1.070287808583671868e-02 -2.051958897002930521e-02 9.997174041641643250e-01
5.712460906617206589e-03 1.106345122459543272e-02 -2.051036692963017008e-02 9.997121049011077343e-01
5.386923156215624696e-03 1.106211851082892529e-02 -2.065298806716179061e-02 9.997109905752057379e-01
5.386923156215624696e-03 1.106211851082892529e-02 -2.065298806716179061e-02 9.997109905752057379e-01
5.386923156215624696e-03 1.106211851082892529e-02 -2.065298806716179061e-02 9.997109905752057379e-01
5.014495944561263296e-03 1.113331861585430127e-02 -2.049440415162352008e-02 9.997154012245134114e-01
5.014495944561263296e-03 1.113331861585430127e-02 -2.049440415162352008e-02 9.997154012245134114e-01
5.194617651428951911e-03 1.120091410197966535e-02 -2.046383430663952646e-02 9.997143526809075809e-01
5.070806939311153783e-03 1.123576941374399528e-02 -2.020113712041623696e-02 9.997199400140559522e-01
5.070806939311153783e-03 1.123576941374399528e-02 -2.020113712041623696e-02 9.997199400140559522e-01
5.411234281320453053e-03 1.115626798654707069e-02 -1.997996971584986917e-02 9.997234902903495701e-01
5.411234281320453053e-03 1.115626798654707069e-02 -1.997996971584986917e-02 9.997234902903495701e-01
5.411234281320453053e-03 1.115626798654707069e-02 -1.997996971584986917e-02 9.997234902903495701e-01
5.411234281320453053e-03 1.115626798654707069e-02 -1.997996971584986917e-02 9.997234902903495701e-01
5.411234281320453053e-03 1.115626798654707069e-02 -1.997996971584986917e-02 9.997234902903495701e-01
5.411234281320453053e-03 1.115626798654707069e-02 -1.997996971584986917e-02 9.997234902903495701e-01
5.395239340055149428e-03 1.164147256261585661e-02 -2.042605390203321505e-02 9.997090295836227325e-01
5.395239340055149428e-03 1.164147256261585661e-02 -2.042605390203321505e-02 9.997090295836227325e-01
5.796181654881618628e-03 1.165779789409139566e-02 -2.015509378398939663e-02 9.997120946657807039e-01
5.796181654881618628e-03 1.165779789409139566e-02 -2.015509378398939663e-02 9.997120946657807039e-01
5.818122937892906792e-03 1.186660457891670212e-02 -2.060967986949576933e-02 9.997002421910901049e-01
5.460043963987312211e-03 1.179966460688348234e-02 -2.069012835990950358e-02 9.997013926285822638e-01
5.460043963987312211e-03 1.179966460688348234e-02 -2.069012835990950358e-02 9.997013926285822638e-01
7.091610156302487374e-03 1.187514197761293210e-02 -2.073471388883454600e-02 9.996893325970577227e-01
5.405153764391164295e-03 1.168626943794279574e-02 -2.067724952015363021e-02 9.997032893672443965e-01
5.405153764391164295e-03 1.168626943794279574e-02 -2.067724952015363021e-02 9.997032893672443965e-01
5.694816282344853341e-03 1.196503247985229376e-02 -2.074905705586232649e-02 9.996968959122355392e-01
5.797127107304319085e-03 1.196919841202359440e-02 -2.087140743993935732e-02 9.996937110726222819e-01
5.797127107304319085e-03 1.196919841202359440e-02 -2.087140743993935732e-02 9.996937110726222819e-01
5.777692201289329893e-03 1.187580262331119907e-02 -2.080668240748484443e-02 9.996962866551387661e-01
6.326030275620362318e-03 1.200843921834457602e-02 -2.081298867932437208e-02 9.996912514525300164e-01
6.326030275620362318e-03 1.200843921834457602e-02 -2.081298867932437208e-02 9.996912514525300164e-01
6.068285889787834210e-03 1.207316632349784979e-02 -2.074526421101163809e-02 9.996934773089701798e-01
6.068285889787834210e-03 1.207316632349784979e-02 -2.074526421101163809e-02 9.996934773089701798e-01
6.198959408046818102e-03 1.204750775644464547e-02 -2.069080797325675847e-02 9.996941136790441496e-01
5.784361840688013144e-03 1.208793596782805312e-02 -2.076048964325807877e-02 9.996946659014971370e-01
5.784361840688013144e-03 1.208793596782805312e-02 -2.076048964325807877e-02 9.996946659014971370e-01
5.972612543064386402e-03 1.223224531556244693e-02 -2.065863971145666389e-02 9.996939134951370320e-01
6.111212782666497999e-03 1.232811499140553345e-02 -2.072403424229277841e-02 9.996905446505973680e-01
6.061784746533113721e-03 1.225636870303733507e-02 -2.081027416723614867e-02 9.996899362707351022e-01
3.456744521798804648e-02 1.346688256724782456e-02 -1.829531126583085199e-02 9.991441419488520381e-01
3.456744521798804648e-02 1.346688256724782456e-02 -1.829531126583085199e-02 9.991441419488520381e-01
3.456744521798804648e-02 1.346688256724782456e-02 -1.829531126583085199e-02 9.991441419488520381e-01
1.830523078449472311e-03 1.048424265755499435e-02 -2.121995824483960055e-02 9.997181818959001154e-01
1.642317515706686465e-03 1.050534811399980555e-02 -2.132304747165589265e-02 9.997160937489717458e-01
