1.752667949587973833e+09
1.752667949594251871e+09
1.752667949598567724e+09
1.752667949602352142e+09
1.752667949608037233e+09
1.752667949614210367e+09
1.752667949618933678e+09
1.752667949622326612e+09
1.752667949627810717e+09
1.752667949633327723e+09
1.752667949639199495e+09
1.752667949642414331e+09
1.752667949647874117e+09
1.752667949653985739e+09
1.752667949659069300e+09
1.752667949662171125e+09
1.752667949667738438e+09
1.752667949674075842e+09
1.752667949678915977e+09
1.752667949688045025e+09
1.752667949693949223e+09
1.752667949697805405e+09
1.752667949702491760e+09
1.752667949708999395e+09
1.752667949714528322e+09
1.752667949718736649e+09
1.752667949722406626e+09
1.752667949727899551e+09
1.752667949732356071e+09
1.752667949738502026e+09
1.752667949744104624e+09
1.752667949748072147e+09
1.752667949752545595e+09
1.752667949757858038e+09
1.752667949762076139e+09
1.752667949767881870e+09
1.752667949772312641e+09
1.752667949778170347e+09
1.752667949785519123e+09
1.752667949787941933e+09
1.752667949792074442e+09
1.752667949798660517e+09
1.752667949804326296e+09
1.752667949807946920e+09
1.752667949814063787e+09
1.752667949818008423e+09
1.752667949822595358e+09
1.752667949827933073e+09
1.752667949832322598e+09
1.752667949838531733e+09
1.752667949843607664e+09
1.752667949848216057e+09
1.752667949852235079e+09
1.752667949857822180e+09
1.752667949863769770e+09
1.752667949867707729e+09
1.752667949874909639e+09
1.752667949879200459e+09
1.752667949884490013e+09
1.752667949888041496e+09
1.752667949894116163e+09
1.752667949897842884e+09
1.752667949904285192e+09
1.752667949908975363e+09
1.752667949914496660e+09
1.752667949918011904e+09
1.752667949924107552e+09
1.752667949927964211e+09
1.752667949933914661e+09
1.752667949938041449e+09
1.752667949944067478e+09
1.752667949947884321e+09
1.752667949954212666e+09
1.752667949958723783e+09
1.752667949964016914e+09
1.752667949968019485e+09
1.752667949972402573e+09
1.752667949978418827e+09
1.752667949983896017e+09
1.752667949988825321e+09
1.752667949992342472e+09
1.752667949997873783e+09
1.752667950003819704e+09
1.752667950007906914e+09
1.752667950014313936e+09
1.752667950017823219e+09
1.752667950022294044e+09
1.752667950028035402e+09
1.752667950034011364e+09
1.752667950037855148e+09
1.752667950044830799e+09
1.752667950049350977e+09
1.752667950054267645e+09
1.752667950057766914e+09
1.752667950063810110e+09
1.752667950067994595e+09
1.752667950072581291e+09
1.752667950078261137e+09
1.752667950084335089e+09
1.752667950089486122e+09
1.752667950094509602e+09
1.752667950097824335e+09
1.752667950103863239e+09
1.752667950108544827e+09
1.752667950113850117e+09
1.752667950122528791e+09
1.752667950128117800e+09
1.752667950132294416e+09
1.752667950138444901e+09
1.752667950143940210e+09
1.752667950148307562e+09
1.752667950152569294e+09
1.752667950158730030e+09
1.752667950162102938e+09
1.752667950168087244e+09
1.752667950174436808e+09
1.752667950178794861e+09
1.752667950184651375e+09
1.752667950188053131e+09
1.752667950193340302e+09
1.752667950199547052e+09
1.752667950203938723e+09
1.752667950207830191e+09
1.752667950213953495e+09
1.752667950218499184e+09
1.752667950222343445e+09
1.752667950228802204e+09
1.752667950233931541e+09
1.752667950238780499e+09
1.752667950242203951e+09
1.752667950247837782e+09
1.752667950252440929e+09
1.752667950258372545e+09
1.752667950262281418e+09
1.752667950268969536e+09
1.752667950272154570e+09
1.752667950278485537e+09
1.752667950282168865e+09
1.752667950288041830e+09
1.752667950294100285e+09
1.752667950298553705e+09
1.752667950302867889e+09
1.752667950310392380e+09
1.752667950312250853e+09
1.752667950317810774e+09
1.752667950324585438e+09
1.752667950328093767e+09
1.752667950332965374e+09
1.752667950337801456e+09
1.752667950343871593e+09
1.752667950347895384e+09
1.752667950352083683e+09
1.752667950358761549e+09
1.752667950364334106e+09
1.752667950368050337e+09
1.752667950372243643e+09
1.752667950378727198e+09
1.752667950384392738e+09
1.752667950387883663e+09
1.752667950394083261e+09
1.752667950398845911e+09
1.752667950402533293e+09
1.752667950407812834e+09
1.752667950414024591e+09
1.752667950419531822e+09
1.752667950423657179e+09
1.752667950427947521e+09
1.752667950432213545e+09
1.752667950438678980e+09
1.752667950444199085e+09
1.752667950448021412e+09
1.752667950454428911e+09
1.752667950458684206e+09
1.752667950464107752e+09
1.752667950468012094e+09
1.752667950475710392e+09
1.752667950477822542e+09
1.752667950482562542e+09
1.752667950488162756e+09
1.752667950494184494e+09
1.752667950498427153e+09
1.752667950502356052e+09
1.752667950508747339e+09
1.752667950512145996e+09
1.752667950517840147e+09
1.752667950524211884e+09
1.752667950528079271e+09
1.752667950534331083e+09
1.752667950538057566e+09
1.752667950543871403e+09
1.752667950549897909e+09
1.752667950553029537e+09
1.752667950557853222e+09
1.752667950564043522e+09
1.752667950567876101e+09
1.752667950574105263e+09
1.752667950577844620e+09
1.752667950584227085e+09
1.752667950588721991e+09
1.752667950592087507e+09
1.752667950598345041e+09
1.752667950604373932e+09
1.752667950608781099e+09
1.752667950614510298e+09
1.752667950618335485e+09
1.752667950624192953e+09
1.752667950627995729e+09
1.752667950632562637e+09
1.752667950638491631e+09
1.752667950642141342e+09
1.752667950647900581e+09
1.752667950654057741e+09
1.752667950658689499e+09
1.752667950664268017e+09
1.752667950667871714e+09
1.752667950674513578e+09
1.752667950678766489e+09
1.752667950683026791e+09
1.752667950688014030e+09
1.752667950692194223e+09
1.752667950698636293e+09
1.752667950703832388e+09
1.752667950707788944e+09
1.752667950714005470e+09
1.752667950719583273e+09
1.752667950724287748e+09
1.752667950727758884e+09
1.752667950733828783e+09
1.752667950738936424e+09
1.752667950744207621e+09
1.752667950748747826e+09
1.752667950753841639e+09
1.752667950758671761e+09
1.752667950764034033e+09
1.752667950767957926e+09
1.752667950774134636e+09
1.752667950777861118e+09
1.752667950784329653e+09
1.752667950788004875e+09
1.752667950794151068e+09
1.752667950799109936e+09
1.752667950802518606e+09
1.752667950808143854e+09
1.752667950814154148e+09
1.752667950819294691e+09
1.752667950822725058e+09
1.752667950827754736e+09
1.752667950832273960e+09
1.752667950838712931e+09
1.752667950844547033e+09
1.752667950847900867e+09
1.752667950854518414e+09
1.752667950858484030e+09
1.752667950863851309e+09
1.752667950868022680e+09
1.752667950872912645e+09
1.752667950878903866e+09
1.752667950884204626e+09
1.752667950887829781e+09
1.752667950894730330e+09
1.752667950898747921e+09
1.752667950902821302e+09
1.752667950907841682e+09
1.752667950913874149e+09
1.752667950918021679e+09
1.752667950922281504e+09
1.752667950929100275e+09
1.752667950932408094e+09
1.752667950937814474e+09
1.752667950943941355e+09
1.752667950947892189e+09
1.752667950954062223e+09
1.752667950959061623e+09
1.752667950962302446e+09
1.752667950967797041e+09
1.752667950973987341e+09
1.752667950978687525e+09
1.752667950984055519e+09
1.752667950987851381e+09
1.752667950992378473e+09
1.752667950998782873e+09
1.752667951004215717e+09
1.752667951008048534e+09
1.752667951013860941e+09
1.752667951017822266e+09
1.752667951023992062e+09
1.752667951027940750e+09
1.752667951032668352e+09
1.752667951038734674e+09
1.752667951042548895e+09
1.752667951047980547e+09
1.752667951054868221e+09
1.752667951057087421e+09
1.752667951063873768e+09
1.752667951067738771e+09
1.752667951072588444e+09
1.752667951078982115e+09
1.752667951082138300e+09
1.752667951088091850e+09
1.752667951092571735e+09
1.752667951098649025e+09
1.752667951103031158e+09
1.752667951108022928e+09
1.752667951112907887e+09
1.752667951118643761e+09
1.752667951124178886e+09
1.752667951128626108e+09
1.752667951134200811e+09
1.752667951138730526e+09
1.752667951142207146e+09
1.752667951147868395e+09
1.752667951154230595e+09
1.752667951158631563e+09
1.752667951163828373e+09
1.752667951167799711e+09
1.752667951173876047e+09
1.752667951178717852e+09
1.752667951183906794e+09
1.752667951188003063e+09
1.752667951192324638e+09
1.752667951199152470e+09
1.752667951202621698e+09
1.752667951208030939e+09
1.752667951212378740e+09
1.752667951218629599e+09
1.752667951223979473e+09
1.752667951227864504e+09
1.752667951232161522e+09
1.752667951239099741e+09
1.752667951242093325e+09
1.752667951247715235e+09
1.752667951253755331e+09
1.752667951258898497e+09
1.752667951262754917e+09
1.752667951267831564e+09
1.752667951274038076e+09
1.752667951277776480e+09
1.752667951283931732e+09
1.752667951287915468e+09
1.752667951294258356e+09
1.752667951298402071e+09
1.752667951302145481e+09
1.752667951307981014e+09
1.752667951314188004e+09
1.752667951323706150e+09
1.752667951327910185e+09
1.752667951334035397e+09
1.752667951338672638e+09
1.752667951343889236e+09
1.752667951349200726e+09
1.752667951352679968e+09
1.752667951357864380e+09
1.752667951363988638e+09
1.752667951367993593e+09
1.752667951372163773e+09
1.752667951377900362e+09
1.752667951384639263e+09
1.752667951388249874e+09
1.752667951393984556e+09
1.752667951398276329e+09
1.752667951404184580e+09
1.752667951408084154e+09
1.752667951414183617e+09
1.752667951418758869e+09
1.752667951422158241e+09
1.752667951427971125e+09
1.752667951432201385e+09
1.752667951438689470e+09
1.752667951444311857e+09
1.752667951447852373e+09
1.752667951453229427e+09
1.752667951457779408e+09
1.752667951464932680e+09
1.752667951469471455e+09
1.752667951472520351e+09
1.752667951477860212e+09
1.752667951484051228e+09
1.752667951488038540e+09
1.752667951492208242e+09
1.752667951498248100e+09
1.752667951504495144e+09
1.752667951508020163e+09
1.752667951512494087e+09
1.752667951518781424e+09
1.752667951522911072e+09
1.752667951528199196e+09
1.752667951534307480e+09
1.752667951538221836e+09
1.752667951544488668e+09
1.752667951547994375e+09
1.752667951552185297e+09
1.752667951557818651e+09
1.752667951565013409e+09
1.752667951568059444e+09
1.752667951572320461e+09
1.752667951578410864e+09
1.752667951583899021e+09
1.752667951587889910e+09
1.752667951593605280e+09
1.752667951599065542e+09
1.752667951604261160e+09
1.752667951607969522e+09
1.752667951612226248e+09
1.752667951618497610e+09
1.752667951624058723e+09
1.752667951628172636e+09
1.752667951632174015e+09
1.752667951638699055e+09
1.752667951644035339e+09
1.752667951647817135e+09
1.752667951654031515e+09
1.752667951657855749e+09
1.752667951663232565e+09
1.752667951667981625e+09
1.752667951672603369e+09
1.752667951678823709e+09
1.752667951682200909e+09
1.752667951688012838e+09
1.752667951692199707e+09
1.752667951698609114e+09
1.752667951703961134e+09
1.752667951707854271e+09
1.752667951714014530e+09
1.752667951717912436e+09
1.752667951722244501e+09
1.752667951727957726e+09
1.752667951734138727e+09
1.752667951738700390e+09
1.752667951744007111e+09
1.752667951748042345e+09
1.752667951752158642e+09
1.752667951758660078e+09
1.752667951762136459e+09
1.752667951767988682e+09
1.752667951772199392e+09
1.752667951779100895e+09
1.752667951782225609e+09
1.752667951788098335e+09
1.752667951792329788e+09
1.752667951799082041e+09
1.752667951802618265e+09
1.752667951808055878e+09
1.752667951812201500e+09
1.752667951818762302e+09
1.752667951822202921e+09
1.752667951828502178e+09
1.752667951834071875e+09
1.752667951838585138e+09
1.752667951842536926e+09
1.752667951849622011e+09
1.752667951853790760e+09
1.752667951858228445e+09
1.752667951864188671e+09
1.752667951867818594e+09
1.752667951874026775e+09
1.752667951878684759e+09
1.752667951882075071e+09
1.752667951887886763e+09
1.752667951893932819e+09
1.752667951899227619e+09
1.752667951902366877e+09
1.752667951907995462e+09
1.752667951912115574e+09
1.752667951918674231e+09
1.752667951922247887e+09
1.752667951928143263e+09
1.752667951934188366e+09
1.752667951938636303e+09
1.752667951942415953e+09
1.752667951947814226e+09
1.752667951954180002e+09
1.752667951958125830e+09
1.752667951962373495e+09
1.752667951967877865e+09
1.752667951972144842e+09
1.752667951978609324e+09
1.752667951984672546e+09
1.752667951988081217e+09
1.752667951992356062e+09
1.752667951998700619e+09
1.752667952003993034e+09
1.752667952008025408e+09
1.752667952013817072e+09
1.752667952018919706e+09
1.752667952022637606e+09
1.752667952028738737e+09
1.752667952032079458e+09
1.752667952038578987e+09
1.752667952043980122e+09
1.752667952048023462e+09
1.752667952052472115e+09
1.752667952058830500e+09
1.752667952064440727e+09
1.752667952068104506e+09
1.752667952072228909e+09
1.752667952078077078e+09
1.752667952083014727e+09
1.752667952087995291e+09
1.752667952094526529e+09
1.752667952098681927e+09
1.752667952103844404e+09
1.752667952108449459e+09
1.752667952114041328e+09
1.752667952117802858e+09
1.752667952122725964e+09
1.752667952128184319e+09
1.752667952132592201e+09
1.752667952138092756e+09
1.752667952143956184e+09
1.752667952147841215e+09
1.752667952153212070e+09
1.752667952158945560e+09
1.752667952164072275e+09
1.752667952167955637e+09
1.752667952174214602e+09
1.752667952178597450e+09
1.752667952182080984e+09
1.752667952188045979e+09
1.752667952192291737e+09
1.752667952198752165e+09
1.752667952202214241e+09
1.752667952209074020e+09
1.752667952214239120e+09
1.752667952218621016e+09
1.752667952224283218e+09
1.752667952227906466e+09
1.752667952234008074e+09
1.752667952238811493e+09
1.752667952242537737e+09
1.752667952247957706e+09
1.752667952257209778e+09
1.752667952258050919e+09
1.752667952264302254e+09
1.752667952267984867e+09
1.752667952274183273e+09
1.752667952278507948e+09
1.752667952283748150e+09
1.752667952287910223e+09
1.752667952293513775e+09
1.752667952298577309e+09
1.752667952303935289e+09
1.752667952308758974e+09
1.752667952314070225e+09
1.752667952318087101e+09
1.752667952322268248e+09
1.752667952327885151e+09
1.752667952332054615e+09
1.752667952338658094e+09
1.752667952342153072e+09
1.752667952348729134e+09
1.752667952354017496e+09
1.752667952358768225e+09
1.752667952362494469e+09
1.752667952369316101e+09
1.752667952372534513e+09
1.752667952378506660e+09
1.752667952384007215e+09
1.752667952388051271e+09
1.752667952393877983e+09
1.752667952399039984e+09
1.752667952402325869e+09
1.752667952408051729e+09
1.752667952412308455e+09
1.752667952417827845e+09
1.752667952423818827e+09
1.752667952427909374e+09
1.752667952432722807e+09
1.752667952441459179e+09
1.752667952444429636e+09
1.752667952447800398e+09
1.752667952453820467e+09
1.752667952458859205e+09
1.752667952462291002e+09
1.752667952468042850e+09
1.752667952474443197e+09
1.752667952478600264e+09
1.752667952482069492e+09
1.752667952487874746e+09
1.752667952494274378e+09
1.752667952498446941e+09
1.752667952502694368e+09
1.752667952508768320e+09
1.752667952512560844e+09
1.752667952518917084e+09
1.752667952522841930e+09
1.752667952528363943e+09
1.752667952533996820e+09
1.752667952538514853e+09
1.752667952542196274e+09
1.752667952548742056e+09
1.752667952554064989e+09
1.752667952558933258e+09
1.752667952562683105e+09
1.752667952567996502e+09
1.752667952572827101e+09
1.752667952578940153e+09
1.752667952582726717e+09
1.752667952588594437e+09
1.752667952593869686e+09
1.752667952597838879e+09
1.752667952602515697e+09
1.752667952608690023e+09
1.752667952614320755e+09
1.752667952618796825e+09
1.752667952623601913e+09
1.752667952628104210e+09
1.752667952633885145e+09
1.752667952637846708e+09
1.752667952642480135e+09
1.752667952647969723e+09
1.752667952652523994e+09
1.752667952659210205e+09
1.752667952662277699e+09
1.752667952668091297e+09
1.752667952672305822e+09
1.752667952678659678e+09
1.752667952682239532e+09
1.752667952688936472e+09
1.752667952694263697e+09
1.752667952698775053e+09
1.752667952703823566e+09
1.752667952707898140e+09
1.752667952713869810e+09
1.752667952718863010e+09
1.752667952724141598e+09
1.752667952727885723e+09
1.752667952732208729e+09
1.752667952738820076e+09
1.752667952742488384e+09
1.752667952748058796e+09
1.752667952754270554e+09
1.752667952758583069e+09
1.752667952762116432e+09
1.752667952768925905e+09
1.752667952772329569e+09
1.752667952778483868e+09
1.752667952783366680e+09
1.752667952787897110e+09
1.752667952792179108e+09
1.752667952797797441e+09
1.752667952803895950e+09
1.752667952809383154e+09
1.752667952812527180e+09
1.752667952818642139e+09
1.752667952822134733e+09
1.752667952828772545e+09
1.752667952832083225e+09
1.752667952837717772e+09
1.752667952843785286e+09
1.752667952848798990e+09
1.752667952853339434e+09
1.752667952858489752e+09
1.752667952864216089e+09
1.752667952868079424e+09
1.752667952874113321e+09
1.752667952878703833e+09
1.752667952882196188e+09
1.752667952888112068e+09
1.752667952894718647e+09
1.752667952897778511e+09
1.752667952903881550e+09
1.752667952908107758e+09
1.752667952912513494e+09
1.752667952917964220e+09
1.752667952923578262e+09
1.752667952928956270e+09
1.752667952933976650e+09
1.752667952938443661e+09
1.752667952942095757e+09
1.752667952948141813e+09
1.752667952954613209e+09
1.752667952958032608e+09
1.752667952963907480e+09
1.752667952968880177e+09
1.752667952972519159e+09
1.752667952978451490e+09
1.752667952983957052e+09
1.752667952988159657e+09
1.752667952994328022e+09
1.752667952997850418e+09
1.752667953003888607e+09
1.752667953008908510e+09
1.752667953014648676e+09
1.752667953018740892e+09
1.752667953022208452e+09
1.752667953028030157e+09
1.752667953032510281e+09
1.752667953038699865e+09
1.752667953042524576e+09
1.752667953048062563e+09
1.752667953053759813e+09
1.752667953058887720e+09
1.752667953063918352e+09
1.752667953068001747e+09
1.752667953073803186e+09
1.752667953077813148e+09
1.752667953084884882e+09
1.752667953088718176e+09
1.752667953092200518e+09
1.752667953098608971e+09
1.752667953104750633e+09
1.752667953108782053e+09
1.752667953114108562e+09
1.752667953118796110e+09
1.752667953123798609e+09
1.752667953127852917e+09
1.752667953137420177e+09
1.752667953142523050e+09
1.752667953149190903e+09
1.752667953154042006e+09
1.752667953158745766e+09
1.752667953164586067e+09
1.752667953169139862e+09
1.752667953172501564e+09
1.752667953178517818e+09
1.752667953183977365e+09
1.752667953188061476e+09
1.752667953194630861e+09
1.752667953198881626e+09
1.752667953204274178e+09
1.752667953208043575e+09
1.752667953214270830e+09
1.752667953218012333e+09
1.752667953224554777e+09
1.752667953228043318e+09
1.752667953232067347e+09
1.752667953238416910e+09
1.752667953244336605e+09
1.752667953248846531e+09
1.752667953252807379e+09
1.752667953257547855e+09
1.752667953262320280e+09
1.752667953267787933e+09
1.752667953274033546e+09
1.752667953277786255e+09
1.752667953284317255e+09
1.752667953289546728e+09
1.752667953292761803e+09
1.752667953298792362e+09
1.752667953304752350e+09
1.752667953308129311e+09
1.752667953312176704e+09
1.752667953318663597e+09
1.752667953322588205e+09
1.752667953329566002e+09
1.752667953332856417e+09
1.752667953337887049e+09
1.752667953343213320e+09
1.752667953348883390e+09
1.752667953354170561e+09
1.752667953358011961e+09
1.752667953362774611e+09
1.752667953367988586e+09
1.752667953372139692e+09
1.752667953378695965e+09
1.752667953384054899e+09
1.752667953388739347e+09
1.752667953392340660e+09
1.752667953398559570e+09
1.752667953402111292e+09
1.752667953408604860e+09
1.752667953414467096e+09
1.752667953417836189e+09
1.752667953422563553e+09
1.752667953428614140e+09
1.752667953434308529e+09
1.752667953438998461e+09
1.752667953444380760e+09
1.752667953447979450e+09
1.752667953453908205e+09
1.752667953457793951e+09
1.752667953462094307e+09
1.752667953467862844e+09
1.752667953474208593e+09
1.752667953478914022e+09
1.752667953482563734e+09
1.752667953488190413e+09
1.752667953494032145e+09
1.752667953499096394e+09
1.752667953502332449e+09
1.752667953507731676e+09
1.752667953513796091e+09
1.752667953518732071e+09
1.752667953524020195e+09
1.752667953528245449e+09
1.752667953532135010e+09
1.752667953538708687e+09
1.752667953544463158e+09
1.752667953547957659e+09
1.752667953553930283e+09
1.752667953558789492e+09
1.752667953562571287e+09
1.752667953568569422e+09
1.752667953573803186e+09
1.752667953577781439e+09
1.752667953582742691e+09
1.752667953588425398e+09
1.752667953592227697e+09
1.752667953598742485e+09
1.752667953603970528e+09
1.752667953607969522e+09
1.752667953612195253e+09
1.752667953619775295e+09
1.752667953622164011e+09
1.752667953628011227e+09
1.752667953632234573e+09
1.752667953638555050e+09
1.752667953643843412e+09
1.752667953648234606e+09
1.752667953652353048e+09
1.752667953659396887e+09
1.752667953662277222e+09
1.752667953668017149e+09
1.752667953672417879e+09
1.752667953678171635e+09
1.752667953682317972e+09
1.752667953688825607e+09
1.752667953693030596e+09
1.752667953698625803e+09
1.752667953704005003e+09
1.752667953708410263e+09
1.752667953712206364e+09
1.752667953718683243e+09
1.752667953722259283e+09
1.752667953728713274e+09
1.752667953732485294e+09
1.752667953738862514e+09
1.752667953744167089e+09
1.752667953747889757e+09
1.752667953754155636e+09
1.752667953758499861e+09
1.752667953762748718e+09
1.752667953768141031e+09
1.752667953774995804e+09
1.752667953778813362e+09
1.752667953783797264e+09
1.752667953787777424e+09
1.752667953792553663e+09
1.752667953798951149e+09
1.752667953803941488e+09
1.752667953807929754e+09
1.752667953814782858e+09
1.752667953818871260e+09
1.752667953822282553e+09
1.752667953828133345e+09
1.752667953834142447e+09
1.752667953838990688e+09
1.752667953843974590e+09
1.752667953848698378e+09
1.752667953852364540e+09
1.752667953857426405e+09
1.752667953862494707e+09
1.752667953869013548e+09
1.752667953872571945e+09
1.752667953878369093e+09
1.752667953884035826e+09
1.752667953888940811e+09
1.752667953893941164e+09
1.752667953898677349e+09
1.752667953902114391e+09
1.752667953909156084e+09
1.752667953914061785e+09
1.752667953918429613e+09
1.752667953924538612e+09
1.752667953927915096e+09
1.752667953932178020e+09
1.752667953938665628e+09
1.752667953943866730e+09
1.752667953947864294e+09
1.752667953952409029e+09
1.752667953958791494e+09
1.752667953964026928e+09
1.752667953967901945e+09
1.752667953974099159e+09
1.752667953979062557e+09
1.752667953984662771e+09
1.752667953988870621e+09
1.752667953992210627e+09
1.752667953998397350e+09
1.752667954002088785e+09
1.752667954009161234e+09
1.752667954013859987e+09
1.752667954018382549e+09
1.752667954024216413e+09
1.752667954028704882e+09
1.752667954034017563e+09
1.752667954038735390e+09
1.752667954042625904e+09
1.752667954048887253e+09
1.752667954054133415e+09
1.752667954058806896e+09
1.752667954062498808e+09
1.752667954067943573e+09
1.752667954072502613e+09
1.752667954078625679e+09
1.752667954083891869e+09
1.752667954088544846e+09
1.752667954094426394e+09
1.752667954098735332e+09
1.752667954102656841e+09
1.752667954107747555e+09
1.752667954113075256e+09
1.752667954118883133e+09
1.752667954124610662e+09
1.752667954128018379e+09
1.752667954134029388e+09
1.752667954138978958e+09
1.752667954144073248e+09
1.752667954147976398e+09
1.752667954152157784e+09
1.752667954158428907e+09
1.752667954162553072e+09
1.752667954168751955e+09
1.752667954172350645e+09
1.752667954178669214e+09
1.752667954184967756e+09
1.752667954188211441e+09
1.752667954193523407e+09
1.752667954198566198e+09
1.752667954204347372e+09
1.752667954208298206e+09
1.752667954212452173e+09
1.752667954218412876e+09
1.752667954225026846e+09
1.752667954227988720e+09
1.752667954234313726e+09
1.752667954238625050e+09
1.752667954242279053e+09
1.752667954248749971e+09
1.752667954254171371e+09
1.752667954258988857e+09
1.752667954264155626e+09
1.752667954267896891e+09
1.752667954274324894e+09
1.752667954278583050e+09
1.752667954282548189e+09
1.752667954288082838e+09
1.752667954292237997e+09
1.752667954298494101e+09
1.752667954304093122e+09
1.752667954307834625e+09
1.752667954313913107e+09
1.752667954319852591e+09
1.752667954322514057e+09
1.752667954328041553e+09
1.752667954333944082e+09
1.752667954337809324e+09
1.752667954344130516e+09
1.752667954349471331e+09
1.752667954352511644e+09
1.752667954358051538e+09
1.752667954362285137e+09
1.752667954369215012e+09
1.752667954372608662e+09
1.752667954378612041e+09
1.752667954383913994e+09
1.752667954388767481e+09
1.752667954393016338e+09
1.752667954398886442e+09
1.752667954402193546e+09
1.752667954408813000e+09
1.752667954412278891e+09
1.752667954418220997e+09
1.752667954424060583e+09
1.752667954428854704e+09
1.752667954432247639e+09
1.752667954438375473e+09
1.752667954443924904e+09
1.752667954447975874e+09
1.752667954453869343e+09
1.752667954459348202e+09
1.752667954462285280e+09
1.752667954468845367e+09
1.752667954474272490e+09
1.752667954478632450e+09
1.752667954482146025e+09
1.752667954488153696e+09
1.752667954494219065e+09
1.752667954497833014e+09
1.752667954504005432e+09
1.752667954508748055e+09
1.752667954512273312e+09
1.752667954518719673e+09
1.752667954522420406e+09
1.752667954528326035e+09
1.752667954536174536e+09
1.752667954538740635e+09
1.752667954543910503e+09
1.752667954547771454e+09
1.752667954554914713e+09
1.752667954559118986e+09
1.752667954564008474e+09
1.752667954568037033e+09
1.752667954572547674e+09
1.752667954579099894e+09
1.752667954584018946e+09
1.752667954587940454e+09
