2.515801073516005584e-03 1.598936394198017738e-02 8.486143602868275945e-03 9.998329842290866187e-01
2.515801073516005584e-03 1.598936394198017738e-02 8.486143602868275945e-03 9.998329842290866187e-01
2.515801073516005584e-03 1.598936394198017738e-02 8.486143602868275945e-03 9.998329842290866187e-01
2.790063956304920088e-04 1.454249481667125449e-02 8.205398442321126806e-03 9.998605449943213097e-01
2.790063956304920088e-04 1.454249481667125449e-02 8.205398442321126806e-03 9.998605449943213097e-01
2.351434754217132227e-03 1.610380327702688394e-02 8.188099689070612100e-03 9.998340328765036311e-01
2.308832770717594591e-03 1.627496701082031122e-02 8.202493608959452245e-03 9.998312426797977270e-01
2.308832770717594591e-03 1.627496701082031122e-02 8.202493608959452245e-03 9.998312426797977270e-01
2.025387951823017993e-03 1.646382006804146189e-02 8.436088853359677633e-03 9.998268214232253204e-01
1.983879499316479247e-03 1.645172554336945397e-02 8.397962783373928361e-03 9.998274246938153587e-01
2.113004556239008336e-03 1.660266161428102655e-02 8.540100322070788563e-03 9.998234611798004767e-01
2.113004556239008336e-03 1.660266161428102655e-02 8.540100322070788563e-03 9.998234611798004767e-01
2.113004556239008336e-03 1.660266161428102655e-02 8.540100322070788563e-03 9.998234611798004767e-01
2.182277459018429865e-03 1.639294551229188157e-02 8.546575062562544386e-03 9.998267175152016906e-01
3.037496985937304227e-03 1.693597645459970352e-02 8.893070892177595138e-03 9.998124122072582498e-01
3.037496985937304227e-03 1.693597645459970352e-02 8.893070892177595138e-03 9.998124122072582498e-01
2.231541438497752512e-03 1.604469652993064863e-02 8.198969975148538702e-03 9.998351688290512129e-01
2.982040216603541131e-03 1.641271175732288146e-02 8.433615498618611886e-03 9.998252869669476128e-01
2.620180044237656672e-03 1.630843961536526665e-02 8.487239955332523747e-03 9.998275532369511609e-01
2.620180044237656672e-03 1.630843961536526665e-02 8.487239955332523747e-03 9.998275532369511609e-01
2.308557578799265170e-03 1.613275546931632401e-02 8.361495598498110485e-03 9.998322310038963989e-01
2.308557578799265170e-03 1.613275546931632401e-02 8.361495598498110485e-03 9.998322310038963989e-01
2.308557578799265170e-03 1.613275546931632401e-02 8.361495598498110485e-03 9.998322310038963989e-01
2.748441896069719198e-03 1.659900617578802598e-02 8.365255263653758808e-03 9.998234551987135177e-01
2.748441896069719198e-03 1.659900617578802598e-02 8.365255263653758808e-03 9.998234551987135177e-01
3.254306580007931219e-03 1.664266131554224121e-02 8.030673051103566149e-03 9.998239543056396395e-01
3.254306580007931219e-03 1.664266131554224121e-02 8.030673051103566149e-03 9.998239543056396395e-01
2.407412232835261321e-03 1.701728888874940240e-02 8.339365501388308968e-03 9.998175189644620264e-01
2.043648120895719556e-03 1.699771796432406751e-02 8.262925294186585640e-03 9.998192962490501934e-01
2.043648120895719556e-03 1.699771796432406751e-02 8.262925294186585640e-03 9.998192962490501934e-01
2.259307378734697145e-03 1.738007936356526437e-02 8.353917435506839559e-03 9.998115024518198224e-01
2.171895656960099244e-03 1.738032400953595097e-02 8.226349948382912988e-03 9.998127496552069449e-01
2.171895656960099244e-03 1.738032400953595097e-02 8.226349948382912988e-03 9.998127496552069449e-01
2.242013936146533288e-03 1.751800618262076836e-02 8.167971111140176488e-03 9.998106706176042024e-01
2.356576881340231248e-03 1.735618244529094079e-02 8.148044975960571160e-03 9.998133920084276705e-01
2.356576881340231248e-03 1.735618244529094079e-02 8.148044975960571160e-03 9.998133920084276705e-01
2.345223426265027628e-03 1.717601698609433000e-02 8.245516178896208220e-03 9.998157309377152524e-01
2.345223426265027628e-03 1.717601698609433000e-02 8.245516178896208220e-03 9.998157309377152524e-01
2.475856857786892969e-03 1.736475545004344256e-02 8.210500204384629797e-03 9.998124439550518661e-01
2.475856857786892969e-03 1.736475545004344256e-02 8.210500204384629797e-03 9.998124439550518661e-01
2.764098233972637694e-03 1.727583828863741774e-02 8.305698729785112797e-03 9.998124426816200616e-01
2.761263928252564136e-03 1.738242362832017815e-02 8.334284300335014634e-03 9.998103652570948796e-01
2.596947411090537970e-03 1.744616589783053173e-02 8.284228519153594497e-03 9.998101113298724085e-01
2.270923767731809761e-03 1.752334595973705986e-02 8.237476915921271639e-03 9.998099415517313071e-01
2.270923767731809761e-03 1.752334595973705986e-02 8.237476915921271639e-03 9.998099415517313071e-01
2.371441665925427822e-03 1.762808670212450204e-02 8.292623742887420685e-03 9.998074110623037525e-01
2.371441665925427822e-03 1.762808670212450204e-02 8.292623742887420685e-03 9.998074110623037525e-01
2.785214017577153540e-03 1.787598852481306691e-02 8.421716054956798758e-03 9.998008633302067905e-01
3.109793708568789165e-03 1.813815548780940007e-02 8.502652008678862616e-03 9.997944995884952002e-01
3.109793708568789165e-03 1.813815548780940007e-02 8.502652008678862616e-03 9.997944995884952002e-01
2.948748666764833617e-03 1.821603045934706150e-02 8.454457759943315165e-03 9.997939804077586867e-01
1.833180535720127773e-03 1.787018904427485969e-02 8.189945058057089208e-03 9.998050913015953389e-01
1.833180535720127773e-03 1.787018904427485969e-02 8.189945058057089208e-03 9.998050913015953389e-01
3.183436287953872977e-03 1.846888594984917586e-02 8.637020873851953065e-03 9.997870612563440895e-01
3.183436287953872977e-03 1.846888594984917586e-02 8.637020873851953065e-03 9.997870612563440895e-01
1.997654088030552215e-03 1.815440507244926380e-02 8.172237462889231016e-03 9.997998007048511937e-01
2.280183678035255408e-03 1.837315541409475367e-02 8.229959136750534740e-03 9.997947267790180392e-01
2.280183678035255408e-03 1.837315541409475367e-02 8.229959136750534740e-03 9.997947267790180392e-01
1.876192370329579553e-03 1.815253259937848335e-02 8.121844091473809021e-03 9.998004806515007337e-01
1.814578277221962034e-03 1.827807104776963537e-02 8.147431777339762121e-03 9.997980990079358143e-01
1.814578277221962034e-03 1.827807104776963537e-02 8.147431777339762121e-03 9.997980990079358143e-01
1.814578277221962034e-03 1.827807104776963537e-02 8.147431777339762121e-03 9.997980990079358143e-01
2.030259207578277020e-03 1.848459057477049375e-02 8.186998793856399906e-03 9.997935641969208920e-01
2.015783861783296358e-03 1.863076102200350234e-02 8.194785905124025646e-03 9.997908165427069616e-01
1.647021655971339996e-03 1.853251481285937002e-02 8.141521436066662468e-03 9.997937531526599475e-01
2.103256623731654829e-03 1.887432657374850040e-02 8.176384753622721602e-03 9.997862185689113668e-01
2.103256623731654829e-03 1.887432657374850040e-02 8.176384753622721602e-03 9.997862185689113668e-01
2.484376065836175866e-03 1.899511197482982305e-02 8.246622673826505337e-03 9.997824797480213688e-01
2.484376065836175866e-03 1.899511197482982305e-02 8.246622673826505337e-03 9.997824797480213688e-01
2.497616694929656166e-03 1.899654294121405629e-02 8.158563925491742891e-03 9.997831420372127464e-01
2.493787272303230225e-03 1.911436703397858400e-02 8.288025622641054246e-03 9.997798410796295832e-01
2.493787272303230225e-03 1.911436703397858400e-02 8.288025622641054246e-03 9.997798410796295832e-01
2.589155968413781993e-03 1.925217507863863017e-02 8.282868493679977628e-03 9.997769971926885324e-01
4.105285977814816605e-04 1.781537564498820655e-02 8.452181448761383539e-03 9.998054833244592876e-01
4.105285977814816605e-04 1.781537564498820655e-02 8.452181448761383539e-03 9.998054833244592876e-01
2.436745768957508922e-03 1.934393345566053427e-02 8.194972730021411397e-03 9.997763334518749989e-01
2.436745768957508922e-03 1.934393345566053427e-02 8.194972730021411397e-03 9.997763334518749989e-01
2.204873067438855704e-03 1.935850031766865598e-02 8.323131134218501870e-03 9.997755310510104687e-01
2.200457964561341670e-03 1.950247511803598899e-02 8.206185067838059344e-03 9.997737093841031486e-01
-3.814465126550929441e-05 1.795464141008330447e-02 8.419708100558611491e-03 9.998033496204753456e-01
-3.814465126550929441e-05 1.795464141008330447e-02 8.419708100558611491e-03 9.998033496204753456e-01
-3.072602821569066266e-04 1.778105311744796607e-02 8.157083670087226027e-03 9.998085825432549978e-01
-3.072602821569066266e-04 1.778105311744796607e-02 8.157083670087226027e-03 9.998085825432549978e-01
-6.927000543147812206e-05 1.807039838110877095e-02 8.281311229862134068e-03 9.998024183749150140e-01
-4.504799532855287432e-04 1.793133018147577765e-02 8.021411212031905047e-03 9.998069420782704775e-01
-4.504799532855287432e-04 1.793133018147577765e-02 8.021411212031905047e-03 9.998069420782704775e-01
-4.504799532855287432e-04 1.793133018147577765e-02 8.021411212031905047e-03 9.998069420782704775e-01
-4.517903605148922814e-04 1.769646984365493697e-02 7.493409422683958501e-03 9.998152227565685335e-01
-4.517903605148922814e-04 1.769646984365493697e-02 7.493409422683958501e-03 9.998152227565685335e-01
-6.172352164863191548e-04 1.780584189933183750e-02 7.367921300279696439e-03 9.998141251005890906e-01
-6.172352164863191548e-04 1.780584189933183750e-02 7.367921300279696439e-03 9.998141251005890906e-01
-4.635366068676977113e-04 1.795535556520384129e-02 7.771708901815948742e-03 9.998084771000327331e-01
-1.115043809338005492e-03 1.718457950314282792e-02 8.612994864322940161e-03 9.998146144281301329e-01
-4.086443334545939061e-04 1.783855128706605259e-02 7.995812852543301291e-03 9.998088247633217795e-01
-4.086443334545939061e-04 1.783855128706605259e-02 7.995812852543301291e-03 9.998088247633217795e-01
2.042083991516834007e-03 1.923191570558233782e-02 7.352357427825298095e-03 9.997859301628116979e-01
2.042083991516834007e-03 1.923191570558233782e-02 7.352357427825298095e-03 9.997859301628116979e-01
-2.019183863063254026e-04 1.722245146119550166e-02 9.026322690866041276e-03 9.998109180706682420e-01
