1.295022666454315186e-04 -6.073477720747177955e-08 3.783175945281982422e-01
2.587549388408660889e-04 -2.572307494119741023e-05 3.716531395912170410e-01
3.048088401556015015e-04 -1.057783010764978826e-04 3.652424514293670654e-01
2.455506473779678345e-04 -2.600706939119845629e-04 3.595122396945953369e-01
8.103437721729278564e-05 -4.697138792835175991e-04 3.544212877750396729e-01
-1.346860080957412720e-04 -7.460838533006608486e-04 3.498342931270599365e-01
-3.667157143354415894e-04 -1.092036138288676739e-03 3.456848859786987305e-01
-6.159245967864990234e-04 -1.504647196270525455e-03 3.419786393642425537e-01
-8.818935602903366089e-04 -1.981047214940190315e-03 3.387130498886108398e-01
-1.152943819761276245e-03 -2.517790300771594048e-03 3.357897102832794189e-01
-1.422259956598281860e-03 -3.110864898189902306e-03 3.331476151943206787e-01
-1.690579578280448914e-03 -3.757474478334188461e-03 3.307892382144927979e-01
-1.957712695002555847e-03 -4.455568268895149231e-03 3.287167549133300781e-01
-2.221871167421340942e-03 -5.208804737776517868e-03 3.268617093563079834e-01
-2.482185140252113342e-03 -6.017523352056741714e-03 3.251842260360717773e-01
-2.739679068326950073e-03 -6.879591383039951324e-03 3.236871063709259033e-01
-2.994865179061889648e-03 -7.793290540575981140e-03 3.223737776279449463e-01
-3.249010071158409119e-03 -8.762304671108722687e-03 3.212085366249084473e-01
-3.504401072859764099e-03 -9.786745533347129822e-03 3.201678693294525146e-01
-3.760701045393943787e-03 -1.086518168449401855e-02 3.192602396011352539e-01
-4.019547253847122192e-03 -1.199513860046863556e-02 3.184834420680999756e-01
-4.280930384993553162e-03 -1.318115834146738052e-02 3.178187608718872070e-01
-4.546243697404861450e-03 -1.442375592887401581e-02 3.172521293163299561e-01
-4.815921187400817871e-03 -1.572054810822010040e-02 3.167854547500610352e-01
-5.090659484267234802e-03 -1.706934347748756409e-02 3.164182305335998535e-01
-5.368903279304504395e-03 -1.847293041646480560e-02 3.161359429359436035e-01
-5.649910308420658112e-03 -1.993110775947570801e-02 3.159307539463043213e-01
-5.933879874646663666e-03 -2.144037187099456787e-02 3.157984316349029541e-01
-6.221044808626174927e-03 -2.299842797219753265e-02 3.157397508621215820e-01
-6.507623940706253052e-03 -2.460516616702079773e-02 3.157467544078826904e-01
-6.790868937969207764e-03 -2.625854499638080597e-02 3.158122003078460693e-01
-7.070447318255901337e-03 -2.795507386326789856e-02 3.159317374229431152e-01
-7.345562800765037537e-03 -2.969244867563247681e-02 3.161033987998962402e-01
-7.612843997776508331e-03 -3.146952018141746521e-02 3.163264393806457520e-01
-7.870215922594070435e-03 -3.328363224864006042e-02 3.165958523750305176e-01
-8.117150515317916870e-03 -3.513129055500030518e-02 3.169086277484893799e-01
-8.353359997272491455e-03 -3.700951114296913147e-02 3.172594904899597168e-01
-8.576245978474617004e-03 -3.891640529036521912e-02 3.176494836807250977e-01
-8.784307166934013367e-03 -4.084846377372741699e-02 3.180757761001586914e-01
-8.976971730589866638e-03 -4.280231520533561707e-02 3.185337185859680176e-01
-9.153719991445541382e-03 -4.477519541978836060e-02 3.190188407897949219e-01
-9.313251823186874390e-03 -4.676480218768119812e-02 3.195337355136871338e-01
-9.454622864723205566e-03 -4.876781255006790161e-02 3.200762569904327393e-01
-9.576937183737754822e-03 -5.078137665987014771e-02 3.206430375576019287e-01
-9.680210612714290619e-03 -5.280227586627006531e-02 3.212264478206634521e-01
-9.763769805431365967e-03 -5.482886359095573425e-02 3.218325972557067871e-01
-9.827429428696632385e-03 -5.685785040259361267e-02 3.224607110023498535e-01
-9.870804846286773682e-03 -5.888618156313896179e-02 3.231052458286285400e-01
-9.893245995044708252e-03 -6.091300025582313538e-02 3.237652480602264404e-01
-9.896738454699516296e-03 -6.293664127588272095e-02 3.244455158710479736e-01
-9.883068501949310303e-03 -6.495650112628936768e-02 3.251492381095886230e-01
-9.852223098278045654e-03 -6.697130203247070312e-02 3.258728086948394775e-01
-9.805466979742050171e-03 -6.898094713687896729e-02 3.266119360923767090e-01
-9.745351970195770264e-03 -7.098630815744400024e-02 3.273767232894897461e-01
-9.674856439232826233e-03 -7.298871874809265137e-02 3.281697928905487061e-01
-9.595453739166259766e-03 -7.499000430107116699e-02 3.289885222911834717e-01
-9.508352726697921753e-03 -7.699167728424072266e-02 3.298302590847015381e-01
-9.416540153324604034e-03 -7.899243384599685669e-02 3.306986987590789795e-01
-9.323475882411003113e-03 -8.099342882633209229e-02 3.315925598144531250e-01
-9.230608120560646057e-03 -8.299703150987625122e-02 3.325057625770568848e-01
-9.138108231127262115e-03 -8.500527590513229370e-02 3.334366977214813232e-01
-9.049685671925544739e-03 -8.701565116643905640e-02 3.343801796436309814e-01
-8.967127650976181030e-03 -8.902834355831146240e-02 3.353342413902282715e-01
-8.890138939023017883e-03 -9.104489535093307495e-02 3.362928330898284912e-01
-8.818240836262702942e-03 -9.306634217500686646e-02 3.372504115104675293e-01
-8.752856403589248657e-03 -9.509108960628509521e-02 3.382014632225036621e-01
-8.693885058164596558e-03 -9.711851924657821655e-02 3.391429483890533447e-01
-8.640410378575325012e-03 -9.914866089820861816e-02 3.400658071041107178e-01
-8.591024205088615417e-03 -1.011821329593658447e-01 3.409648835659027100e-01
-8.544444106519222260e-03 -1.032185405492782593e-01 3.418365418910980225e-01
-8.498931303620338440e-03 -1.052576079964637756e-01 3.426789343357086182e-01
-8.452501147985458374e-03 -1.073012128472328186e-01 3.434919416904449463e-01
-8.404416963458061218e-03 -1.093505918979644775e-01 3.442689180374145508e-01
-8.354244753718376160e-03 -1.114067286252975464e-01 3.450193405151367188e-01
-8.301551453769207001e-03 -1.134712547063827515e-01 3.457470238208770752e-01
-8.246369659900665283e-03 -1.155446320772171021e-01 3.464424312114715576e-01
-8.188134059309959412e-03 -1.176274567842483521e-01 3.470992445945739746e-01
-8.127722889184951782e-03 -1.197182238101959229e-01 3.477303087711334229e-01
-8.065957576036453247e-03 -1.218165308237075806e-01 3.483411073684692383e-01
-8.002558723092079163e-03 -1.239229887723922729e-01 3.489263057708740234e-01
-7.937370799481868744e-03 -1.260372102260589600e-01 3.494789004325866699e-01
-7.869858294725418091e-03 -1.281590908765792847e-01 3.500100672245025635e-01
-7.799506187438964844e-03 -1.302882730960845947e-01 3.505278229713439941e-01
-7.726201787590980530e-03 -1.324248015880584717e-01 3.510305285453796387e-01
-7.649969309568405151e-03 -1.345685273408889771e-01 3.515159487724304199e-01
-7.570937275886535645e-03 -1.367212086915969849e-01 3.519815802574157715e-01
-7.487538270652294159e-03 -1.388848572969436646e-01 3.524337410926818848e-01
-7.395139895379543304e-03 -1.410602033138275146e-01 3.529079854488372803e-01
-7.294394075870513916e-03 -1.432515382766723633e-01 3.534036576747894287e-01
-7.194088771939277649e-03 -1.454575806856155396e-01 3.539174795150756836e-01
-7.100503891706466675e-03 -1.476872712373733521e-01 3.544635176658630371e-01
-7.013569585978984833e-03 -1.499495357275009155e-01 3.550425767898559570e-01
-6.934281438589096069e-03 -1.522470563650131226e-01 3.556455075740814209e-01
-6.867598742246627808e-03 -1.545660793781280518e-01 3.562563359737396240e-01
-6.816973909735679626e-03 -1.569052040576934814e-01 3.568567335605621338e-01
-6.780881434679031372e-03 -1.592763662338256836e-01 3.574483096599578857e-01
-6.759940646588802338e-03 -1.616851687431335449e-01 3.580124676227569580e-01
-6.746977567672729492e-03 -1.641159802675247192e-01 3.585511147975921631e-01
-6.739880889654159546e-03 -1.665656268596649170e-01 3.590415418148040771e-01
-6.738241761922836304e-03 -1.690458208322525024e-01 3.594773113727569580e-01
-6.743086501955986023e-03 -1.715631037950515747e-01 3.598399460315704346e-01
-6.744148209691047668e-03 -1.741060614585876465e-01 3.601604700088500977e-01
-6.739037111401557922e-03 -1.766714304685592651e-01 3.604233562946319580e-01
-6.732243113219738007e-03 -1.792659163475036621e-01 3.606111407279968262e-01
-6.725916638970375061e-03 -1.818912178277969360e-01 3.607244193553924561e-01
-6.717549636960029602e-03 -1.845545917749404907e-01 3.608162999153137207e-01
-6.707518361508846283e-03 -1.872520595788955688e-01 3.609121739864349365e-01
-6.694117560982704163e-03 -1.899739801883697510e-01 3.610102236270904541e-01
-6.676532328128814697e-03 -1.927129775285720825e-01 3.611107766628265381e-01
-6.663197651505470276e-03 -1.954741477966308594e-01 3.612357676029205322e-01
-6.657718680799007416e-03 -1.982447355985641479e-01 3.614166378974914551e-01
-6.659360602498054504e-03 -2.010206431150436401e-01 3.616457879543304443e-01
-6.667119450867176056e-03 -2.037997692823410034e-01 3.619180023670196533e-01
-6.681858561933040619e-03 -2.065865993499755859e-01 3.622380793094635010e-01
-6.703727878630161285e-03 -2.093800604343414307e-01 3.626058995723724365e-01
-6.731506437063217163e-03 -2.121760547161102295e-01 3.630139231681823730e-01
-6.763755343854427338e-03 -2.149707674980163574e-01 3.634562790393829346e-01
-6.800829432904720306e-03 -2.177624702453613281e-01 3.639123737812042236e-01
-6.842453964054584503e-03 -2.205484658479690552e-01 3.643696308135986328e-01
-6.887822411954402924e-03 -2.233259975910186768e-01 3.648214638233184814e-01
-6.935955025255680084e-03 -2.260928303003311157e-01 3.652615845203399658e-01
-6.985254585742950439e-03 -2.288380712270736694e-01 3.656803965568542480e-01
-7.034162059426307678e-03 -2.315573394298553467e-01 3.660769164562225342e-01
-7.081551477313041687e-03 -2.342523485422134399e-01 3.664527237415313721e-01
-7.126605138182640076e-03 -2.369245290756225586e-01 3.668076992034912109e-01
-7.167625240981578827e-03 -2.395688295364379883e-01 3.671350479125976562e-01
-7.203931920230388641e-03 -2.421870678663253784e-01 3.674398660659790039e-01
-7.235123775899410248e-03 -2.447842061519622803e-01 3.677277266979217529e-01
-7.260903716087341309e-03 -2.473632693290710449e-01 3.680001199245452881e-01
-7.282732054591178894e-03 -2.499207258224487305e-01 3.682566285133361816e-01
-7.301731035113334656e-03 -2.524587512016296387e-01 3.685019612312316895e-01
-7.317726500332355499e-03 -2.549825012683868408e-01 3.687381744384765625e-01
-7.330393418669700623e-03 -2.574955523014068604e-01 3.689644932746887207e-01
-7.340541109442710876e-03 -2.599929571151733398e-01 3.691756427288055420e-01
-7.348884828388690948e-03 -2.624766528606414795e-01 3.693729341030120850e-01
-7.355260662734508514e-03 -2.649524509906768799e-01 3.695575594902038574e-01
-7.359376177191734314e-03 -2.674241662025451660e-01 3.697290718555450439e-01
-7.361279800534248352e-03 -2.698870003223419189e-01 3.698834180831909180e-01
-7.361748255789279938e-03 -2.723439335823059082e-01 3.700268566608428955e-01
-7.360806688666343689e-03 -2.748001515865325928e-01 3.701615333557128906e-01
-7.358398288488388062e-03 -2.772594988346099854e-01 3.702885210514068604e-01
-7.353661581873893738e-03 -2.797171175479888916e-01 3.704059123992919922e-01
-7.346427068114280701e-03 -2.821741998195648193e-01 3.705140352249145508e-01
-7.337043993175029755e-03 -2.846360802650451660e-01 3.706135749816894531e-01
-7.325786165893077850e-03 -2.871061861515045166e-01 3.707036972045898438e-01
-7.311083376407623291e-03 -2.895820140838623047e-01 3.707854449748992920e-01
-7.292670197784900665e-03 -2.920650541782379150e-01 3.708597123622894287e-01
-7.271328940987586975e-03 -2.945596277713775635e-01 3.709248006343841553e-01
-7.247820496559143066e-03 -2.970687448978424072e-01 3.709788918495178223e-01
-7.220892235636711121e-03 -2.995895147323608398e-01 3.710265457630157471e-01
-7.190406322479248047e-03 -3.021226823329925537e-01 3.710698187351226807e-01
-7.157535292208194733e-03 -3.046717941761016846e-01 3.711054921150207520e-01
-7.123388350009918213e-03 -3.072396516799926758e-01 3.711302280426025391e-01
-7.086567580699920654e-03 -3.098222017288208008e-01 3.711473345756530762e-01
-7.047086954116821289e-03 -3.124192655086517334e-01 3.711580336093902588e-01
-7.006201893091201782e-03 -3.150338530540466309e-01 3.711579442024230957e-01
-6.965287029743194580e-03 -3.176686465740203857e-01 3.711423575878143311e-01
-6.923487409949302673e-03 -3.203184306621551514e-01 3.711178898811340332e-01
-6.880920380353927612e-03 -3.229806423187255859e-01 3.710868656635284424e-01
-6.838638335466384888e-03 -3.256572782993316650e-01 3.710458278656005859e-01
-6.797783076763153076e-03 -3.283498883247375488e-01 3.709900081157684326e-01
-6.759501062333583832e-03 -3.310534358024597168e-01 3.709253966808319092e-01
-6.724543869495391846e-03 -3.337636590003967285e-01 3.708549737930297852e-01
-6.693251430988311768e-03 -3.364796936511993408e-01 3.707778453826904297e-01
-6.666090339422225952e-03 -3.391999900341033936e-01 3.706935942173004150e-01
-6.645090878009796143e-03 -3.419216871261596680e-01 3.706128001213073730e-01
-6.631204858422279358e-03 -3.446398377418518066e-01 3.705443143844604492e-01
-6.624819710850715637e-03 -3.473505079746246338e-01 3.704902529716491699e-01
-6.628898903727531433e-03 -3.500534892082214355e-01 3.704351484775543213e-01
-6.643633358180522919e-03 -3.527548611164093018e-01 3.703904151916503906e-01
-6.669942289590835571e-03 -3.554573655128479004e-01 3.703574836254119873e-01
-6.707731634378433228e-03 -3.581604361534118652e-01 3.703351020812988281e-01
-6.757427938282489777e-03 -3.608637750148773193e-01 3.703184127807617188e-01
-6.816020235419273376e-03 -3.635720610618591309e-01 3.703180253505706787e-01
-6.882407702505588531e-03 -3.662866353988647461e-01 3.703333139419555664e-01
-6.956803612411022186e-03 -3.690069317817687988e-01 3.703601062297821045e-01
-7.039314135909080505e-03 -3.717322647571563721e-01 3.703928589820861816e-01
-7.125720381736755371e-03 -3.744666278362274170e-01 3.704438209533691406e-01
-7.214805111289024353e-03 -3.772113323211669922e-01 3.705090582370758057e-01
-7.307224906980991364e-03 -3.799657821655273438e-01 3.705832958221435547e-01
-7.403983734548091888e-03 -3.827294111251831055e-01 3.706596195697784424e-01
-7.501310668885707855e-03 -3.855085968971252441e-01 3.707486689090728760e-01
-7.599567994475364685e-03 -3.883057236671447754e-01 3.708428442478179932e-01
-7.704257033765316010e-03 -3.911186456680297852e-01 3.709298074245452881e-01
-7.817042991518974304e-03 -3.939433693885803223e-01 3.710255324840545654e-01
-7.943098433315753937e-03 -3.967881500720977783e-01 3.711314499378204346e-01
-8.083080872893333435e-03 -3.996439576148986816e-01 3.712663948535919189e-01
-8.234762586653232574e-03 -4.025045037269592285e-01 3.714400231838226318e-01
-8.398199453949928284e-03 -4.053691625595092773e-01 3.716444373130798340e-01
-8.579963818192481995e-03 -4.082404971122741699e-01 3.718712031841278076e-01
-8.781868964433670044e-03 -4.111218750476837158e-01 3.721201419830322266e-01
-9.000862017273902893e-03 -4.140141606330871582e-01 3.723968565464019775e-01
-9.235052391886711121e-03 -4.169166386127471924e-01 3.726956546306610107e-01
-9.481247514486312866e-03 -4.198192656040191650e-01 3.730037212371826172e-01
-9.736480191349983215e-03 -4.227168858051300049e-01 3.733135759830474854e-01
-9.998034685850143433e-03 -4.256095290184020996e-01 3.736240863800048828e-01
-1.026381179690361023e-02 -4.284970462322235107e-01 3.739314675331115723e-01
-1.052834838628768921e-02 -4.313646852970123291e-01 3.742249310016632080e-01
-1.078659947961568832e-02 -4.342130720615386963e-01 3.745127618312835693e-01
-1.103588566184043884e-02 -4.370503723621368408e-01 3.748027086257934570e-01
-1.127419248223304749e-02 -4.398815035820007324e-01 3.750954866409301758e-01
-1.150203403085470200e-02 -4.427025020122528076e-01 3.753877580165863037e-01
-1.171920262277126312e-02 -4.455166459083557129e-01 3.756835460662841797e-01
-1.192428544163703918e-02 -4.483301043510437012e-01 3.759832084178924561e-01
-1.211607363075017929e-02 -4.511466026306152344e-01 3.762839734554290771e-01
-1.229593716561794281e-02 -4.539586603641510010e-01 3.765796124935150146e-01
-1.246472168713808060e-02 -4.567671418190002441e-01 3.768682181835174561e-01
-1.262203510850667953e-02 -4.595786333084106445e-01 3.771463632583618164e-01
-1.276738569140434265e-02 -4.623971879482269287e-01 3.774098157882690430e-01
-1.290036272257566452e-02 -4.652141332626342773e-01 3.776552081108093262e-01
-1.302125025540590286e-02 -4.680304527282714844e-01 3.778791427612304688e-01
-1.313073374330997467e-02 -4.708536863327026367e-01 3.780765235424041748e-01
-1.322946790605783463e-02 -4.736891388893127441e-01 3.782434463500976562e-01
-1.331657171249389648e-02 -4.765263497829437256e-01 3.783819079399108887e-01
-1.339261140674352646e-02 -4.793665111064910889e-01 3.784880936145782471e-01
-1.345907803624868393e-02 -4.822191298007965088e-01 3.785545825958251953e-01
-1.351787056773900986e-02 -4.850911796092987061e-01 3.785774111747741699e-01
-1.356895454227924347e-02 -4.879730045795440674e-01 3.785683810710906982e-01
-1.361313462257385254e-02 -4.908674955368041992e-01 3.785202801227569580e-01
-1.365238241851329803e-02 -4.937847256660461426e-01 3.784200549125671387e-01
-1.368889957666397095e-02 -4.967314302921295166e-01 3.782634735107421875e-01
-1.372341252863407135e-02 -4.997019469738006592e-01 3.780677318572998047e-01
-1.376245077699422836e-02 -5.026969909667968750e-01 3.778390884399414062e-01
-1.380390301346778870e-02 -5.057193636894226074e-01 3.775766491889953613e-01
-1.384799089282751083e-02 -5.087715387344360352e-01 3.772800266742706299e-01
-1.389784365892410278e-02 -5.118537545204162598e-01 3.769824504852294922e-01
-1.395279262214899063e-02 -5.149553418159484863e-01 3.767129778861999512e-01
-1.401011087000370026e-02 -5.180652141571044922e-01 3.764777779579162598e-01
-1.406971272081136703e-02 -5.211718678474426270e-01 3.762895464897155762e-01
-1.413341797888278961e-02 -5.242812037467956543e-01 3.761607408523559570e-01
-1.420177519321441650e-02 -5.273960232734680176e-01 3.760923147201538086e-01
-1.427470892667770386e-02 -5.305128693580627441e-01 3.760785162448883057e-01
-1.435218006372451782e-02 -5.336293578147888184e-01 3.761142790317535400e-01
-1.443504914641380310e-02 -5.367468595504760742e-01 3.761998713016510010e-01
-1.452390663325786591e-02 -5.398636460304260254e-01 3.763343095779418945e-01
-1.461857557296752930e-02 -5.429758429527282715e-01 3.765131533145904541e-01
-1.471875794231891632e-02 -5.460799336433410645e-01 3.767333030700683594e-01
-1.482254359871149063e-02 -5.491744279861450195e-01 3.769963681697845459e-01
-1.493157912045717239e-02 -5.522566437721252441e-01 3.772817552089691162e-01
-1.504595205187797546e-02 -5.553230643272399902e-01 3.775792121887207031e-01
-1.516591757535934448e-02 -5.583713054656982422e-01 3.778814673423767090e-01
-1.529164612293243408e-02 -5.613920688629150391e-01 3.781625926494598389e-01
-1.542286016047000885e-02 -5.643800497055053711e-01 3.784097433090209961e-01
-1.555790752172470093e-02 -5.673361420631408691e-01 3.786284327507019043e-01
-1.569523289799690247e-02 -5.702615380287170410e-01 3.788217306137084961e-01
-1.583520323038101196e-02 -5.731536746025085449e-01 3.789845407009124756e-01
-1.597644016146659851e-02 -5.760152339935302734e-01 3.791269361972808838e-01
-1.611672341823577881e-02 -5.788501501083374023e-01 3.792580068111419678e-01
-1.625423692166805267e-02 -5.816602706909179688e-01 3.793812394142150879e-01
-1.639159955084323883e-02 -5.844427943229675293e-01 3.794966042041778564e-01
-1.652956753969192505e-02 -5.871990919113159180e-01 3.796089887619018555e-01
-1.666635088622570038e-02 -5.899333357810974121e-01 3.797200918197631836e-01
-1.680022478103637695e-02 -5.926477909088134766e-01 3.798294663429260254e-01
-1.693152263760566711e-02 -5.953406691551208496e-01 3.799276351928710938e-01
-1.705984771251678467e-02 -5.980143547058105469e-01 3.800138533115386963e-01
-1.718411967158317566e-02 -6.006725430488586426e-01 3.800897598266601562e-01
-1.730335317552089691e-02 -6.033183336257934570e-01 3.801552057266235352e-01
-1.741813309490680695e-02 -6.059487462043762207e-01 3.802052438259124756e-01
-1.752889528870582581e-02 -6.085651516914367676e-01 3.802408874034881592e-01
-1.763510890305042267e-02 -6.111721396446228027e-01 3.802644610404968262e-01
-1.773643493652343750e-02 -6.137723922729492188e-01 3.802757859230041504e-01
-1.783296465873718262e-02 -6.163628697395324707e-01 3.802724480628967285e-01
-1.792520657181739807e-02 -6.189446449279785156e-01 3.802564740180969238e-01
-1.801318675279617310e-02 -6.215224862098693848e-01 3.802297711372375488e-01
-1.809695921838283539e-02 -6.240999698638916016e-01 3.801925778388977051e-01
-1.817564666271209717e-02 -6.266736388206481934e-01 3.801441490650177002e-01
-1.824929751455783844e-02 -6.292452216148376465e-01 3.800861537456512451e-01
-1.831869781017303467e-02 -6.318198442459106445e-01 3.800190091133117676e-01
-1.838430948555469513e-02 -6.344010233879089355e-01 3.799435496330261230e-01
-1.844454742968082428e-02 -6.369860768318176270e-01 3.798600137233734131e-01
-1.849925890564918518e-02 -6.395770311355590820e-01 3.797684013843536377e-01
-1.854985579848289490e-02 -6.421791315078735352e-01 3.796681761741638184e-01
-1.859758608043193817e-02 -6.447961330413818359e-01 3.795591890811920166e-01
-1.864088326692581177e-02 -6.474248766899108887e-01 3.794422149658203125e-01
-1.868052221834659576e-02 -6.500676274299621582e-01 3.793155252933502197e-01
-1.871973089873790741e-02 -6.527294516563415527e-01 3.791915774345397949e-01
-1.875838637351989746e-02 -6.554107666015625000e-01 3.790673911571502686e-01
-1.879602298140525818e-02 -6.581069231033325195e-01 3.789438903331756592e-01
-1.883284002542495728e-02 -6.608163714408874512e-01 3.788210749626159668e-01
-1.886986382305622101e-02 -6.635415554046630859e-01 3.786961138248443604e-01
-1.890811696648597717e-02 -6.662843227386474609e-01 3.785656392574310303e-01
-1.894672401249408722e-02 -6.690388917922973633e-01 3.784279525279998779e-01
-1.898541115224361420e-02 -6.718026399612426758e-01 3.782827258110046387e-01
-1.902492158114910126e-02 -6.745765209197998047e-01 3.781276941299438477e-01
-1.906592957675457001e-02 -6.773617267608642578e-01 3.779604434967041016e-01
-1.910970918834209442e-02 -6.801517605781555176e-01 3.777880072593688965e-01
-1.915666647255420685e-02 -6.829416751861572266e-01 3.776151239871978760e-01
-1.920665986835956573e-02 -6.857292056083679199e-01 3.774429559707641602e-01
-1.925973035395145416e-02 -6.885127425193786621e-01 3.772733211517333984e-01
-1.931805349886417389e-02 -6.912900209426879883e-01 3.771216273307800293e-01
-1.938343048095703125e-02 -6.940578222274780273e-01 3.769915401935577393e-01
-1.945806853473186493e-02 -6.968156695365905762e-01 3.768674731254577637e-01
-1.954234018921852112e-02 -6.995645165443420410e-01 3.767479360103607178e-01
-1.963657885789871216e-02 -7.023099064826965332e-01 3.766412734985351562e-01
-1.974106393754482269e-02 -7.050536274909973145e-01 3.765493929386138916e-01
-1.985580846667289734e-02 -7.077962756156921387e-01 3.764702379703521729e-01
-1.998110115528106689e-02 -7.105374932289123535e-01 3.763973414897918701e-01
-2.011432498693466187e-02 -7.132804989814758301e-01 3.763444423675537109e-01
-2.025500871241092682e-02 -7.160270214080810547e-01 3.763081431388854980e-01
-2.040315419435501099e-02 -7.187766432762145996e-01 3.762852847576141357e-01
-2.055911719799041748e-02 -7.215292453765869141e-01 3.762688636779785156e-01
-2.071896381676197052e-02 -7.242902517318725586e-01 3.762732148170471191e-01
-2.088198252022266388e-02 -7.270620465278625488e-01 3.762937486171722412e-01
-2.104920148849487305e-02 -7.298435568809509277e-01 3.763207197189331055e-01
-2.122153528034687042e-02 -7.326338887214660645e-01 3.763483464717864990e-01
-2.139833010733127594e-02 -7.354410886764526367e-01 3.763895630836486816e-01
-2.158358879387378693e-02 -7.382654547691345215e-01 3.764615356922149658e-01
-2.177214063704013824e-02 -7.411016821861267090e-01 3.765755891799926758e-01
-2.196200564503669739e-02 -7.439436912536621094e-01 3.767313957214355469e-01
-2.215494215488433838e-02 -7.467904090881347656e-01 3.769198358058929443e-01
-2.235359698534011841e-02 -7.496423125267028809e-01 3.771232068538665771e-01
-2.255756966769695282e-02 -7.524950504302978516e-01 3.773367106914520264e-01
-2.276637777686119080e-02 -7.553463578224182129e-01 3.775545060634613037e-01
-2.298327721655368805e-02 -7.581830024719238281e-01 3.777528703212738037e-01
-2.320824377238750458e-02 -7.610015273094177246e-01 3.779326975345611572e-01
-2.343899756669998169e-02 -7.638051509857177734e-01 3.781016767024993896e-01
-2.367353811860084534e-02 -7.665953636169433594e-01 3.782628178596496582e-01
-2.390693873167037964e-02 -7.693614363670349121e-01 3.784129321575164795e-01
-2.413674443960189819e-02 -7.721059322357177734e-01 3.785659074783325195e-01
-2.436194196343421936e-02 -7.748377919197082520e-01 3.787302076816558838e-01
-2.458130568265914917e-02 -7.775622010231018066e-01 3.789068758487701416e-01
-2.479221113026142120e-02 -7.802745699882507324e-01 3.790875673294067383e-01
-2.499357983469963074e-02 -7.829776406288146973e-01 3.792731761932373047e-01
-2.518504858016967773e-02 -7.856777310371398926e-01 3.794637024402618408e-01
-2.536586672067642212e-02 -7.883794307708740234e-01 3.796560466289520264e-01
-2.553503960371017456e-02 -7.910747528076171875e-01 3.798415958881378174e-01
-2.569259330630302429e-02 -7.937645912170410156e-01 3.800163269042968750e-01
-2.583878114819526672e-02 -7.964557409286499023e-01 3.801777064800262451e-01
-2.597361803054809570e-02 -7.991526722908020020e-01 3.803219199180603027e-01
-2.609621547162532806e-02 -8.018462657928466797e-01 3.804457485675811768e-01
-2.620688267052173615e-02 -8.045375943183898926e-01 3.805455565452575684e-01
-2.630643174052238464e-02 -8.072341084480285645e-01 3.806160092353820801e-01
-2.639565058052539825e-02 -8.099421858787536621e-01 3.806536495685577393e-01
-2.647460438311100006e-02 -8.126516938209533691e-01 3.806645274162292480e-01
-2.654384449124336243e-02 -8.153650760650634766e-01 3.806438446044921875e-01
-2.660474553704261780e-02 -8.180916309356689453e-01 3.805832862854003906e-01
-2.665872499346733093e-02 -8.208383321762084961e-01 3.804793655872344971e-01
-2.670650184154510498e-02 -8.236001133918762207e-01 3.803455829620361328e-01
-2.675700560212135315e-02 -8.263821005821228027e-01 3.801824748516082764e-01
-2.680846862494945526e-02 -8.291881084442138672e-01 3.799962997436523438e-01
-2.686098963022232056e-02 -8.320222496986389160e-01 3.797859549522399902e-01
-2.691536210477352142e-02 -8.348845243453979492e-01 3.795590996742248535e-01
-2.697210013866424561e-02 -8.377738595008850098e-01 3.793161511421203613e-01
-2.703139372169971466e-02 -8.406903743743896484e-01 3.790567517280578613e-01
-2.709401026368141174e-02 -8.436329364776611328e-01 3.787838220596313477e-01
-2.716351300477981567e-02 -8.466005325317382812e-01 3.785146772861480713e-01
-2.724171802401542664e-02 -8.495877385139465332e-01 3.782598674297332764e-01
-2.732909470796585083e-02 -8.525814414024353027e-01 3.780372142791748047e-01
-2.742785774171352386e-02 -8.555832505226135254e-01 3.778534829616546631e-01
-2.753538452088832855e-02 -8.585958480834960938e-01 3.777348399162292480e-01
-2.765063196420669556e-02 -8.616197705268859863e-01 3.776872456073760986e-01
-2.777342498302459717e-02 -8.646531105041503906e-01 3.777042329311370850e-01
-2.790336310863494873e-02 -8.676946163177490234e-01 3.777799010276794434e-01
-2.803847007453441620e-02 -8.707467317581176758e-01 3.779117166996002197e-01
-2.817752957344055176e-02 -8.738085627555847168e-01 3.780962526798248291e-01
-2.832038700580596924e-02 -8.768770694732666016e-01 3.783275783061981201e-01
-2.846650779247283936e-02 -8.799489736557006836e-01 3.786007165908813477e-01
-2.861478179693222046e-02 -8.830237984657287598e-01 3.789130449295043945e-01
-2.876514196395874023e-02 -8.860976099967956543e-01 3.792591691017150879e-01
-2.891877107322216034e-02 -8.891665935516357422e-01 3.796209394931793213e-01
-2.907569520175457001e-02 -8.922279477119445801e-01 3.799885213375091553e-01
-2.923666685819625854e-02 -8.952733874320983887e-01 3.803294897079467773e-01
-2.940210700035095215e-02 -8.982945084571838379e-01 3.806230425834655762e-01
-2.957114018499851227e-02 -9.012895822525024414e-01 3.808692693710327148e-01
-2.974325604736804962e-02 -9.042577147483825684e-01 3.810681402683258057e-01
-2.992041036486625671e-02 -9.071921706199645996e-01 3.812225461006164551e-01
-3.010226786136627197e-02 -9.100942015647888184e-01 3.813495635986328125e-01
-3.028682991862297058e-02 -9.129679203033447266e-01 3.814616203308105469e-01
-3.047239966690540314e-02 -9.158153533935546875e-01 3.815638124942779541e-01
-3.066014684736728668e-02 -9.186338782310485840e-01 3.816567063331604004e-01
-3.085017204284667969e-02 -9.214258193969726562e-01 3.817464113235473633e-01
-3.104070946574211121e-02 -9.241945743560791016e-01 3.818366229534149170e-01
-3.123024106025695801e-02 -9.269427061080932617e-01 3.819275796413421631e-01
-3.141839802265167236e-02 -9.296694993972778320e-01 3.820090293884277344e-01
-3.160465136170387268e-02 -9.323769211769104004e-01 3.820795416831970215e-01
-3.178785741329193115e-02 -9.350687861442565918e-01 3.821411728858947754e-01
-3.196702897548675537e-02 -9.377475976943969727e-01 3.821939527988433838e-01
-3.214272111654281616e-02 -9.404110312461853027e-01 3.822316229343414307e-01
-3.231518715620040894e-02 -9.430606365203857422e-01 3.822548389434814453e-01
-3.248403966426849365e-02 -9.456999897956848145e-01 3.822651207447052002e-01
-3.264863044023513794e-02 -9.483324885368347168e-01 3.822627663612365723e-01
-3.280936181545257568e-02 -9.509542584419250488e-01 3.822445571422576904e-01
-3.296682238578796387e-02 -9.535664916038513184e-01 3.822120428085327148e-01
-3.312092274427413940e-02 -9.561740756034851074e-01 3.821674287319183350e-01
-3.327159583568572998e-02 -9.587804079055786133e-01 3.821111619472503662e-01
-3.341801837086677551e-02 -9.613817334175109863e-01 3.820413053035736084e-01
-3.356049209833145142e-02 -9.639793634414672852e-01 3.819588422775268555e-01
-3.369937837123870850e-02 -9.665784835815429688e-01 3.818652629852294922e-01
-3.383503109216690063e-02 -9.691827297210693359e-01 3.817614912986755371e-01
-3.396581485867500305e-02 -9.717890024185180664e-01 3.816470801830291748e-01
-3.409162163734436035e-02 -9.743985533714294434e-01 3.815222382545471191e-01
-3.421371057629585266e-02 -9.770172834396362305e-01 3.813872337341308594e-01
-3.433298692107200623e-02 -9.796490073204040527e-01 3.812423646450042725e-01
-3.444812819361686707e-02 -9.822904467582702637e-01 3.810886442661285400e-01
-3.455926105380058289e-02 -9.849436283111572266e-01 3.809238374233245850e-01
-3.466960787773132324e-02 -9.876143932342529297e-01 3.807569742202758789e-01
-3.477960824966430664e-02 -9.903044104576110840e-01 3.805909752845764160e-01
-3.488847613334655762e-02 -9.930085539817810059e-01 3.804284036159515381e-01
-3.499629348516464233e-02 -9.957257509231567383e-01 3.802711069583892822e-01
-3.510418534278869629e-02 -9.984576106071472168e-01 3.801167011260986328e-01
-3.521296381950378418e-02 -1.001207113265991211e+00 3.799621760845184326e-01
-3.532134741544723511e-02 -1.003968358039855957e+00 3.798031210899353027e-01
-3.542884439229965210e-02 -1.006738424301147461e+00 3.796385526657104492e-01
-3.553630039095878601e-02 -1.009519934654235840e+00 3.794658780097961426e-01
-3.564444556832313538e-02 -1.012313127517700195e+00 3.792828321456909180e-01
-3.575425222516059875e-02 -1.015112280845642090e+00 3.790947496891021729e-01
-3.586604446172714233e-02 -1.017912745475769043e+00 3.789055943489074707e-01
-3.597975522279739380e-02 -1.020712852478027344e+00 3.787156939506530762e-01
-3.609551489353179932e-02 -1.023511886596679688e+00 3.785253167152404785e-01
-3.621539473533630371e-02 -1.026306033134460449e+00 3.783484697341918945e-01
-3.634031116962432861e-02 -1.029091238975524902e+00 3.781941831111907959e-01
-3.647214174270629883e-02 -1.031864285469055176e+00 3.780494928359985352e-01
-3.661188483238220215e-02 -1.034626603126525879e+00 3.779086768627166748e-01
-3.676126897335052490e-02 -1.037383079528808594e+00 3.777791559696197510e-01
-3.692097216844558716e-02 -1.040135622024536133e+00 3.776658475399017334e-01
-3.709126263856887817e-02 -1.042884349822998047e+00 3.775650858879089355e-01
-3.727242350578308105e-02 -1.045629262924194336e+00 3.774720728397369385e-01
-3.746267408132553101e-02 -1.048374414443969727e+00 3.773978650569915771e-01
-3.766155242919921875e-02 -1.051121473312377930e+00 3.773406147956848145e-01
-3.786913305521011353e-02 -1.053869843482971191e+00 3.772961199283599854e-01
-3.808547556400299072e-02 -1.056619882583618164e+00 3.772605061531066895e-01
-3.830717504024505615e-02 -1.059376239776611328e+00 3.772438466548919678e-01
-3.853288665413856506e-02 -1.062141895294189453e+00 3.772454559803009033e-01
-3.876388072967529297e-02 -1.064915180206298828e+00 3.772537708282470703e-01
-3.900089114904403687e-02 -1.067695617675781250e+00 3.772617578506469727e-01
-3.924432396888732910e-02 -1.070490956306457520e+00 3.772877752780914307e-01
-3.949570655822753906e-02 -1.073302745819091797e+00 3.773533105850219727e-01
-3.975021094083786011e-02 -1.076123476028442383e+00 3.774618506431579590e-01
-4.000507295131683350e-02 -1.078947424888610840e+00 3.776178658008575439e-01
-4.026005044579505920e-02 -1.081773042678833008e+00 3.778026700019836426e-01
-4.051631689071655273e-02 -1.084600090980529785e+00 3.779957592487335205e-01
-4.077325388789176941e-02 -1.087424516677856445e+00 3.781913816928863525e-01
-4.103023931384086609e-02 -1.090242624282836914e+00 3.783840835094451904e-01
-4.129055887460708618e-02 -1.093041181564331055e+00 3.785533607006072998e-01
-4.155553877353668213e-02 -1.095819115638732910e+00 3.787055909633636475e-01
-4.182378202676773071e-02 -1.098580598831176758e+00 3.788506686687469482e-01
-4.209390655159950256e-02 -1.101328969001770020e+00 3.789923191070556641e-01
-4.236136376857757568e-02 -1.104054808616638184e+00 3.791254162788391113e-01
-4.262466356158256531e-02 -1.106761336326599121e+00 3.792624771595001221e-01
-4.288367182016372681e-02 -1.109458088874816895e+00 3.794120252132415771e-01
-4.313765093684196472e-02 -1.112149715423583984e+00 3.795748054981231689e-01
-4.338351637125015259e-02 -1.114830851554870605e+00 3.797415494918823242e-01
-4.362025111913681030e-02 -1.117504119873046875e+00 3.799114525318145752e-01
-4.384796321392059326e-02 -1.120176076889038086e+00 3.800843060016632080e-01
-4.406636953353881836e-02 -1.122850537300109863e+00 3.802568614482879639e-01
-4.427378624677658081e-02 -1.125519871711730957e+00 3.804200589656829834e-01
-4.447006061673164368e-02 -1.128184795379638672e+00 3.805696666240692139e-01
-4.465591907501220703e-02 -1.130852103233337402e+00 3.807027935981750488e-01
-4.483158886432647705e-02 -1.133526563644409180e+00 3.808158338069915771e-01
-4.499594122171401978e-02 -1.136198878288269043e+00 3.809067904949188232e-01
-4.514923691749572754e-02 -1.138869285583496094e+00 3.809715807437896729e-01
-4.529246315360069275e-02 -1.141547083854675293e+00 3.810046315193176270e-01
-4.542665928602218628e-02 -1.144237875938415527e+00 3.810024261474609375e-01
-4.555173963308334351e-02 -1.146932244300842285e+00 3.809723556041717529e-01
-4.566840082406997681e-02 -1.149633765220642090e+00 3.809087276458740234e-01
-4.577789083123207092e-02 -1.152350902557373047e+00 3.808023035526275635e-01
-4.588192701339721680e-02 -1.155090808868408203e+00 3.806494474411010742e-01
-4.598713666200637817e-02 -1.157850265502929688e+00 3.804705739021301270e-01
-4.609587043523788452e-02 -1.160629272460937500e+00 3.802770972251892090e-01
-4.620774090290069580e-02 -1.163433313369750977e+00 3.800668120384216309e-01
-4.632264748215675354e-02 -1.166265368461608887e+00 3.798395991325378418e-01
-4.644163697957992554e-02 -1.169126868247985840e+00 3.796013295650482178e-01
-4.656534641981124878e-02 -1.172017097473144531e+00 3.793517947196960449e-01
-4.669404774904251099e-02 -1.174933552742004395e+00 3.790921866893768311e-01
-4.682856053113937378e-02 -1.177874207496643066e+00 3.788270950317382812e-01
-4.697062075138092041e-02 -1.180837154388427734e+00 3.785762488842010498e-01
-4.712065681815147400e-02 -1.183809876441955566e+00 3.783616721630096436e-01
-4.728074371814727783e-02 -1.186793804168701172e+00 3.781825900077819824e-01
-4.745124280452728271e-02 -1.189786195755004883e+00 3.780525028705596924e-01
-4.762966185808181763e-02 -1.192790389060974121e+00 3.779864609241485596e-01
-4.781473428010940552e-02 -1.195805907249450684e+00 3.779895603656768799e-01
-4.800604283809661865e-02 -1.198830485343933105e+00 3.780553638935089111e-01
-4.820315539836883545e-02 -1.201861977577209473e+00 3.781780004501342773e-01
-4.840403795242309570e-02 -1.204904317855834961e+00 3.783544003963470459e-01
-4.860729724168777466e-02 -1.207954883575439453e+00 3.785800635814666748e-01
-4.881290346384048462e-02 -1.211010456085205078e+00 3.788495659828186035e-01
-4.902041703462600708e-02 -1.214067697525024414e+00 3.791582882404327393e-01
-4.922848194837570190e-02 -1.217124104499816895e+00 3.794992268085479736e-01
-4.943858087062835693e-02 -1.220176219940185547e+00 3.798498213291168213e-01
-4.965074360370635986e-02 -1.223220705986022949e+00 3.801998496055603027e-01
-4.986483603715896606e-02 -1.226256012916564941e+00 3.805415034294128418e-01
-5.008187890052795410e-02 -1.229270696640014648e+00 3.808472454547882080e-01
-5.030226707458496094e-02 -1.232259869575500488e+00 3.811040818691253662e-01
-5.052517354488372803e-02 -1.235222220420837402e+00 3.813156783580780029e-01
-5.074980109930038452e-02 -1.238156914710998535e+00 3.814849555492401123e-01
-5.097872018814086914e-02 -1.241057991981506348e+00 3.816173970699310303e-01
-5.121251940727233887e-02 -1.243926763534545898e+00 3.817291259765625000e-01
-5.144933611154556274e-02 -1.246768116950988770e+00 3.818312883377075195e-01
-5.168754607439041138e-02 -1.249583959579467773e+00 3.819279968738555908e-01
-5.192753672599792480e-02 -1.252372503280639648e+00 3.820158541202545166e-01
-5.216903984546661377e-02 -1.255135774612426758e+00 3.820985257625579834e-01
-5.241061747074127197e-02 -1.257877826690673828e+00 3.821794390678405762e-01
-5.265076458454132080e-02 -1.260600805282592773e+00 3.822590410709381104e-01
-5.288923531770706177e-02 -1.263304710388183594e+00 3.823276162147521973e-01
-5.312551558017730713e-02 -1.265990972518920898e+00 3.823837637901306152e-01
-5.335874482989311218e-02 -1.268663763999938965e+00 3.824295997619628906e-01
-5.358815938234329224e-02 -1.271324992179870605e+00 3.824655115604400635e-01
-5.381404235959053040e-02 -1.273972511291503906e+00 3.824856281280517578e-01
-5.403674393892288208e-02 -1.276607632637023926e+00 3.824903666973114014e-01
-5.425582081079483032e-02 -1.279235124588012695e+00 3.824827373027801514e-01
-5.447118729352951050e-02 -1.281857252120971680e+00 3.824623823165893555e-01
-5.468276143074035645e-02 -1.284470438957214355e+00 3.824262022972106934e-01
-5.489092320203781128e-02 -1.287076592445373535e+00 3.823758065700531006e-01
-5.509591847658157349e-02 -1.289679884910583496e+00 3.823134601116180420e-01
-5.529779940843582153e-02 -1.292283535003662109e+00 3.822394907474517822e-01
-5.549534410238265991e-02 -1.294884920120239258e+00 3.821516633033752441e-01
-5.568848550319671631e-02 -1.297484755516052246e+00 3.820517957210540771e-01
-5.587815120816230774e-02 -1.300088644027709961e+00 3.819405734539031982e-01
-5.606489628553390503e-02 -1.302699804306030273e+00 3.818185329437255859e-01
-5.624698847532272339e-02 -1.305315494537353516e+00 3.816858530044555664e-01
-5.642431229352951050e-02 -1.307937383651733398e+00 3.815425932407379150e-01
-5.659832805395126343e-02 -1.310571193695068359e+00 3.813880980014801025e-01
-5.677041038870811462e-02 -1.313220739364624023e+00 3.812219500541687012e-01
-5.693893879652023315e-02 -1.315881967544555664e+00 3.810463547706604004e-01
-5.710683017969131470e-02 -1.318558931350708008e+00 3.808757066726684570e-01
-5.727406591176986694e-02 -1.321251511573791504e+00 3.807109594345092773e-01
-5.744144320487976074e-02 -1.323963284492492676e+00 3.805495798587799072e-01
-5.760803446173667908e-02 -1.326687932014465332e+00 3.803903162479400635e-01
-5.777361989021301270e-02 -1.329424381256103516e+00 3.802323341369628906e-01
-5.793925374746322632e-02 -1.332175374031066895e+00 3.800725340843200684e-01
-5.810573697090148926e-02 -1.334942340850830078e+00 3.799089491367340088e-01
-5.827228724956512451e-02 -1.337719321250915527e+00 3.797397613525390625e-01
-5.843851715326309204e-02 -1.340503454208374023e+00 3.795637786388397217e-01
-5.860509723424911499e-02 -1.343296289443969727e+00 3.793796002864837646e-01
-5.877266824245452881e-02 -1.346098661422729492e+00 3.791853785514831543e-01
-5.894268304109573364e-02 -1.348904013633728027e+00 3.789893686771392822e-01
-5.911557376384735107e-02 -1.351706147193908691e+00 3.787967562675476074e-01
-5.929103866219520569e-02 -1.354504346847534180e+00 3.786098659038543701e-01
-5.946916341781616211e-02 -1.357295870780944824e+00 3.784300684928894043e-01
-5.965226143598556519e-02 -1.360079884529113770e+00 3.782734870910644531e-01
-5.984321236610412598e-02 -1.362853169441223145e+00 3.781329989433288574e-01
-6.004332378506660461e-02 -1.365616083145141602e+00 3.780000507831573486e-01
-6.025294214487075806e-02 -1.368370056152343750e+00 3.778718113899230957e-01
-6.047235801815986633e-02 -1.371120095252990723e+00 3.777587711811065674e-01
-6.070209667086601257e-02 -1.373867630958557129e+00 3.776611387729644775e-01
-6.094217672944068909e-02 -1.376613140106201172e+00 3.775767683982849121e-01
-6.119285896420478821e-02 -1.379356384277343750e+00 3.774989247322082520e-01
-6.145127490162849426e-02 -1.382101774215698242e+00 3.774421513080596924e-01
-6.171692162752151489e-02 -1.384849667549133301e+00 3.774038851261138916e-01
-6.199015676975250244e-02 -1.387600660324096680e+00 3.773767650127410889e-01
-6.227126345038414001e-02 -1.390354394912719727e+00 3.773562312126159668e-01
-6.255653500556945801e-02 -1.393116831779479980e+00 3.773549199104309082e-01
-6.284539401531219482e-02 -1.395891547203063965e+00 3.773656785488128662e-01
-6.314206123352050781e-02 -1.398676156997680664e+00 3.773812949657440186e-01
-6.344635784626007080e-02 -1.401467800140380859e+00 3.774170875549316406e-01
-6.375842541456222534e-02 -1.404276967048645020e+00 3.774742484092712402e-01
-6.407795101404190063e-02 -1.407102823257446289e+00 3.775560259819030762e-01
-6.439739465713500977e-02 -1.409929633140563965e+00 3.776906430721282959e-01
-6.471578776836395264e-02 -1.412755489349365234e+00 3.778682053089141846e-01
-6.503569334745407104e-02 -1.415574312210083008e+00 3.780485391616821289e-01
-6.535801291465759277e-02 -1.418379306793212891e+00 3.782095611095428467e-01
-6.568167358636856079e-02 -1.421170353889465332e+00 3.783513009548187256e-01
-6.600546836853027344e-02 -1.423946738243103027e+00 3.784751296043395996e-01
-6.632921099662780762e-02 -1.426698446273803711e+00 3.785789012908935547e-01
-6.665346771478652954e-02 -1.429428219795227051e+00 3.786816895008087158e-01
-6.697779893875122070e-02 -1.432144403457641602e+00 3.787951469421386719e-01
-6.730124354362487793e-02 -1.434852123260498047e+00 3.789231479167938232e-01
-6.761847436428070068e-02 -1.437543869018554688e+00 3.790563344955444336e-01
-6.792771816253662109e-02 -1.440223455429077148e+00 3.791989386081695557e-01
-6.822936236858367920e-02 -1.442897915840148926e+00 3.793553709983825684e-01
-6.852314621210098267e-02 -1.445572614669799805e+00 3.795244693756103516e-01
-6.880693882703781128e-02 -1.448240756988525391e+00 3.796950578689575195e-01
-6.908053159713745117e-02 -1.450904130935668945e+00 3.798638284206390381e-01
-6.934441626071929932e-02 -1.453568935394287109e+00 3.800296485424041748e-01
-6.959885358810424805e-02 -1.456239223480224609e+00 3.801893293857574463e-01
-6.984207779169082642e-02 -1.458905696868896484e+00 3.803351521492004395e-01
-7.007418572902679443e-02 -1.461569428443908691e+00 3.804624974727630615e-01
-7.029622793197631836e-02 -1.464237332344055176e+00 3.805674314498901367e-01
-7.050909847021102905e-02 -1.466914415359497070e+00 3.806463479995727539e-01
-7.071163505315780640e-02 -1.469590783119201660e+00 3.807005882263183594e-01
-7.090394943952560425e-02 -1.472267627716064453e+00 3.807251155376434326e-01
-7.108761370182037354e-02 -1.474954605102539062e+00 3.807131350040435791e-01
-7.126410305500030518e-02 -1.477657198905944824e+00 3.806607425212860107e-01
-7.143347710371017456e-02 -1.480368137359619141e+00 3.805783390998840332e-01
-7.159622013568878174e-02 -1.483091831207275391e+00 3.804574310779571533e-01
-7.175938040018081665e-02 -1.485836505889892578e+00 3.802915215492248535e-01
-7.192268967628479004e-02 -1.488607048988342285e+00 3.800897896289825439e-01
-7.208746671676635742e-02 -1.491400837898254395e+00 3.798650503158569336e-01
-7.225500047206878662e-02 -1.494218468666076660e+00 3.796205222606658936e-01
-7.242532819509506226e-02 -1.497062087059020996e+00 3.793543875217437744e-01
-7.259878516197204590e-02 -1.499932527542114258e+00 3.790679275989532471e-01
-7.277964055538177490e-02 -1.502830386161804199e+00 3.787758648395538330e-01
-7.296995073556900024e-02 -1.505752682685852051e+00 3.784837722778320312e-01
-7.316941767930984497e-02 -1.508694052696228027e+00 3.781973719596862793e-01
-7.337842881679534912e-02 -1.511646866798400879e+00 3.779311478137969971e-01
-7.359617948532104492e-02 -1.514610171318054199e+00 3.777103722095489502e-01
-7.382388412952423096e-02 -1.517586827278137207e+00 3.775479197502136230e-01
-7.406090945005416870e-02 -1.520572781562805176e+00 3.774524331092834473e-01
-7.430671155452728271e-02 -1.523566961288452148e+00 3.774170577526092529e-01
-7.455924898386001587e-02 -1.526573061943054199e+00 3.774460256099700928e-01
-7.481721788644790649e-02 -1.529590368270874023e+00 3.775387108325958252e-01
-7.507994771003723145e-02 -1.532616257667541504e+00 3.776890337467193604e-01
-7.534719258546829224e-02 -1.535648941993713379e+00 3.778918385505676270e-01
-7.561724632978439331e-02 -1.538689494132995605e+00 3.781438171863555908e-01
-7.588913291692733765e-02 -1.541736841201782227e+00 3.784411549568176270e-01
-7.616272568702697754e-02 -1.544785380363464355e+00 3.787770867347717285e-01
-7.643754780292510986e-02 -1.547831773757934570e+00 3.791463673114776611e-01
-7.671425491571426392e-02 -1.550872206687927246e+00 3.795133233070373535e-01
-7.699257880449295044e-02 -1.553902149200439453e+00 3.798620700836181641e-01
-7.727231830358505249e-02 -1.556919217109680176e+00 3.801865875720977783e-01
-7.755310833454132080e-02 -1.559920430183410645e+00 3.804823160171508789e-01
-7.783637940883636475e-02 -1.562894344329833984e+00 3.807306587696075439e-01
-7.812213897705078125e-02 -1.565838456153869629e+00 3.809339702129364014e-01
-7.840888202190399170e-02 -1.568754315376281738e+00 3.811018764972686768e-01
-7.869540154933929443e-02 -1.571642518043518066e+00 3.812399804592132568e-01
-7.898445427417755127e-02 -1.574498653411865234e+00 3.813547194004058838e-01
-7.927674800157546997e-02 -1.577323794364929199e+00 3.814597725868225098e-01
-7.957068830728530884e-02 -1.580122351646423340e+00 3.815619647502899170e-01
-7.986460626125335693e-02 -1.582897067070007324e+00 3.816632628440856934e-01
-8.015825599431991577e-02 -1.585645437240600586e+00 3.817554712295532227e-01
-8.045115321874618530e-02 -1.588371276855468750e+00 3.818396031856536865e-01
-8.074209094047546387e-02 -1.591077685356140137e+00 3.819181621074676514e-01
-8.102992177009582520e-02 -1.593768000602722168e+00 3.819914162158966064e-01
-8.131451159715652466e-02 -1.596439480781555176e+00 3.820510506629943848e-01
-8.159582316875457764e-02 -1.599094748497009277e+00 3.820963203907012939e-01
-8.187316358089447021e-02 -1.601737737655639648e+00 3.821296393871307373e-01
-8.214613795280456543e-02 -1.604371309280395508e+00 3.821507692337036133e-01
-8.241499960422515869e-02 -1.606992602348327637e+00 3.821554780006408691e-01
-8.268027007579803467e-02 -1.609602808952331543e+00 3.821448683738708496e-01
-8.294192701578140259e-02 -1.612206101417541504e+00 3.821212649345397949e-01
-8.319987356662750244e-02 -1.614806413650512695e+00 3.820853233337402344e-01
-8.345375955104827881e-02 -1.617399692535400391e+00 3.820341825485229492e-01
-8.370386809110641479e-02 -1.619987368583679199e+00 3.819700479507446289e-01
-8.395081758499145508e-02 -1.622573971748352051e+00 3.818939626216888428e-01
-8.419479429721832275e-02 -1.625163435935974121e+00 3.818071186542510986e-01
-8.443418890237808228e-02 -1.627751946449279785e+00 3.817082941532135010e-01
-8.466899394989013672e-02 -1.630341768264770508e+00 3.815983235836029053e-01
-8.490023761987686157e-02 -1.632937312126159668e+00 3.814781904220581055e-01
-8.512880653142929077e-02 -1.635542869567871094e+00 3.813481032848358154e-01
-8.535287529230117798e-02 -1.638155341148376465e+00 3.812091350555419922e-01
-8.557248115539550781e-02 -1.640776634216308594e+00 3.810599744319915771e-01
-8.578930050134658813e-02 -1.643412470817565918e+00 3.808999955654144287e-01
-8.600491285324096680e-02 -1.646066069602966309e+00 3.807286918163299561e-01
-8.621913939714431763e-02 -1.648734688758850098e+00 3.805559873580932617e-01
-8.643269538879394531e-02 -1.651418685913085938e+00 3.803941607475280762e-01
-8.664610981941223145e-02 -1.654118180274963379e+00 3.802397847175598145e-01
-8.686041086912155151e-02 -1.656836509704589844e+00 3.800900578498840332e-01
-8.707410842180252075e-02 -1.659567475318908691e+00 3.799401819705963135e-01
-8.728680014610290527e-02 -1.662310123443603516e+00 3.797880113124847412e-01
-8.749952912330627441e-02 -1.665066480636596680e+00 3.796307146549224854e-01
-8.771325647830963135e-02 -1.667838454246520996e+00 3.794651925563812256e-01
-8.792774379253387451e-02 -1.670619606971740723e+00 3.792935609817504883e-01
-8.814278244972229004e-02 -1.673406243324279785e+00 3.791167736053466797e-01
-8.835878968238830566e-02 -1.676198840141296387e+00 3.789334297180175781e-01
-8.857614547014236450e-02 -1.678996920585632324e+00 3.787421286106109619e-01
-8.879631012678146362e-02 -1.681795477867126465e+00 3.785536885261535645e-01
-8.901973068714141846e-02 -1.684588432312011719e+00 3.783747255802154541e-01
-8.924606442451477051e-02 -1.687373042106628418e+00 3.782075643539428711e-01
-8.947560191154479980e-02 -1.690147280693054199e+00 3.780544698238372803e-01
-8.971277624368667603e-02 -1.692912340164184570e+00 3.779153525829315186e-01
-8.995973318815231323e-02 -1.695668697357177734e+00 3.777916729450225830e-01
-9.021693468093872070e-02 -1.698418498039245605e+00 3.776802420616149902e-01
-9.048469364643096924e-02 -1.701162219047546387e+00 3.775772750377655029e-01
-9.076246619224548340e-02 -1.703903913497924805e+00 3.774903416633605957e-01
-9.104986488819122314e-02 -1.706645488739013672e+00 3.774200081825256348e-01
-9.134720265865325928e-02 -1.709386706352233887e+00 3.773601353168487549e-01
-9.165427088737487793e-02 -1.712127327919006348e+00 3.773081004619598389e-01
-9.196798503398895264e-02 -1.714872002601623535e+00 3.772759437561035156e-01
-9.228771924972534180e-02 -1.717622160911560059e+00 3.772612214088439941e-01
-9.261387586593627930e-02 -1.720376729965209961e+00 3.772553503513336182e-01
-9.294699877500534058e-02 -1.723136067390441895e+00 3.772533535957336426e-01
-9.328337013721466064e-02 -1.725907325744628906e+00 3.772678077220916748e-01
-9.362564980983734131e-02 -1.728692412376403809e+00 3.772903978824615479e-01
-9.397628158330917358e-02 -1.731488227844238281e+00 3.773368299007415771e-01
-9.433054178953170776e-02 -1.734290838241577148e+00 3.774117529392242432e-01
-9.469323605298995972e-02 -1.737110137939453125e+00 3.774992823600769043e-01
-9.505966305732727051e-02 -1.739936470985412598e+00 3.776210546493530273e-01
-9.542748332023620605e-02 -1.742764234542846680e+00 3.777792155742645264e-01
-9.579589962959289551e-02 -1.745591640472412109e+00 3.779663145542144775e-01
-9.616768360137939453e-02 -1.748407602310180664e+00 3.781451284885406494e-01
-9.654340893030166626e-02 -1.751206278800964355e+00 3.783037066459655762e-01
-9.692151844501495361e-02 -1.753989577293395996e+00 3.784472644329071045e-01
-9.730069339275360107e-02 -1.756757974624633789e+00 3.785777091979980469e-01
-9.767781943082809448e-02 -1.759501218795776367e+00 3.786930143833160400e-01
-9.805220365524291992e-02 -1.762222886085510254e+00 3.788104057312011719e-01
-9.842378646135330200e-02 -1.764931797981262207e+00 3.789406120777130127e-01
-9.879177808761596680e-02 -1.767632484436035156e+00 3.790862262248992920e-01
-9.915176779031753540e-02 -1.770319938659667969e+00 3.792381286621093750e-01
-9.950245916843414307e-02 -1.772997856140136719e+00 3.793978691101074219e-01
-9.984420984983444214e-02 -1.775672793388366699e+00 3.795674145221710205e-01
-1.001767814159393311e-01 -1.778348922729492188e+00 3.797445595264434814e-01
-1.004985272884368896e-01 -1.781019449234008789e+00 3.799189925193786621e-01
-1.008093431591987610e-01 -1.783685445785522461e+00 3.800867497920989990e-01
-1.011100485920906067e-01 -1.786353945732116699e+00 3.802461326122283936e-01
-1.014009714126586914e-01 -1.789028644561767578e+00 3.803934752941131592e-01
-1.016804873943328857e-01 -1.791700243949890137e+00 3.805235624313354492e-01
-1.019486933946609497e-01 -1.794369459152221680e+00 3.806320726871490479e-01
-1.022069603204727173e-01 -1.797044038772583008e+00 3.807145357131958008e-01
-1.024562716484069824e-01 -1.799729347229003906e+00 3.807672262191772461e-01
-1.026955991983413696e-01 -1.802415728569030762e+00 3.807936310768127441e-01
-1.029253825545310974e-01 -1.805104851722717285e+00 3.807889223098754883e-01
-1.031473278999328613e-01 -1.807805418968200684e+00 3.807454705238342285e-01
-1.033631488680839539e-01 -1.810524463653564453e+00 3.806598782539367676e-01
-1.035728380084037781e-01 -1.813256382942199707e+00 3.805437982082366943e-01
-1.037810966372489929e-01 -1.816005468368530273e+00 3.803895711898803711e-01
-1.039921045303344727e-01 -1.818777322769165039e+00 3.802046179771423340e-01
-1.042044758796691895e-01 -1.821576237678527832e+00 3.799902796745300293e-01
-1.044192984700202942e-01 -1.824402093887329102e+00 3.797559142112731934e-01
-1.046371236443519592e-01 -1.827253818511962891e+00 3.795033097267150879e-01
-1.048582792282104492e-01 -1.830132365226745605e+00 3.792313933372497559e-01
-1.050833389163017273e-01 -1.833037137985229492e+00 3.789423704147338867e-01
-1.053165644407272339e-01 -1.835968732833862305e+00 3.786525130271911621e-01
-1.055601090192794800e-01 -1.838922023773193359e+00 3.783685564994812012e-01
-1.058132573962211609e-01 -1.841887354850769043e+00 3.781042397022247314e-01
-1.060772091150283813e-01 -1.844858884811401367e+00 3.778706490993499756e-01
-1.063517555594444275e-01 -1.847840905189514160e+00 3.777023255825042725e-01
-1.066351309418678284e-01 -1.850831866264343262e+00 3.776112794876098633e-01
-1.069266721606254578e-01 -1.853829979896545410e+00 3.775909841060638428e-01
-1.072260886430740356e-01 -1.856834053993225098e+00 3.776353299617767334e-01
-1.075309067964553833e-01 -1.859848737716674805e+00 3.777393996715545654e-01
-1.078391820192337036e-01 -1.862873077392578125e+00 3.778980970382690430e-01
-1.081508398056030273e-01 -1.865905046463012695e+00 3.781054317951202393e-01
-1.084654927253723145e-01 -1.868941545486450195e+00 3.783563375473022461e-01
-1.087820231914520264e-01 -1.871982932090759277e+00 3.786489665508270264e-01
-1.091000959277153015e-01 -1.875025987625122070e+00 3.789790868759155273e-01
-1.094198077917098999e-01 -1.878066539764404297e+00 3.793368041515350342e-01
-1.097416952252388000e-01 -1.881101608276367188e+00 3.797056972980499268e-01
-1.100655198097229004e-01 -1.884125709533691406e+00 3.800582587718963623e-01
-1.103912740945816040e-01 -1.887132048606872559e+00 3.803754746913909912e-01
-1.107186749577522278e-01 -1.890117526054382324e+00 3.806525766849517822e-01
-1.110472828149795532e-01 -1.893079638481140137e+00 3.808869719505310059e-01
-1.113787963986396790e-01 -1.896010875701904297e+00 3.810719251632690430e-01
-1.117130219936370850e-01 -1.898910403251647949e+00 3.812209963798522949e-01
-1.120482534170150757e-01 -1.901781797409057617e+00 3.813464939594268799e-01
-1.123831644654273987e-01 -1.904626965522766113e+00 3.814537525177001953e-01
-1.127195358276367188e-01 -1.907442331314086914e+00 3.815470933914184570e-01
-1.130579411983489990e-01 -1.910228848457336426e+00 3.816359341144561768e-01
-1.133967712521553040e-01 -1.912991523742675781e+00 3.817248344421386719e-01
-1.137346178293228149e-01 -1.915732264518737793e+00 3.818148374557495117e-01
-1.140709146857261658e-01 -1.918450236320495605e+00 3.818958401679992676e-01
-1.144050732254981995e-01 -1.921147584915161133e+00 3.819668889045715332e-01
-1.147361397743225098e-01 -1.923828721046447754e+00 3.820303082466125488e-01
-1.150631755590438843e-01 -1.926495432853698730e+00 3.820864260196685791e-01
-1.153862923383712769e-01 -1.929146528244018555e+00 3.821277618408203125e-01
-1.157056838274002075e-01 -1.931782960891723633e+00 3.821547031402587891e-01
-1.160210594534873962e-01 -1.934409260749816895e+00 3.821688890457153320e-01
-1.163319796323776245e-01 -1.937028408050537109e+00 3.821708559989929199e-01
-1.166386529803276062e-01 -1.939636826515197754e+00 3.821567595005035400e-01
-1.169417500495910645e-01 -1.942235469818115234e+00 3.821279406547546387e-01
-1.172413975000381470e-01 -1.944829463958740234e+00 3.820868730545043945e-01
-1.175376400351524353e-01 -1.947421431541442871e+00 3.820338547229766846e-01
-1.178296878933906555e-01 -1.950008034706115723e+00 3.819668889045715332e-01
-1.181178539991378784e-01 -1.952590942382812500e+00 3.818871080875396729e-01
-1.184027120471000671e-01 -1.955174684524536133e+00 3.817961215972900391e-01
-1.186847910284996033e-01 -1.957762718200683594e+00 3.816949427127838135e-01
-1.189622581005096436e-01 -1.960352897644042969e+00 3.815826475620269775e-01
-1.192350536584854126e-01 -1.962945818901062012e+00 3.814597427845001221e-01
-1.195045784115791321e-01 -1.965546846389770508e+00 3.813266158103942871e-01
-1.197718977928161621e-01 -1.968160748481750488e+00 3.811837434768676758e-01
-1.200353950262069702e-01 -1.970783114433288574e+00 3.810319900512695312e-01
-1.202952712774276733e-01 -1.973417639732360840e+00 3.808699250221252441e-01
-1.205541789531707764e-01 -1.976068019866943359e+00 3.807002305984497070e-01
-1.208140328526496887e-01 -1.978737831115722656e+00 3.805310428142547607e-01
-1.210734248161315918e-01 -1.981422185897827148e+00 3.803664445877075195e-01
-1.213324815034866333e-01 -1.984119534492492676e+00 3.802087604999542236e-01
-1.215923726558685303e-01 -1.986832737922668457e+00 3.800556361675262451e-01
-1.218540817499160767e-01 -1.989563345909118652e+00 3.799040317535400391e-01
-1.221157759428024292e-01 -1.992306590080261230e+00 3.797493875026702881e-01
-1.223769038915634155e-01 -1.995059251785278320e+00 3.795899450778961182e-01
-1.226383671164512634e-01 -1.997824192047119141e+00 3.794227838516235352e-01
-1.229010969400405884e-01 -2.000602960586547852e+00 3.792454898357391357e-01
-1.231654733419418335e-01 -2.003387689590454102e+00 3.790627419948577881e-01
-1.234314665198326111e-01 -2.006175756454467773e+00 3.788777291774749756e-01
-1.236991360783576965e-01 -2.008965730667114258e+00 3.786900937557220459e-01
-1.239686310291290283e-01 -2.011756181716918945e+00 3.784994184970855713e-01
-1.242415681481361389e-01 -2.014543771743774414e+00 3.783185482025146484e-01
-1.245184391736984253e-01 -2.017322540283203125e+00 3.781558871269226074e-01
-1.247992292046546936e-01 -2.020091056823730469e+00 3.780127167701721191e-01
-1.250865012407302856e-01 -2.022846460342407227e+00 3.778719305992126465e-01
-1.253826022148132324e-01 -2.025594472885131836e+00 3.777420520782470703e-01
-1.256886273622512817e-01 -2.028337478637695312e+00 3.776286542415618896e-01
-1.260050237178802490e-01 -2.031074523925781250e+00 3.775277137756347656e-01
-1.263321191072463989e-01 -2.033808231353759766e+00 3.774343430995941162e-01
-1.266686171293258667e-01 -2.036540508270263672e+00 3.773594498634338379e-01
-1.270142793655395508e-01 -2.039272785186767578e+00 3.773011267185211182e-01
-1.273692399263381958e-01 -2.042006731033325195e+00 3.772554695606231689e-01
-1.277334392070770264e-01 -2.044741392135620117e+00 3.772175312042236328e-01
-1.281035542488098145e-01 -2.047481536865234375e+00 3.772007524967193604e-01
-1.284788995981216431e-01 -2.050230026245117188e+00 3.772004842758178711e-01
-1.288602948188781738e-01 -2.052986145019531250e+00 3.772071301937103271e-01
-1.292483806610107422e-01 -2.055747747421264648e+00 3.772150874137878418e-01
-1.296425908803939819e-01 -2.058524131774902344e+00 3.772374987602233887e-01
-1.300462633371353149e-01 -2.061315298080444336e+00 3.772915005683898926e-01
-1.304538846015930176e-01 -2.064116477966308594e+00 3.773872852325439453e-01
-1.308637559413909912e-01 -2.066923379898071289e+00 3.775213062763214111e-01
-1.312748491764068604e-01 -2.069733142852783203e+00 3.776874542236328125e-01
-1.316884160041809082e-01 -2.072545766830444336e+00 3.778696358203887939e-01
-1.321034878492355347e-01 -2.075358390808105469e+00 3.780629038810729980e-01
-1.325192451477050781e-01 -2.078166961669921875e+00 3.782606422901153564e-01
-1.329379379749298096e-01 -2.080958127975463867e+00 3.784378767013549805e-01
-1.333600431680679321e-01 -2.083729743957519531e+00 3.785962164402008057e-01
-1.337843090295791626e-01 -2.086484909057617188e+00 3.787440359592437744e-01
-1.342094242572784424e-01 -2.089225530624389648e+00 3.788839578628540039e-01
-1.346303969621658325e-01 -2.091941595077514648e+00 3.790127933025360107e-01
-1.350461691617965698e-01 -2.094637393951416016e+00 3.791440427303314209e-01
-1.354570984840393066e-01 -2.097322225570678711e+00 3.792871534824371338e-01
-1.358627080917358398e-01 -2.099999666213989258e+00 3.794433772563934326e-01
-1.362593770027160645e-01 -2.102666616439819336e+00 3.796040713787078857e-01
-1.366460770368576050e-01 -2.105325222015380859e+00 3.797689378261566162e-01
-1.370232999324798584e-01 -2.107981443405151367e+00 3.799384236335754395e-01
-1.373908966779708862e-01 -2.110640287399291992e+00 3.801091909408569336e-01
-1.377469599246978760e-01 -2.113293886184692383e+00 3.802721202373504639e-01
-1.380913257598876953e-01 -2.115942478179931641e+00 3.804230093955993652e-01
-1.384250074625015259e-01 -2.118594646453857422e+00 3.805592656135559082e-01
-1.387485265731811523e-01 -2.121253967285156250e+00 3.806771039962768555e-01
-1.390602886676788330e-01 -2.123911142349243164e+00 3.807741105556488037e-01
-1.393604874610900879e-01 -2.126567125320434570e+00 3.808460831642150879e-01
-1.396506875753402710e-01 -2.129229545593261719e+00 3.808879554271697998e-01
-1.399322301149368286e-01 -2.131905555725097656e+00 3.808960914611816406e-01
-1.402044296264648438e-01 -2.134585142135620117e+00 3.808770775794982910e-01
-1.404680162668228149e-01 -2.137271404266357422e+00 3.808255493640899658e-01
-1.407248228788375854e-01 -2.139971971511840820e+00 3.807328939437866211e-01
-1.409770101308822632e-01 -2.142694711685180664e+00 3.805957138538360596e-01
-1.412296146154403687e-01 -2.145436048507690430e+00 3.804308474063873291e-01
-1.414865553379058838e-01 -2.148196697235107422e+00 3.802501261234283447e-01
-1.417473107576370239e-01 -2.150981903076171875e+00 3.800516426563262939e-01
-1.420122385025024414e-01 -2.153794765472412109e+00 3.798352181911468506e-01
-1.422820836305618286e-01 -2.156636476516723633e+00 3.796063363552093506e-01
-1.425574272871017456e-01 -2.159506082534790039e+00 3.793648481369018555e-01
-1.428385376930236816e-01 -2.162402153015136719e+00 3.791109919548034668e-01
-1.431260854005813599e-01 -2.165322780609130859e+00 3.788489103317260742e-01
-1.434225589036941528e-01 -2.168266296386718750e+00 3.785964250564575195e-01
-1.437280029058456421e-01 -2.171222925186157227e+00 3.783722519874572754e-01
-1.440438330173492432e-01 -2.174188852310180664e+00 3.781779706478118896e-01
-1.443713009357452393e-01 -2.177162408828735352e+00 3.780279159545898438e-01
-1.447079032659530640e-01 -2.180147171020507812e+00 3.779416382312774658e-01
-1.450522989034652710e-01 -2.183143377304077148e+00 3.779252469539642334e-01
-1.454040855169296265e-01 -2.186148405075073242e+00 3.779723048210144043e-01
-1.457627415657043457e-01 -2.189160346984863281e+00 3.780767619609832764e-01
-1.461262553930282593e-01 -2.192183017730712891e+00 3.782359063625335693e-01
-1.464931517839431763e-01 -2.195215702056884766e+00 3.784452676773071289e-01
-1.468631923198699951e-01 -2.198253393173217773e+00 3.786995708942413330e-01
-1.472356915473937988e-01 -2.201295375823974609e+00 3.789940178394317627e-01
-1.476093530654907227e-01 -2.204337120056152344e+00 3.793242573738098145e-01
-1.479843556880950928e-01 -2.207376718521118164e+00 3.796786665916442871e-01
-1.483616232872009277e-01 -2.210410118103027344e+00 3.800382316112518311e-01
-1.487406194210052490e-01 -2.213436126708984375e+00 3.803966939449310303e-01
-1.491219550371170044e-01 -2.216443538665771484e+00 3.807226419448852539e-01
-1.495054215192794800e-01 -2.219427585601806641e+00 3.810012936592102051e-01
-1.498901546001434326e-01 -2.222385406494140625e+00 3.812336027622222900e-01
-1.502754539251327515e-01 -2.225316524505615234e+00 3.814201056957244873e-01
-1.506633013486862183e-01 -2.228214025497436523e+00 3.815659582614898682e-01
-1.510539948940277100e-01 -2.231079578399658203e+00 3.816878199577331543e-01
-1.514459401369094849e-01 -2.233916282653808594e+00 3.817970454692840576e-01
-1.518375724554061890e-01 -2.236727714538574219e+00 3.818983435630798340e-01
-1.522295325994491577e-01 -2.239511489868164062e+00 3.819901645183563232e-01
-1.526218056678771973e-01 -2.242269992828369141e+00 3.820775747299194336e-01
-1.530130505561828613e-01 -2.245006799697875977e+00 3.821637928485870361e-01
-1.534018814563751221e-01 -2.247724533081054688e+00 3.822496533393859863e-01
-1.537879705429077148e-01 -2.250421762466430664e+00 3.823252916336059570e-01
-1.541708856821060181e-01 -2.253102302551269531e+00 3.823893070220947266e-01
-1.545499563217163086e-01 -2.255768537521362305e+00 3.824438750743865967e-01
-1.549243927001953125e-01 -2.258422613143920898e+00 3.824890553951263428e-01
-1.552942991256713867e-01 -2.261063337326049805e+00 3.825190961360931396e-01
-1.556602716445922852e-01 -2.263691902160644531e+00 3.825336396694183350e-01
-1.560219526290893555e-01 -2.266311407089233398e+00 3.825354874134063721e-01
-1.563792824745178223e-01 -2.268925905227661133e+00 3.825248479843139648e-01
-1.567321270704269409e-01 -2.271531105041503906e+00 3.824982047080993652e-01
-1.570811718702316284e-01 -2.274128675460815430e+00 3.824570775032043457e-01
-1.574266850948333740e-01 -2.276723384857177734e+00 3.824036121368408203e-01
-1.577688455581665039e-01 -2.279318094253540039e+00 3.823385536670684814e-01
-1.581065654754638672e-01 -2.281908512115478516e+00 3.822588920593261719e-01
-1.584398299455642700e-01 -2.284498453140258789e+00 3.821664452552795410e-01
-1.587696522474288940e-01 -2.287091255187988281e+00 3.820625841617584229e-01
-1.590967774391174316e-01 -2.289690971374511719e+00 3.819475769996643066e-01
-1.594193428754806519e-01 -2.292295217514038086e+00 3.818213939666748047e-01
-1.597372889518737793e-01 -2.294904232025146484e+00 3.816840052604675293e-01
-1.600522845983505249e-01 -2.297524690628051758e+00 3.815355300903320312e-01
-1.603659391403198242e-01 -2.300159215927124023e+00 3.813750147819519043e-01
-1.606764048337936401e-01 -2.302806138992309570e+00 3.812049031257629395e-01
-1.609857380390167236e-01 -2.305467605590820312e+00 3.810322284698486328e-01
-1.612955927848815918e-01 -2.308144807815551758e+00 3.808652460575103760e-01
-1.616064012050628662e-01 -2.310841321945190430e+00 3.807004094123840332e-01
-1.619170755147933960e-01 -2.313550710678100586e+00 3.805383741855621338e-01
-1.622275114059448242e-01 -2.316273450851440430e+00 3.803789913654327393e-01
-1.625388413667678833e-01 -2.319010257720947266e+00 3.802193701267242432e-01
-1.628519594669342041e-01 -2.321763038635253906e+00 3.800572752952575684e-01
-1.631655395030975342e-01 -2.324526548385620117e+00 3.798901736736297607e-01
-1.634790152311325073e-01 -2.327298641204833984e+00 3.797162771224975586e-01
-1.637933105230331421e-01 -2.330080270767211914e+00 3.795341253280639648e-01
-1.641089618206024170e-01 -2.332871675491333008e+00 3.793413341045379639e-01
-1.644271314144134521e-01 -2.335666656494140625e+00 3.791454136371612549e-01
-1.647477895021438599e-01 -2.338459730148315430e+00 3.789510726928710938e-01
-1.650706231594085693e-01 -2.341250658035278320e+00 3.787600696086883545e-01
-1.653956174850463867e-01 -2.344036102294921875e+00 3.785732984542846680e-01
-1.657248586416244507e-01 -2.346814632415771484e+00 3.784059286117553711e-01
-1.660599410533905029e-01 -2.349581956863403320e+00 3.782604932785034180e-01
-1.664028614759445190e-01 -2.352338314056396484e+00 3.781215548515319824e-01
-1.667542606592178345e-01 -2.355083227157592773e+00 3.779864013195037842e-01
-1.671151816844940186e-01 -2.357823133468627930e+00 3.778659105300903320e-01
-1.674863547086715698e-01 -2.360560178756713867e+00 3.777621388435363770e-01
-1.678679883480072021e-01 -2.363292694091796875e+00 3.776706457138061523e-01
-1.682603359222412109e-01 -2.366022348403930664e+00 3.775871396064758301e-01
-1.686611473560333252e-01 -2.368752479553222656e+00 3.775238394737243652e-01
-1.690697968006134033e-01 -2.371484756469726562e+00 3.774781227111816406e-01
-1.694864779710769653e-01 -2.374218702316284180e+00 3.774454295635223389e-01
-1.699115931987762451e-01 -2.376954317092895508e+00 3.774203956127166748e-01
-1.703417301177978516e-01 -2.379697799682617188e+00 3.774152398109436035e-01
-1.707763224840164185e-01 -2.382451772689819336e+00 3.774245381355285645e-01
-1.712168455123901367e-01 -2.385215282440185547e+00 3.774373531341552734e-01
-1.716678738594055176e-01 -2.387984752655029297e+00 3.774574697017669678e-01
-1.721277385950088501e-01 -2.390770435333251953e+00 3.775038719177246094e-01
-1.725961267948150635e-01 -2.393573284149169922e+00 3.775795698165893555e-01
-1.730662584304809570e-01 -2.396379470825195312e+00 3.777035772800445557e-01
-1.735349595546722412e-01 -2.399184465408325195e+00 3.778782188892364502e-01
-1.740044653415679932e-01 -2.401983261108398438e+00 3.780590295791625977e-01
-1.744754314422607422e-01 -2.404770374298095703e+00 3.782231509685516357e-01
-1.749468147754669189e-01 -2.407545328140258789e+00 3.783687055110931396e-01
-1.754174530506134033e-01 -2.410306692123413086e+00 3.784945309162139893e-01
-1.758879572153091431e-01 -2.413043260574340820e+00 3.785980045795440674e-01
-1.763593256473541260e-01 -2.415758848190307617e+00 3.786976933479309082e-01
-1.768313348293304443e-01 -2.418460130691528320e+00 3.788063824176788330e-01
-1.773031353950500488e-01 -2.421152114868164062e+00 3.789272308349609375e-01
-1.777686625719070435e-01 -2.423827409744262695e+00 3.790513575077056885e-01
-1.782263666391372681e-01 -2.426489114761352539e+00 3.791846632957458496e-01
-1.786768436431884766e-01 -2.429146289825439453e+00 3.793330192565917969e-01
-1.791201829910278320e-01 -2.431802034378051758e+00 3.794956803321838379e-01
-1.795535683631896973e-01 -2.434451103210449219e+00 3.796613812446594238e-01
-1.799767464399337769e-01 -2.437096357345581055e+00 3.798275589942932129e-01
-1.803904324769973755e-01 -2.439742088317871094e+00 3.799931704998016357e-01
-1.807950586080551147e-01 -2.442394256591796875e+00 3.801551163196563721e-01
-1.811883002519607544e-01 -2.445043325424194336e+00 3.803049623966217041e-01
-1.815703064203262329e-01 -2.447688817977905273e+00 3.804380893707275391e-01
-1.819424033164978027e-01 -2.450338840484619141e+00 3.805510699748992920e-01
-1.823056936264038086e-01 -2.452998399734497070e+00 3.806400895118713379e-01
-1.826583445072174072e-01 -2.455657482147216797e+00 3.807054758071899414e-01
-1.830004751682281494e-01 -2.458317279815673828e+00 3.807421326637268066e-01
-1.833340078592300415e-01 -2.460985422134399414e+00 3.807438313961029053e-01
-1.836608350276947021e-01 -2.463668823242187500e+00 3.807066679000854492e-01
-1.839804351329803467e-01 -2.466359853744506836e+00 3.806401193141937256e-01
-1.842934638261795044e-01 -2.469061851501464844e+00 3.805361986160278320e-01
-1.846040189266204834e-01 -2.471784114837646484e+00 3.803839683532714844e-01
-1.849162280559539795e-01 -2.474530458450317383e+00 3.801910281181335449e-01
-1.852310150861740112e-01 -2.477298498153686523e+00 3.799743354320526123e-01
-1.855498701333999634e-01 -2.480089902877807617e+00 3.797377347946166992e-01
-1.858728975057601929e-01 -2.482906103134155273e+00 3.794793784618377686e-01
-1.862004846334457397e-01 -2.485749006271362305e+00 3.791998624801635742e-01
-1.865363121032714844e-01 -2.488619089126586914e+00 3.789128363132476807e-01
-1.868821382522583008e-01 -2.491515636444091797e+00 3.786229193210601807e-01
-1.872375607490539551e-01 -2.494432926177978516e+00 3.783338963985443115e-01
-1.876026093959808350e-01 -2.497365236282348633e+00 3.780544102191925049e-01
-1.879764497280120850e-01 -2.500309944152832031e+00 3.778169751167297363e-01
-1.883601844310760498e-01 -2.503265857696533203e+00 3.776277899742126465e-01
-1.887548565864562988e-01 -2.506231546401977539e+00 3.775005340576171875e-01
-1.891591101884841919e-01 -2.509204864501953125e+00 3.774320781230926514e-01
-1.895713806152343750e-01 -2.512189626693725586e+00 3.774294555187225342e-01
-1.899903118610382080e-01 -2.515186071395874023e+00 3.774933516979217529e-01
-1.904152184724807739e-01 -2.518190860748291016e+00 3.776175379753112793e-01
-1.908455491065979004e-01 -2.521201372146606445e+00 3.777970671653747559e-01
-1.912796199321746826e-01 -2.524221897125244141e+00 3.780281841754913330e-01
-1.917161941528320312e-01 -2.527250051498413086e+00 3.783064484596252441e-01
-1.921548098325729370e-01 -2.530280113220214844e+00 3.786263167858123779e-01
-1.925948411226272583e-01 -2.533310174942016602e+00 3.789827227592468262e-01
-1.930357366800308228e-01 -2.536335468292236328e+00 3.793500661849975586e-01
-1.934778839349746704e-01 -2.539353370666503906e+00 3.797069787979125977e-01
-1.939207464456558228e-01 -2.542361021041870117e+00 3.800479173660278320e-01
-1.943639069795608521e-01 -2.545355081558227539e+00 3.803674280643463135e-01
-1.948079764842987061e-01 -2.548324584960937500e+00 3.806430697441101074e-01
-1.952525526285171509e-01 -2.551264762878417969e+00 3.808708488941192627e-01
-1.956964582204818726e-01 -2.554176807403564453e+00 3.810582458972930908e-01
-1.961386650800704956e-01 -2.557060241699218750e+00 3.812102079391479492e-01
-1.965818405151367188e-01 -2.559910535812377930e+00 3.813338875770568848e-01
-1.970269829034805298e-01 -2.562728881835937500e+00 3.814441859722137451e-01
-1.974726170301437378e-01 -2.565518856048583984e+00 3.815492391586303711e-01
-1.979172527790069580e-01 -2.568284034729003906e+00 3.816519975662231445e-01
-1.983607858419418335e-01 -2.571021318435668945e+00 3.817456662654876709e-01
-1.988030225038528442e-01 -2.573735475540161133e+00 3.818317949771881104e-01
-1.992427557706832886e-01 -2.576428174972534180e+00 3.819137811660766602e-01
-1.996790617704391479e-01 -2.579103469848632812e+00 3.819915652275085449e-01
-2.001115232706069946e-01 -2.581760168075561523e+00 3.820561766624450684e-01
-2.005401253700256348e-01 -2.584399461746215820e+00 3.821067810058593750e-01
-2.009644359350204468e-01 -2.587025642395019531e+00 3.821456432342529297e-01
-2.013838589191436768e-01 -2.589642047882080078e+00 3.821733295917510986e-01
-2.017988562583923340e-01 -2.592245340347290039e+00 3.821842968463897705e-01
-2.022096514701843262e-01 -2.594835996627807617e+00 3.821802735328674316e-01
-2.026165276765823364e-01 -2.597419023513793945e+00 3.821634650230407715e-01
-2.030196338891983032e-01 -2.599998950958251953e+00 3.821343481540679932e-01
-2.034183591604232788e-01 -2.602570056915283203e+00 3.820899724960327148e-01
-2.038131058216094971e-01 -2.605135202407836914e+00 3.820321261882781982e-01
-2.042045295238494873e-01 -2.607698678970336914e+00 3.819631040096282959e-01
-2.045932710170745850e-01 -2.610263586044311523e+00 3.818829059600830078e-01
-2.049775123596191406e-01 -2.612827062606811523e+00 3.817902803421020508e-01
-2.053572088479995728e-01 -2.615390300750732422e+00 3.816863000392913818e-01
-2.057336568832397461e-01 -2.617958545684814453e+00 3.815720975399017334e-01
-2.061079889535903931e-01 -2.620535135269165039e+00 3.814480900764465332e-01
-2.064781486988067627e-01 -2.623118638992309570e+00 3.813147842884063721e-01
-2.068441212177276611e-01 -2.625709772109985352e+00 3.811722695827484131e-01
-2.072079926729202271e-01 -2.628312826156616211e+00 3.810189962387084961e-01
-2.075714319944381714e-01 -2.630933523178100586e+00 3.808552026748657227e-01
-2.079327106475830078e-01 -2.633567571640014648e+00 3.806830644607543945e-01
-2.082948237657546997e-01 -2.636216878890991211e+00 3.805187642574310303e-01
-2.086576223373413086e-01 -2.638883590698242188e+00 3.803605437278747559e-01
-2.090222388505935669e-01 -2.641568422317504883e+00 3.802058994770050049e-01
-2.093870937824249268e-01 -2.644265890121459961e+00 3.800524473190307617e-01
-2.097519189119338989e-01 -2.646975994110107422e+00 3.798980712890625000e-01
-2.101178467273712158e-01 -2.649699687957763672e+00 3.797409236431121826e-01
-2.104858905076980591e-01 -2.652439355850219727e+00 3.795777857303619385e-01
-2.108550667762756348e-01 -2.655189514160156250e+00 3.794089555740356445e-01
-2.112248837947845459e-01 -2.657945632934570312e+00 3.792345225811004639e-01
-2.115958780050277710e-01 -2.660709142684936523e+00 3.790531456470489502e-01
-2.119684964418411255e-01 -2.663480281829833984e+00 3.788632154464721680e-01
