1.752668702063217640e+09
1.752668702069015026e+09
1.752668702072421074e+09
1.752668702078878641e+09
1.752668702084848404e+09
1.752668702089852095e+09
1.752668702092857838e+09
1.752668702098634481e+09
1.752668702104361534e+09
1.752668702108505249e+09
1.752668702112550974e+09
1.752668702118849754e+09
1.752668702124279499e+09
1.752668702129239082e+09
1.752668702132519245e+09
1.752668702138816118e+09
1.752668702144667387e+09
1.752668702148784637e+09
1.752668702155534267e+09
1.752668702158976555e+09
1.752668702164881468e+09
1.752668702168692589e+09
1.752668702172342777e+09
1.752668702178550005e+09
1.752668702183508158e+09
1.752668702189130306e+09
1.752668702192540407e+09
1.752668702198810101e+09
1.752668702202593803e+09
1.752668702208849192e+09
1.752668702212636709e+09
1.752668702218790770e+09
1.752668702224798918e+09
1.752668702228894711e+09
1.752668702232750177e+09
1.752668702238867521e+09
1.752668702242884159e+09
1.752668702248859167e+09
1.752668702252588511e+09
1.752668702258388519e+09
1.752668702264380455e+09
1.752668702268813610e+09
1.752668702272706509e+09
1.752668702279009342e+09
1.752668702284646749e+09
1.752668702288826227e+09
1.752668702292338133e+09
1.752668702298838377e+09
1.752668702302912235e+09
1.752668702308701038e+09
1.752668702313973665e+09
1.752668702318096638e+09
1.752668702324438572e+09
1.752668702328549385e+09
1.752668702332623243e+09
1.752668702339122057e+09
1.752668702344777107e+09
1.752668702348726034e+09
1.752668702354198694e+09
1.752668702358972073e+09
1.752668702362919092e+09
1.752668702368903160e+09
1.752668702372330904e+09
1.752668702378784657e+09
1.752668702384567738e+09
1.752668702388745070e+09
1.752668702392702818e+09
1.752668702397722006e+09
1.752668702404585361e+09
1.752668702408761263e+09
1.752668702412274837e+09
1.752668702418630600e+09
1.752668702422827721e+09
1.752668702429370642e+09
1.752668702434193373e+09
1.752668702438610077e+09
1.752668702442687511e+09
1.752668702448860168e+09
1.752668702455512047e+09
1.752668702459352970e+09
1.752668702463294029e+09
1.752668702468845129e+09
1.752668702472324610e+09
1.752668702478739262e+09
1.752668702484588385e+09
1.752668702488819122e+09
1.752668702492475986e+09
1.752668702498756647e+09
1.752668702504722118e+09
1.752668702508794308e+09
1.752668702514308453e+09
1.752668702521631241e+09
1.752668702524831057e+09
1.752668702528832674e+09
1.752668702532546282e+09
1.752668702541272879e+09
1.752668702544430017e+09
1.752668702547529221e+09
1.752668702554804802e+09
1.752668702558962107e+09
1.752668702564600945e+09
1.752668702568775415e+09
1.752668702572607756e+09
1.752668702578755856e+09
1.752668702582805872e+09
1.752668702588951111e+09
1.752668702592512369e+09
1.752668702598815918e+09
1.752668702607895136e+09
1.752668702612466097e+09
1.752668702618956089e+09
1.752668702622740269e+09
1.752668702628846884e+09
1.752668702634404421e+09
1.752668702637340069e+09
1.752668702644996166e+09
1.752668702648935080e+09
1.752668702652542114e+09
1.752668702658702612e+09
1.752668702664679527e+09
1.752668702668716192e+09
1.752668702672801971e+09
1.752668702677792311e+09
1.752668702684135914e+09
1.752668702687100887e+09
1.752668702692516804e+09
1.752668702698867083e+09
1.752668702702982903e+09
1.752668702708924770e+09
1.752668702712315321e+09
1.752668702718781471e+09
1.752668702722820520e+09
1.752668702728661537e+09
1.752668702734204531e+09
1.752668702738429785e+09
1.752668702745303392e+09
1.752668702748670816e+09
1.752668702752326727e+09
1.752668702758706570e+09
1.752668702762927055e+09
1.752668702767793655e+09
1.752668702772531748e+09
1.752668702778528452e+09
1.752668702782470465e+09
1.752668702788675070e+09
1.752668702792380810e+09
1.752668702798790216e+09
1.752668702804584742e+09
1.752668702808712959e+09
1.752668702812512159e+09
1.752668702817677498e+09
1.752668702824683428e+09
1.752668702828754663e+09
1.752668702832348824e+09
1.752668702838731050e+09
1.752668702842470646e+09
1.752668702848742962e+09
1.752668702854554415e+09
1.752668702858760357e+09
1.752668702864594936e+09
1.752668702868699074e+09
1.752668702872517347e+09
1.752668702878829241e+09
1.752668702883969545e+09
1.752668702889026403e+09
1.752668702894694328e+09
1.752668702898812056e+09
1.752668702904685020e+09
1.752668702908824205e+09
1.752668702912553310e+09
1.752668702918809414e+09
1.752668702924628496e+09
1.752668702929472685e+09
1.752668702934277058e+09
1.752668702938604355e+09
1.752668702944624662e+09
1.752668702948724508e+09
1.752668702954702854e+09
1.752668702959012270e+09
1.752668702964665174e+09
1.752668702969026566e+09
1.752668702972582579e+09
1.752668702978763342e+09
1.752668702982736826e+09
1.752668702988800764e+09
1.752668702992509604e+09
1.752668702998863220e+09
1.752668703004583359e+09
1.752668703008706570e+09
1.752668703012570143e+09
1.752668703018712997e+09
1.752668703027297735e+09
1.752668703032425165e+09
1.752668703038485050e+09
1.752668703044578791e+09
1.752668703048593044e+09
1.752668703056763172e+09
1.752668703057480335e+09
1.752668703064783812e+09
1.752668703068808794e+09
1.752668703072150230e+09
1.752668703078458786e+09
1.752668703084505796e+09
1.752668703088771343e+09
1.752668703092398167e+09
1.752668703097270250e+09
1.752668703104656219e+09
1.752668703108846426e+09
1.752668703112329245e+09
1.752668703118796587e+09
1.752668703124747992e+09
1.752668703128979206e+09
1.752668703132548809e+09
1.752668703138475418e+09
1.752668703144577026e+09
1.752668703148967743e+09
1.752668703152752876e+09
1.752668703158755779e+09
1.752668703166130781e+09
1.752668703168370724e+09
1.752668703174100399e+09
1.752668703178672075e+09
1.752668703182909250e+09
1.752668703189078093e+09
1.752668703192332745e+09
1.752668703198885441e+09
1.752668703204592943e+09
1.752668703208777905e+09
1.752668703212700844e+09
1.752668703218799353e+09
1.752668703223890781e+09
1.752668703228734732e+09
1.752668703232583523e+09
1.752668703237887383e+09
1.752668703244965315e+09
1.752668703249055147e+09
1.752668703252872229e+09
1.752668703258886576e+09
1.752668703264773846e+09
1.752668703268843174e+09
1.752668703272644043e+09
1.752668703278933764e+09
1.752668703284729719e+09
1.752668703288726807e+09
1.752668703292520046e+09
1.752668703298497200e+09
1.752668703303320408e+09
1.752668703308931589e+09
1.752668703312615871e+09
1.752668703318871498e+09
1.752668703324606657e+09
1.752668703328374386e+09
1.752668703332104206e+09
1.752668703339042187e+09
1.752668703342809200e+09
1.752668703348220825e+09
1.752668703352511168e+09
1.752668703358804941e+09
1.752668703364653349e+09
1.752668703367570639e+09
1.752668703374166012e+09
1.752668703380643129e+09
1.752668703384278774e+09
1.752668703388757944e+09
1.752668703392527103e+09
1.752668703398619652e+09
1.752668703404573441e+09
1.752668703409082174e+09
1.752668703412550449e+09
1.752668703418788195e+09
1.752668703422477245e+09
1.752668703428747177e+09
1.752668703432656050e+09
1.752668703439055920e+09
1.752668703444236279e+09
1.752668703447158098e+09
1.752668703452483177e+09
1.752668703458417892e+09
1.752668703462908506e+09
1.752668703468971729e+09
1.752668703472333908e+09
1.752668703478719711e+09
1.752668703484587193e+09
1.752668703488745689e+09
1.752668703492582798e+09
1.752668703498738289e+09
1.752668703504779339e+09
1.752668703508780956e+09
1.752668703512536287e+09
1.752668703520370483e+09
1.752668703524642229e+09
1.752668703528850317e+09
1.752668703532552004e+09
1.752668703538773298e+09
1.752668703544706583e+09
1.752668703548754692e+09
1.752668703552888632e+09
1.752668703558771372e+09
1.752668703564585924e+09
1.752668703568760633e+09
1.752668703572541952e+09
1.752668703578742266e+09
1.752668703583716393e+09
1.752668703588179111e+09
1.752668703592333078e+09
1.752668703598881006e+09
1.752668703604617119e+09
1.752668703608707428e+09
1.752668703614140511e+09
1.752668703618535280e+09
1.752668703622752666e+09
1.752668703628959179e+09
1.752668703632393122e+09
1.752668703638847828e+09
1.752668703643037558e+09
1.752668703647929668e+09
1.752668703652571201e+09
1.752668703660234451e+09
1.752668703664272785e+09
1.752668703669057369e+09
1.752668703672862530e+09
1.752668703678839922e+09
1.752668703684571743e+09
1.752668703688743591e+09
1.752668703692494154e+09
1.752668703698659182e+09
1.752668703704681635e+09
1.752668703708706379e+09
1.752668703712212324e+09
1.752668703718664885e+09
1.752668703724420071e+09
1.752668703728942394e+09
1.752668703732827187e+09
1.752668703738740206e+09
1.752668703744799852e+09
1.752668703748653412e+09
1.752668703752290726e+09
1.752668703758818388e+09
1.752668703764517546e+09
1.752668703768709421e+09
1.752668703772529602e+09
1.752668703778756142e+09
1.752668703784832716e+09
1.752668703788635492e+09
1.752668703792763472e+09
1.752668703797404766e+09
1.752668703802750826e+09
1.752668703808575630e+09
1.752668703812248468e+09
1.752668703818825483e+09
1.752668703823576689e+09
1.752668703829492569e+09
1.752668703832637072e+09
1.752668703838919163e+09
1.752668703844773769e+09
1.752668703849112749e+09
1.752668703852593660e+09
1.752668703859112263e+09
1.752668703862792253e+09
1.752668703869059801e+09
1.752668703872549534e+09
1.752668703878801584e+09
1.752668703884651661e+09
1.752668703888839006e+09
1.752668703892250299e+09
1.752668703898996830e+09
1.752668703902754784e+09
1.752668703908842325e+09
1.752668703912620783e+09
1.752668703918961525e+09
1.752668703924923658e+09
1.752668703928778410e+09
1.752668703932593107e+09
1.752668703941785812e+09
1.752668703944454670e+09
1.752668703948807240e+09
1.752668703952231884e+09
1.752668703958508015e+09
1.752668703962713718e+09
1.752668703969036579e+09
1.752668703972234964e+09
1.752668703978772640e+09
1.752668703984666824e+09
1.752668703988821983e+09
1.752668703992535114e+09
1.752668703998801470e+09
1.752668704004510641e+09
1.752668704008175850e+09
1.752668704012627125e+09
1.752668704019229650e+09
1.752668704024668932e+09
1.752668704028745651e+09
1.752668704032406092e+09
1.752668704038857698e+09
1.752668704044756651e+09
1.752668704048852205e+09
1.752668704052515984e+09
1.752668704058711052e+09
1.752668704064833164e+09
1.752668704069299936e+09
1.752668704072279453e+09
1.752668704077932596e+09
1.752668704084591389e+09
1.752668704088707924e+09
1.752668704095638990e+09
1.752668704097294807e+09
1.752668704104194880e+09
1.752668704108602524e+09
1.752668704112588882e+09
1.752668704118839502e+09
1.752668704124570131e+09
1.752668704128923893e+09
1.752668704134666920e+09
1.752668704138817310e+09
1.752668704142744303e+09
1.752668704149373770e+09
1.752668704152780533e+09
1.752668704159034252e+09
1.752668704165111303e+09
1.752668704168726921e+09
1.752668704174393177e+09
1.752668704178666592e+09
1.752668704184594393e+09
1.752668704189457178e+09
1.752668704192686319e+09
1.752668704198840141e+09
1.752668704204743624e+09
1.752668704208751202e+09
1.752668704212496042e+09
1.752668704217493773e+09
1.752668704223259687e+09
1.752668704228650570e+09
1.752668704232240200e+09
1.752668704239007950e+09
1.752668704245238781e+09
1.752668704248763800e+09
1.752668704252290249e+09
1.752668704258861065e+09
1.752668704262558460e+09
1.752668704268309593e+09
1.752668704272532940e+09
1.752668704278808117e+09
1.752668704286388397e+09
1.752668704290103436e+09
1.752668704292542219e+09
1.752668704298820496e+09
1.752668704302482843e+09
1.752668704308860302e+09
1.752668704312560320e+09
1.752668704318878651e+09
1.752668704324544430e+09
1.752668704328499317e+09
1.752668704334126234e+09
1.752668704339028835e+09
1.752668704345255136e+09
1.752668704348625183e+09
1.752668704354107618e+09
1.752668704359043121e+09
1.752668704363806963e+09
1.752668704368812084e+09
1.752668704372562885e+09
1.752668704378902674e+09
1.752668704384609222e+09
1.752668704388732910e+09
1.752668704392523050e+09
1.752668704399384499e+09
1.752668704402857304e+09
1.752668704408993483e+09
1.752668704412559509e+09
1.752668704418891668e+09
1.752668704426662445e+09
1.752668704428686380e+09
1.752668704432551384e+09
1.752668704438966036e+09
1.752668704444605589e+09
1.752668704448783398e+09
1.752668704452567101e+09
1.752668704458627701e+09
1.752668704462687969e+09
1.752668704468883991e+09
1.752668704472548962e+09
1.752668704478710175e+09
1.752668704484686852e+09
1.752668704488885403e+09
1.752668704492536068e+09
1.752668704497651100e+09
1.752668704504208088e+09
1.752668704508662462e+09
1.752668704512573719e+09
1.752668704519005775e+09
1.752668704524392843e+09
1.752668704528566122e+09
1.752668704532672167e+09
1.752668704538912773e+09
1.752668704544572830e+09
1.752668704548524380e+09
1.752668704552667141e+09
1.752668704558721542e+09
1.752668704563589334e+09
1.752668704568670988e+09
1.752668704572276115e+09
1.752668704579376698e+09
1.752668704584303141e+09
1.752668704588791609e+09
1.752668704592627525e+09
1.752668704599379539e+09
1.752668704604363441e+09
1.752668704608633041e+09
1.752668704612797022e+09
1.752668704618667364e+09
1.752668704626722097e+09
1.752668704629358768e+09
1.752668704632585526e+09
1.752668704637697697e+09
1.752668704645297766e+09
1.752668704648854256e+09
1.752668704652863741e+09
1.752668704658854961e+09
1.752668704664617300e+09
1.752668704667309523e+09
1.752668704674484730e+09
1.752668704678667068e+09
1.752668704684230089e+09
1.752668704689020157e+09
1.752668704692570925e+09
1.752668704698598862e+09
1.752668704703167200e+09
1.752668704707559347e+09
1.752668704714471102e+09
1.752668704719108582e+09
1.752668704722883940e+09
1.752668704728680134e+09
1.752668704732363224e+09
1.752668704738685608e+09
1.752668704744649887e+09
1.752668704748961449e+09
1.752668704752615213e+09
1.752668704758720875e+09
1.752668704762728930e+09
1.752668704768772602e+09
1.752668704772464991e+09
1.752668704777526379e+09
1.752668704784344435e+09
1.752668704788722992e+09
1.752668704792585373e+09
1.752668704798775196e+09
1.752668704804652214e+09
1.752668704808653593e+09
1.752668704812593937e+09
1.752668704818720579e+09
1.752668704824835300e+09
1.752668704828835249e+09
1.752668704832630873e+09
1.752668704838880062e+09
1.752668704847276449e+09
1.752668704847677231e+09
1.752668704852499008e+09
1.752668704858608723e+09
1.752668704864279032e+09
1.752668704868206024e+09
1.752668704872575998e+09
1.752668704877283573e+09
1.752668704884569168e+09
1.752668704888903379e+09
1.752668704892554522e+09
1.752668704898897409e+09
1.752668704904078484e+09
1.752668704908359766e+09
1.752668704912259817e+09
1.752668704917206049e+09
1.752668704922545195e+09
1.752668704928980589e+09
1.752668704932753563e+09
1.752668704938796997e+09
1.752668704942721844e+09
1.752668704948781252e+09
1.752668704952570677e+09
1.752668704957870960e+09
1.752668704964625359e+09
1.752668704968650579e+09
1.752668704972505569e+09
1.752668704978672743e+09
1.752668704988588572e+09
1.752668704992581367e+09
1.752668704999314070e+09
1.752668705004296780e+09
1.752668705008478880e+09
1.752668705012497187e+09
1.752668705018862009e+09
1.752668705024690151e+09
1.752668705028624058e+09
1.752668705032576799e+09
1.752668705038831711e+09
1.752668705044397116e+09
1.752668705048180819e+09
1.752668705052519083e+09
1.752668705058202267e+09
1.752668705062740326e+09
1.752668705069065809e+09
1.752668705072733879e+09
1.752668705078811884e+09
1.752668705084566832e+09
1.752668705089022636e+09
1.752668705094927788e+09
1.752668705098748684e+09
1.752668705104573727e+09
1.752668705108832598e+09
1.752668705112329960e+09
1.752668705118788242e+09
1.752668705124368668e+09
1.752668705128533602e+09
1.752668705132575035e+09
1.752668705138833761e+09
1.752668705142524242e+09
1.752668705148631811e+09
1.752668705152305603e+09
1.752668705158723593e+09
1.752668705164261341e+09
1.752668705169046164e+09
1.752668705172624588e+09
1.752668705178779602e+09
1.752668705182681561e+09
1.752668705188839436e+09
1.752668705192508936e+09
1.752668705197683096e+09
1.752668705204608679e+09
1.752668705208682060e+09
1.752668705212486744e+09
1.752668705219072580e+09
1.752668705224836588e+09
1.752668705228732347e+09
1.752668705232575893e+09
1.752668705238788366e+09
1.752668705244881392e+09
1.752668705248790264e+09
1.752668705252339125e+09
1.752668705258684874e+09
1.752668705262820959e+09
1.752668705268990278e+09
1.752668705272481203e+09
1.752668705278886557e+09
1.752668705282526016e+09
1.752668705288985252e+09
1.752668705292528391e+09
1.752668705298646450e+09
1.752668705302538157e+09
1.752668705308915854e+09
1.752668705314135075e+09
1.752668705318550110e+09
1.752668705322745323e+09
1.752668705328960657e+09
1.752668705332584381e+09
1.752668705337863922e+09
1.752668705342713833e+09
1.752668705349265575e+09
1.752668705352551699e+09
1.752668705358553648e+09
1.752668705364120245e+09
1.752668705368848562e+09
1.752668705372736692e+09
1.752668705378898382e+09
1.752668705382762432e+09
1.752668705388732433e+09
1.752668705392330408e+09
1.752668705398652554e+09
1.752668705403832912e+09
1.752668705408880472e+09
1.752668705412220955e+09
1.752668705418636084e+09
1.752668705424268246e+09
1.752668705427599192e+09
1.752668705432391882e+09
1.752668705438539028e+09
1.752668705442746639e+09
1.752668705448878050e+09
1.752668705452502966e+09
1.752668705458572626e+09
1.752668705464793205e+09
1.752668705468635321e+09
1.752668705472326040e+09
1.752668705480284214e+09
1.752668705484573841e+09
1.752668705488874197e+09
1.752668705492522001e+09
1.752668705498843908e+09
1.752668705504488945e+09
1.752668705508752584e+09
1.752668705512487888e+09
1.752668705518800974e+09
1.752668705524559259e+09
1.752668705528743029e+09
1.752668705532555342e+09
1.752668705538743734e+09
1.752668705547672272e+09
1.752668705554682732e+09
1.752668705559210539e+09
1.752668705562934875e+09
1.752668705568756580e+09
1.752668705572340727e+09
1.752668705578736782e+09
1.752668705584429026e+09
1.752668705588823080e+09
1.752668705594771147e+09
1.752668705598807096e+09
1.752668705604678631e+09
1.752668705608722210e+09
1.752668705612477541e+09
1.752668705617691755e+09
1.752668705624682665e+09
1.752668705629032135e+09
1.752668705632499933e+09
1.752668705638650894e+09
1.752668705644775152e+09
1.752668705649019718e+09
1.752668705652328730e+09
1.752668705658778906e+09
1.752668705664471865e+09
1.752668705668843031e+09
1.752668705672317028e+09
1.752668705678639650e+09
1.752668705683307886e+09
1.752668705688992500e+09
1.752668705692532539e+09
1.752668705698804617e+09
1.752668705705133677e+09
1.752668705708721399e+09
1.752668705712727070e+09
1.752668705718729973e+09
1.752668705724572897e+09
1.752668705728758574e+09
1.752668705732503653e+09
1.752668705738744736e+09
1.752668705745145559e+09
1.752668705748745918e+09
1.752668705754838943e+09
1.752668705758288383e+09
1.752668705764613152e+09
1.752668705768711567e+09
1.752668705772515774e+09
1.752668705778780222e+09
1.752668705784525633e+09
1.752668705788866282e+09
1.752668705792506933e+09
1.752668705798804998e+09
1.752668705804796696e+09
1.752668705808782101e+09
1.752668705813982964e+09
1.752668705818478823e+09
1.752668705824568033e+09
1.752668705828531265e+09
1.752668705832204342e+09
1.752668705838975906e+09
1.752668705842744827e+09
1.752668705848844290e+09
1.752668705852272272e+09
1.752668705858443260e+09
1.752668705862745285e+09
1.752668705869006872e+09
1.752668705872522593e+09
1.752668705878841639e+09
1.752668705884600639e+09
1.752668705888942003e+09
1.752668705892784119e+09
1.752668705898501396e+09
1.752668705904618502e+09
1.752668705908903599e+09
1.752668705912531137e+09
1.752668705918798685e+09
1.752668705926242113e+09
1.752668705929148912e+09
1.752668705932611465e+09
1.752668705938720942e+09
1.752668705944912672e+09
1.752668705948639631e+09
1.752668705952394962e+09
1.752668705959116697e+09
1.752668705962985754e+09
1.752668705969012737e+09
1.752668705972319841e+09
1.752668705978730917e+09
1.752668705984623432e+09
1.752668705988761902e+09
1.752668705992549658e+09
1.752668705998643398e+09
1.752668706002725363e+09
1.752668706008910656e+09
1.752668706012549877e+09
1.752668706019156456e+09
1.752668706022767305e+09
1.752668706028817415e+09
1.752668706032613277e+09
1.752668706037451029e+09
1.752668706044727325e+09
1.752668706048874140e+09
1.752668706052375555e+09
1.752668706058737993e+09
1.752668706064571142e+09
1.752668706068919659e+09
1.752668706072513819e+09
1.752668706078709602e+09
1.752668706084329367e+09
1.752668706088523626e+09
1.752668706092520952e+09
1.752668706098891258e+09
1.752668706102678776e+09
1.752668706109465837e+09
1.752668706112530470e+09
1.752668706118654966e+09
1.752668706124740839e+09
1.752668706128850460e+09
1.752668706132420063e+09
1.752668706138982296e+09
1.752668706145285130e+09
1.752668706148762226e+09
1.752668706152316570e+09
1.752668706158765316e+09
1.752668706162515402e+09
1.752668706168822765e+09
1.752668706174416542e+09
1.752668706178996801e+09
1.752668706184250355e+09
1.752668706188808680e+09
1.752668706192339182e+09
1.752668706199276209e+09
1.752668706204463959e+09
1.752668706208577871e+09
1.752668706212542534e+09
1.752668706218975067e+09
1.752668706224874973e+09
1.752668706228873491e+09
1.752668706234263182e+09
1.752668706238784075e+09
1.752668706244751215e+09
1.752668706248969793e+09
1.752668706252624273e+09
1.752668706258799314e+09
1.752668706264723539e+09
1.752668706268741608e+09
1.752668706274106979e+09
1.752668706278433800e+09
1.752668706284348249e+09
1.752668706288896561e+09
1.752668706292732000e+09
1.752668706298802614e+09
1.752668706304352760e+09
1.752668706308393955e+09
1.752668706314743996e+09
1.752668706318506002e+09
1.752668706324396849e+09
1.752668706328695059e+09
1.752668706332377911e+09
1.752668706339216471e+09
1.752668706342716455e+09
1.752668706348776340e+09
1.752668706352479219e+09
1.752668706359153986e+09
1.752668706364844561e+09
1.752668706368729115e+09
1.752668706372302532e+09
1.752668706378467083e+09
1.752668706384100199e+09
1.752668706388031006e+09
1.752668706392765760e+09
1.752668706399019241e+09
1.752668706402547121e+09
1.752668706408664465e+09
1.752668706414388180e+09
1.752668706418708801e+09
1.752668706423104763e+09
1.752668706427441120e+09
1.752668706432482958e+09
1.752668706438897610e+09
1.752668706444725752e+09
1.752668706448838949e+09
1.752668706452605963e+09
1.752668706461039782e+09
1.752668706464880228e+09
1.752668706469325304e+09
1.752668706472554922e+09
1.752668706478842258e+09
1.752668706484700680e+09
1.752668706488853455e+09
1.752668706492488623e+09
1.752668706498555183e+09
1.752668706504207611e+09
1.752668706508811712e+09
1.752668706512531996e+09
1.752668706518721342e+09
1.752668706525000334e+09
1.752668706529245853e+09
1.752668706533500910e+09
1.752668706538986206e+09
1.752668706542665958e+09
1.752668706548705101e+09
1.752668706552769423e+09
1.752668706558710098e+09
1.752668706564194441e+09
1.752668706568448544e+09
1.752668706572586060e+09
1.752668706578811884e+09
1.752668706584742308e+09
1.752668706588733912e+09
1.752668706592262030e+09
1.752668706597587347e+09
1.752668706602694988e+09
1.752668706608957529e+09
1.752668706612766266e+09
1.752668706619118452e+09
1.752668706624686003e+09
1.752668706628653049e+09
1.752668706632546186e+09
1.752668706638735056e+09
1.752668706644926786e+09
1.752668706648650408e+09
1.752668706652206659e+09
1.752668706658896446e+09
1.752668706662692785e+09
1.752668706668447018e+09
1.752668706674632311e+09
1.752668706678688288e+09
1.752668706684680462e+09
1.752668706688870430e+09
1.752668706692242384e+09
1.752668706698698282e+09
1.752668706704661608e+09
1.752668706708779335e+09
1.752668706712051153e+09
1.752668706718952656e+09
1.752668706724206686e+09
1.752668706728017569e+09
1.752668706732736826e+09
1.752668706738737822e+09
1.752668706744563818e+09
1.752668706748506308e+09
1.752668706752598286e+09
1.752668706759000778e+09
1.752668706764728308e+09
1.752668706768774033e+09
1.752668706772563219e+09
1.752668706778901815e+09
1.752668706784611940e+09
1.752668706788795948e+09
1.752668706792507172e+09
1.752668706798731089e+09
1.752668706802493095e+09
1.752668706807280540e+09
1.752668706812500954e+09
1.752668706818932056e+09
1.752668706824725389e+09
1.752668706828684807e+09
1.752668706832531929e+09
1.752668706838836670e+09
1.752668706842676163e+09
1.752668706848756313e+09
1.752668706852526426e+09
1.752668706858925343e+09
1.752668706864640713e+09
1.752668706868702650e+09
1.752668706872289181e+09
1.752668706877298594e+09
1.752668706884523153e+09
1.752668706888421774e+09
1.752668706892225981e+09
1.752668706898730516e+09
1.752668706904579878e+09
1.752668706908738613e+09
1.752668706912586689e+09
1.752668706918757439e+09
1.752668706924869299e+09
1.752668706928758621e+09
1.752668706932490587e+09
1.752668706939033031e+09
1.752668706945291042e+09
1.752668706949322224e+09
1.752668706952750683e+09
1.752668706959078550e+09
1.752668706962486744e+09
1.752668706969152689e+09
1.752668706972869158e+09
1.752668706978794336e+09
1.752668706984611034e+09
1.752668706988884449e+09
1.752668706992503881e+09
1.752668706999042034e+09
1.752668707004658222e+09
1.752668707008693695e+09
1.752668707012306690e+09
1.752668707018131495e+09
1.752668707022659779e+09
1.752668707028732061e+09
1.752668707032422304e+09
1.752668707038827181e+09
1.752668707044871569e+09
1.752668707048838854e+09
1.752668707052296877e+09
1.752668707058634281e+09
1.752668707065023661e+09
1.752668707068881989e+09
1.752668707072516203e+09
1.752668707078710079e+09
1.752668707084901810e+09
1.752668707087727547e+09
1.752668707092648029e+09
1.752668707098716021e+09
1.752668707104583025e+09
1.752668707108684301e+09
1.752668707112280369e+09
1.752668707118882656e+09
1.752668707124733686e+09
1.752668707128937960e+09
1.752668707132801056e+09
1.752668707138685226e+09
1.752668707142681122e+09
1.752668707148972750e+09
1.752668707154193163e+09
1.752668707157796860e+09
1.752668707164592266e+09
1.752668707168742180e+09
1.752668707174591541e+09
1.752668707178880692e+09
1.752668707184761524e+09
1.752668707188663006e+09
1.752668707194766283e+09
1.752668707198662281e+09
1.752668707204808474e+09
1.752668707208786964e+09
1.752668707212580919e+09
1.752668707218672276e+09
1.752668707224753857e+09
1.752668707227513552e+09
1.752668707232352257e+09
1.752668707238820553e+09
1.752668707242773771e+09
1.752668707248711824e+09
1.752668707252513885e+09
1.752668707258892298e+09
1.752668707264646292e+09
1.752668707268700838e+09
1.752668707272140265e+09
1.752668707278872728e+09
1.752668707282732725e+09
1.752668707288574696e+09
1.752668707294362783e+09
1.752668707298477411e+09
1.752668707304649353e+09
1.752668707308732748e+09
1.752668707312493324e+09
1.752668707318696976e+09
1.752668707326508284e+09
1.752668707328803778e+09
1.752668707332550049e+09
1.752668707338752985e+09
1.752668707342756271e+09
1.752668707348722219e+09
1.752668707352507114e+09
1.752668707359029531e+09
1.752668707364727974e+09
1.752668707369446754e+09
1.752668707373541355e+09
1.752668707378560781e+09
1.752668707382538795e+09
1.752668707389286518e+09
1.752668707392658710e+09
1.752668707398801088e+09
1.752668707404567480e+09
1.752668707408687115e+09
1.752668707412291288e+09
1.752668707418405056e+09
1.752668707422626495e+09
1.752668707428524256e+09
1.752668707432133675e+09
1.752668707437513113e+09
1.752668707442883253e+09
1.752668707448695898e+09
1.752668707452751398e+09
1.752668707458665371e+09
1.752668707464878082e+09
1.752668707468899250e+09
1.752668707472752333e+09
1.752668707478826046e+09
1.752668707484706879e+09
1.752668707488925934e+09
1.752668707492531776e+09
1.752668707498681545e+09
1.752668707504510641e+09
1.752668707511244774e+09
1.752668707512325525e+09
1.752668707518252134e+09
1.752668707524709463e+09
1.752668707528862953e+09
1.752668707532523632e+09
1.752668707539137840e+09
1.752668707544765711e+09
1.752668707548837423e+09
1.752668707552477837e+09
1.752668707558892012e+09
1.752668707562676668e+09
1.752668707569194078e+09
1.752668707572423697e+09
1.752668707579102993e+09
1.752668707584298611e+09
1.752668707588696718e+09
1.752668707592526913e+09
1.752668707598827839e+09
1.752668707604711771e+09
1.752668707608671188e+09
1.752668707612497091e+09
1.752668707618575335e+09
1.752668707624775648e+09
1.752668707628607988e+09
1.752668707634241343e+09
1.752668707638958931e+09
1.752668707642720699e+09
1.752668707649143696e+09
1.752668707653414249e+09
1.752668707658948898e+09
1.752668707662755728e+09
1.752668707668477297e+09
1.752668707674136162e+09
1.752668707678874969e+09
1.752668707682648659e+09
1.752668707688850641e+09
1.752668707692577362e+09
1.752668707698786497e+09
1.752668707704623461e+09
1.752668707708755016e+09
1.752668707712543488e+09
1.752668707718192816e+09
1.752668707724516630e+09
1.752668707729441643e+09
1.752668707733718157e+09
1.752668707738566160e+09
1.752668707744595051e+09
1.752668707749050856e+09
1.752668707752546310e+09
1.752668707758891106e+09
1.752668707764117956e+09
1.752668707768471956e+09
1.752668707772622347e+09
1.752668707779348135e+09
1.752668707784668446e+09
1.752668707789039612e+09
1.752668707792854309e+09
1.752668707798679829e+09
1.752668707804552794e+09
1.752668707808857203e+09
1.752668707812536001e+09
1.752668707818670511e+09
1.752668707824620247e+09
1.752668707829581022e+09
1.752668707832551718e+09
1.752668707838692188e+09
1.752668707844596148e+09
1.752668707848649502e+09
1.752668707852516651e+09
1.752668707858969927e+09
1.752668707865533352e+09
1.752668707869127750e+09
1.752668707872404814e+09
1.752668707878803015e+09
1.752668707882872820e+09
1.752668707888933182e+09
1.752668707892386675e+09
1.752668707898859501e+09
1.752668707904815197e+09
1.752668707908686876e+09
1.752668707912525654e+09
1.752668707918883801e+09
1.752668707922824383e+09
1.752668707930091619e+09
1.752668707932401657e+09
1.752668707939141035e+09
1.752668707944944143e+09
1.752668707948810339e+09
1.752668707952499390e+09
1.752668707958804131e+09
1.752668707964825392e+09
1.752668707968732834e+09
1.752668707972267628e+09
1.752668707978765726e+09
1.752668707984724283e+09
1.752668707988655329e+09
1.752668707992541552e+09
1.752668707997586966e+09
1.752668708004793882e+09
1.752668708009009600e+09
1.752668708012508154e+09
1.752668708018430710e+09
1.752668708024095535e+09
1.752668708029013395e+09
1.752668708032540321e+09
1.752668708038728714e+09
1.752668708045066595e+09
1.752668708048543453e+09
1.752668708052210569e+09
1.752668708058949709e+09
1.752668708062842607e+09
1.752668708068990707e+09
1.752668708072864294e+09
1.752668708078919888e+09
1.752668708082810879e+09
1.752668708089002848e+09
1.752668708092298985e+09
1.752668708098623276e+09
1.752668708104561090e+09
1.752668708108758211e+09
1.752668708112525940e+09
1.752668708118837357e+09
1.752668708124532223e+09
1.752668708128910780e+09
1.752668708132507801e+09
1.752668708137246132e+09
1.752668708144972801e+09
1.752668708148842812e+09
1.752668708152529001e+09
1.752668708158547401e+09
1.752668708164506435e+09
1.752668708169169664e+09
1.752668708172502995e+09
1.752668708178643227e+09
1.752668708184316874e+09
1.752668708188591242e+09
1.752668708194470167e+09
1.752668708199065447e+09
1.752668708202701807e+09
1.752668708208737850e+09
1.752668708212521791e+09
1.752668708220860243e+09
1.752668708222493172e+09
1.752668708228713274e+09
1.752668708232231855e+09
1.752668708238884211e+09
1.752668708245637655e+09
1.752668708248828650e+09
1.752668708252142429e+09
1.752668708258780003e+09
1.752668708262778521e+09
1.752668708268820763e+09
1.752668708272490025e+09
1.752668708277189970e+09
1.752668708284354210e+09
1.752668708288553953e+09
1.752668708292751312e+09
1.752668708298877001e+09
1.752668708304205656e+09
1.752668708308609962e+09
1.752668708312569857e+09
1.752668708318855524e+09
1.752668708324462414e+09
1.752668708328896523e+09
1.752668708332302570e+09
1.752668708338423014e+09
1.752668708342789173e+09
1.752668708347568989e+09
1.752668708352236509e+09
1.752668708358842850e+09
1.752668708363147736e+09
1.752668708368859291e+09
1.752668708372493982e+09
1.752668708378904581e+09
1.752668708384475470e+09
1.752668708388916016e+09
1.752668708393000603e+09
1.752668708398971319e+09
1.752668708404678106e+09
1.752668708408670902e+09
1.752668708414076328e+09
1.752668708418035984e+09
1.752668708422802925e+09
1.752668708428982019e+09
1.752668708432543755e+09
1.752668708438857317e+09
1.752668708444771290e+09
1.752668708448907614e+09
1.752668708452630043e+09
1.752668708458696365e+09
1.752668708464672804e+09
1.752668708468732595e+09
1.752668708472515583e+09
1.752668708478820086e+09
1.752668708484675407e+09
1.752668708488463163e+09
1.752668708492512941e+09
1.752668708498663902e+09
1.752668708504529238e+09
1.752668708508769989e+09
1.752668708513035059e+09
1.752668708520344257e+09
1.752668708524194241e+09
1.752668708528621912e+09
1.752668708532498837e+09
1.752668708539112806e+09
1.752668708545047998e+09
1.752668708548822165e+09
1.752668708552328110e+09
1.752668708558727741e+09
1.752668708564330101e+09
1.752668708568794966e+09
1.752668708574812651e+09
1.752668708578728199e+09
1.752668708582815647e+09
1.752668708588851929e+09
1.752668708592568398e+09
1.752668708598685026e+09
1.752668708604805708e+09
1.752668708608789206e+09
1.752668708612532139e+09
1.752668708618573427e+09
1.752668708624432325e+09
1.752668708631399632e+09
1.752668708632981062e+09
1.752668708638939619e+09
1.752668708642737865e+09
1.752668708648442030e+09
1.752668708654048443e+09
1.752668708659039736e+09
1.752668708664898157e+09
1.752668708668783665e+09
1.752668708672319412e+09
1.752668708678812265e+09
1.752668708684600115e+09
1.752668708688958168e+09
1.752668708692969561e+09
1.752668708698961496e+09
1.752668708704790592e+09
1.752668708708937168e+09
1.752668708712309837e+09
1.752668708718775749e+09
1.752668708722656727e+09
1.752668708728874445e+09
1.752668708732372284e+09
1.752668708738752365e+09
1.752668708744786739e+09
1.752668708748574734e+09
1.752668708752706051e+09
1.752668708758863926e+09
1.752668708764650822e+09
1.752668708767531633e+09
1.752668708772490978e+09
1.752668708778918505e+09
1.752668708784831285e+09
1.752668708788801193e+09
1.752668708792526960e+09
1.752668708798692942e+09
1.752668708804653168e+09
1.752668708809591293e+09
1.752668708812911510e+09
1.752668708818645239e+09
1.752668708824197054e+09
1.752668708829045773e+09
1.752668708832489491e+09
1.752668708840516329e+09
1.752668708845676661e+09
1.752668708848667860e+09
1.752668708852523088e+09
1.752668708859717131e+09
1.752668708862693071e+09
1.752668708867413282e+09
1.752668708874182701e+09
1.752668708878729582e+09
1.752668708884150743e+09
1.752668708888735771e+09
1.752668708892748594e+09
1.752668708898792505e+09
1.752668708904771090e+09
1.752668708909196377e+09
1.752668708913166523e+09
1.752668708918668985e+09
1.752668708922504663e+09
1.752668708928503990e+09
1.752668708932655811e+09
1.752668708938652754e+09
1.752668708942787409e+09
1.752668708949047089e+09
1.752668708952556372e+09
1.752668708959120989e+09
1.752668708964847326e+09
1.752668708968821287e+09
1.752668708972475052e+09
1.752668708979086399e+09
1.752668708984132528e+09
1.752668708988564730e+09
1.752668708992756128e+09
1.752668708998920202e+09
1.752668709004126787e+09
1.752668709008697033e+09
1.752668709012548208e+09
1.752668709019232750e+09
1.752668709024751663e+09
1.752668709028892517e+09
1.752668709032529354e+09
1.752668709038851261e+09
1.752668709042768717e+09
1.752668709047539711e+09
1.752668709054131269e+09
1.752668709058497429e+09
1.752668709062544107e+09
1.752668709068736076e+09
1.752668709072493792e+09
1.752668709078838348e+09
1.752668709084641695e+09
1.752668709088807583e+09
1.752668709092493296e+09
1.752668709098746777e+09
1.752668709104469776e+09
1.752668709108785391e+09
1.752668709112327576e+09
1.752668709118756533e+09
1.752668709124539375e+09
1.752668709128782034e+09
1.752668709132359505e+09
1.752668709138916016e+09
1.752668709142731667e+09
1.752668709148589373e+09
1.752668709152524710e+09
1.752668709158950329e+09
1.752668709164985895e+09
1.752668709168974161e+09
1.752668709172607422e+09
1.752668709178704023e+09
1.752668709185122967e+09
1.752668709188945770e+09
1.752668709193106890e+09
1.752668709198602676e+09
1.752668709204780579e+09
1.752668709208890915e+09
1.752668709212498188e+09
1.752668709218742609e+09
1.752668709222430944e+09
1.752668709228592157e+09
1.752668709232809067e+09
1.752668709238985300e+09
1.752668709242538214e+09
1.752668709248747826e+09
1.752668709252502441e+09
1.752668709257868528e+09
1.752668709264578342e+09
1.752668709268935442e+09
1.752668709272639036e+09
1.752668709278823376e+09
1.752668709284561396e+09
1.752668709289076328e+09
1.752668709292917252e+09
1.752668709298783779e+09
1.752668709304565907e+09
1.752668709308800936e+09
1.752668709312299490e+09
1.752668709318842173e+09
1.752668709324404001e+09
1.752668709327497244e+09
1.752668709332544804e+09
1.752668709338817358e+09
1.752668709344805479e+09
1.752668709348859072e+09
1.752668709352732658e+09
1.752668709358776331e+09
1.752668709364657164e+09
1.752668709368750572e+09
1.752668709372570038e+09
1.752668709378797054e+09
1.752668709384318113e+09
1.752668709388475180e+09
1.752668709392503500e+09
1.752668709398563623e+09
1.752668709404095173e+09
1.752668709408741951e+09
1.752668709412507296e+09
1.752668709418721437e+09
1.752668709424524784e+09
1.752668709428752661e+09
1.752668709432216167e+09
1.752668709438752651e+09
1.752668709442533970e+09
1.752668709448753119e+09
1.752668709452491760e+09
1.752668709458748817e+09
1.752668709464137316e+09
1.752668709470589399e+09
1.752668709472503901e+09
1.752668709478671789e+09
1.752668709482537031e+09
1.752668709488712311e+09
1.752668709492590189e+09
1.752668709498855591e+09
1.752668709504822493e+09
1.752668709508789062e+09
1.752668709512494802e+09
1.752668709518686771e+09
1.752668709524347067e+09
1.752668709528916836e+09
1.752668709532378674e+09
1.752668709538397074e+09
1.752668709544702291e+09
1.752668709548760414e+09
1.752668709552500725e+09
1.752668709558875799e+09
1.752668709565026045e+09
1.752668709568974018e+09
1.752668709572621584e+09
1.752668709578509808e+09
1.752668709584515572e+09
1.752668709589130402e+09
1.752668709592636824e+09
1.752668709598973513e+09
1.752668709604403734e+09
1.752668709608532667e+09
1.752668709614182472e+09
1.752668709618563652e+09
1.752668709624634027e+09
1.752668709629225969e+09
1.752668709632618904e+09
1.752668709638737440e+09
1.752668709644752741e+09
1.752668709648667097e+09
1.752668709652683020e+09
1.752668709658890963e+09
1.752668709664486408e+09
1.752668709668749571e+09
1.752668709672326088e+09
1.752668709678918600e+09
1.752668709684660196e+09
1.752668709688812494e+09
1.752668709692556858e+09
1.752668709698788166e+09
1.752668709704634905e+09
1.752668709708703279e+09
1.752668709712331772e+09
1.752668709718634844e+09
1.752668709724295139e+09
1.752668709728817463e+09
1.752668709732447863e+09
1.752668709738988638e+09
1.752668709742703199e+09
1.752668709748881102e+09
1.752668709754903316e+09
1.752668709758593559e+09
1.752668709764290571e+09
1.752668709768638372e+09
1.752668709772485495e+09
1.752668709778896332e+09
1.752668709782732010e+09
1.752668709788806915e+09
1.752668709792289495e+09
1.752668709798785210e+09
1.752668709805262566e+09
1.752668709808913708e+09
1.752668709812546730e+09
1.752668709818288565e+09
1.752668709824610710e+09
1.752668709828882694e+09
1.752668709832494020e+09
1.752668709838953257e+09
1.752668709844354391e+09
1.752668709848723173e+09
1.752668709852250576e+09
1.752668709858559847e+09
1.752668709864644289e+09
1.752668709868919373e+09
1.752668709872276068e+09
1.752668709878511906e+09
1.752668709882749796e+09
1.752668709889856339e+09
1.752668709894896269e+09
1.752668709897666216e+09
1.752668709904298544e+09
1.752668709908703327e+09
1.752668709912513494e+09
1.752668709918851852e+09
1.752668709924660206e+09
1.752668709928944111e+09
1.752668709932560682e+09
1.752668709938827991e+09
1.752668709944816828e+09
1.752668709948690891e+09
1.752668709952425718e+09
1.752668709958149910e+09
1.752668709962744236e+09
1.752668709968734741e+09
1.752668709972278833e+09
1.752668709978911161e+09
1.752668709982635975e+09
1.752668709989006042e+09
1.752668709992510319e+09
1.752668709998912096e+09
1.752668710004644871e+09
1.752668710008731365e+09
1.752668710012526512e+09
1.752668710018997431e+09
1.752668710024724007e+09
1.752668710028817415e+09
1.752668710035475492e+09
1.752668710038801432e+09
1.752668710045357943e+09
1.752668710049203396e+09
1.752668710052538395e+09
1.752668710058616877e+09
1.752668710064363003e+09
