-1.849918695497396962e-03 1.520718099958627730e-02 -2.720806804681599397e-02 9.995124013637978200e-01
-1.865842094895730097e-03 1.528439713967015903e-02 -2.719609832010921532e-02 9.995115197302714138e-01
-1.865842094895730097e-03 1.528439713967015903e-02 -2.719609832010921532e-02 9.995115197302714138e-01
-2.003533717352402356e-03 1.532732595086403089e-02 -2.721349045410555861e-02 9.995101224445622767e-01
-2.003533717352402356e-03 1.532732595086403089e-02 -2.721349045410555861e-02 9.995101224445622767e-01
-1.676806852184436819e-03 1.550490318940499559e-02 -2.713867090426930195e-02 9.995100193782038289e-01
-1.652644132528719757e-03 1.560395196247723985e-02 -2.709681684054774525e-02 9.995096537641013912e-01
-1.652644132528719757e-03 1.560395196247723985e-02 -2.709681684054774525e-02 9.995096537641013912e-01
-1.658255404143801513e-03 1.554172032000661514e-02 -2.710813537403863882e-02 9.995103071579863885e-01
-1.658255404143801513e-03 1.554172032000661514e-02 -2.710813537403863882e-02 9.995103071579863885e-01
-1.800609083902306000e-03 1.559647491196205528e-02 -2.706049950394350326e-02 9.995104987661933560e-01
-1.523327992702398249e-03 1.560730548855604818e-02 -2.705324898052913207e-02 9.995109870365663784e-01
-1.523327992702398249e-03 1.560730548855604818e-02 -2.705324898052913207e-02 9.995109870365663784e-01
-1.707577851818182666e-03 1.556473238865113511e-02 -2.700569600074608986e-02 9.995126390731959853e-01
-1.578047780656486676e-03 1.553640288025608801e-02 -2.709306889874566263e-02 9.995109281885777852e-01
-1.578047780656486676e-03 1.553640288025608801e-02 -2.709306889874566263e-02 9.995109281885777852e-01
-1.522622534626513367e-03 1.553544293697511035e-02 -2.699014886744094399e-02 9.995138135601140394e-01
-1.522622534626513367e-03 1.553544293697511035e-02 -2.699014886744094399e-02 9.995138135601140394e-01
-1.674915973480966972e-03 1.552306231912694429e-02 -2.712094984319711813e-02 9.995102216947664431e-01
-1.571404546260759486e-03 1.570584078408221451e-02 -2.713837334869023676e-02 9.995070614783090335e-01
-1.795189479634698481e-03 1.563598681006904759e-02 -2.708656247204795087e-02 9.995091852227550033e-01
-1.795189479634698481e-03 1.563598681006904759e-02 -2.708656247204795087e-02 9.995091852227550033e-01
-1.665308160931570263e-03 1.572425300361942127e-02 -2.719861438230403508e-02 9.995049824747699319e-01
-1.665308160931570263e-03 1.572425300361942127e-02 -2.719861438230403508e-02 9.995049824747699319e-01
-1.476329339430267496e-03 1.555679959294482134e-02 -2.716804071377902988e-02 9.995087313284867214e-01
-1.476329339430267496e-03 1.555679959294482134e-02 -2.716804071377902988e-02 9.995087313284867214e-01
-1.476329339430267496e-03 1.555679959294482134e-02 -2.716804071377902988e-02 9.995087313284867214e-01
-2.125697308204469935e-03 1.548838215683915991e-02 -2.700480402765735241e-02 9.995130474328713932e-01
-2.264864831295679542e-03 1.594761204583911018e-02 -2.705532995559480763e-02 9.995041536573648910e-01
-2.264864831295679542e-03 1.594761204583911018e-02 -2.705532995559480763e-02 9.995041536573648910e-01
-2.295069963796127818e-03 1.592160056197727824e-02 -2.709200749360251431e-02 9.995035059565187119e-01
-2.178210346168526872e-03 1.632034920951922277e-02 -2.705150211898393886e-02 9.994984331325756921e-01
-2.178210346168526872e-03 1.632034920951922277e-02 -2.705150211898393886e-02 9.994984331325756921e-01
-2.375755672773192852e-03 1.605531003650223845e-02 -2.723179930038216456e-02 9.994973796421273704e-01
-2.375755672773192852e-03 1.605531003650223845e-02 -2.723179930038216456e-02 9.994973796421273704e-01
-2.185544264823064721e-03 1.637890666293068467e-02 -2.707444966723149618e-02 9.994968379079596232e-01
-1.417244836294843718e-03 1.659856068374315069e-02 -2.732384446144462201e-02 9.994878121939001492e-01
-1.461339930223696983e-03 1.658007886884749552e-02 -2.726968835867932608e-02 9.994895344960504913e-01
-1.461339930223696983e-03 1.658007886884749552e-02 -2.726968835867932608e-02 9.994895344960504913e-01
-1.555435735229475152e-03 1.659676339658186506e-02 -2.712990355682281390e-02 9.994929196334654264e-01
-1.555435735229475152e-03 1.659676339658186506e-02 -2.712990355682281390e-02 9.994929196334654264e-01
-1.555435735229475152e-03 1.659676339658186506e-02 -2.712990355682281390e-02 9.994929196334654264e-01
-1.555435735229475152e-03 1.659676339658186506e-02 -2.712990355682281390e-02 9.994929196334654264e-01
-1.948936224114027754e-03 1.685433152817540289e-02 -2.730044737941492855e-02 9.994832758626912561e-01
-1.961816222303239959e-03 1.690702653437885228e-02 -2.731937508852786550e-02 9.994818434947421171e-01
-1.961816222303239959e-03 1.690702653437885228e-02 -2.731937508852786550e-02 9.994818434947421171e-01
-2.033528532183863542e-03 1.677425708554979022e-02 -2.723795584722846219e-02 9.994861593950169487e-01
-1.807898498273249541e-03 1.689450685715454883e-02 -2.733027207035861397e-02 9.994820475474452959e-01
-1.632186442790462162e-03 1.703995890833379448e-02 -2.744863041672429560e-02 9.994766372737605709e-01
-1.632186442790462162e-03 1.703995890833379448e-02 -2.744863041672429560e-02 9.994766372737605709e-01
-3.300127263151394260e-03 1.649304231085669051e-02 -2.749078226609912370e-02 9.994805378824428432e-01
-3.300127263151394260e-03 1.649304231085669051e-02 -2.749078226609912370e-02 9.994805378824428432e-01
-2.836359254455601657e-03 1.637709877663671640e-02 -2.752429682696530891e-02 9.994829457204464918e-01
-1.640245017318824787e-03 1.737971093447015711e-02 -2.714905863619445497e-02 9.994789561863151039e-01
-1.640245017318824787e-03 1.737971093447015711e-02 -2.714905863619445497e-02 9.994789561863151039e-01
-1.654965893989295781e-03 1.743610080190472617e-02 -2.745313536586160841e-02 9.994696437787889964e-01
-1.654965893989295781e-03 1.743610080190472617e-02 -2.745313536586160841e-02 9.994696437787889964e-01
-1.206275402587534415e-03 1.755692860980188549e-02 -2.741692281562206970e-02 9.994691648574085541e-01
-1.419420827635481863e-03 1.762272641140667784e-02 -2.748463175285147456e-02 9.994658672389733489e-01
-1.419420827635481863e-03 1.762272641140667784e-02 -2.748463175285147456e-02 9.994658672389733489e-01
-1.847192218466715960e-03 1.764660873608250857e-02 -2.745994628429261272e-02 9.994654253305050862e-01
-1.682664066038666887e-03 1.771752782983486083e-02 -2.751224111578381981e-02 9.994630230468893872e-01
-1.682664066038666887e-03 1.771752782983486083e-02 -2.751224111578381981e-02 9.994630230468893872e-01
-1.523395288343429733e-03 1.780582551565619565e-02 -2.743626318834893607e-02 9.994637978970329906e-01
-1.627492888362653970e-03 1.783192551509529822e-02 -2.754424122118931048e-02 9.994601985446300851e-01
-1.627492888362653970e-03 1.783192551509529822e-02 -2.754424122118931048e-02 9.994601985446300851e-01
-1.419416100683008972e-03 1.780720853535854714e-02 -2.769538188528732764e-02 9.994567796579998387e-01
-1.638374169195277964e-03 1.789472621227824328e-02 -2.737223341856252767e-02 9.994637839069253626e-01
-1.638374169195277964e-03 1.789472621227824328e-02 -2.737223341856252767e-02 9.994637839069253626e-01
-1.422337891507204294e-03 1.803544407007505804e-02 -2.739011924117809582e-02 9.994610953309146506e-01
-1.650379168348897752e-03 1.810102278186715916e-02 -2.748674060419713239e-02 9.994569066817281522e-01
-1.493049943571282071e-03 1.812894136881536972e-02 -2.750715808445621316e-02 9.994560863493847647e-01
-1.493049943571282071e-03 1.812894136881536972e-02 -2.750715808445621316e-02 9.994560863493847647e-01
-1.493049943571282071e-03 1.812894136881536972e-02 -2.750715808445621316e-02 9.994560863493847647e-01
-1.777076982895244191e-03 1.829088973372710800e-02 -2.751588863750113745e-02 9.994524306952453641e-01
-1.798529570794202151e-03 1.833870505195773007e-02 -2.756068189723106382e-02 9.994502819058884713e-01
-1.798529570794202151e-03 1.833870505195773007e-02 -2.756068189723106382e-02 9.994502819058884713e-01
-1.749257386907040633e-03 1.841838072123195766e-02 -2.758570223328738955e-02 9.994482139573308555e-01
-1.644332552240329723e-03 1.866101766325720460e-02 -2.751405776458366176e-02 9.994458660755751733e-01
-1.644332552240329723e-03 1.866101766325720460e-02 -2.751405776458366176e-02 9.994458660755751733e-01
-1.655552314750178200e-03 1.883013574088375844e-02 -2.752112094792185867e-02 9.994424811044820833e-01
-1.495220088526720038e-03 1.883056722084797477e-02 -2.758516299679532671e-02 9.994409601559605116e-01
-1.495220088526720038e-03 1.883056722084797477e-02 -2.758516299679532671e-02 9.994409601559605116e-01
-1.804209768848669170e-03 1.858897558823759816e-02 -2.769991538433053471e-02 9.994417989564929883e-01
-1.804209768848669170e-03 1.858897558823759816e-02 -2.769991538433053471e-02 9.994417989564929883e-01
-1.805156439288388035e-03 1.860834919930245274e-02 -2.762321731480221060e-02 9.994435594947249646e-01
-1.819601419573936910e-03 1.879218892818266401e-02 -2.769752176897590651e-02 9.994380370857507412e-01
-1.819601419573936910e-03 1.879218892818266401e-02 -2.769752176897590651e-02 9.994380370857507412e-01
-1.540940523485004017e-03 1.862310036752522907e-02 -2.849182746667145924e-02 9.994193421195197713e-01
-1.808225419800759586e-03 1.859083459334319455e-02 -2.777568354841627660e-02 9.994396543030361624e-01
-1.808225419800759586e-03 1.859083459334319455e-02 -2.777568354841627660e-02 9.994396543030361624e-01
-1.565366244640288172e-03 1.890092624083429887e-02 -2.770315860888988846e-02 9.994362609085430948e-01
-1.327514881741253486e-03 1.910474949739740524e-02 -2.765518720053887491e-02 9.994340582908828319e-01
-1.327514881741253486e-03 1.910474949739740524e-02 -2.765518720053887491e-02 9.994340582908828319e-01
-1.627697629491717431e-03 1.874765894781407413e-02 -2.774839102761104612e-02 9.994377933017053461e-01
-1.645455197235299151e-03 1.876278442170487698e-02 -2.772729734152745013e-02 9.994380658050168176e-01
-1.645455197235299151e-03 1.876278442170487698e-02 -2.772729734152745013e-02 9.994380658050168176e-01
-1.469939048289748470e-03 1.905383574823423312e-02 -2.775079135941727407e-02 9.994321808914298222e-01
