4.088692548341816178e+02 2.010861281542575853e+03 4.409475039424400507e+02
4.088954255661749357e+02 2.010886996878624814e+03 4.409845253972546288e+02
4.088129936671907103e+02 2.010911300247610598e+03 4.410347097395013520e+02
4.087856564503917980e+02 2.010921831519231546e+03 4.409355104025391370e+02
4.086626188081239093e+02 2.010956175954628861e+03 4.411511504849459584e+02
4.085627781241651633e+02 2.010866692539685801e+03 4.412729697671375106e+02
4.083172853424752589e+02 2.010493752550707086e+03 4.417828764486998807e+02
4.081311565293764829e+02 2.010272923161566723e+03 4.420531366021419899e+02
4.078010807838172127e+02 2.009771622572173101e+03 4.427990334670254811e+02
4.074180486168067432e+02 2.009212397148755144e+03 4.439407234587955600e+02
4.070050897384736572e+02 2.008961335710324875e+03 4.451154461216416962e+02
4.068898749484273480e+02 2.008716832317143826e+03 4.455840068171966095e+02
4.065240672810136289e+02 2.008289993709762712e+03 4.464403008672814508e+02
4.062596958260784845e+02 2.007924940186768254e+03 4.473449879296634322e+02
4.061453792810251571e+02 2.007642786310203519e+03 4.479485250276970874e+02
4.061183950467724344e+02 2.007267456465399846e+03 4.483446358068657105e+02
4.058910346630949562e+02 2.006905191244552498e+03 4.487534915841419547e+02
4.056838697282024668e+02 2.005968123648503479e+03 4.495515994437333802e+02
4.059827120902661477e+02 2.004567777352574694e+03 4.501952494713821125e+02
4.057648629013216919e+02 2.003648684579694191e+03 4.508523817412075232e+02
4.056990781260977315e+02 2.002944261879705891e+03 4.512483531716954985e+02
4.057211135782204678e+02 2.001205777027057138e+03 4.517366679762632202e+02
4.055903381867560711e+02 2.000380301883277525e+03 4.519197054181789781e+02
4.048105594686967947e+02 1.998232965676640106e+03 4.533268799841496843e+02
4.044848432619007212e+02 1.996366624142172213e+03 4.540089067737295068e+02
4.061848590153279588e+02 1.993078282030156743e+03 4.542406071658267592e+02
4.054410452713897826e+02 1.990857406782741009e+03 4.550836518225257237e+02
4.062537453103003031e+02 1.988712123835749026e+03 4.550457663292696111e+02
4.057249318652129659e+02 1.988371699986986869e+03 4.548911400164455472e+02
4.059588489296953071e+02 1.985100788057947284e+03 4.553431388621279439e+02
4.060960628505894192e+02 1.984044170375154636e+03 4.553915415172838834e+02
4.063059442504132903e+02 1.982138787461253060e+03 4.554288475948960127e+02
4.051875807124786775e+02 1.981439793089079103e+03 4.555825877494873453e+02
4.061298508577373241e+02 1.979065241998046531e+03 4.561308295034274352e+02
4.068558681797128997e+02 1.977641465284424839e+03 4.557227212999197263e+02
4.076620552431618307e+02 1.975381663526077318e+03 4.557216441192944103e+02
4.073671575165960803e+02 1.974111206798638705e+03 4.560337873135451332e+02
4.206600479553802643e+02 1.937083264567554806e+03 4.216927893840923502e+02
4.206600479553802643e+02 1.937083264567554806e+03 4.216927893840923502e+02
4.213581119009970735e+02 1.932964966264168879e+03 4.224393413644825728e+02
4.090277084063461643e+02 1.964344097615151441e+03 4.577883023465860219e+02
4.092398492920465856e+02 1.962898229860373476e+03 4.579189270851670699e+02
4.097050275044097702e+02 1.960005853463411540e+03 4.583219935917523458e+02
4.116072004598174203e+02 1.957026727166493856e+03 4.581198128149914623e+02
4.109958895816115501e+02 1.955651302609046297e+03 4.585992917079465769e+02
4.108281253841512921e+02 1.953485676417251625e+03 4.588613247122655139e+02
4.101585547667926335e+02 1.952561873140181206e+03 4.595943244538511294e+02
4.107074155203658279e+02 1.950918195588368008e+03 4.596201795861779260e+02
4.119041380718351775e+02 1.948017364861249007e+03 4.596762951231455645e+02
4.126737579020796147e+02 1.944220353878235528e+03 4.601646769647962856e+02
4.127915622117693601e+02 1.942997356906158302e+03 4.603295145441182399e+02
4.133871158562922119e+02 1.940365584305257698e+03 4.606304794659471327e+02
4.135544245052960264e+02 1.939026875044350163e+03 4.607734343796529402e+02
4.141210698447787308e+02 1.936450004679382118e+03 4.610097571143901405e+02
4.142060362542749203e+02 1.935057862962500167e+03 4.611184802195153907e+02
4.146282381675851525e+02 1.932551015589360986e+03 4.611527176634962757e+02
4.149337012378218219e+02 1.931046722161546086e+03 4.612159371166035271e+02
4.156411282924206603e+02 1.926978124326632042e+03 4.615308888757003842e+02
4.158159069041278713e+02 1.925411702451263636e+03 4.615542262619214284e+02
4.161369555621578229e+02 1.925022783047443909e+03 4.609941237003176298e+02
4.168615419444633403e+02 1.921665780624324043e+03 4.612002421803296670e+02
4.169956074990992079e+02 1.918261459419035873e+03 4.614798015287619251e+02
4.171176290613530568e+02 1.916681529170977910e+03 4.614635576601130538e+02
4.171262740152070592e+02 1.915253136841767400e+03 4.615313219939554870e+02
4.173027284219854778e+02 1.910863134137179486e+03 4.620042749428437219e+02
4.171605964444585197e+02 1.909030709922358710e+03 4.623489027221039578e+02
4.170875959571959015e+02 1.907614799412372122e+03 4.624945212701576907e+02
4.173422797037967484e+02 1.904672762542181999e+03 4.626655849666829567e+02
4.171705528680655561e+02 1.902218247885698702e+03 4.627566505510216075e+02
4.175320609766921507e+02 1.900311902818917360e+03 4.627606261768475520e+02
4.175320609766921507e+02 1.900311902818917360e+03 4.627606261768475520e+02
4.176084217324963674e+02 1.894202146480739430e+03 4.636975890192185261e+02
4.175982194782052943e+02 1.892652906156672771e+03 4.640310589755662249e+02
4.174452778593094990e+02 1.889547706728981439e+03 4.647204059013736241e+02
4.174213036018165894e+02 1.887982700484699308e+03 4.651983455920259303e+02
4.175047097113511541e+02 1.883274703684952556e+03 4.665364692172955756e+02
4.174971820502554465e+02 1.881853488279115254e+03 4.670808006398740986e+02
4.175579110536486951e+02 1.880162068894273489e+03 4.676079277111118699e+02
4.176074033073480791e+02 1.877116849849768641e+03 4.686083535096663013e+02
4.175526246103967196e+02 1.875529819092534581e+03 4.691668426339726352e+02
4.176243263258109550e+02 1.872383860330951848e+03 4.703040107045235345e+02
4.175579549684846938e+02 1.867873979739821607e+03 4.718311764689859160e+02
4.171408454255957849e+02 1.866531991405456665e+03 4.721196319830845027e+02
4.174844633900228814e+02 1.864742997009272585e+03 4.725419153721444445e+02
4.173518008837240814e+02 1.863093964370546473e+03 4.729498158314846137e+02
4.174533324342341416e+02 1.859990061887062438e+03 4.736265521516580748e+02
4.174533324342341416e+02 1.859990061887062438e+03 4.736265521516580748e+02
4.154091022320246225e+02 1.853075215454924091e+03 4.760663940530871514e+02
4.157111415187123384e+02 1.851588185983810718e+03 4.760666829475860027e+02
4.157808300917028532e+02 1.849861291142939990e+03 4.761215354877277264e+02
4.153497335088366640e+02 1.846689490377269294e+03 4.764234046574987929e+02
4.154966300007018276e+02 1.843383383388357061e+03 4.760585689483691567e+02
4.156638588238298553e+02 1.841820410759708693e+03 4.761383945984402430e+02
4.157066734867112245e+02 1.838379838114209406e+03 4.759580072163554405e+02
4.156180131044343398e+02 1.836685510347679838e+03 4.757914764912090391e+02
4.155693263098787043e+02 1.833385286656688777e+03 4.752452954288877436e+02
4.156795564447667743e+02 1.831674787600106356e+03 4.748996029410567417e+02
4.159102619119975088e+02 1.828256305392528247e+03 4.742121384374783020e+02
4.163885926521857073e+02 1.825143466895480287e+03 4.732461490391989969e+02
4.171789296757767147e+02 1.821263178020509486e+03 4.725701043545373636e+02
4.161502503728341935e+02 1.819014985576201070e+03 4.732401268643776575e+02
4.175014183579581299e+02 1.817517668611473937e+03 4.723926848624017225e+02
4.172047830744178896e+02 1.815299297832645834e+03 4.727287416524354171e+02
4.158694196584452243e+02 1.809210863524476736e+03 4.744089687055286504e+02
4.159861189962068693e+02 1.807300845906812810e+03 4.747689725595754453e+02
4.157956754193489814e+02 1.803410049200604817e+03 4.755317379486976392e+02
4.155920092768301402e+02 1.801681130806488227e+03 4.759112830484624510e+02
4.158239503483433737e+02 1.796064143006307631e+03 4.772783916939125675e+02
4.158239503483433737e+02 1.796064143006307631e+03 4.772783916939125675e+02
4.157273587276182525e+02 1.790713382792972425e+03 4.781742255904255217e+02
4.156791604268835272e+02 1.789246086584932982e+03 4.786084024526541612e+02
4.159081321880325390e+02 1.787367265857566053e+03 4.787994513196258026e+02
4.161433846372089533e+02 1.784284046669965392e+03 4.793734413225325852e+02
4.162346230870939507e+02 1.781186429632786485e+03 4.799658279592400731e+02
4.162526780442190102e+02 1.779531237930065345e+03 4.800223979182590028e+02
4.165846522151038585e+02 1.776264047047504619e+03 4.805507827104484591e+02
4.166469003836931506e+02 1.774779677863624102e+03 4.807837791310344642e+02
4.169134129272426321e+02 1.771531055832661650e+03 4.812029740476729103e+02
4.170576549507725872e+02 1.768209649500388196e+03 4.815275196629926313e+02
4.174143153341691459e+02 1.764792227105567235e+03 4.818107339949140737e+02
4.176424550733170236e+02 1.763025163218894932e+03 4.819541696292524762e+02
4.179333391263547242e+02 1.759724643566147506e+03 4.821575809293838688e+02
4.175428906931969095e+02 1.756333425993774881e+03 4.827504194942074491e+02
4.176350105282443224e+02 1.754689662081713777e+03 4.827199084126754656e+02
4.178859749018424736e+02 1.751456093931665237e+03 4.827221670524347701e+02
4.181402829231594751e+02 1.749756108645762424e+03 4.827831701529993893e+02
4.183992786002407342e+02 1.746445686871414864e+03 4.829479036824835134e+02
4.184243207463281919e+02 1.745005390978825972e+03 4.828923264881351542e+02
4.187249700554808101e+02 1.741792079174676019e+03 4.828418727962009598e+02
4.187558870508558471e+02 1.740342412488763330e+03 4.829381437077134365e+02
4.192649960561310536e+02 1.736884348784905114e+03 4.827417852389630752e+02
4.196070039401348026e+02 1.733650803389459725e+03 4.825519773233405658e+02
4.197146843930738669e+02 1.732038808059056919e+03 4.827924593152177977e+02
4.200934015977745162e+02 1.728736699671725091e+03 4.826620005453046360e+02
4.203635644832270941e+02 1.727093952954533961e+03 4.824683215392204261e+02
4.207808924419169330e+02 1.723791503799873908e+03 4.822029585368302378e+02
4.210150727801031394e+02 1.720381043166840300e+03 4.820001487385864039e+02
4.213215604109420838e+02 1.717028716447564193e+03 4.818340534311812462e+02
4.216125153253426561e+02 1.715236913438130159e+03 4.816449001213207453e+02
4.218428744779288877e+02 1.713562552996479326e+03 4.815046678407801437e+02
4.222066453304651645e+02 1.710097875867667426e+03 4.812622988065554637e+02
4.224334484178277762e+02 1.706637604958892098e+03 4.809368877823752655e+02
4.228652750623371048e+02 1.703231217672306684e+03 4.807276323234137294e+02
4.228652750623371048e+02 1.703231217672306684e+03 4.807276323234137294e+02
4.235146181094910389e+02 1.699446934051260996e+03 4.803535867854350840e+02
4.239719115062920309e+02 1.695780218508602275e+03 4.800997873993161988e+02
4.243971188939732428e+02 1.692142698010761478e+03 4.797824760262969335e+02
4.245170562383211177e+02 1.690406531117219174e+03 4.796531754986713167e+02
4.248597474088647346e+02 1.686815805680951826e+03 4.796928856925130731e+02
4.251662969076502918e+02 1.684787337750270808e+03 4.794392006255700380e+02
4.251662969076502918e+02 1.684787337750270808e+03 4.794392006255700380e+02
4.258387592758210189e+02 1.677288449057702792e+03 4.794010680141712442e+02
4.260396160991884358e+02 1.675328908343924013e+03 4.793972515831640635e+02
4.263923556480511365e+02 1.671547817398386769e+03 4.795712706454552858e+02
4.264041105454703597e+02 1.669820471160939633e+03 4.796623753205167873e+02
4.265894687249585218e+02 1.666084662415830053e+03 4.798080492474470589e+02
4.268128312045128041e+02 1.664263063801771068e+03 4.799102281630925972e+02
4.270067481580522895e+02 1.660616744531497943e+03 4.799590853628974969e+02
4.272793240874499361e+02 1.657001267342770461e+03 4.801916357495620673e+02
4.271282838122615999e+02 1.655237310756447869e+03 4.802315270311081008e+02
4.272583448975979081e+02 1.651783514865904181e+03 4.803652563834920670e+02
4.274469196298938414e+02 1.646738813457276819e+03 4.805797112182975184e+02
4.274469196298938414e+02 1.646738813457276819e+03 4.805797112182975184e+02
4.275049133943957713e+02 1.643343759895809399e+03 4.806870400972763377e+02
4.274810938384688370e+02 1.641706229121595470e+03 4.806576119536682086e+02
4.276219032678655481e+02 1.638178950385143025e+03 4.809424870261080400e+02
4.277159884106921481e+02 1.636432850775300949e+03 4.810141553611341578e+02
4.276179177195550665e+02 1.630800849731404014e+03 4.814088544578893334e+02
4.278392541115997574e+02 1.628825014108435653e+03 4.814520213257661680e+02
4.279893386947180716e+02 1.624902792712102610e+03 4.817129218463612119e+02
4.279749048351272904e+02 1.623011628803399390e+03 4.819887753693267882e+02
4.281829200816814591e+02 1.619272533544328780e+03 4.823364159203791814e+02
4.281154827606171125e+02 1.617512086408245295e+03 4.824269855866838270e+02
4.280050861960468751e+02 1.613924776872517668e+03 4.827138765956827910e+02
4.283223720668527221e+02 1.612113316435602428e+03 4.829226395360295214e+02
4.282724574359905318e+02 1.610317757325489765e+03 4.829295430644462499e+02
4.283872743792142614e+02 1.604896019415661158e+03 4.831400908553883369e+02
4.283194070352016070e+02 1.601273762425329551e+03 4.833895881842042854e+02
4.292641272597051056e+02 1.598835553568780369e+03 4.831796919341280159e+02
4.292988286640084539e+02 1.595322837734257519e+03 4.833093493033002801e+02
4.291607474517950322e+02 1.593600145640571554e+03 4.833772224350128681e+02
4.293993364427880124e+02 1.590113603491258573e+03 4.835170250747420368e+02
4.293993364427880124e+02 1.590113603491258573e+03 4.835170250747420368e+02
4.290827073038667550e+02 1.584781667640317892e+03 4.835705568608116209e+02
4.290862508980228540e+02 1.583049673432686859e+03 4.835542170010078280e+02
4.290662910706106459e+02 1.579558174405490490e+03 4.835439438011994184e+02
4.290516800265960455e+02 1.575994315236203420e+03 4.835112905254586053e+02
4.292636882851419386e+02 1.573627811076983562e+03 4.837966524174379970e+02
4.291135640095370718e+02 1.570378586193502997e+03 4.834015130025410372e+02
4.290824153593316623e+02 1.566672446979553342e+03 4.832353637806010056e+02
4.291888152326254726e+02 1.564764760308871246e+03 4.831616903097744853e+02
4.291338260477705262e+02 1.561140638935785773e+03 4.830791600403564985e+02
4.290830332453402320e+02 1.557583129878182262e+03 4.828893129983655399e+02
4.291887241061891700e+02 1.555931575927092581e+03 4.826893287386793645e+02
4.290531544476748422e+02 1.552210074361998750e+03 4.824912079515045775e+02
4.290976624169942966e+02 1.550346580793580642e+03 4.823908601562248464e+02
4.290205020590377671e+02 1.548501724464568724e+03 4.822742157978085515e+02
4.290654622277146473e+02 1.544624536487169053e+03 4.817037892130280738e+02
4.290654622277146473e+02 1.544624536487169053e+03 4.817037892130280738e+02
4.290640810455537348e+02 1.538335451756769999e+03 4.809809872597339790e+02
4.288833140961779691e+02 1.533779269273859427e+03 4.808432065194613756e+02
4.286418497883393570e+02 1.529580880734296670e+03 4.804387891541400109e+02
4.286307704482045438e+02 1.527326062997418830e+03 4.803169636256343438e+02
4.283396018768122531e+02 1.522990987696459342e+03 4.801655309209781990e+02
4.283159687175725594e+02 1.520958577842297245e+03 4.801290810037763208e+02
4.281624245317706254e+02 1.516363096028129576e+03 4.799642354021519850e+02
4.280293201729955399e+02 1.514221012079737193e+03 4.798493225987377286e+02
4.279087069692691330e+02 1.512069532103169195e+03 4.796533240522418851e+02
4.277270835916531837e+02 1.505827017866212600e+03 4.793663268454695299e+02
4.275131386230561930e+02 1.501383065116438729e+03 4.791609975759596409e+02
4.273883316087988078e+02 1.499498774000840513e+03 4.788370363263820764e+02
4.273247717026286523e+02 1.495319629070030487e+03 4.781441085592114177e+02
4.273205988649011147e+02 1.493051857837877378e+03 4.780209208308038455e+02
4.274679723813428609e+02 1.488846718430434294e+03 4.779161533478112460e+02
4.274679723813428609e+02 1.488846718430434294e+03 4.779161533478112460e+02
4.274496828224717433e+02 1.482502876559024116e+03 4.770421142787317876e+02
4.275630043792373840e+02 1.480352498355720627e+03 4.769264182128353582e+02
4.279265905021941876e+02 1.473806569235966435e+03 4.764838253244982980e+02
4.280401286425283160e+02 1.471582924551802535e+03 4.763579729359329349e+02
4.281543946509875127e+02 1.469312935139809269e+03 4.761706725966255931e+02
4.285310812020150024e+02 1.464743503128834618e+03 4.758936031002494929e+02
4.291169021382514188e+02 1.457898919948553839e+03 4.751959547472183658e+02
4.292938697731552793e+02 1.455632200855083283e+03 4.747996440189324971e+02
4.292938697731552793e+02 1.455632200855083283e+03 4.747996440189324971e+02
4.297112628086630366e+02 1.451157283442298649e+03 4.739914572853542154e+02
4.302685952554478490e+02 1.446727354068915702e+03 4.732769936057543987e+02
4.305321875091108268e+02 1.444684524333237960e+03 4.725577276275411123e+02
4.312341827908065284e+02 1.437868706123467973e+03 4.706953407515598542e+02
4.315615619648339134e+02 1.435586767634218177e+03 4.700852780052768480e+02
4.319068177427738533e+02 1.433311332719399616e+03 4.694070485918256281e+02
4.322091147525891870e+02 1.431022375519918114e+03 4.687274401830858892e+02
4.328083431694764158e+02 1.424084726652089557e+03 4.668208866059659954e+02
4.330080575412013104e+02 1.421835259222744071e+03 4.661396115444684369e+02
4.330904156410161931e+02 1.417302611879778851e+03 4.650220139378510567e+02
4.332472169124393986e+02 1.414997936370225943e+03 4.647490207623077936e+02
4.332231019953150053e+02 1.410317523193099078e+03 4.642676900048595598e+02
4.330394206376079751e+02 1.408054147872489921e+03 4.640478034136509677e+02
4.330051003496215003e+02 1.403325902916381892e+03 4.640344939573136571e+02
4.328102300451450333e+02 1.398743934233857544e+03 4.641270513424253750e+02
4.325897344442417989e+02 1.394149606769720094e+03 4.645663330330704639e+02
4.324446915890185892e+02 1.392096661862068459e+03 4.646355985202017109e+02
4.322676335921632358e+02 1.387557887295635282e+03 4.651218696083000168e+02
4.318049582591178819e+02 1.383514946598916822e+03 4.655812841011441492e+02
4.317897772314141775e+02 1.381450983412990809e+03 4.658831899430250587e+02
4.314867898486926947e+02 1.379427437695647313e+03 4.661260050505259755e+02
4.313313584238159137e+02 1.375309607777437577e+03 4.667293131150360068e+02
4.311367203347452346e+02 1.371276797045528838e+03 4.672734216267990064e+02
4.309584963266315185e+02 1.369130912654759186e+03 4.675291559901737060e+02
4.308816486508074490e+02 1.364907344839695270e+03 4.681032334767121483e+02
4.307666377634932360e+02 1.360807181618444019e+03 4.686326208920241356e+02
4.307131112553154821e+02 1.358667524466402938e+03 4.689513279797166661e+02
4.306001061552703959e+02 1.354313871307490217e+03 4.696168448136057236e+02
4.304907325422020108e+02 1.352361383827896361e+03 4.696981837366013224e+02
4.305416722237710019e+02 1.348124082650849459e+03 4.700949328060327730e+02
4.303291216280288722e+02 1.345986159885793995e+03 4.703225464430053080e+02
4.302810249108981111e+02 1.343871530661484030e+03 4.705750197504288508e+02
4.301611676441650616e+02 1.339515520915450907e+03 4.708938990158104616e+02
4.300492885441560134e+02 1.335196239374830384e+03 4.713278762514757432e+02
4.300865210992433276e+02 1.330525517763863036e+03 4.719035776899949042e+02
4.299504406850421674e+02 1.326261246982647890e+03 4.719673974728675603e+02
4.299587432357949979e+02 1.323845729170201139e+03 4.723381357456879073e+02
4.298367970585219382e+02 1.321756301939984951e+03 4.722211190639656593e+02
4.298049911541444885e+02 1.317301341716577781e+03 4.723423150308597656e+02
4.297809522535546876e+02 1.312684126714066906e+03 4.724170427987990593e+02
4.296868166596761398e+02 1.310336847666852918e+03 4.723675975347736653e+02
4.295884979576999285e+02 1.305907398770566488e+03 4.723183721993679001e+02
4.295356989555771179e+02 1.303609232883286040e+03 4.721014775200087570e+02
4.294071867481723075e+02 1.298939322646091341e+03 4.716628782370590898e+02
4.292588530296148974e+02 1.293955393888821845e+03 4.712211196441321590e+02
4.292212204480272248e+02 1.289009020174311445e+03 4.708234553320747295e+02
4.289537229671476553e+02 1.286574426931084872e+03 4.705767226997168677e+02
4.288599596148108617e+02 1.281747868039492460e+03 4.701947586071814840e+02
4.288404719774720775e+02 1.279370500409120723e+03 4.700873155309345748e+02
4.287835225540251258e+02 1.274247285857087491e+03 4.701836639909177507e+02
4.286695773188229168e+02 1.271988404467555938e+03 4.700258719059888222e+02
4.285475778532582467e+02 1.267296159479981952e+03 4.699808017846032158e+02
4.286175800647578740e+02 1.264899990884761337e+03 4.700012034304549502e+02
4.285788104920849264e+02 1.260421567578988288e+03 4.700400512787122125e+02
4.285788104920849264e+02 1.260421567578988288e+03 4.700400512787122125e+02
4.289358045462352607e+02 1.251351636677930401e+03 4.702046857671906537e+02
4.290575670514624562e+02 1.249097197912276897e+03 4.702220844635417052e+02
4.292525574143146514e+02 1.244658965872025419e+03 4.702601519788381665e+02
4.293549299976047564e+02 1.242448597520640533e+03 4.702676583665908652e+02
4.297355729763104932e+02 1.238021345726161371e+03 4.701123704522476601e+02
4.299202684581473477e+02 1.235717991012889797e+03 4.700406778291138608e+02
4.300446433783578186e+02 1.231291138321614881e+03 4.698820993477111188e+02
4.301907269045091766e+02 1.228935831716254143e+03 4.698113760110947510e+02
4.304115112976482465e+02 1.226419296271674057e+03 4.700987977176896493e+02
4.304135293530487729e+02 1.221937173859543009e+03 4.696334409236533247e+02
4.308134882196807212e+02 1.214881145270040633e+03 4.694822968215511310e+02
4.309333185810632472e+02 1.212510779054393197e+03 4.693936431802003995e+02
4.311518963085567293e+02 1.207959884092336324e+03 4.691838020632780513e+02
4.311681021239298275e+02 1.203435926944692028e+03 4.688744358374389094e+02
4.313948828420983546e+02 1.201098480685782988e+03 4.686566267781236661e+02
4.313948828420983546e+02 1.201098480685782988e+03 4.686566267781236661e+02
4.318915523829252265e+02 1.193982031589145208e+03 4.683045295124381369e+02
4.320443582658157879e+02 1.191675149721510479e+03 4.679585557695857574e+02
4.323936741403081214e+02 1.186960446955453335e+03 4.671792382883930941e+02
4.327616113996793956e+02 1.182371746960162000e+03 4.661830022125604387e+02
4.331211584112359674e+02 1.177744536590430243e+03 4.650289316786727909e+02
4.331237373346488653e+02 1.175485231589466821e+03 4.643959224122930891e+02
4.336297422842699234e+02 1.170691037146116969e+03 4.633839678429194464e+02
4.336847275275712832e+02 1.168419757457603737e+03 4.628573423413346291e+02
4.333656921650156164e+02 1.166314605717032691e+03 4.623686689214139847e+02
4.339905734609587284e+02 1.158862458669702619e+03 4.616866522474853696e+02
4.339667192671219027e+02 1.156593280301377717e+03 4.614490217973074664e+02
4.339005813352233076e+02 1.152142111604794081e+03 4.611971992975468879e+02
4.337983307894255631e+02 1.150045063872246828e+03 4.612201853222817363e+02
4.335980596671128637e+02 1.145893345560656371e+03 4.613838752866410573e+02
4.335025857708992589e+02 1.143777413137686608e+03 4.615295833068510660e+02
4.335025857708992589e+02 1.143777413137686608e+03 4.615295833068510660e+02
4.331377072204235787e+02 1.135196800553515232e+03 4.623125416448921783e+02
4.330403541005778152e+02 1.132928103641465441e+03 4.625174288736354811e+02
4.328291402218067674e+02 1.128552781721634574e+03 4.630956736477402842e+02
4.327782194451320947e+02 1.126266983627712534e+03 4.633816790773417438e+02
4.325970184156396954e+02 1.122014531023304016e+03 4.640158121311375794e+02
4.326667533650158362e+02 1.119857651819523198e+03 4.643222367085419364e+02
4.324631033443660613e+02 1.115637168577269449e+03 4.650602773785029740e+02
4.323269856660041910e+02 1.111509927017693144e+03 4.657167191960539299e+02
4.320948191326802998e+02 1.109850993898765182e+03 4.654947340208866535e+02
4.320550405477364393e+02 1.105863236966277782e+03 4.660939871956528009e+02
4.319134195887170904e+02 1.101916058892777301e+03 4.666695408150642947e+02
4.321306364067640970e+02 1.099427347367349284e+03 4.677528008993093067e+02
4.320420162978264216e+02 1.095510188025372827e+03 4.682088440926216322e+02
4.319154295379829591e+02 1.093529642468055727e+03 4.683934965438165818e+02
4.317345824704995607e+02 1.089716329078497893e+03 4.685079671890024997e+02
4.316331066140518260e+02 1.087631893952188420e+03 4.688242224867834693e+02
4.315742248126145455e+02 1.081275013564160417e+03 4.696498636571513998e+02
4.315345906626794203e+02 1.079134217081194720e+03 4.698908163088296419e+02
4.313585226174917011e+02 1.074879031877099806e+03 4.703142766582373611e+02
4.313383090780409361e+02 1.072709461561038097e+03 4.705315698502964210e+02
4.313419641443244359e+02 1.068340375933039013e+03 4.709993748013628192e+02
4.312135654426304541e+02 1.066157921284615441e+03 4.710941143516094485e+02
4.310998528430242231e+02 1.059699665237126055e+03 4.715678567438304754e+02
4.310271450177688735e+02 1.057519969615484115e+03 4.716557055599441242e+02
4.310271450177688735e+02 1.057519969615484115e+03 4.716557055599441242e+02
4.308760943556169991e+02 1.053197887600165359e+03 4.718682798143915420e+02
4.307383227087416913e+02 1.048884483631865351e+03 4.719552258854491811e+02
4.305774962804039205e+02 1.044580183945178078e+03 4.719681418497478376e+02
4.304135295599626829e+02 1.040285582218313721e+03 4.719105113745733888e+02
4.303174668182039113e+02 1.038124237746135805e+03 4.718279759783069949e+02
4.302468865883503213e+02 1.035956626499318418e+03 4.716628898948196138e+02
4.300944189302230143e+02 1.033733054414971093e+03 4.714268990381303865e+02
4.298594498511907318e+02 1.027197412697476238e+03 4.708776695996599528e+02
4.297981293448966085e+02 1.024971529405653882e+03 4.706931617844064135e+02
4.297145598337096999e+02 1.020533157852852923e+03 4.702584902925933648e+02
4.295983869870257195e+02 1.018246153701125536e+03 4.699691365116301540e+02
4.296074146853672460e+02 1.013778587468533829e+03 4.694762804862767780e+02
4.295657912604656303e+02 1.011507860489925747e+03 4.691962248989842692e+02
4.297044293803803043e+02 1.004396485108258275e+03 4.690084893788250611e+02
4.297793746051018502e+02 1.001997347044439039e+03 4.690022856564613107e+02
4.297952712990096984e+02 9.997088005489628131e+02 4.690491298998442176e+02
4.298899660290533120e+02 9.950695257173964592e+02 4.692321340363860713e+02
4.301336910438096766e+02 9.905940871094182967e+02 4.695866945078615800e+02
4.302625720425430700e+02 9.884276392713181849e+02 4.697675656718628829e+02
4.308226099052463383e+02 9.822178422483719942e+02 4.704534157967967758e+02
4.308726650810350520e+02 9.801457424554469071e+02 4.706567380675952563e+02
4.310293489468903658e+02 9.781953398395365866e+02 4.708932184971622519e+02
4.313535567969739759e+02 9.742239608154815187e+02 4.713593086166261514e+02
4.315064918598821464e+02 9.722648610915724703e+02 4.715667596800757337e+02
4.319111155148999615e+02 9.681713298861800467e+02 4.720866960496138631e+02
4.322939723488810841e+02 9.642449493077966736e+02 4.724859635615500792e+02
4.324688422848473692e+02 9.621174915411945676e+02 4.727060963938295686e+02
4.327784982603892558e+02 9.580041047372741332e+02 4.728811832019203507e+02
4.330452066837420944e+02 9.538597538536857883e+02 4.730429796963215949e+02
4.332162579852574709e+02 9.518052513978630031e+02 4.730884739272536308e+02
4.335713019854334789e+02 9.475652619553526392e+02 4.731441495604226475e+02
4.337153950523585308e+02 9.455888696674393259e+02 4.731644120821108004e+02
4.340299354902094819e+02 9.414588131356085796e+02 4.730623562287480013e+02
4.345480294857908348e+02 9.372391412719400705e+02 4.730667692396297639e+02
4.344232588050830373e+02 9.352903141194519776e+02 4.729173245553668607e+02
4.347467017190866159e+02 9.311283666014800247e+02 4.726862046120818377e+02
4.349747455443933859e+02 9.269451062810439907e+02 4.723589868900195938e+02
4.351118919275315307e+02 9.248848332269944876e+02 4.722404380980491965e+02
4.351118919275315307e+02 9.248848332269944876e+02 4.722404380980491965e+02
4.356629435495840994e+02 9.183853549051901837e+02 4.717730656184418194e+02
4.355637930940742990e+02 9.163548826822626552e+02 4.712580479110460487e+02
4.360716865275254008e+02 9.118335976737656665e+02 4.710270789668077782e+02
4.363958976037678212e+02 9.073672102026413313e+02 4.705379694962780377e+02
4.365269670817127121e+02 9.029951651340937815e+02 4.698805971781432049e+02
4.366774063770303087e+02 9.007042319331267208e+02 4.696018256097277686e+02
4.369348168060611783e+02 8.961220056472357101e+02 4.690940842773118789e+02
4.371206854858921247e+02 8.938975043490718235e+02 4.689043864433016893e+02
4.373073666234744792e+02 8.914124475098818721e+02 4.686650251324619489e+02
4.374948438309784819e+02 8.847667405214318705e+02 4.680480251780797971e+02
4.376742351047435591e+02 8.824473822638134379e+02 4.681197815746468223e+02
4.376125601577471684e+02 8.803377743662333614e+02 4.682005631060807218e+02
4.374398406278112361e+02 8.762057758455014209e+02 4.684553588161226685e+02
4.373646556155647431e+02 8.724414554157650628e+02 4.690314424483952394e+02
4.375539572696480946e+02 8.705888030554795023e+02 4.696925524753635841e+02
4.375539572696480946e+02 8.705888030554795023e+02 4.696925524753635841e+02
4.371484304032188675e+02 8.632909004456860202e+02 4.713786410427475744e+02
4.370467279065111939e+02 8.615701156760260346e+02 4.718025070770006550e+02
4.369401483049762760e+02 8.577721458166912498e+02 4.725607113340248588e+02
4.369775351451622782e+02 8.539829053073040086e+02 4.732154888541444393e+02
4.368888764905342441e+02 8.519575236313469304e+02 4.734845841421500836e+02
4.370362287482040529e+02 8.481554099747706914e+02 4.739214636396552010e+02
4.372332967211501114e+02 8.440129572851510602e+02 4.743132718963499883e+02
4.371654158861760493e+02 8.419254173049624796e+02 4.744064254072503672e+02
4.373349688773917592e+02 8.397784736914327368e+02 4.745112592492115482e+02
4.376494205428280679e+02 8.353510895647646066e+02 4.751437388654364895e+02
4.376683238398493927e+02 8.313566229142780912e+02 4.749495704187361298e+02
4.377447281088266777e+02 8.292950073023549749e+02 4.750149202375396271e+02
4.379349890153065985e+02 8.252133448977717762e+02 4.752407328300441804e+02
4.375954534562455365e+02 8.235273933563830724e+02 4.753770721384602211e+02
4.379400675275214212e+02 8.193919713671297131e+02 4.757069503622523143e+02
4.380000128384838831e+02 8.158119772717178648e+02 4.760827158632512806e+02
4.380444664572249280e+02 8.121685233537411932e+02 4.763568982401121730e+02
4.379344870794635085e+02 8.106792710563425999e+02 4.764846005281835915e+02
4.382035473346718959e+02 8.071104438331155961e+02 4.769867439925706094e+02
4.382318402796350938e+02 8.054921123503900162e+02 4.772946094421381531e+02
4.383422985160660801e+02 8.019030964256728566e+02 4.776970713020939456e+02
4.383741057174280513e+02 7.986066760264436653e+02 4.780812889457070582e+02
4.383365405290069816e+02 7.969714988893872487e+02 4.782593288592597105e+02
4.384086919599266139e+02 7.933854424292520662e+02 4.784681242765791467e+02
4.384086919599266139e+02 7.933854424292520662e+02 4.784681242765791467e+02
4.384703023302561178e+02 7.899341103740263179e+02 4.787170964101106847e+02
4.384706357846728793e+02 7.846890950959129896e+02 4.790067025922189146e+02
4.385823546865335629e+02 7.828995223090657873e+02 4.791558902076774302e+02
4.385143135589610779e+02 7.811814647691963955e+02 4.792223285015907663e+02
4.384183470141283010e+02 7.778733303909472170e+02 4.793632782579487639e+02
4.387231704498779550e+02 7.759784595405426444e+02 4.796263332017996390e+02
4.387581932985212347e+02 7.725730002584983822e+02 4.798380921967449808e+02
4.388247541433356105e+02 7.692362088596120202e+02 4.802293635410823072e+02
4.388490494089328990e+02 7.675460837892421750e+02 4.804103287487861849e+02
4.388372017794316662e+02 7.642344627586185197e+02 4.806900988619070745e+02
4.388171303083137218e+02 7.625673034559805501e+02 4.808545421292466244e+02
4.387639548445031892e+02 7.593262598353455815e+02 4.811811339791954651e+02
4.386836138621453074e+02 7.560037061008988530e+02 4.814806401944862273e+02
4.386948511090440661e+02 7.529768111922294338e+02 4.817845973911231567e+02
4.387018252958350217e+02 7.512699550373870352e+02 4.817253651486375929e+02
4.386280862509075860e+02 7.479814569636151873e+02 4.820043438576258268e+02
4.387057156178110517e+02 7.463408026148795216e+02 4.819833988328499004e+02
4.386957410767942633e+02 7.430388279092327366e+02 4.821255002651260497e+02
4.386938447094269691e+02 7.413633383781435668e+02 4.822194613808718486e+02
4.388088089073009428e+02 7.380242853444842694e+02 4.822440218786375681e+02
4.386418606339169060e+02 7.364202814773228738e+02 4.823273998188644782e+02
4.388904030625882910e+02 7.330047890440609990e+02 4.823223383854289636e+02
4.389395174237489528e+02 7.295972225193215763e+02 4.822070128245995875e+02
4.389715266497284460e+02 7.261941837503088664e+02 4.822029662379581509e+02
4.388674340168317372e+02 7.244913892821664376e+02 4.821401615467710258e+02
4.389516559399396556e+02 7.209182281562939352e+02 4.820556068029329140e+02
4.390422566158061386e+02 7.192735832694269220e+02 4.820435077517343530e+02
4.390189247905007619e+02 7.156935874219014977e+02 4.818972376700939435e+02
4.389840628023659406e+02 7.139819355670564391e+02 4.818178880771768036e+02
4.390337964089900424e+02 7.102776881372444677e+02 4.817331315975156372e+02
4.389966078430016410e+02 7.085156753592194718e+02 4.816320954944550294e+02
4.390502710032860136e+02 7.066526745440323793e+02 4.815283839251737277e+02
4.390104529315119066e+02 7.028557956123396480e+02 4.813238084074819767e+02
4.389634306855543855e+02 6.972528627435286808e+02 4.811145544673689756e+02
4.389614293925073412e+02 6.954041066571654710e+02 4.810391112703694034e+02
4.390599191390397777e+02 6.915769053395083574e+02 4.808071784010256238e+02
4.391211765696421025e+02 6.896277945915890086e+02 4.807524433646984221e+02
4.391292744389040195e+02 6.858966914491948046e+02 4.805547983471369662e+02
4.391660489327705363e+02 6.840799144213384579e+02 4.803720619881781886e+02
4.393456336250550294e+02 6.804497247588706159e+02 4.803335016232929888e+02
4.395868629391205218e+02 6.785150867716544099e+02 4.801996644772974605e+02
4.398534502052369817e+02 6.748338100820893715e+02 4.802111118806921013e+02
4.400798327763138786e+02 6.711220379714100090e+02 4.801070391278390161e+02
4.402674746562791483e+02 6.674971677646052513e+02 4.802638497314473511e+02
4.403907716111701234e+02 6.655998449226912044e+02 4.803517765337489891e+02
4.407093917034655988e+02 6.618089940168142675e+02 4.805215962253200246e+02
4.406446670203816893e+02 6.600670709542393979e+02 4.806286687748059876e+02
4.411368771447404242e+02 6.560775092727882338e+02 4.806317581315399252e+02
4.412139264002304344e+02 6.542448826490201554e+02 4.808249860950665493e+02
4.416843483646881054e+02 6.484173511157174516e+02 4.809708490073820712e+02
4.416843483646881054e+02 6.484173511157174516e+02 4.809708490073820712e+02
4.419467250938099028e+02 6.427761468099721469e+02 4.811079893321992813e+02
4.419467250938099028e+02 6.427761468099721469e+02 4.811079893321992813e+02
4.424403539321767198e+02 6.387688800685101569e+02 4.812025052742729372e+02
4.426372214530060205e+02 6.368630955098269624e+02 4.809108694343702837e+02
4.431380879533847974e+02 6.311924599322157974e+02 4.805897452465715673e+02
4.430724850560461618e+02 6.292613368425630824e+02 4.804599996868704466e+02
4.437419535725043147e+02 6.235531750872128214e+02 4.798367420579756413e+02
4.440058452509240965e+02 6.216321816074010940e+02 4.796161136959693749e+02
4.441514713161740815e+02 6.197044183873250631e+02 4.794411208947256569e+02
4.445566809174260925e+02 6.157168642442559303e+02 4.787893831714932844e+02
4.447540252390826936e+02 6.119345336123437846e+02 4.784504158856081517e+02
4.450368645185011474e+02 6.098231488985314854e+02 4.780396475539934613e+02
4.452386586155391228e+02 6.077990340817518700e+02 4.776854910732123471e+02
4.455570726825518477e+02 6.037667463478251193e+02 4.770110558391249924e+02
4.458582621095214904e+02 5.995614182730041648e+02 4.762999829258420164e+02
4.460993603393697526e+02 5.975667748649533451e+02 4.759805677186052435e+02
4.464391283463651803e+02 5.933247048917203301e+02 4.751935267816931514e+02
4.468048266819180299e+02 5.890931598172476242e+02 4.746139221205114609e+02
4.470266883175335693e+02 5.869492117083401581e+02 4.743077056797069417e+02
4.471021454549971850e+02 5.848714452584965784e+02 4.741176591892200918e+02
4.473644231293728240e+02 5.807124184152114594e+02 4.736523765496491478e+02
4.476179946831283019e+02 5.764817314273565216e+02 4.732016709115435447e+02
4.477851571509785344e+02 5.723888690238228492e+02 4.730711162441400006e+02
4.477758008530619236e+02 5.704240964920743409e+02 4.731290370089713520e+02
4.480239313621352721e+02 5.665083929225121437e+02 4.730108656922907358e+02
4.480664037811476419e+02 5.644148107867986255e+02 4.728416738471414078e+02
4.479734189511063391e+02 5.606312597475663324e+02 4.729224393376696867e+02
4.479364904553612519e+02 5.568998342713049396e+02 4.730080394442881584e+02
4.481137516818828317e+02 5.549568604194566888e+02 4.730321009018973086e+02
4.481538142494350154e+02 5.531004996575450150e+02 4.731404790155598903e+02
4.480838474450972626e+02 5.494636981882881628e+02 4.733451082270767074e+02
4.479878532512769880e+02 5.457750723715731738e+02 4.734899983861952251e+02
4.479549009229750709e+02 5.440438088104311873e+02 4.735990878224157541e+02
4.480310293872173020e+02 5.403247949263771943e+02 4.737898462606272574e+02
4.476580834155254252e+02 5.368353727212364674e+02 4.741088095350892786e+02
4.476580834155254252e+02 5.368353727212364674e+02 4.741088095350892786e+02
4.479122510978965579e+02 5.310756851039645881e+02 4.745307910556037996e+02
4.476562492916707470e+02 5.293163365899484916e+02 4.746550020613664742e+02
4.479605105815109027e+02 5.252691659367704915e+02 4.749726414390428317e+02
4.481247224245834673e+02 5.234391104097074958e+02 4.751646761923468603e+02
4.481114512604269748e+02 5.196034987196388784e+02 4.755639907588787310e+02
4.481880450444791677e+02 5.177086993364779346e+02 4.758384579284589790e+02
4.481249164090182830e+02 5.123910470372884447e+02 4.765517201159303227e+02
4.483190579436662233e+02 5.105885656688225254e+02 4.768308914477914868e+02
4.482211743895425116e+02 5.087785775648844719e+02 4.770219985454880884e+02
4.484193627424710371e+02 5.034052007503668733e+02 4.775712341731469337e+02
4.485199272796540981e+02 5.015599422648070345e+02 4.777835476272558708e+02
4.486101704693950865e+02 4.998250241895773343e+02 4.777846000844175478e+02
4.485585506773098246e+02 4.963142999213995381e+02 4.781158441810418935e+02
4.487344386325470396e+02 4.944031324568301784e+02 4.782510271205273966e+02
4.487220850290536873e+02 4.909028642225680414e+02 4.784052478960251165e+02
4.487220850290536873e+02 4.909028642225680414e+02 4.784052478960251165e+02
4.488847224218427527e+02 4.838266448158904041e+02 4.786790690374514838e+02
4.489379309132227149e+02 4.820428927764257878e+02 4.787526114219841702e+02
4.490655333460926499e+02 4.784768294631967365e+02 4.787943013786539836e+02
4.491468317235414247e+02 4.747585390814547281e+02 4.785988717747693499e+02
4.490553157650343792e+02 4.730586155263508203e+02 4.786356601718518959e+02
4.490446717815650572e+02 4.712632237939547508e+02 4.786692673147275059e+02
4.491897097096062907e+02 4.675793278692676722e+02 4.785941089139781184e+02
4.492095350270908511e+02 4.656882022581691558e+02 4.785321409008012665e+02
4.491757690764108588e+02 4.600323646068171115e+02 4.784397187283540802e+02
4.493431891553607329e+02 4.582868529683664747e+02 4.783635488182419522e+02
4.493640921566303064e+02 4.525048088080986872e+02 4.780906124522559821e+02
4.493640921566303064e+02 4.525048088080986872e+02 4.780906124522559821e+02
4.493650151037894034e+02 4.485910427931961522e+02 4.777581013798524623e+02
4.493912054807221921e+02 4.448205123195547799e+02 4.778159634639913520e+02
4.494086400864518964e+02 4.428067543119342417e+02 4.776139199608497279e+02
4.493804637150137182e+02 4.407692269813833832e+02 4.775434965665035634e+02
4.494041858516844741e+02 4.368870139027881123e+02 4.773697709400691451e+02
4.495550612795958614e+02 4.346738561778864778e+02 4.773033547194395396e+02
4.493248999643025172e+02 4.307861202829055287e+02 4.767856736599823648e+02
4.492627673926372154e+02 4.286226164821607654e+02 4.767181778823689910e+02
4.490696993593629145e+02 4.219520674732617636e+02 4.757273184008124645e+02
4.489986267738062224e+02 4.197372994517421603e+02 4.755541061949157324e+02
4.487877802953855166e+02 4.155062315176601260e+02 4.756112270208304835e+02
4.488562829876791511e+02 4.129777107776139360e+02 4.750045558544520645e+02
4.486417434066536316e+02 4.109645836663501086e+02 4.751391659810312831e+02
4.486408202623149464e+02 4.043291073418179167e+02 4.747634370310937015e+02
4.484900064956164556e+02 4.021329379705475731e+02 4.745475347211213943e+02
4.485367563058208589e+02 4.000153388388742997e+02 4.743599600943462065e+02
4.484682023760969400e+02 3.937760316192516257e+02 4.737854101278048233e+02
4.484697126774415779e+02 3.919413380005117347e+02 4.737945589136594435e+02
4.486094266470892080e+02 3.895254609162172983e+02 4.732447468748516144e+02
4.485892849160845799e+02 3.877218641472860554e+02 4.733658430588785109e+02
4.487157516028753435e+02 3.817876492287713859e+02 4.725726490756210865e+02
4.489074834890389525e+02 3.779594014733634708e+02 4.725903109909230579e+02
4.492494366882292525e+02 3.759045508226388392e+02 4.728381519354955458e+02
4.493816413778687888e+02 3.738852211747210390e+02 4.727849842361028436e+02
4.497860714959962252e+02 3.694882106088817295e+02 4.726221777813121321e+02
4.500211024436558773e+02 3.672121222059067804e+02 4.723909130952532109e+02
4.504675438132346699e+02 3.609106674578659408e+02 4.725975738015695811e+02
4.506642001581692512e+02 3.587019835955575218e+02 4.724364369565232664e+02
4.507712440554261093e+02 3.565210635612415331e+02 4.722794917131199099e+02
4.512203696273498963e+02 3.520615452508005205e+02 4.719140659672020774e+02
4.515813840505018106e+02 3.477493812395288728e+02 4.715804266227371500e+02
4.518571078471155147e+02 3.456178700773785977e+02 4.713797976792082522e+02
4.521886072817209197e+02 3.416598898980375907e+02 4.712097407577838339e+02
4.522284073749870572e+02 3.395442875085256560e+02 4.709770616089426198e+02
4.527463198589340436e+02 3.351156293014787479e+02 4.702832794807124515e+02
4.527463198589340436e+02 3.351156293014787479e+02 4.702832794807124515e+02
4.533111400006050644e+02 3.283800865973915393e+02 4.690340966834858705e+02
4.537167307049689384e+02 3.238924565725726552e+02 4.682271819478625048e+02
4.539407442219402924e+02 3.197030953822508081e+02 4.672330504856157063e+02
4.543164179858097214e+02 3.173417835506087386e+02 4.670313416178142347e+02
4.545698923770044644e+02 3.131915723106260430e+02 4.663132982901411765e+02
4.545698923770044644e+02 3.131915723106260430e+02 4.663132982901411765e+02
4.549775487170461474e+02 3.064148072973392232e+02 4.647848514640705275e+02
4.550171205637254275e+02 3.042274696924372961e+02 4.640882687715830457e+02
4.554702951732502356e+02 2.995743201678042738e+02 4.638546749539123653e+02
4.555999583109470450e+02 2.973834771692860386e+02 4.634502098193961501e+02
4.555902851462306558e+02 2.932083004367053150e+02 4.630841456414757999e+02
4.555506474972509068e+02 2.886735776650842240e+02 4.626871773385954043e+02
4.556058973640299996e+02 2.865146860385393097e+02 4.627485298116717445e+02
4.554251909488708634e+02 2.820501975945849722e+02 4.626852914937513219e+02
4.553048092978157797e+02 2.776908831844875181e+02 4.627283476300159464e+02
4.554628258533492726e+02 2.755686851577416974e+02 4.627747123770856774e+02
4.551411950262700543e+02 2.715210272657164978e+02 4.628273208792360265e+02
4.548668130622432955e+02 2.669528200073917787e+02 4.634170873734207703e+02
4.547922390761316365e+02 2.625265544174848173e+02 4.639587640978830905e+02
4.547922390761316365e+02 2.625265544174848173e+02 4.639587640978830905e+02
4.544307493671334441e+02 2.587607943324795201e+02 4.647352496143998906e+02
4.543886318633955170e+02 2.543878714549174447e+02 4.650553742967091466e+02
4.543075251853863392e+02 2.503709890604831116e+02 4.655941541447698455e+02
4.543300560686713538e+02 2.484041946297163008e+02 4.657866575663063031e+02
4.540533990954133969e+02 2.463479069194693807e+02 4.660418823783178937e+02
4.541489080369909743e+02 2.423400441994948551e+02 4.665895579523601668e+02
4.537572559177124845e+02 2.383575302667523488e+02 4.670009053963996735e+02
4.538162200917257110e+02 2.361014053759289766e+02 4.674870399034343222e+02
4.539676119016775715e+02 2.319784648084042260e+02 4.679604401791820578e+02
4.535365925599091952e+02 2.300373741620939825e+02 4.683359269037484864e+02
4.536341906543900677e+02 2.256186282329284154e+02 4.688012518567694542e+02
4.537310822041974916e+02 2.214947042256960117e+02 4.692327500984652033e+02
4.534794201837189007e+02 2.173529967131918852e+02 4.697625814433937990e+02
4.538138396260624177e+02 2.149797427689354663e+02 4.697035376299206177e+02
4.534912046570096891e+02 2.106448951573145223e+02 4.700382219086121154e+02
4.533829770989231633e+02 2.085139676871358745e+02 4.702218772038251018e+02
4.532094600324244311e+02 2.045440691283552326e+02 4.707700710080645194e+02
4.532094600324244311e+02 2.045440691283552326e+02 4.707700710080645194e+02
4.532770862905903186e+02 1.977640757659183066e+02 4.706281079496199027e+02
4.531542631204218310e+02 1.956288907045766905e+02 4.706235629030775272e+02
4.530317426568142309e+02 1.911650501963070212e+02 4.705100808198444042e+02
4.529620857785540124e+02 1.867316639183753750e+02 4.704349651903970653e+02
4.529188596684769550e+02 1.822833910118387166e+02 4.699969623065276778e+02
4.529398217561479782e+02 1.800143271916685990e+02 4.698734321021395317e+02
4.529650090108746099e+02 1.754278888395018612e+02 4.694371964753145221e+02
4.527403411038111471e+02 1.730544799925673942e+02 4.692360875954302060e+02
4.527038881547996425e+02 1.707627912013300033e+02 4.689718738712265917e+02
4.526472653539811972e+02 1.638193708352870317e+02 4.682169591813765237e+02
4.524995076430791414e+02 1.616677183513955356e+02 4.679431599786092306e+02
4.526686094232082951e+02 1.592415406345975271e+02 4.676391041057123061e+02
4.525586235918222542e+02 1.545996999178229316e+02 4.672469717706337065e+02
4.526109331717261171e+02 1.524522738154986428e+02 4.676513835535490102e+02
4.527163727028392373e+02 1.452567677241434865e+02 4.677244854706194133e+02
4.527163727028392373e+02 1.452567677241434865e+02 4.677244854706194133e+02
4.526103227589339326e+02 1.383640525398716932e+02 4.681970943842933366e+02
4.529498639447630808e+02 1.358489735708647572e+02 4.682256801005826219e+02
4.531923450067345129e+02 1.316228338771860251e+02 4.686165231129828044e+02
4.533152797023565768e+02 1.294619927170480764e+02 4.687845905277149541e+02
4.534716791184494582e+02 1.253735835844780411e+02 4.691814306536965091e+02
4.536636419199624015e+02 1.213922721182473339e+02 4.697221444804221733e+02
4.538779359872786472e+02 1.194373491600557173e+02 4.701917317679257167e+02
4.539140796987553585e+02 1.150547562945719733e+02 4.705717575308871687e+02
4.543246125654356433e+02 1.130825666081769185e+02 4.710113970338023250e+02
4.543246125654356433e+02 1.130825666081769185e+02 4.710113970338023250e+02
4.545791840552928988e+02 1.048247307360769156e+02 4.714877369537002778e+02
4.550947144654643353e+02 1.006367780210986069e+02 4.715899857190436251e+02
4.552500047058973678e+02 9.805893396710982302e+01 4.713399850547371557e+02
4.555036782240237017e+02 9.376908297288812832e+01 4.713654499532340196e+02
4.558106585545580742e+02 9.164696896545933669e+01 4.713408165930413816e+02
4.560392623317092671e+02 8.743159711268751266e+01 4.714207215493161698e+02
4.560287163801159522e+02 8.518598378758814249e+01 4.713765010705625400e+02
4.561718511118203310e+02 8.305505594692262150e+01 4.713671982573485479e+02
4.562080589853487709e+02 7.708808970463105936e+01 4.713585023504614924e+02
4.566105786928152952e+02 7.473573716830726710e+01 4.713299304820257589e+02
4.569243024159061974e+02 7.057072159353502627e+01 4.709496163826069619e+02
4.568190817780779867e+02 6.830566962929611918e+01 4.707524408519577150e+02
4.573335490297590127e+02 6.355603495891450905e+01 4.703737144292098264e+02
4.575968597627116878e+02 5.905825774223200852e+01 4.699903928781430409e+02
4.576472457858540110e+02 5.696764043624162355e+01 4.699329227286767718e+02
4.578007877309978539e+02 5.244534773976494080e+01 4.693970657701950699e+02
4.581502868159572017e+02 4.775126217037419707e+01 4.691569111129845169e+02
4.581502868159572017e+02 4.775126217037419707e+01 4.691569111129845169e+02
4.582703628952845065e+02 4.309403325184041478e+01 4.687621876635359399e+02
4.587077071875814340e+02 3.852935858291230886e+01 4.686474736945471591e+02
4.585870961886047894e+02 3.408160247808616106e+01 4.687421768978288128e+02
4.585870961886047894e+02 3.408160247808616106e+01 4.687421768978288128e+02
4.587874610295036177e+02 2.735449759506973422e+01 4.687140846492455921e+02
4.583972510655585779e+02 2.558777374885956490e+01 4.693064772346687050e+02
4.582637897705214414e+02 2.183943101970572087e+01 4.700515100751964610e+02
4.580383611376252588e+02 1.812404952635253608e+01 4.709474031435163965e+02
4.579340567239274264e+02 1.628160761001858248e+01 4.713603485117594118e+02
4.576156053617717134e+02 1.296653982800903826e+01 4.726484977386542141e+02
4.576895128161775119e+02 9.154529145350682739e+00 4.731242004165747517e+02
4.576439339758192659e+02 7.233807471338269401e+00 4.733218032843643641e+02
4.575727891328698433e+02 5.223783217280240976e+00 4.732720469585988212e+02
4.579964252732861496e+02 -1.204905286474381221e+00 4.736625789831604152e+02
4.581452307131948487e+02 -3.257647693134314348e+00 4.734650654437506887e+02
4.582068375305213976e+02 -5.235917854154113371e+00 4.736764870987310587e+02
4.581913971680920667e+02 -9.103793079933032217e+00 4.741195204891680532e+02
4.582418847304415976e+02 -1.098047665344822832e+01 4.743758337453495528e+02
4.583643865641615776e+02 -1.446069824019148875e+01 4.749754455222197862e+02
4.584690613995442732e+02 -1.642009410870506159e+01 4.750884155566749882e+02
4.585489434731734946e+02 -2.211318234838655883e+01 4.753884485009107834e+02
4.589689853428223500e+02 -2.451400637639101276e+01 4.750499159799624636e+02
4.587696375643540136e+02 -2.576260452309904281e+01 4.758203890362400443e+02
4.587696375643540136e+02 -2.576260452309904281e+01 4.758203890362400443e+02
4.586332691161213688e+02 -3.260240061369802334e+01 4.764867700102785193e+02
4.589035016644762095e+02 -3.607077251171850207e+01 4.764495152956519064e+02
4.588010477003310257e+02 -3.770960317577647203e+01 4.766749660115775669e+02
4.589787660764207544e+02 -4.115434793360012833e+01 4.772001142928628497e+02
4.591154211491767114e+02 -4.294344034417530054e+01 4.772004139508186995e+02
4.591154211491767114e+02 -4.294344034417530054e+01 4.772004139508186995e+02
4.593310747887612138e+02 -4.985995159264888343e+01 4.777381793550533189e+02
4.592459947625533232e+02 -5.157348465708176377e+01 4.780742186769082878e+02
4.592950038092135969e+02 -5.501461498221897273e+01 4.782245989910235835e+02
4.593092454177023001e+02 -5.673200485542637495e+01 4.786225017384925877e+02
4.594525978029258795e+02 -6.010325779585620154e+01 4.786444243812035779e+02
4.593030389768487112e+02 -6.186000236922525630e+01 4.783745898412341262e+02
4.596365226712865706e+02 -6.523038306180411894e+01 4.789229636786382684e+02
4.595960752614137164e+02 -6.853376688514885018e+01 4.789683266158473884e+02
4.597524036351515520e+02 -7.023402013386173337e+01 4.793182470588989759e+02
4.598379698582951391e+02 -7.347811089187280231e+01 4.796479106700314219e+02
4.597721960461221329e+02 -7.672494884069904231e+01 4.798341800245004833e+02
4.599047594393092595e+02 -7.859823651634370378e+01 4.797539212831781015e+02
4.596561837386533966e+02 -8.148602951279886497e+01 4.799594178012658290e+02
4.596903161840191956e+02 -8.331325038763381485e+01 4.799859109688908347e+02
4.598072167561833794e+02 -8.658552136408331990e+01 4.802591787716822296e+02
4.598072167561833794e+02 -8.658552136408331990e+01 4.802591787716822296e+02
4.600093235177199062e+02 -9.188355594788963288e+01 4.805123338899963414e+02
4.600593726627755018e+02 -9.345087418688376601e+01 4.805920872613705228e+02
4.602097782246778479e+02 -9.860362219878197720e+01 4.808000515160271107e+02
4.601910321824021821e+02 -1.003292647290473667e+02 4.807887683178340126e+02
4.603838174794581732e+02 -1.038234443502881419e+02 4.806522591603338697e+02
4.602775973113940040e+02 -1.054382535754707817e+02 4.807975278909357826e+02
4.604411110007966386e+02 -1.087724925415581936e+02 4.807681519498956959e+02
4.604978963081314873e+02 -1.106092863978947634e+02 4.807788147091023916e+02
4.603765931367005351e+02 -1.139957667935730825e+02 4.806773916491990803e+02
4.605005865734179338e+02 -1.157784079402704975e+02 4.805712920369771837e+02
4.604612272797617720e+02 -1.191749974854444787e+02 4.805081821688804666e+02
4.603917346200969405e+02 -1.208619279583815569e+02 4.808454850242976022e+02
4.603824802330737498e+02 -1.243096510205067773e+02 4.804070180419881240e+02
4.606181594276363285e+02 -1.279840295185010746e+02 4.800795491196139437e+02
4.606779592820199127e+02 -1.298245769047617841e+02 4.804283853704989724e+02
4.606779592820199127e+02 -1.298245769047617841e+02 4.804283853704989724e+02
4.605894530356544578e+02 -1.374825720819123376e+02 4.792150969495843356e+02
4.607555916790366268e+02 -1.392817684216521457e+02 4.790599104538916890e+02
4.608228044640916892e+02 -1.412164576617408898e+02 4.789531539538406264e+02
4.608228044640916892e+02 -1.412164576617408898e+02 4.789531539538406264e+02
4.608957855332777171e+02 -1.489202310168520569e+02 4.783401449586100398e+02
4.608957855332777171e+02 -1.489202310168520569e+02 4.783401449586100398e+02
4.613923739208434540e+02 -1.567119132616971626e+02 4.777954606851260451e+02
4.615573136262103731e+02 -1.586776625032421748e+02 4.777252966217631069e+02
4.618654479942558169e+02 -1.623450702546237494e+02 4.777120550090670008e+02
4.620123721248029369e+02 -1.642785530892747090e+02 4.776703821666288263e+02
4.623281281285242130e+02 -1.677554034657892146e+02 4.779124980299511662e+02
4.625389750326141325e+02 -1.694951635815609734e+02 4.777270231579564665e+02
4.629651184889091837e+02 -1.733265561653550719e+02 4.784487626260691400e+02
4.630699414185466480e+02 -1.751018187688500802e+02 4.782118585539998890e+02
4.631282929242046293e+02 -1.789372196882551123e+02 4.780561100087308546e+02
4.631282929242046293e+02 -1.789372196882551123e+02 4.780561100087308546e+02
4.636677208861404438e+02 -1.847199534852218505e+02 4.782964652358583635e+02
4.638985682479593038e+02 -1.866555645579081215e+02 4.782376231588696101e+02
4.645218788285354776e+02 -1.928443799830505725e+02 4.783698825492359674e+02
4.645145083816389047e+02 -1.947312593278866188e+02 4.784649911191976912e+02
4.648491081737724926e+02 -1.987313485688995343e+02 4.782207023543591049e+02
4.652705900155179961e+02 -2.025688524928207244e+02 4.781423167998776762e+02
4.653512394242881669e+02 -2.046165002712129990e+02 4.779132326881783683e+02
4.654589953062318273e+02 -2.065526787505035315e+02 4.776674880821793749e+02
4.659985802745236469e+02 -2.104828776268584818e+02 4.774795107625960213e+02
4.663796327717968779e+02 -2.143211492640617735e+02 4.771417555817096172e+02
4.667832738160804524e+02 -2.181700125815355875e+02 4.766109755092843443e+02
4.671076153181743962e+02 -2.200797456281769655e+02 4.765542136380743727e+02
4.669043690179637451e+02 -2.218672271343305056e+02 4.761997953120206262e+02
4.674502826609248700e+02 -2.259506029943413523e+02 4.757780809210879056e+02
4.676657291957441203e+02 -2.280667505425634261e+02 4.752159541528045565e+02
4.676657291957441203e+02 -2.280667505425634261e+02 4.752159541528045565e+02
4.685593288662204259e+02 -2.363811106273004725e+02 4.738038213903695350e+02
4.688187896795508323e+02 -2.385080614357388527e+02 4.733721467066613968e+02
4.692530273831324621e+02 -2.427400621346865535e+02 4.725336798276250079e+02
4.693979426548922902e+02 -2.447699831782059334e+02 4.721502716251731613e+02
4.698105664331546336e+02 -2.492145829108732471e+02 4.713263054363449100e+02
4.700076374875180250e+02 -2.512199084920835332e+02 4.712899591667667210e+02
4.705735718633405327e+02 -2.579178142883447435e+02 4.699599063889295962e+02
4.707977429380464969e+02 -2.602949727719028488e+02 4.693110977064624194e+02
4.709961901825317909e+02 -2.644582995167977515e+02 4.691441919909718763e+02
4.710904962210895519e+02 -2.665460718561872113e+02 4.690175193605011827e+02
4.711980730739713863e+02 -2.707364661259099421e+02 4.689074031269867078e+02
4.712966313061095889e+02 -2.728983415196250917e+02 4.688838391248092421e+02
4.713752342612286270e+02 -2.767586919960856449e+02 4.690189174283281659e+02
4.712535228374925964e+02 -2.785639403127152605e+02 4.689608133271667043e+02
4.712004642196627628e+02 -2.823410385468104096e+02 4.693600385475603503e+02
4.713105304146865819e+02 -2.844511791164437113e+02 4.696738132077644536e+02
4.709994824969563183e+02 -2.902661273495583032e+02 4.700978925742186334e+02
4.709994824969563183e+02 -2.902661273495583032e+02 4.700978925742186334e+02
4.710347483848333923e+02 -2.962626133943344371e+02 4.703803516767710562e+02
4.708689790307350904e+02 -2.981925871768931415e+02 4.703024577583402106e+02
4.710031247719986141e+02 -3.020716785559191635e+02 4.707317973160413658e+02
4.710031247719986141e+02 -3.020716785559191635e+02 4.707317973160413658e+02
4.712153366269802177e+02 -3.075377126349176820e+02 4.713886080612128353e+02
4.712196742724524938e+02 -3.098606717218633548e+02 4.713202600144645658e+02
4.711539402814815389e+02 -3.153375869158762157e+02 4.721979890581978339e+02
4.710725623210551589e+02 -3.171741727598458738e+02 4.722156112419664851e+02
4.712484253513545696e+02 -3.210757511527070847e+02 4.729055683273617774e+02
4.712596201762698342e+02 -3.230641430049377050e+02 4.729731316617418884e+02
4.712894156956215284e+02 -3.267577996914253049e+02 4.732719353077329174e+02
4.715016525954908388e+02 -3.303372335349529862e+02 4.736679644779777618e+02
4.713017880060087350e+02 -3.321567053045505418e+02 4.738864602539374005e+02
4.713017880060087350e+02 -3.321567053045505418e+02 4.738864602539374005e+02
4.717493925139370390e+02 -3.374119825753712121e+02 4.748347801601395872e+02
4.716898960957850022e+02 -3.411871139205995291e+02 4.746459083725118262e+02
4.720730462024300209e+02 -3.428521759004768796e+02 4.748037279450576307e+02
4.719798482084379430e+02 -3.466197258036933135e+02 4.749250646836150622e+02
4.720835323733933819e+02 -3.483677336207571784e+02 4.749232324526118987e+02
4.720564072570136318e+02 -3.501537148515386093e+02 4.752685539989479366e+02
4.722499744363498735e+02 -3.559828388022312424e+02 4.752020548856101527e+02
4.724034663154267264e+02 -3.576147734482524356e+02 4.752653813498407089e+02
4.722079881023469738e+02 -3.613079678346286414e+02 4.752260602053045773e+02
4.723255338150473790e+02 -3.648781217201835716e+02 4.752812931042025753e+02
4.723698886305841143e+02 -3.669265407911098009e+02 4.753898303698281325e+02
4.723984106868156800e+02 -3.688320538425763857e+02 4.755234852154247278e+02
4.725858375824742552e+02 -3.747536965533849411e+02 4.752918898970491455e+02
4.727630984229044770e+02 -3.767115845654472537e+02 4.751676357779624027e+02
4.725090119363485428e+02 -3.785212695345888392e+02 4.753456154569374235e+02
4.725090119363485428e+02 -3.785212695345888392e+02 4.753456154569374235e+02
4.728698560961097996e+02 -3.862234267489370154e+02 4.751588240926083699e+02
4.729077316867879404e+02 -3.882492127475209713e+02 4.749818508337131107e+02
4.729693411874856679e+02 -3.920232345444311477e+02 4.750604442087548023e+02
4.728114913513338138e+02 -3.937596678717997065e+02 4.751368192570648148e+02
4.729887225746466584e+02 -3.978927873179853236e+02 4.748342980411483154e+02
4.729772397385569320e+02 -3.998807145099258946e+02 4.748128846139818506e+02
4.729384004880876091e+02 -4.036896509593740348e+02 4.748131267008189980e+02
4.726076480852539703e+02 -4.078341597885280407e+02 4.745273559300125044e+02
4.730496314312999857e+02 -4.119374992933074964e+02 4.741634328158848461e+02
4.729205617206608849e+02 -4.139735572517156470e+02 4.739551886095098894e+02
4.727355279106326975e+02 -4.185683636214250782e+02 4.733141197832813987e+02
4.725913853639690956e+02 -4.208124979967883519e+02 4.732967042107408133e+02
4.725005372017464538e+02 -4.250979162478371336e+02 4.736738902903426265e+02
4.724371232684977713e+02 -4.276625206155710543e+02 4.730047416023619462e+02
4.721923798638273979e+02 -4.320315887528862504e+02 4.725567432137823971e+02
4.721923798638273979e+02 -4.320315887528862504e+02 4.725567432137823971e+02
4.720727819720178218e+02 -4.382204483226184948e+02 4.726414492482626883e+02
4.721636211216536481e+02 -4.425714009839284699e+02 4.722987287181449574e+02
4.721082702418710824e+02 -4.468247089785747903e+02 4.715034667326795557e+02
4.720669822368863038e+02 -4.488316449368727490e+02 4.714993587168227123e+02
4.722394583521397067e+02 -4.527835485672306959e+02 4.716490372720217010e+02
4.722394583521397067e+02 -4.527835485672306959e+02 4.716490372720217010e+02
4.725884287381578588e+02 -4.589057507978151307e+02 4.713807534287166163e+02
4.725655368744484122e+02 -4.630606556233781248e+02 4.707990065023195712e+02
4.726648029335258911e+02 -4.651614080748782953e+02 4.711175699599839959e+02
4.729416846179668710e+02 -4.673850391763430707e+02 4.708867515066945657e+02
4.733814213400284530e+02 -4.715424719645000096e+02 4.710196591659396290e+02
4.735824196776172244e+02 -4.735911434709253740e+02 4.711265348534884083e+02
4.739054819942913923e+02 -4.783314732233020550e+02 4.703374450104029734e+02
4.740946493762954788e+02 -4.824383576104273743e+02 4.700698661281115847e+02
4.744862157216069818e+02 -4.864761860420323387e+02 4.700807016378502112e+02
4.744862157216069818e+02 -4.864761860420323387e+02 4.700807016378502112e+02
4.752425926950633652e+02 -4.931730082976534959e+02 4.694223118114426256e+02
4.753848043893369777e+02 -4.955957798682896396e+02 4.684612828980069708e+02
4.758654555001304516e+02 -5.000231107757142581e+02 4.681055647605356285e+02
4.765531547009834412e+02 -5.042894018495763930e+02 4.674722030386899405e+02
4.767261661176446523e+02 -5.064130350243841576e+02 4.671732731478973619e+02
4.770080035581042353e+02 -5.087067768330639979e+02 4.665754261955282800e+02
4.776931097583981227e+02 -5.154681840007521032e+02 4.652453062531786827e+02
4.777633529447692808e+02 -5.179366183954965663e+02 4.646495754109117229e+02
4.781545395714331903e+02 -5.225334266919062429e+02 4.638220621260787766e+02
4.785636127668745985e+02 -5.250598016145249858e+02 4.630350044314820366e+02
4.787735252207096437e+02 -5.295355342047081422e+02 4.624255555900701893e+02
4.788608127791308107e+02 -5.320786848585021289e+02 4.621942977078090848e+02
4.789428000520068736e+02 -5.366685069126682492e+02 4.614561662961579032e+02
4.791261562981384827e+02 -5.413014089511956399e+02 4.612817948709348457e+02
4.788908131574080471e+02 -5.434139569572695336e+02 4.612061731669214737e+02
4.787546098693630938e+02 -5.481929054486806763e+02 4.610790405305783111e+02
4.784318635223016258e+02 -5.501237015811323090e+02 4.612301844210209651e+02
4.784119432779204431e+02 -5.546348589082051603e+02 4.618265530200432636e+02
4.783190028941461378e+02 -5.590470091759189017e+02 4.619526112630624652e+02
4.779013042114143559e+02 -5.615085792123541069e+02 4.619816594500510973e+02
4.776668104758038567e+02 -5.656242168852505756e+02 4.629346474389899413e+02
4.776336698701537671e+02 -5.677923583301619601e+02 4.634095548998096206e+02
4.776340064682540287e+02 -5.721947929063398988e+02 4.641356080246491729e+02
4.772937727943144637e+02 -5.763965329677812406e+02 4.641115503316788704e+02
4.772855496275539053e+02 -5.802874130093156282e+02 4.650221963599365154e+02
4.773267599689698386e+02 -5.823542222115073628e+02 4.654399213748500301e+02
4.771265465934109216e+02 -5.865421265476079498e+02 4.653240311783914649e+02
4.769683095680584302e+02 -5.882142882532082240e+02 4.658602907634437429e+02
4.769946031707975180e+02 -5.921308981468720276e+02 4.665012585621059884e+02
4.768706326557862667e+02 -5.941290028141752373e+02 4.666039397343721475e+02
4.769854611496367625e+02 -5.980577860038931703e+02 4.671426563386169164e+02
4.769854611496367625e+02 -5.980577860038931703e+02 4.671426563386169164e+02
4.770731898066316603e+02 -6.043841756871464668e+02 4.676439154877637634e+02
4.771096003830435848e+02 -6.063679338978299711e+02 4.678734796479449756e+02
4.769012729752207065e+02 -6.124747973507294319e+02 4.681555952448856601e+02
4.769264771149499325e+02 -6.145244089346670080e+02 4.682966252159535543e+02
4.770829217679781777e+02 -6.186450146870976141e+02 4.683888212978038723e+02
4.770829217679781777e+02 -6.186450146870976141e+02 4.683888212978038723e+02
4.769199074428138942e+02 -6.247178417396614805e+02 4.687242354995108258e+02
4.768718487335649456e+02 -6.285844328373275403e+02 4.691371955632147319e+02
4.770312574667903505e+02 -6.307599725974796456e+02 4.691829230147399699e+02
4.769495832842546861e+02 -6.327811206028094375e+02 4.692118069698934164e+02
4.769116586602621624e+02 -6.389992157560450323e+02 4.690481019426298417e+02
4.769116586602621624e+02 -6.389992157560450323e+02 4.690481019426298417e+02
4.768215740509094758e+02 -6.452678202489397563e+02 4.693028851222260300e+02
4.767161223350593104e+02 -6.472079907950724191e+02 4.691113755479749443e+02
4.767806914585121376e+02 -6.492747620365128114e+02 4.693782550969184513e+02
4.767806914585121376e+02 -6.492747620365128114e+02 4.693782550969184513e+02
4.765170984670768348e+02 -6.577320494566456546e+02 4.690278667014950429e+02
4.764534354379144361e+02 -6.598728717352227022e+02 4.689359742441332060e+02
4.764534354379144361e+02 -6.598728717352227022e+02 4.689359742441332060e+02
4.763260350439363151e+02 -6.663619270382920377e+02 4.682097400326697993e+02
4.763840223989072342e+02 -6.707147966090484488e+02 4.682035998760780444e+02
4.763840223989072342e+02 -6.707147966090484488e+02 4.682035998760780444e+02
4.759855886379827439e+02 -6.776376044820694915e+02 4.677736436974136041e+02
4.759383837922067073e+02 -6.822449024293168804e+02 4.675553612971460211e+02
4.755522206137953845e+02 -6.846338961976142627e+02 4.672739616280347263e+02
4.755061736545862914e+02 -6.888473197489415725e+02 4.674383317421815036e+02
4.751655215216273405e+02 -6.932112637465301077e+02 4.674089214772159835e+02
4.752854674375391255e+02 -6.956026127175463216e+02 4.671992072776120040e+02
4.752485687618645329e+02 -6.995381851557805248e+02 4.673640579996865085e+02
4.750876995785267809e+02 -7.016156065659262140e+02 4.675709975139017729e+02
4.751423046362260720e+02 -7.055348021401782717e+02 4.674953085357265081e+02
4.752453113903378039e+02 -7.075726486190669675e+02 4.673621655408193192e+02
4.754375204896326181e+02 -7.117669234675609005e+02 4.674997667882449264e+02
4.755107171496908336e+02 -7.137830746371561190e+02 4.676040282407174686e+02
4.757056928766647843e+02 -7.199834307686082866e+02 4.675780942274712970e+02
4.757306509202404641e+02 -7.220741522604640750e+02 4.676380956118392191e+02
4.758718744803033474e+02 -7.241947323615720506e+02 4.676154189795523735e+02
4.761842303469026092e+02 -7.263074969543692987e+02 4.675162835441641391e+02
4.763620364667267495e+02 -7.326017718268873296e+02 4.673222923999481964e+02
4.764048513631346964e+02 -7.348686161138757598e+02 4.671050690584747827e+02
4.764984793355437773e+02 -7.390581025879448589e+02 4.668748358057573569e+02
4.765933133027128861e+02 -7.411599996213310533e+02 4.666918235583216301e+02
4.767841997577282314e+02 -7.453506476700209760e+02 4.666479108988920643e+02
4.774120539504863245e+02 -7.497784636282755173e+02 4.664153927451706068e+02
4.771935034054735638e+02 -7.541175619417055032e+02 4.661905081581940067e+02
4.773432319020541854e+02 -7.563127137685876278e+02 4.663317166834063983e+02
4.773337568075712625e+02 -7.604752255411141277e+02 4.656525024594815250e+02
4.773468968155183347e+02 -7.626857393612509668e+02 4.653389114706873784e+02
4.775900311716758324e+02 -7.670136755874273149e+02 4.649963840087029894e+02
4.777921971727287769e+02 -7.691011151954645584e+02 4.648091159656073046e+02
4.779477903481038652e+02 -7.733455667634705151e+02 4.640709210829463700e+02
4.781098547829522545e+02 -7.775868937498016749e+02 4.634759828206945258e+02
4.782161194653355096e+02 -7.799006659297390343e+02 4.630464434251158536e+02
4.783481769323312278e+02 -7.821507241258804015e+02 4.626984514070328487e+02
4.784321490321366923e+02 -7.888200349738846171e+02 4.616583661582308196e+02
4.786374565825396985e+02 -7.911546685027839203e+02 4.612967894409620158e+02
4.784658262243134459e+02 -7.955875358219493592e+02 4.607209800643436211e+02
4.784343872550498986e+02 -7.978062625693985410e+02 4.604812364393995949e+02
4.784613730001047429e+02 -8.022475257199168936e+02 4.605990095493873469e+02
4.780945753863427967e+02 -8.045105956219887275e+02 4.603431329006278929e+02
4.781516208187165944e+02 -8.084371087847225681e+02 4.604434875767095718e+02
4.779652123411920002e+02 -8.124957259579906577e+02 4.606376367634915141e+02
4.776558153336382588e+02 -8.143725257828026542e+02 4.606836425675154487e+02
4.776558153336382588e+02 -8.143725257828026542e+02 4.606836425675154487e+02
4.770609800691983651e+02 -8.226027697359584181e+02 4.611216918664579794e+02
4.769193813073458728e+02 -8.245067334897399860e+02 4.611883518936800783e+02
4.767944760985394055e+02 -8.288969910328961532e+02 4.617465696092353937e+02
4.766482967252013623e+02 -8.309791832659284410e+02 4.618830875788435151e+02
4.763987953796886359e+02 -8.352281751868883930e+02 4.624824277457737480e+02
4.763987953796886359e+02 -8.352281751868883930e+02 4.624824277457737480e+02
4.762029624162398704e+02 -8.416086546253827692e+02 4.631540820049480658e+02
4.762271035042378458e+02 -8.457318074040389320e+02 4.638664411420002125e+02
4.758230873391606224e+02 -8.495829219900189173e+02 4.641070471037466518e+02
4.758230873391606224e+02 -8.495829219900189173e+02 4.641070471037466518e+02
4.757079388362978989e+02 -8.554858023890008099e+02 4.649652036686575229e+02
4.757076836251776513e+02 -8.576220952706371463e+02 4.651628916129118920e+02
4.754349459059275773e+02 -8.612440134742383862e+02 4.653028978422167938e+02
4.752552809568684893e+02 -8.655003494483378290e+02 4.659948824686091484e+02
4.750249574605121552e+02 -8.672013071763510652e+02 4.661315727807542544e+02
4.748725091310804487e+02 -8.713594156775395732e+02 4.665679378546450948e+02
4.748414848377434510e+02 -8.734530839688512742e+02 4.666955772518023196e+02
4.745797173349903346e+02 -8.775916253712522348e+02 4.668309833912802560e+02
4.743611215166034754e+02 -8.816166712969779837e+02 4.672328249563157101e+02
4.743070365718036783e+02 -8.838568662409171566e+02 4.672986678609408955e+02
4.740386328817629078e+02 -8.880684880796140988e+02 4.676300658073808449e+02
4.740386328817629078e+02 -8.880684880796140988e+02 4.676300658073808449e+02
4.738081956655681211e+02 -8.944154516094426981e+02 4.681237615814483206e+02
4.737945156068309416e+02 -8.963124041572071974e+02 4.679197811456088516e+02
4.735166114512458648e+02 -9.005411694511197993e+02 4.684099717557530198e+02
4.735263862196055129e+02 -9.026018675395382616e+02 4.685160562026753155e+02
4.733869464056410834e+02 -9.067392549761142391e+02 4.685878028273095310e+02
4.731677982751643299e+02 -9.087395831365965932e+02 4.682336158815039653e+02
4.728445518019815381e+02 -9.131842865299030336e+02 4.685818052498260613e+02
4.728822208620808283e+02 -9.173623524474727446e+02 4.686501676637419678e+02
4.723945751980529622e+02 -9.215724325417448881e+02 4.683417150021974180e+02
4.723404633252519602e+02 -9.237366701983936537e+02 4.681113868762731158e+02
4.718064243909135485e+02 -9.283721240916398756e+02 4.678134691995239791e+02
4.717188234543728527e+02 -9.307304375291676024e+02 4.675998163811752306e+02
4.712019996291675739e+02 -9.352700541770284417e+02 4.669863627483738355e+02
4.709488247098485090e+02 -9.375385505947207321e+02 4.665110259443344489e+02
4.707883080093152444e+02 -9.421872287618424480e+02 4.661456762344104163e+02
4.707883080093152444e+02 -9.421872287618424480e+02 4.661456762344104163e+02
4.704727768653074236e+02 -9.491525713196222114e+02 4.658377565442171431e+02
4.705098687907693034e+02 -9.538030408372217153e+02 4.655817232598109285e+02
4.705854436687177440e+02 -9.583131818425508754e+02 4.653498465928936412e+02
4.706921405123153477e+02 -9.605614062291291475e+02 4.653819722552606208e+02
4.707052948218144479e+02 -9.650033740023415021e+02 4.654667247068788924e+02
4.709082581662146936e+02 -9.670931198910302555e+02 4.654783978959570732e+02
4.711351414567258757e+02 -9.710948206428979574e+02 4.651751856206391835e+02
4.714595394373333193e+02 -9.731796469704340780e+02 4.653044591248278152e+02
4.718576445015263516e+02 -9.772931692476272474e+02 4.656246115913299377e+02
4.718342845857077350e+02 -9.793098171017048799e+02 4.657759983324769451e+02
4.728534413876548115e+02 -9.860325418820800678e+02 4.659102827829619855e+02
4.729844265041683116e+02 -9.876130746292752747e+02 4.663114416727755156e+02
4.729933500209510839e+02 -9.898808061815080919e+02 4.664633312673328192e+02
4.735464540611677080e+02 -9.940840469292704711e+02 4.664394994107294110e+02
4.737827036802441398e+02 -9.982036942666167079e+02 4.663178811768457876e+02
4.737827036802441398e+02 -9.982036942666167079e+02 4.663178811768457876e+02
4.737827036802441398e+02 -9.982036942666167079e+02 4.663178811768457876e+02
4.737827036802441398e+02 -9.982036942666167079e+02 4.663178811768457876e+02
4.737827036802441398e+02 -9.982036942666167079e+02 4.663178811768457876e+02
4.737827036802441398e+02 -9.982036942666167079e+02 4.663178811768457876e+02
4.737827036802441398e+02 -9.982036942666167079e+02 4.663178811768457876e+02
4.737827036802441398e+02 -9.982036942666167079e+02 4.663178811768457876e+02
4.744407930972874965e+02 -1.004787790328423398e+03 4.664118051671518401e+02
4.744407930972874965e+02 -1.004787790328423398e+03 4.664118051671518401e+02
4.744407930972874965e+02 -1.004787790328423398e+03 4.664118051671518401e+02
4.744407930972874965e+02 -1.004787790328423398e+03 4.664118051671518401e+02
4.744407930972874965e+02 -1.004787790328423398e+03 4.664118051671518401e+02
4.744407930972874965e+02 -1.004787790328423398e+03 4.664118051671518401e+02
4.744407930972874965e+02 -1.004787790328423398e+03 4.664118051671518401e+02
4.744407930972874965e+02 -1.004787790328423398e+03 4.664118051671518401e+02
4.744407930972874965e+02 -1.004787790328423398e+03 4.664118051671518401e+02
4.744407930972874965e+02 -1.004787790328423398e+03 4.664118051671518401e+02
4.744407930972874965e+02 -1.004787790328423398e+03 4.664118051671518401e+02
4.744407930972874965e+02 -1.004787790328423398e+03 4.664118051671518401e+02
4.754823484169205585e+02 -1.022286780355283554e+03 4.645322672681817266e+02
4.772831066958184465e+02 -1.046555191778042854e+03 4.600926109687428038e+02
4.794825220482613304e+02 -1.072392034585472175e+03 4.529448320934444610e+02
4.794825220482613304e+02 -1.072392034585472175e+03 4.529448320934444610e+02
4.801427795735167479e+02 -1.079096909578427812e+03 4.510302730688198380e+02
4.801427795735167479e+02 -1.079096909578427812e+03 4.510302730688198380e+02
4.801427795735167479e+02 -1.079096909578427812e+03 4.510302730688198380e+02
4.804927697147705885e+02 -1.088823495156374292e+03 4.480526495904902049e+02
4.806104474996260478e+02 -1.096692301195060509e+03 4.471766027041512075e+02
