1.753795260531638622e+09
1.753795260535389900e+09
1.753795260541711569e+09
1.753795260545216560e+09
1.753795260550810337e+09
1.753795260555431843e+09
1.753795260561520576e+09
1.753795260565466166e+09
1.753795260572091579e+09
1.753795260575938702e+09
1.753795260581794977e+09
1.753795260585302830e+09
1.753795260591645479e+09
1.753795260595367432e+09
1.753795260601952314e+09
1.753795260605296373e+09
1.753795260611585617e+09
1.753795260617905140e+09
1.753795260621866941e+09
1.753795260625380516e+09
1.753795260631765604e+09
1.753795260635268211e+09
1.753795260641632557e+09
1.753795260645302057e+09
1.753795260651726484e+09
1.753795260655344009e+09
1.753795260661699772e+09
1.753795260666170359e+09
1.753795260671664953e+09
1.753795260675278187e+09
1.753795260681763172e+09
1.753795260685388088e+09
1.753795260690450191e+09
1.753795260695403576e+09
1.753795260701829433e+09
1.753795260705327034e+09
1.753795260711815596e+09
1.753795260715545177e+09
1.753795260721670389e+09
1.753795260725278378e+09
1.753795260731750488e+09
1.753795260735343933e+09
1.753795260739974976e+09
1.753795260745343924e+09
1.753795260751612186e+09
1.753795260755913496e+09
1.753795260762031317e+09
1.753795260765292883e+09
1.753795260771736383e+09
1.753795260775333643e+09
1.753795260782017231e+09
1.753795260785388470e+09
1.753795260792114496e+09
1.753795260795282602e+09
1.753795260801661491e+09
1.753795260805306435e+09
1.753795260811755180e+09
1.753795260815398693e+09
1.753795260821737051e+09
1.753795260825296640e+09
1.753795260830554962e+09
1.753795260835522413e+09
1.753795260841636658e+09
1.753795260845296383e+09
1.753795260851670980e+09
1.753795260855345488e+09
1.753795260861757517e+09
1.753795260865441561e+09
1.753795260871683598e+09
1.753795260875329733e+09
1.753795260881658077e+09
1.753795260885298729e+09
1.753795260891719103e+09
1.753795260895380974e+09
1.753795260902505398e+09
1.753795260906722307e+09
1.753795260911677599e+09
1.753795260915308952e+09
1.753795260921777964e+09
1.753795260925634623e+09
1.753795260931571245e+09
1.753795260935360432e+09
1.753795260942065239e+09
1.753795260945408583e+09
1.753795260951863050e+09
1.753795260955516577e+09
1.753795260961835146e+09
1.753795260965280533e+09
1.753795260970683575e+09
1.753795260975356340e+09
1.753795260981687307e+09
1.753795260985270262e+09
1.753795260991471767e+09
1.753795260995630264e+09
1.753795261001916409e+09
1.753795261005287647e+09
1.753795261011667013e+09
1.753795261017065287e+09
1.753795261022542477e+09
1.753795261025277853e+09
1.753795261031448603e+09
1.753795261035460949e+09
1.753795261042193413e+09
1.753795261045264482e+09
1.753795261051814795e+09
1.753795261055315971e+09
1.753795261061391830e+09
1.753795261065574169e+09
1.753795261071966887e+09
1.753795261075382471e+09
1.753795261081608295e+09
1.753795261085382938e+09
1.753795261091785431e+09
1.753795261095366478e+09
1.753795261101692200e+09
1.753795261105379105e+09
1.753795261111079454e+09
1.753795261115265608e+09
1.753795261121515512e+09
1.753795261125296116e+09
1.753795261132045746e+09
1.753795261135531425e+09
1.753795261141652822e+09
1.753795261145265341e+09
1.753795261151656151e+09
1.753795261155395985e+09
1.753795261161704779e+09
1.753795261165284395e+09
1.753795261171680927e+09
1.753795261175259352e+09
1.753795261180209637e+09
1.753795261186621428e+09
1.753795261191828251e+09
1.753795261195298195e+09
1.753795261201639175e+09
1.753795261205577612e+09
1.753795261211906672e+09
1.753795261215420961e+09
1.753795261221742630e+09
1.753795261225365162e+09
1.753795261232119083e+09
1.753795261235369444e+09
1.753795261241646528e+09
1.753795261245510578e+09
1.753795261251000166e+09
1.753795261255296946e+09
1.753795261261653662e+09
1.753795261265433788e+09
1.753795261271833658e+09
1.753795261275446177e+09
1.753795261281721115e+09
1.753795261285262823e+09
1.753795261291824341e+09
1.753795261295450687e+09
1.753795261301689863e+09
1.753795261305406809e+09
1.753795261311723232e+09
1.753795261315647602e+09
1.753795261321655750e+09
1.753795261325352907e+09
1.753795261331674576e+09
1.753795261335233450e+09
1.753795261341547012e+09
1.753795261345599413e+09
1.753795261351945400e+09
1.753795261355261803e+09
1.753795261361758709e+09
1.753795261365422487e+09
1.753795261371778011e+09
1.753795261376801014e+09
1.753795261383950233e+09
1.753795261385229111e+09
1.753795261390926123e+09
1.753795261395470858e+09
1.753795261401949883e+09
1.753795261405231714e+09
1.753795261411530733e+09
1.753795261415530682e+09
1.753795261421890497e+09
1.753795261425343037e+09
1.753795261431893110e+09
1.753795261435220242e+09
1.753795261441459894e+09
1.753795261445219278e+09
1.753795261451946735e+09
1.753795261456466198e+09
1.753795261461765289e+09
1.753795261465375900e+09
1.753795261472178698e+09
1.753795261477075815e+09
1.753795261480132818e+09
1.753795261485270023e+09
1.753795261491883278e+09
1.753795261495267391e+09
1.753795261501429319e+09
1.753795261505581141e+09
1.753795261511991739e+09
1.753795261515264988e+09
1.753795261521498680e+09
1.753795261525551319e+09
1.753795261530705690e+09
1.753795261535356998e+09
1.753795261541764975e+09
1.753795261545313120e+09
1.753795261552026987e+09
1.753795261555327177e+09
1.753795261561661005e+09
1.753795261565511227e+09
1.753795261571974516e+09
1.753795261575281143e+09
1.753795261581700325e+09
1.753795261585264444e+09
1.753795261591466188e+09
1.753795261595291138e+09
1.753795261601828575e+09
1.753795261605347395e+09
1.753795261611652613e+09
1.753795261615404129e+09
1.753795261621690989e+09
1.753795261625265360e+09
1.753795261630492449e+09
1.753795261636877775e+09
1.753795261641436577e+09
1.753795261645276785e+09
1.753795261652055264e+09
1.753795261655549526e+09
1.753795261661421061e+09
1.753795261665263891e+09
1.753795261670861244e+09
1.753795261675565004e+09
1.753795261681798458e+09
1.753795261685277462e+09
1.753795261691549301e+09
1.753795261695276499e+09
1.753795261702059507e+09
1.753795261705545664e+09
1.753795261711876869e+09
1.753795261715265036e+09
1.753795261721726418e+09
1.753795261725265265e+09
1.753795261731827497e+09
1.753795261735372305e+09
1.753795261741735697e+09
1.753795261745260954e+09
1.753795261751965523e+09
1.753795261755264044e+09
1.753795261761729717e+09
1.753795261765261650e+09
1.753795261771706820e+09
1.753795261775420904e+09
1.753795261781641006e+09
1.753795261785404444e+09
1.753795261791599274e+09
1.753795261795266628e+09
1.753795261801906347e+09
1.753795261806529522e+09
1.753795261811257601e+09
1.753795261815470695e+09
1.753795261821629524e+09
1.753795261825391054e+09
1.753795261831778765e+09
1.753795261835375547e+09
1.753795261841486454e+09
1.753795261845233202e+09
1.753795261851765394e+09
1.753795261855337620e+09
1.753795261861659288e+09
1.753795261865465879e+09
1.753795261871690989e+09
1.753795261875241518e+09
1.753795261882028341e+09
1.753795261885313511e+09
1.753795261891798019e+09
1.753795261895505905e+09
1.753795261901653051e+09
1.753795261905315399e+09
1.753795261911722660e+09
1.753795261915405035e+09
1.753795261921682596e+09
1.753795261925308704e+09
1.753795261931752682e+09
1.753795261935299873e+09
1.753795261941799879e+09
1.753795261945305586e+09
1.753795261952916622e+09
1.753795261955286503e+09
1.753795261962029219e+09
1.753795261965263844e+09
1.753795261971813202e+09
1.753795261975469828e+09
1.753795261981815100e+09
1.753795261985274553e+09
1.753795261991728544e+09
1.753795261995289326e+09
1.753795262001753330e+09
1.753795262005279064e+09
1.753795262011160374e+09
1.753795262015221357e+09
1.753795262021429062e+09
1.753795262025215387e+09
1.753795262031950235e+09
1.753795262035351515e+09
1.753795262041450739e+09
1.753795262045261383e+09
1.753795262051854849e+09
1.753795262056120157e+09
1.753795262061693907e+09
1.753795262065523624e+09
1.753795262071803808e+09
1.753795262075256348e+09
1.753795262081671238e+09
1.753795262085319757e+09
1.753795262091971874e+09
1.753795262095349312e+09
1.753795262101684570e+09
1.753795262105364084e+09
1.753795262111579180e+09
1.753795262115297794e+09
1.753795262122002840e+09
1.753795262125573874e+09
1.753795262131805658e+09
1.753795262135293961e+09
1.753795262141685247e+09
1.753795262145400763e+09
1.753795262152045965e+09
1.753795262155571461e+09
1.753795262162037611e+09
1.753795262165267706e+09
1.753795262172019482e+09
1.753795262175595999e+09
1.753795262181730747e+09
1.753795262185395241e+09
1.753795262191830873e+09
1.753795262195414543e+09
1.753795262201749086e+09
1.753795262205491304e+09
1.753795262211848497e+09
1.753795262215297461e+09
1.753795262221773624e+09
1.753795262225305796e+09
1.753795262230784178e+09
1.753795262235313892e+09
1.753795262241715431e+09
1.753795262245448351e+09
1.753795262251777649e+09
1.753795262255340815e+09
1.753795262261424065e+09
1.753795262265616179e+09
1.753795262272231817e+09
1.753795262275302172e+09
1.753795262281578064e+09
1.753795262285295010e+09
1.753795262291640759e+09
1.753795262295885801e+09
1.753795262302174807e+09
1.753795262305342913e+09
1.753795262311645508e+09
1.753795262315555096e+09
1.753795262322147608e+09
1.753795262325297594e+09
1.753795262331878662e+09
1.753795262335504055e+09
1.753795262341596365e+09
1.753795262345338583e+09
1.753795262351975203e+09
1.753795262355478287e+09
1.753795262361685038e+09
1.753795262365411997e+09
1.753795262370858669e+09
1.753795262375298738e+09
1.753795262382169485e+09
1.753795262386248112e+09
1.753795262391468525e+09
1.753795262395308018e+09
1.753795262401697636e+09
1.753795262405355930e+09
1.753795262411825895e+09
1.753795262415282249e+09
1.753795262421747923e+09
1.753795262425278187e+09
1.753795262431851625e+09
1.753795262435396910e+09
1.753795262441462278e+09
1.753795262445338964e+09
1.753795262452238560e+09
1.753795262455584526e+09
1.753795262461584091e+09
1.753795262465296984e+09
1.753795262472058535e+09
1.753795262475519180e+09
1.753795262481685877e+09
1.753795262485401154e+09
1.753795262493223906e+09
1.753795262497844458e+09
1.753795262501564264e+09
1.753795262505309582e+09
1.753795262511334658e+09
1.753795262515501976e+09
1.753795262519815445e+09
1.753795262525395155e+09
1.753795262531783104e+09
1.753795262535484314e+09
1.753795262541765451e+09
1.753795262545361996e+09
1.753795262551874638e+09
1.753795262555466652e+09
1.753795262561677456e+09
1.753795262565339804e+09
1.753795262571760178e+09
1.753795262575299501e+09
1.753795262580397606e+09
1.753795262585294485e+09
1.753795262591762543e+09
1.753795262595401525e+09
1.753795262601630211e+09
1.753795262605297565e+09
1.753795262611797094e+09
1.753795262615271091e+09
1.753795262621769428e+09
1.753795262625298977e+09
1.753795262631746531e+09
1.753795262635298729e+09
1.753795262641877651e+09
1.753795262645372391e+09
1.753795262650697708e+09
1.753795262656978846e+09
1.753795262660256863e+09
1.753795262665270567e+09
1.753795262671484232e+09
1.753795262675268173e+09
1.753795262681507587e+09
1.753795262685510397e+09
1.753795262692039967e+09
1.753795262695282698e+09
1.753795262701579094e+09
1.753795262705260754e+09
1.753795262712000370e+09
1.753795262715358019e+09
1.753795262721616268e+09
1.753795262725261927e+09
1.753795262731459141e+09
1.753795262736201048e+09
1.753795262741622210e+09
1.753795262745357513e+09
1.753795262751775503e+09
1.753795262755506754e+09
1.753795262761712790e+09
1.753795262765262127e+09
1.753795262771817207e+09
1.753795262775253296e+09
1.753795262781628847e+09
1.753795262785387754e+09
1.753795262790973425e+09
1.753795262795504808e+09
1.753795262801479340e+09
1.753795262805248976e+09
1.753795262811610222e+09
1.753795262815255642e+09
1.753795262822015047e+09
1.753795262825577497e+09
1.753795262831718922e+09
1.753795262835444212e+09
1.753795262841678381e+09
1.753795262845310688e+09
1.753795262851545572e+09
1.753795262855398417e+09
1.753795262862038612e+09
1.753795262866215229e+09
1.753795262871614695e+09
1.753795262875385284e+09
1.753795262881577492e+09
1.753795262885300636e+09
1.753795262891992569e+09
1.753795262895622730e+09
1.753795262901779175e+09
1.753795262905383348e+09
1.753795262911617756e+09
1.753795262915298223e+09
1.753795262922046900e+09
1.753795262926837206e+09
1.753795262930908918e+09
1.753795262935036182e+09
1.753795262942058086e+09
1.753795262946103811e+09
1.753795262951810837e+09
1.753795262955214024e+09
1.753795262961686850e+09
1.753795262965341330e+09
1.753795262971459389e+09
1.753795262975102663e+09
1.753795262981967926e+09
1.753795262986430645e+09
1.753795262991573811e+09
1.753795262995264530e+09
1.753795263000373840e+09
1.753795263005484343e+09
1.753795263011762857e+09
1.753795263015519857e+09
1.753795263021677494e+09
1.753795263025388241e+09
1.753795263031897306e+09
1.753795263035615444e+09
1.753795263041670561e+09
1.753795263045305014e+09
1.753795263051471472e+09
1.753795263055585384e+09
1.753795263061953545e+09
1.753795263065455198e+09
1.753795263070623636e+09
1.753795263075266838e+09
1.753795263081511497e+09
1.753795263085262537e+09
1.753795263091613293e+09
1.753795263095292091e+09
1.753795263101852179e+09
1.753795263105559349e+09
1.753795263111994028e+09
1.753795263115221739e+09
1.753795263121486187e+09
1.753795263125243187e+09
1.753795263131473780e+09
1.753795263135714054e+09
1.753795263141966820e+09
1.753795263145317554e+09
1.753795263151947260e+09
1.753795263155357838e+09
1.753795263161705017e+09
1.753795263165320873e+09
1.753795263171732664e+09
1.753795263175036430e+09
1.753795263181340933e+09
1.753795263185415030e+09
1.753795263192052841e+09
1.753795263195267439e+09
1.753795263201521635e+09
1.753795263205621243e+09
1.753795263212211370e+09
1.753795263215344667e+09
1.753795263221627474e+09
1.753795263225367308e+09
1.753795263231667995e+09
1.753795263235215425e+09
1.753795263241647005e+09
1.753795263245286465e+09
1.753795263251844168e+09
1.753795263255234957e+09
1.753795263261609793e+09
1.753795263265423059e+09
1.753795263271642923e+09
1.753795263275239944e+09
1.753795263280537605e+09
1.753795263285457611e+09
1.753795263291893005e+09
1.753795263295292854e+09
1.753795263301583052e+09
1.753795263305307627e+09
1.753795263311867714e+09
1.753795263315420628e+09
1.753795263321661949e+09
1.753795263325380802e+09
1.753795263331819296e+09
1.753795263335309982e+09
1.753795263341757774e+09
1.753795263345531940e+09
1.753795263350356340e+09
1.753795263355211973e+09
1.753795263361913919e+09
1.753795263365484238e+09
1.753795263371649027e+09
1.753795263375249147e+09
1.753795263381630421e+09
1.753795263385235548e+09
1.753795263391768217e+09
1.753795263395426512e+09
1.753795263401881695e+09
1.753795263405450583e+09
1.753795263411736250e+09
1.753795263415350199e+09
1.753795263421804190e+09
1.753795263425227404e+09
1.753795263432002544e+09
1.753795263435317516e+09
1.753795263441553593e+09
1.753795263445096970e+09
1.753795263451728582e+09
1.753795263455394983e+09
1.753795263461734056e+09
1.753795263465233326e+09
1.753795263471192598e+09
1.753795263475208521e+09
1.753795263481787205e+09
1.753795263485347986e+09
1.753795263490396023e+09
1.753795263495204210e+09
1.753795263501106024e+09
1.753795263505219936e+09
1.753795263511520863e+09
1.753795263515219688e+09
1.753795263522156000e+09
1.753795263526320696e+09
1.753795263531741142e+09
1.753795263535299778e+09
1.753795263541739464e+09
1.753795263545388699e+09
1.753795263551959276e+09
1.753795263555352211e+09
1.753795263560234547e+09
1.753795263565239191e+09
1.753795263571687937e+09
1.753795263575337172e+09
1.753795263581657887e+09
1.753795263585359335e+09
1.753795263591737509e+09
1.753795263595407009e+09
1.753795263601800680e+09
1.753795263605225563e+09
1.753795263611684084e+09
1.753795263615359545e+09
1.753795263621686220e+09
1.753795263625297308e+09
1.753795263632993698e+09
1.753795263635207653e+09
1.753795263641796112e+09
1.753795263646177292e+09
1.753795263652074575e+09
1.753795263655304670e+09
1.753795263661658049e+09
1.753795263665477276e+09
1.753795263671483040e+09
1.753795263675311327e+09
1.753795263681965113e+09
1.753795263686212301e+09
1.753795263691563845e+09
1.753795263695502996e+09
1.753795263700275421e+09
1.753795263705328703e+09
1.753795263711689234e+09
1.753795263715449572e+09
1.753795263722055435e+09
1.753795263725389719e+09
1.753795263731914043e+09
1.753795263735454798e+09
1.753795263741583347e+09
1.753795263745267153e+09
1.753795263751891136e+09
1.753795263755521536e+09
1.753795263761948586e+09
1.753795263765263319e+09
1.753795263770412683e+09
1.753795263775410891e+09
1.753795263781691074e+09
1.753795263785359144e+09
1.753795263791506767e+09
1.753795263795259714e+09
1.753795263799915314e+09
1.753795263805285692e+09
1.753795263811813116e+09
1.753795263815356731e+09
1.753795263821696281e+09
1.753795263825218916e+09
1.753795263831515551e+09
1.753795263835561752e+09
1.753795263842137575e+09
1.753795263845288038e+09
1.753795263851600170e+09
1.753795263856439352e+09
1.753795263861908197e+09
1.753795263865249872e+09
1.753795263871665716e+09
1.753795263875491858e+09
1.753795263882103443e+09
1.753795263885253429e+09
1.753795263891528845e+09
1.753795263895556927e+09
1.753795263901527405e+09
1.753795263905293941e+09
1.753795263911215544e+09
1.753795263915546179e+09
1.753795263921536684e+09
1.753795263925226450e+09
1.753795263932058334e+09
1.753795263935382605e+09
1.753795263941698551e+09
1.753795263945265293e+09
1.753795263951776743e+09
1.753795263955312490e+09
1.753795263961781263e+09
1.753795263965480804e+09
1.753795263971788883e+09
1.753795263975304604e+09
1.753795263981779337e+09
1.753795263985261917e+09
1.753795263991682291e+09
1.753795263995307922e+09
1.753795264002055407e+09
1.753795264006487370e+09
1.753795264011683941e+09
1.753795264015317202e+09
1.753795264021872044e+09
1.753795264025586843e+09
1.753795264031718493e+09
1.753795264035263538e+09
1.753795264041453362e+09
1.753795264045310020e+09
1.753795264051979542e+09
1.753795264055419207e+09
1.753795264061553001e+09
1.753795264065259933e+09
1.753795264071954727e+09
1.753795264075562239e+09
1.753795264081563711e+09
1.753795264085265160e+09
1.753795264091622829e+09
1.753795264095502853e+09
1.753795264101746321e+09
1.753795264105287790e+09
1.753795264111746550e+09
1.753795264116208315e+09
1.753795264121933937e+09
1.753795264125255108e+09
1.753795264131774902e+09
1.753795264135464430e+09
1.753795264140007257e+09
1.753795264145333052e+09
1.753795264151837111e+09
1.753795264155293703e+09
1.753795264161772490e+09
1.753795264165316105e+09
1.753795264171802282e+09
1.753795264175276995e+09
1.753795264181659937e+09
1.753795264185414553e+09
1.753795264190442085e+09
1.753795264195439816e+09
1.753795264201740742e+09
1.753795264205257177e+09
1.753795264211768627e+09
1.753795264215269566e+09
1.753795264221544981e+09
1.753795264225633621e+09
1.753795264233038664e+09
1.753795264235301971e+09
1.753795264241611958e+09
1.753795264247247696e+09
1.753795264251636744e+09
1.753795264255385160e+09
1.753795264262062550e+09
1.753795264266784430e+09
1.753795264271945238e+09
1.753795264275394201e+09
1.753795264281738758e+09
1.753795264285350323e+09
1.753795264291579723e+09
1.753795264295608044e+09
1.753795264302035093e+09
1.753795264305336237e+09
1.753795264311837196e+09
1.753795264315505743e+09
1.753795264321853638e+09
1.753795264325410128e+09
1.753795264332798004e+09
1.753795264335668564e+09
1.753795264341510773e+09
1.753795264346166134e+09
1.753795264351764441e+09
1.753795264355484247e+09
1.753795264361661434e+09
1.753795264365449429e+09
1.753795264371854782e+09
1.753795264375377178e+09
1.753795264381883383e+09
1.753795264385437012e+09
1.753795264391824722e+09
1.753795264395344019e+09
1.753795264401304722e+09
1.753795264405484438e+09
1.753795264411833763e+09
1.753795264415331841e+09
1.753795264421774626e+09
1.753795264425431728e+09
1.753795264431847095e+09
1.753795264435523987e+09
1.753795264441733122e+09
1.753795264445519924e+09
1.753795264451867104e+09
1.753795264455427885e+09
1.753795264461803198e+09
1.753795264465297699e+09
1.753795264472533226e+09
1.753795264475577354e+09
1.753795264481618166e+09
1.753795264485565424e+09
1.753795264492178679e+09
1.753795264495341301e+09
1.753795264501616716e+09
1.753795264505340815e+09
1.753795264511660337e+09
1.753795264515438080e+09
1.753795264520057678e+09
1.753795264525310755e+09
1.753795264531678677e+09
