1.429621336178123592e+00 5.577496895721361092e-01 3.215026155217671766e-01
1.429621336178123592e+00 5.577496895721361092e-01 3.215026155217671766e-01
1.429500965225515285e+00 5.577387407551046561e-01 3.212787407685276930e-01
1.429481794395722538e+00 5.576087593819857302e-01 3.196401848558555470e-01
1.429351303572547360e+00 5.575789233297374636e-01 3.188826687845006669e-01
1.429269909272235184e+00 5.576252594985283695e-01 3.189511149577789473e-01
1.429155696638291007e+00 5.577021539469608769e-01 3.190559333016785848e-01
1.428667383573903438e+00 5.579489758623451534e-01 3.196173978656148273e-01
1.427927344406993315e+00 5.582987671961355813e-01 3.216072722189454725e-01
1.427319020524781434e+00 5.586417760339840166e-01 3.234259648954525002e-01
1.427003855629367601e+00 5.588927941519203912e-01 3.244747226754519653e-01
1.426528114275828374e+00 5.589080703070070655e-01 3.247997906333280893e-01
1.425658524377510394e+00 5.589990549732948288e-01 3.257576100078030112e-01
1.424678633981157461e+00 5.590600362060619277e-01 3.264332847411819394e-01
1.423483231014800454e+00 5.590072699177998095e-01 3.268860681991341277e-01
1.422853607652012853e+00 5.589438323983937362e-01 3.270519599092047702e-01
1.421516470458502823e+00 5.583417964771923980e-01 3.265048249871405073e-01
1.420629234855152800e+00 5.580359481552967793e-01 3.260434923223961556e-01
1.419321864514261788e+00 5.581038960476982780e-01 3.269743355261957030e-01
1.418781752577750410e+00 5.580659047676733708e-01 3.276947693171933240e-01
1.415820816962262585e+00 5.572891196579289330e-01 3.283879842416361772e-01
1.414701607074651202e+00 5.570243358943119949e-01 3.286361464787579401e-01
1.412488049120308675e+00 5.566134693465759620e-01 3.288960666688898193e-01
1.411310803951082660e+00 5.564137748283174423e-01 3.290453651092303256e-01
1.408747079770015231e+00 5.558111196249171382e-01 3.293912185956432426e-01
1.407455447721514430e+00 5.556187824101384010e-01 3.295404175538424463e-01
1.404614445997404149e+00 5.551059421401851601e-01 3.296754727646067362e-01
1.401620506225875529e+00 5.547145060849488774e-01 3.298625799973130546e-01
1.400229175888295208e+00 5.546816065577615529e-01 3.300474152544656814e-01
1.398710967337150057e+00 5.546035030050768810e-01 3.301247807985496774e-01
1.395676713380914480e+00 5.545730423432178036e-01 3.302770130665223514e-01
1.394053610820117806e+00 5.546119976010353003e-01 3.303438861839703700e-01
1.390737282112610496e+00 5.546233863917019447e-01 3.305384945001353936e-01
1.387425595006244627e+00 5.547428490925562228e-01 3.307760846830412049e-01
1.385790457102571649e+00 5.548519859382627928e-01 3.308927315757829168e-01
1.382305714498375471e+00 5.548311846445528328e-01 3.302351603629075649e-01
1.378518961319510128e+00 5.546284264309302436e-01 3.294643432319626086e-01
1.375027070633835224e+00 5.548699143498453390e-01 3.301073452700511446e-01
1.373407208971237692e+00 5.549861024991605829e-01 3.303026139948025408e-01
1.370170139487484340e+00 5.552367462354493854e-01 3.306236765412832179e-01
1.368501112356921068e+00 5.553637324178751777e-01 3.307246228833143897e-01
1.365143691604888021e+00 5.555923063334916590e-01 3.308615190495546310e-01
1.363605149595702448e+00 5.557575158655780889e-01 3.305561133464128831e-01
1.360393266438255866e+00 5.561785245075486772e-01 3.301275611776772756e-01
1.356919263166896483e+00 5.565855784034885456e-01 3.306386101775459219e-01
1.355185905042489480e+00 5.568167895961075864e-01 3.309291681630774917e-01
1.351703459833689669e+00 5.572954759105709366e-01 3.315541383267111009e-01
1.347839111863121886e+00 5.575717032515803417e-01 3.327324566198462952e-01
1.344015237390921103e+00 5.581200464058327926e-01 3.336603866477910740e-01
1.344015237390921103e+00 5.581200464058327926e-01 3.336603866477910740e-01
1.340327068364354224e+00 5.587608720685340868e-01 3.343578926181965949e-01
1.338450532102803736e+00 5.590357148177432789e-01 3.346977138650836237e-01
1.334602297221368028e+00 5.595867337623415816e-01 3.355677561251148022e-01
1.330763257960757118e+00 5.603104257677103961e-01 3.364159436556538596e-01
1.326873989963117006e+00 5.611076019788084901e-01 3.369960236116686936e-01
1.324946428535408893e+00 5.615814055904536639e-01 3.372990737632939329e-01
1.321034062090296057e+00 5.624458396744923538e-01 3.378484956372239667e-01
1.317088958926690978e+00 5.634440863444493131e-01 3.383493625178635167e-01
1.315134448929756950e+00 5.639785669931633993e-01 3.386012964081491772e-01
1.313189693075235143e+00 5.645147830031892466e-01 3.388630513091150931e-01
1.309227851566402867e+00 5.656596891748087996e-01 3.393175313706613405e-01
1.305212350214852046e+00 5.666956026261467105e-01 3.396315044158787488e-01
1.303179683714769999e+00 5.672059971554038738e-01 3.397496043314648384e-01
1.299138703666510075e+00 5.684512559358747552e-01 3.400424462900789591e-01
1.297083665861035628e+00 5.690109336223160286e-01 3.402399359088078556e-01
1.292971255845865253e+00 5.700999061136210466e-01 3.405068203877280597e-01
1.288986670532707990e+00 5.712817606011624250e-01 3.404901179414903112e-01
1.287007211587284816e+00 5.717693459678518941e-01 3.404285716150438068e-01
1.282853408344236890e+00 5.725765464009432426e-01 3.405538049519573063e-01
1.280863247046726272e+00 5.729805018299481967e-01 3.405137975649421556e-01
1.276996595468554485e+00 5.738011242203638895e-01 3.402456890002049095e-01
1.275024908817824709e+00 5.741587363345044270e-01 3.401119439324108429e-01
1.271168423922764523e+00 5.747253223681862977e-01 3.399502681627981637e-01
1.269207650412950361e+00 5.749415447598335005e-01 3.398030272415866193e-01
1.265261771174545302e+00 5.752648184335030779e-01 3.393295612430357044e-01
1.261423126414767504e+00 5.754780360315731036e-01 3.389068241153672112e-01
1.257569037258597255e+00 5.756247821722326741e-01 3.384206570537783287e-01
1.255633413646995544e+00 5.757028196362073968e-01 3.381753967452537646e-01
1.251597683783225889e+00 5.758035068006983614e-01 3.374935528957599962e-01
1.249527622583751718e+00 5.760274733083234899e-01 3.372534131373733368e-01
1.245385960331854003e+00 5.765650995548893265e-01 3.365136894278424329e-01
1.241260680823053519e+00 5.768454729317259444e-01 3.358077416758079581e-01
1.239207814356751536e+00 5.770320245442314144e-01 3.356367847576031682e-01
1.237079743124255282e+00 5.773077285840181316e-01 3.353500522955770169e-01
1.230596845881400503e+00 5.779168429584702338e-01 3.343868872244812884e-01
1.228405492957606038e+00 5.779177498034487881e-01 3.341780028681713421e-01
1.224015091238197295e+00 5.779085117148884398e-01 3.337742001959241867e-01
1.221790389538868871e+00 5.780466477630170630e-01 3.334405167082337140e-01
1.217297128341131129e+00 5.782206641905086597e-01 3.329287392137330048e-01
1.215051600890533212e+00 5.783362922508304971e-01 3.325745895440775923e-01
1.210958818703268269e+00 5.790626100568773138e-01 3.327181738599866989e-01
1.206409882863806793e+00 5.793942986457066846e-01 3.324866612604934213e-01
1.204085240063265116e+00 5.793928729030004554e-01 3.321884998505757469e-01
1.201774699134711355e+00 5.793563328486729391e-01 3.318772665243596709e-01
1.195023317864353896e+00 5.793373371773483660e-01 3.309197997839955496e-01
1.192514715480316845e+00 5.792226409628770112e-01 3.306307584771389640e-01
1.187860452389211785e+00 5.791121720792227201e-01 3.300081976111987059e-01
1.185553573698785002e+00 5.790652279713709438e-01 3.297057471442502719e-01
1.180962819339461012e+00 5.789505543157571488e-01 3.290818581435548396e-01
1.178656130085323106e+00 5.788790934066100347e-01 3.287352170804330731e-01
1.173720329304289489e+00 5.786143079692237512e-01 3.278110721771846370e-01
1.171118599393063731e+00 5.784771431778229500e-01 3.271947179780564374e-01
1.166262979271060374e+00 5.783155477416949131e-01 3.262517092250064588e-01
1.161814324529455211e+00 5.783026007316826034e-01 3.257170106110832686e-01
1.157391913156182506e+00 5.783338456759867796e-01 3.253094091083802430e-01
1.155135728274997220e+00 5.784268555646138177e-01 3.251252524882676243e-01
1.150791959236739936e+00 5.785429992306231339e-01 3.247490904420246016e-01
1.146543138091504543e+00 5.786154668331365825e-01 3.243438882481022301e-01
1.144401232170202398e+00 5.786418706702640691e-01 3.241733441916945235e-01
1.142322005701859267e+00 5.786823843333893658e-01 3.240068115584499031e-01
1.138121076637060858e+00 5.786661652262332645e-01 3.237754015500283744e-01
1.135991493466502300e+00 5.786430789772641914e-01 3.237034522869109976e-01
1.131768722584147513e+00 5.786480396027748885e-01 3.236367737291967472e-01
1.129681879346446927e+00 5.786550396116681982e-01 3.235903086810684171e-01
1.125422769478999330e+00 5.786661017006475838e-01 3.235923388213873819e-01
1.121136548851951353e+00 5.788193997136658053e-01 3.240550507857197227e-01
1.116809229366428236e+00 5.789387217009113185e-01 3.242415788407080335e-01
1.114658527792738774e+00 5.789703166725020944e-01 3.241046236556636151e-01
1.110332651266712656e+00 5.791877289634056458e-01 3.240612047124646899e-01
1.108105093799478746e+00 5.793123358508486254e-01 3.242348194718029930e-01
1.101434702273221378e+00 5.798267257271344510e-01 3.245215690158295141e-01
1.099202350337106449e+00 5.801316415583918085e-01 3.246401317180401813e-01
1.096978971184744411e+00 5.803788959431890326e-01 3.247361608238971131e-01
1.092545961476282690e+00 5.807656173045970815e-01 3.249479548152330866e-01
1.090292471055216650e+00 5.809714582916366554e-01 3.251127510779419083e-01
1.083615398162792731e+00 5.820035996738037731e-01 3.252504514405520908e-01
1.083615398162792731e+00 5.820035996738037731e-01 3.252504514405520908e-01
1.076818773430131992e+00 5.829511409906326103e-01 3.259816344104452535e-01
1.074523340759421686e+00 5.833505079305204566e-01 3.262488107696847051e-01
1.072200105779009816e+00 5.836791129321087235e-01 3.261436788420190025e-01
1.067614790477002140e+00 5.842840624294995955e-01 3.257984956776169838e-01
1.065343745148940480e+00 5.846635935279291818e-01 3.258468112119493609e-01
1.058330554967988002e+00 5.857576227137721858e-01 3.259883103572560614e-01
1.058330554967988002e+00 5.857576227137721858e-01 3.259883103572560614e-01
1.051375395824272196e+00 5.868662071034199679e-01 3.260441865092348346e-01
1.049111291049316108e+00 5.873405288275641567e-01 3.261145315465957539e-01
1.044603683210094225e+00 5.882685634251538787e-01 3.262045359366184671e-01
1.039929008205485728e+00 5.892112933608794068e-01 3.262257698644752679e-01
1.037605649346633019e+00 5.896485807909662702e-01 3.262568401810456153e-01
1.035327228375266140e+00 5.901737723789979295e-01 3.262536066576081639e-01
1.030880194247110415e+00 5.911704984024205300e-01 3.261111857310804441e-01
1.026298472095757530e+00 5.920286930197059538e-01 3.259621403990148325e-01
1.024055013391259150e+00 5.924322343063904706e-01 3.258504006324836055e-01
1.019596155415996686e+00 5.932424078432695369e-01 3.256441594823792363e-01
1.017405999634035441e+00 5.935840321680847520e-01 3.255158738519970951e-01
1.012961949161008679e+00 5.940933235360555953e-01 3.251671771369336605e-01
1.008617650194212345e+00 5.945543509674303673e-01 3.247154538277806646e-01
1.006460972613895111e+00 5.948548860993493337e-01 3.244238290073788722e-01
1.002179566369721941e+00 5.952642080066570252e-01 3.236890829927088209e-01
9.979351827078110082e-01 5.955256129383723618e-01 3.228050459870570599e-01
9.957758774266988189e-01 5.956755658112712348e-01 3.224001895410782970e-01
9.936836305732331676e-01 5.957896714491309753e-01 3.219246943782686499e-01
9.893818875230655507e-01 5.959574146229580371e-01 3.209430822068433109e-01
9.850492681989017063e-01 5.961560666249603457e-01 3.199162481926899337e-01
9.828983086170350880e-01 5.963532210101764042e-01 3.193017347399906836e-01
9.785024351430372525e-01 5.966816015624301084e-01 3.180974588896692268e-01
9.740021580226674303e-01 5.972281931484392237e-01 3.170296941503573107e-01
9.693823268952392880e-01 5.977190985412775825e-01 3.160172402782727152e-01
9.670362539738087682e-01 5.979672737012803330e-01 3.155168064066117273e-01
9.622776813028277587e-01 5.985814438382498492e-01 3.146875657402682380e-01
9.599355478383780893e-01 5.989079140182588246e-01 3.142874514979249190e-01
9.551856433556449311e-01 5.996118191066358571e-01 3.134556576976700315e-01
9.527627920822778762e-01 5.999518058651368557e-01 3.130098805260134176e-01
9.503592725693983390e-01 6.002445789779015106e-01 3.126989455076433222e-01
9.455286466833733305e-01 6.009410582497404230e-01 3.118644427280765630e-01
9.407509838534205970e-01 6.015858413267487492e-01 3.108857688282076204e-01
9.359474651574327675e-01 6.020311162462205212e-01 3.099944001364786095e-01
9.310637377151212979e-01 6.024752305866553082e-01 3.093203684140256593e-01
9.286854002181672563e-01 6.027581856863623022e-01 3.089106219246749996e-01
9.263505659968059858e-01 6.030746922954998146e-01 3.082991480815514551e-01
9.217197477562025787e-01 6.035627911307929194e-01 3.070492019959738528e-01
9.193303934780739928e-01 6.036933891585083423e-01 3.065011689503541747e-01
9.145405609786969592e-01 6.040509496259610644e-01 3.054544996843238103e-01
9.098691444774841264e-01 6.045914346800576045e-01 3.042094432944485449e-01
9.050301579348811742e-01 6.048213903754504628e-01 3.031304056015319270e-01
9.026624206056296229e-01 6.049931379653229468e-01 3.024572590302482267e-01
8.980991966748447242e-01 6.054762826063104786e-01 3.009698091516809226e-01
8.957931223089486972e-01 6.056053458244602394e-01 3.004093330456082400e-01
8.911952502060330739e-01 6.059938244087125225e-01 2.991260523720603581e-01
8.866127820115575764e-01 6.063784214286725982e-01 2.977512390537928599e-01
8.842665224257153511e-01 6.064803795083877347e-01 2.972118817616552500e-01
8.796320108695138140e-01 6.067151741374007257e-01 2.962414246759862424e-01
8.773941223100565345e-01 6.068734320319785214e-01 2.957472338456851313e-01
8.751497294490602208e-01 6.070030420496209667e-01 2.952802275548211952e-01
8.705373514698330206e-01 6.069280297989615436e-01 2.945973579175843460e-01
8.659420581620146384e-01 6.069023840041771756e-01 2.939614577789972927e-01
8.635906309909019418e-01 6.068626781773890366e-01 2.937625074207965703e-01
8.588870764668178337e-01 6.067007320534670844e-01 2.934301645252116453e-01
8.542124606302318179e-01 6.063940654143444853e-01 2.931270098384498590e-01
8.518353688518235378e-01 6.062489790291556435e-01 2.930166544736770851e-01
8.470139213968669312e-01 6.060043118494387038e-01 2.928004548971963050e-01
8.419926794038515849e-01 6.056949335468532203e-01 2.926116365459078272e-01
8.394351057143575323e-01 6.055764211047258705e-01 2.924951802309821991e-01
8.369733917495284503e-01 6.056517042763214231e-01 2.921544228004473442e-01
8.294084780530370793e-01 6.056927655918786790e-01 2.911330810805097258e-01
8.268157123680661691e-01 6.057800993050409533e-01 2.908376276181030562e-01
8.214990558503504348e-01 6.058438347970135363e-01 2.903092241215888825e-01
8.161265092251608344e-01 6.059370673736397261e-01 2.894364894387551068e-01
8.133880626097967914e-01 6.060102187880463953e-01 2.889552767555639834e-01
8.105875227547657547e-01 6.060911864333472510e-01 2.885468523770842175e-01
8.049139009845199810e-01 6.062432866267802867e-01 2.875779741288583269e-01
7.990211062028947930e-01 6.063170746452698490e-01 2.867413821611243252e-01
7.960432332050775273e-01 6.063358996043853866e-01 2.863430590257637354e-01
7.900814312675302764e-01 6.063951643912083300e-01 2.856432453557576912e-01
7.870750524996337205e-01 6.064000796940440807e-01 2.853067704820798633e-01
7.811231623302697935e-01 6.062742443656673474e-01 2.848021932359220409e-01
7.751695073387746548e-01 6.059635849904233540e-01 2.844306476164266684e-01
7.722234617953368518e-01 6.058160444476873296e-01 2.842859391648117073e-01
7.664311609922950241e-01 6.053922720047036909e-01 2.840410368927587248e-01
7.635992021686154319e-01 6.052246473240167068e-01 2.839862870019772556e-01
7.581842827162089682e-01 6.053371014299473440e-01 2.838663289801647283e-01
7.555241006614709098e-01 6.055710164697011288e-01 2.840042083463284461e-01
7.501414663327939936e-01 6.061693442347818594e-01 2.849547452414432636e-01
7.447588040264734310e-01 6.068040552293859635e-01 2.862419534693952938e-01
7.422090300441727129e-01 6.072125827098884265e-01 2.867498418092896406e-01
7.371946952169049494e-01 6.079902280849655005e-01 2.876644572331005234e-01
7.321711379685232890e-01 6.085631229431420763e-01 2.886797077816992685e-01
7.296094418136084281e-01 6.087771217518139766e-01 2.891995462066776490e-01
7.245383407900009010e-01 6.091344651855284953e-01 2.903127931194358080e-01
7.196646175327824357e-01 6.095458419578335674e-01 2.913394867650028752e-01
7.171965784372519304e-01 6.097180662439040111e-01 2.919833037190485703e-01
7.147475323059216956e-01 6.098863760717150306e-01 2.926770188329451683e-01
7.099094315059067961e-01 6.104026347700678423e-01 2.938566793684009859e-01
7.050155841483896069e-01 6.109852780538198580e-01 2.949608730598133333e-01
7.025208742530227868e-01 6.112099839110478605e-01 2.957912720211463009e-01
6.976780059225479169e-01 6.118191329958824198e-01 2.972621841528072517e-01
6.928427875678592196e-01 6.124822310964049832e-01 2.986405087510947132e-01
6.903875816773030749e-01 6.127650191882834108e-01 2.993830845416505237e-01
6.855132600861891801e-01 6.133520378418014785e-01 3.009055167335979997e-01
6.805775345384628139e-01 6.139421807970397715e-01 3.024817291734408498e-01
6.781052587458101799e-01 6.142520255166813437e-01 3.032669853125696813e-01
6.756332384032647242e-01 6.145664949558693468e-01 3.040678447424499664e-01
6.706264896349772853e-01 6.152162010507513656e-01 3.056137556589910709e-01
6.655939608797317719e-01 6.159031674937600620e-01 3.070717394400699352e-01
6.630903697382602990e-01 6.162339752153155326e-01 3.078151516380321917e-01
6.579776846148854830e-01 6.169041714067365900e-01 3.091638216078903545e-01
6.528510788804242626e-01 6.176080905095080453e-01 3.104207518872593718e-01
6.502801238138444795e-01 6.179719398120592233e-01 3.110460906207862530e-01
6.450224233896122428e-01 6.186818674844166699e-01 3.123917323285123615e-01
6.395842712394582685e-01 6.193715584429286825e-01 3.137762881323640229e-01
6.370232799645236810e-01 6.198648615201340917e-01 3.140497215959462407e-01
6.318845858212992495e-01 6.208583850250913860e-01 3.146450515004161064e-01
6.292464311522846243e-01 6.213368589389435259e-01 3.150340405739101568e-01
6.240034238287982538e-01 6.222943060124118686e-01 3.156668654150959208e-01
6.186885670420696481e-01 6.231232850673934509e-01 3.163101393509047954e-01
6.160495913935243317e-01 6.235635254883268308e-01 3.166073814454727353e-01
6.109450724427146762e-01 6.245247160048292834e-01 3.172144512789877302e-01
6.085473514608730206e-01 6.250352776369313412e-01 3.175434499869886906e-01
6.040443906587221745e-01 6.261838869265702323e-01 3.182362831074262433e-01
5.998919879856896564e-01 6.273046295461349731e-01 3.189864435074488691e-01
5.978663973375760721e-01 6.277840259251500354e-01 3.193680367882819615e-01
5.938564754069520779e-01 6.285175423443897236e-01 3.203177957542814314e-01
5.918381703614455924e-01 6.287607218505414375e-01 3.209015176380501932e-01
5.898644783699583671e-01 6.290233377548544169e-01 3.212929880521965265e-01
5.859946396187688533e-01 6.295571569084016383e-01 3.217096037622387827e-01
5.819529268138139422e-01 6.298201344283124170e-01 3.225361847995920073e-01
5.778745288566272675e-01 6.300723081848894624e-01 3.233858582729335351e-01
5.738149317806022776e-01 6.303453943811087035e-01 3.242733832687755280e-01
5.717673550808769489e-01 6.304872349471600801e-01 3.247147257055071901e-01
5.676695922152726892e-01 6.307947626523141560e-01 3.255510293332996019e-01
5.656500009760695447e-01 6.309820949635250864e-01 3.259515630718550216e-01
5.635975148484010377e-01 6.312019211962033305e-01 3.263233842142926333e-01
5.594513484122594082e-01 6.316788058571964903e-01 3.270397419483593859e-01
5.552908137254197740e-01 6.322561926846047564e-01 3.277386670781038402e-01
5.511132524628220564e-01 6.329400506336863019e-01 3.283323647764840869e-01
5.490319491607873470e-01 6.332874107347458148e-01 3.286539795481927539e-01
5.446972888184523631e-01 6.338403953978356542e-01 3.295271286904023489e-01
5.425581802086218985e-01 6.341801516138928507e-01 3.297595582636155820e-01
5.384005190919297634e-01 6.349788745925284417e-01 3.299704347726019060e-01
5.340807810169528880e-01 6.354915203218475250e-01 3.307787907276743544e-01
5.319050075152725876e-01 6.357172273642723859e-01 3.311534029766615150e-01
5.277119901451161610e-01 6.363151852742887638e-01 3.313520752327455687e-01
5.236065853508941048e-01 6.369025344078339534e-01 3.313977325756295444e-01
5.214771071600696750e-01 6.370981066082275213e-01 3.315951616134958924e-01
5.172240367364066005e-01 6.374492244695286747e-01 3.320062248627513313e-01
5.151045402593522615e-01 6.376074468813924812e-01 3.322130413869149868e-01
5.108043463079866564e-01 6.379390910084729027e-01 3.326070530117528623e-01
5.064423974252244554e-01 6.382264209552553913e-01 3.333036516574042762e-01
5.042987307323540946e-01 6.383975490394367958e-01 3.336354321891367158e-01
5.022041966994875706e-01 6.386123560708784064e-01 3.337743368272546585e-01
4.979375204545253286e-01 6.389488265433019842e-01 3.341856082072527379e-01
4.936276028132214333e-01 6.392265376113641651e-01 3.346236667190070069e-01
4.914535714034315994e-01 6.393366713364170284e-01 3.348715858899397046e-01
4.872390463768693780e-01 6.397386297806105793e-01 3.349474052385544853e-01
4.830833236981990630e-01 6.401627784640138152e-01 3.349417442062944117e-01
4.809721723458800224e-01 6.403112003489402904e-01 3.350668154084875949e-01
4.767314736622095261e-01 6.406154065298925726e-01 3.352839092816165545e-01
4.725011477742968036e-01 6.409603674035873055e-01 3.354907973317532432e-01
4.704013998718932221e-01 6.411258523693991185e-01 3.355796913046301677e-01
4.661821095136326476e-01 6.414203942231346822e-01 3.357490074821022352e-01
4.641177601836101729e-01 6.415516869536062039e-01 3.358657329828343974e-01
4.599937363659796774e-01 6.418232093718677644e-01 3.360513730350817019e-01
4.558656072407616389e-01 6.420374644294968292e-01 3.362367294469801315e-01
4.538347074897626232e-01 6.420856052497042610e-01 3.363468671058310600e-01
4.517865522641453802e-01 6.421498678398848137e-01 3.364764166813124513e-01
4.477144550370166232e-01 6.423138639411575257e-01 3.367679567671653107e-01
4.436766478820970971e-01 6.424240780495402703e-01 3.371358398662559486e-01
4.395828296316612316e-01 6.425523181155907704e-01 3.375392335071881744e-01
4.375078265982332293e-01 6.426177426197153819e-01 3.377625828828239030e-01
4.354337519582614502e-01 6.426899077961042428e-01 3.380286932059020089e-01
4.291572089217638442e-01 6.428539610400342275e-01 3.388404094459297466e-01
4.270725004120852208e-01 6.429133826142470198e-01 3.391582611157001326e-01
4.249862255145245293e-01 6.429608789644257749e-01 3.394858549926844660e-01
4.228878036885835301e-01 6.430101257016184180e-01 3.398048097161755488e-01
4.165083725613387688e-01 6.432093361209351157e-01 3.407649935237997418e-01
4.143501087806781835e-01 6.432742668689486187e-01 3.410997042230909937e-01
4.100403196484579404e-01 6.434463563255402585e-01 3.417548129627120401e-01
4.078754050930881170e-01 6.435250540590552459e-01 3.420985657269816071e-01
4.034969482661689977e-01 6.436472617458360856e-01 3.427885720359279409e-01
3.991106892614933455e-01 6.437811555338720515e-01 3.434218549050171987e-01
3.968315431193958909e-01 6.437538123951345170e-01 3.439216620197934615e-01
3.945640084855480123e-01 6.437315889493174792e-01 3.444518217061468546e-01
3.878560931331653805e-01 6.438770074175107494e-01 3.452887427067167225e-01
3.856703811569094920e-01 6.440053653648335485e-01 3.453690277044927370e-01
3.812166029383003973e-01 6.441576251683139853e-01 3.456809061373203873e-01
3.789569509184391727e-01 6.441899700517582650e-01 3.459263070255486072e-01
3.744149862224137593e-01 6.443047257507213965e-01 3.463974302257352145e-01
3.697608122073618442e-01 6.443683670820057330e-01 3.467494779626599799e-01
3.674425277878359264e-01 6.443871465071893123e-01 3.469227797849424588e-01
3.627846544205974300e-01 6.444199168969787506e-01 3.472770655173013088e-01
3.604406639841237769e-01 6.444319155223389162e-01 3.473990351180868963e-01
3.557231387970005709e-01 6.444096758425589266e-01 3.476611734708551227e-01
3.533724369974418078e-01 6.443603076126930285e-01 3.478092181255241222e-01
3.486408659045420744e-01 6.442950103018695307e-01 3.480242696078591491e-01
3.462441817014754175e-01 6.442674710955776929e-01 3.481585796111240638e-01
3.414153880560995558e-01 6.441844542927807060e-01 3.483847849077755798e-01
3.365574768349326451e-01 6.440546896746400796e-01 3.486045309815258841e-01
3.341389518273586989e-01 6.440034831444907404e-01 3.487088515504467301e-01
3.292498236039880233e-01 6.438938857574730834e-01 3.489130451184783155e-01
3.268128890284112131e-01 6.438222243941419398e-01 3.489830206406149271e-01
3.219814149627337474e-01 6.436899629766521524e-01 3.491393707089920362e-01
3.195377002359903185e-01 6.436347214471624945e-01 3.492066281162852226e-01
3.146564758075299229e-01 6.434932134297580708e-01 3.493320320856903027e-01
3.122294497160727489e-01 6.434145477835938598e-01 3.493951938134604029e-01
3.049621367780118719e-01 6.431389433023934066e-01 3.495189964001625960e-01
3.025545218742526909e-01 6.430360743857452821e-01 3.495681354737866231e-01
2.977785935042663312e-01 6.427810659568374829e-01 3.496047705298169772e-01
2.930362297221300594e-01 6.424487535391035786e-01 3.496084653655082697e-01
2.906731774621045261e-01 6.422658013832794888e-01 3.496208347032999653e-01
2.883302178298814411e-01 6.420945530337839324e-01 3.496160657598380572e-01
2.836820844341282899e-01 6.417397239601377867e-01 3.495230576666635836e-01
2.813851586356115875e-01 6.415868774511651607e-01 3.494941896452851138e-01
2.768276542443988131e-01 6.412953633514789642e-01 3.493961406627802413e-01
2.745542940671237830e-01 6.411082746166257840e-01 3.493132337435409518e-01
2.700795407352359345e-01 6.407585128076697112e-01 3.491829710106412188e-01
2.656127788566050030e-01 6.405172004039008105e-01 3.491396773455129887e-01
2.611783444439504942e-01 6.402482718111164317e-01 3.491002148090917023e-01
2.589613235015333359e-01 6.401376204945223858e-01 3.491101128750330185e-01
2.545325538355319717e-01 6.399903725666958865e-01 3.491285487278843469e-01
2.501617229927314279e-01 6.398733133629644909e-01 3.492310359935867359e-01
2.480107087413185585e-01 6.398048153080576617e-01 3.492791347087204068e-01
2.437255579380181170e-01 6.396666053571861132e-01 3.493924648709102465e-01
2.415950611993884223e-01 6.395947489887122694e-01 3.494315510360848087e-01
2.373462433230153490e-01 6.394057772385332017e-01 3.496554418842988676e-01
2.330460742263812113e-01 6.391543627527432880e-01 3.500155905993618255e-01
2.308614634176274771e-01 6.389936094731688554e-01 3.501984764008123641e-01
2.265217618241013309e-01 6.387039130534762910e-01 3.506420559313853103e-01
2.222098677946485745e-01 6.383516993807271112e-01 3.511166714335319794e-01
2.200370389287007455e-01 6.381944938660456534e-01 3.514074611250407321e-01
2.157033017093790139e-01 6.379540225568979261e-01 3.520450241517268930e-01
2.135579325005504125e-01 6.378190984059105562e-01 3.523530168590170986e-01
2.092271078972611775e-01 6.375755469435594458e-01 3.529834014131344455e-01
2.070508521156111392e-01 6.374602852047303037e-01 3.532893851955457576e-01
2.027361262250897411e-01 6.372447651806307789e-01 3.538766123866731172e-01
2.005973332123717479e-01 6.371642723574547640e-01 3.541569972592911730e-01
1.963106523431554784e-01 6.369970889250570201e-01 3.547214625141738020e-01
1.920134427776381270e-01 6.368323612088111485e-01 3.552791232535414956e-01
1.898618713960142645e-01 6.367565143145901274e-01 3.555330600588002543e-01
1.855970051176923930e-01 6.366401751797733377e-01 3.560136792473194145e-01
1.834662493946310757e-01 6.365858372918339336e-01 3.562521046521358592e-01
1.792093907334213476e-01 6.365018137759613781e-01 3.566720345386397151e-01
1.770717135967552480e-01 6.364700154653245567e-01 3.568424438552205702e-01
1.770717135967552480e-01 6.364700154653245567e-01 3.568424438552205702e-01
1.685735885943220325e-01 6.363324405468009370e-01 3.574327257000852187e-01
1.643064879972687409e-01 6.362597153557234542e-01 3.576164339718469476e-01
1.621840992281783078e-01 6.362184637845184065e-01 3.577056953495117986e-01
1.579299369069045167e-01 6.361186864000077934e-01 3.578216274329646396e-01
1.537182079147435265e-01 6.360024536067164780e-01 3.577964989086097614e-01
1.516212836150417909e-01 6.359485757408632756e-01 3.578006024638185067e-01
1.474249793313300583e-01 6.358616106588912409e-01 3.577243298324529475e-01
1.453411056533378820e-01 6.357981154069859420e-01 3.576381970722272152e-01
1.411751170790019050e-01 6.356727726636307585e-01 3.574314845691677345e-01
1.390955864161885491e-01 6.356121134241466963e-01 3.572937393049773203e-01
1.349614738537030512e-01 6.355047933952815420e-01 3.569716141031950007e-01
1.308315503950807368e-01 6.354501517194657279e-01 3.566572312695607261e-01
1.287721237156132237e-01 6.354202754734674663e-01 3.564717445213988478e-01
1.245967223371417520e-01 6.354007972503601387e-01 3.560445227252694300e-01
1.203459038048751012e-01 6.354445541611689618e-01 3.557266681499928751e-01
1.181817674050736205e-01 6.355159673644202867e-01 3.556067799128980189e-01
1.160029647447524820e-01 6.355875338461315360e-01 3.554793122892015989e-01
1.116194491363042274e-01 6.357170646505587719e-01 3.552986658705038492e-01
1.094102931841330895e-01 6.358271522502060291e-01 3.552906173093669517e-01
1.050138300997095347e-01 6.359852657460972614e-01 3.552432271868282143e-01
1.006063554620617168e-01 6.360457586440424471e-01 3.553096370393648007e-01
9.840622185997206783e-02 6.360643569280894916e-01 3.553715049335998133e-01
9.401791546117917175e-02 6.360395498335617015e-01 3.555797793573790555e-01
8.962131936031174362e-02 6.359995825898957511e-01 3.558122592180036348e-01
8.518516392542148374e-02 6.359324242851625009e-01 3.560553711222577133e-01
8.296709442441065063e-02 6.358886049455682032e-01 3.562055270843530463e-01
8.076090525656266783e-02 6.358416539825321179e-01 3.563336206327001321e-01
7.631100661499956583e-02 6.357642093788101745e-01 3.565346252594560061e-01
7.411012262684299468e-02 6.357284883292525501e-01 3.565859104637156829e-01
6.964940716815820609e-02 6.355913794645625670e-01 3.567330830057700020e-01
6.516318723585837192e-02 6.353993456710188559e-01 3.568158313069592635e-01
6.067492805173654163e-02 6.351926139387420456e-01 3.568095733199450059e-01
5.842068798672916952e-02 6.350742500443747884e-01 3.568085799066363917e-01
5.395483437884979194e-02 6.347859622506312194e-01 3.568261842546004425e-01
5.170471653746452900e-02 6.346789250443088948e-01 3.567448323181225955e-01
4.712330936465520398e-02 6.344840918264598173e-01 3.566632692448422626e-01
4.254646751630405260e-02 6.342670267557245500e-01 3.565227598142428622e-01
4.021864720679797778e-02 6.341515410595751634e-01 3.564051315483380833e-01
3.562132165737491585e-02 6.339279224840544957e-01 3.562697183684760960e-01
3.091624293252257308e-02 6.337019394458165422e-01 3.561307067368312262e-01
2.857006819040761383e-02 6.335842165610899857e-01 3.560097002205000472e-01
2.625288187996144620e-02 6.334583356309547719e-01 3.558914618035353694e-01
2.150833460042275366e-02 6.332372219314114092e-01 3.556422394612498428e-01
1.679664700274198508e-02 6.329943665051547264e-01 3.553125259743644682e-01
1.439704301605550241e-02 6.328564408244711226e-01 3.550674451629024508e-01
9.632250258251782993e-03 6.325215975912906741e-01 3.545686388342149664e-01
4.885854582008393107e-03 6.322094439756303919e-01 3.542707422377358029e-01
2.437294329640491558e-03 6.321586196092622290e-01 3.540999687949457631e-01
-2.479227085326459086e-03 6.320127381552865797e-01 3.536825467457389571e-01
-4.941282756597956127e-03 6.318952490089557728e-01 3.534245073176105478e-01
-9.873413584077917263e-03 6.316781784520336673e-01 3.528376223832817571e-01
-1.230517045842923797e-02 6.315423854887082245e-01 3.525781215034105021e-01
-1.725102141052306873e-02 6.311805797790847050e-01 3.519122345329310786e-01
-2.230671972933000180e-02 6.309026180457948385e-01 3.511256233219296474e-01
-2.484393445206867224e-02 6.308453651789797112e-01 3.508058866259720077e-01
-2.484393445206867224e-02 6.308453651789797112e-01 3.508058866259720077e-01
-2.484393445206867224e-02 6.308453651789797112e-01 3.508058866259720077e-01
-3.581066108191120062e-02 6.302686971024167306e-01 3.490068327955677674e-01
-4.269893019359943115e-02 6.298921033600344277e-01 3.477026293441043414e-01
-4.793574397308249940e-02 6.296468054014136007e-01 3.467457000904891062e-01
-5.056131189617427135e-02 6.294678083861584561e-01 3.461862378328998124e-01
-5.317743333728622290e-02 6.293233302916797500e-01 3.456371041499878283e-01
-5.833521716803655166e-02 6.289103974856696810e-01 3.445711879759444374e-01
-6.360258671661149499e-02 6.286053167156716581e-01 3.433372368638191174e-01
-6.620761902397856447e-02 6.284006728190916213e-01 3.427234950247334266e-01
-7.151872455591939959e-02 6.279617200801578258e-01 3.414512667570305249e-01
-7.674790915943090208e-02 6.273746494636182058e-01 3.400681397084024393e-01
-8.195754776417515930e-02 6.268337817715180504e-01 3.386207601057763528e-01
-8.455593644618074334e-02 6.265596940663097358e-01 3.377738400115002371e-01
-8.712239275120130244e-02 6.262942787081171581e-01 3.369945444000818080e-01
-9.236480961808253565e-02 6.258599262720372369e-01 3.355294537817099521e-01
-9.502728467782312061e-02 6.256659619835543973e-01 3.348020792721632111e-01
-1.002398066175832492e-01 6.253570875759851821e-01 3.334073728177907592e-01
-1.054121489566112596e-01 6.251081277362148247e-01 3.320976573247409469e-01
-1.080132284277339205e-01 6.249858368764971139e-01 3.314621239477922865e-01
-1.133306345048073899e-01 6.247360172489315744e-01 3.302325958078861090e-01
-1.160614478049070836e-01 6.246047166450040544e-01 3.296570130256187836e-01
-1.215876982758433006e-01 6.241743632388577767e-01 3.284349679068664374e-01
-1.270400646913269205e-01 6.237962136382675382e-01 3.274471563828745824e-01
-1.298022926682088907e-01 6.236670906524811597e-01 3.270283378090321769e-01
-1.354794018136742384e-01 6.234111468075793638e-01 3.260904659687520191e-01
-1.413787997076411673e-01 6.232593132189089280e-01 3.251325823080015720e-01
-1.443871765361640358e-01 6.231787830065751432e-01 3.246526213266470728e-01
-1.474249376838578096e-01 6.230710495432389973e-01 3.240946497077566990e-01
-1.567324901217621302e-01 6.227141116678073240e-01 3.222658360019119428e-01
-1.599278634252088716e-01 6.225652253189116747e-01 3.215879536038060982e-01
-1.664284923520620019e-01 6.222776460978383106e-01 3.201949432695204711e-01
-1.697123166831949470e-01 6.221587636316544545e-01 3.195361150513158499e-01
-1.764526219745290170e-01 6.219650882259266655e-01 3.182417976248511637e-01
-1.798451023709013719e-01 6.217852802008160262e-01 3.174869211583986051e-01
-1.865780668674259513e-01 6.214487495590875765e-01 3.160328988494939262e-01
-1.899294655759231620e-01 6.213926736358049707e-01 3.154586332420677985e-01
-1.964529411247634139e-01 6.212727088475105131e-01 3.144353325588417070e-01
-2.027754181973147884e-01 6.210723409326274203e-01 3.134654150164909447e-01
-2.089006242880516728e-01 6.209808617520946594e-01 3.126025215455151551e-01
-2.118735640270962561e-01 6.209579256347047549e-01 3.122510243284234432e-01
-2.147990677418965821e-01 6.209617090600810796e-01 3.119491833699332695e-01
-2.205905676526086490e-01 6.209868452246180004e-01 3.113797260902123609e-01
-2.234267751830644466e-01 6.209081092054973272e-01 3.111064834656592781e-01
-2.290528325508586205e-01 6.206632831489610203e-01 3.105707815112689341e-01
-2.345001460423263573e-01 6.205257032506579229e-01 3.101605773026491208e-01
-2.371849237846780367e-01 6.206316862999660122e-01 3.102239136766995475e-01
-2.426388216434397227e-01 6.211721215910578353e-01 3.107821887905480862e-01
-2.480516805333128350e-01 6.216970984811830414e-01 3.114358384301870730e-01
-2.534181363231858275e-01 6.219119135086786931e-01 3.120407187677213257e-01
-2.560954184310704762e-01 6.219284406444076652e-01 3.122769199541318708e-01
-2.614683811751726261e-01 6.219638418505801791e-01 3.128756511495546233e-01
-2.641757100314657269e-01 6.219862930055527483e-01 3.132986350753492744e-01
-2.668604176352413204e-01 6.219781577105368831e-01 3.136498646955901970e-01
-2.749037539257829232e-01 6.218344578135449607e-01 3.146472588045245988e-01
-2.776560557027571985e-01 6.218210908449590679e-01 3.150740304772459144e-01
-2.831363239613158833e-01 6.218510036558787535e-01 3.159397725553899638e-01
-2.858774363438932875e-01 6.218866642173502823e-01 3.163933015223588940e-01
-2.914061667237281550e-01 6.220175758209299799e-01 3.173360857243833211e-01
-2.969918907970074406e-01 6.221105597538554299e-01 3.181254984713188794e-01
-2.997961404899717741e-01 6.221843601357655018e-01 3.185095507011869165e-01
-3.054739136210103401e-01 6.225844905726368728e-01 3.194068187722898244e-01
-3.083255542118174541e-01 6.228078186085485024e-01 3.198206314203509981e-01
-3.140599345399492370e-01 6.232477583054066850e-01 3.205409314553548938e-01
-3.169997844092542483e-01 6.235205043809145531e-01 3.209544371764605497e-01
-3.229039623174170814e-01 6.240501076857781770e-01 3.216199605866691957e-01
-3.288898693269834417e-01 6.247434068981232436e-01 3.223695803055406373e-01
-3.319284932551140876e-01 6.251211082123525609e-01 3.227790198093490881e-01
-3.380315717296920042e-01 6.258240585216984231e-01 3.233590980062551745e-01
-3.411255963959534676e-01 6.262493236335889835e-01 3.236979634703085473e-01
-3.473467352759295745e-01 6.271494358467942787e-01 3.243886705969470929e-01
-3.535652060413783104e-01 6.279912841099876131e-01 3.249421612387629610e-01
-3.566678577877246403e-01 6.283876273274611179e-01 3.252021135586579126e-01
-3.628298752151974949e-01 6.291886600251266337e-01 3.256917250492986637e-01
-3.658838549998178480e-01 6.295986266387408881e-01 3.259336207485380443e-01
-3.717162229745832325e-01 6.304452120784791447e-01 3.264981417829385668e-01
-3.744579904524317215e-01 6.308957771092446043e-01 3.268480491445843183e-01
-3.795088052555410374e-01 6.317937011825717208e-01 3.276379371245755623e-01
-3.840328778078141991e-01 6.325821202137648092e-01 3.286442545184469211e-01
-3.882776298434821860e-01 6.330920148303715855e-01 3.298297036713293551e-01
-3.903913746786336625e-01 6.332392289955280917e-01 3.304262659993516538e-01
-3.946524475438878965e-01 6.334191779002996681e-01 3.317603023259543260e-01
-3.989404622536145140e-01 6.334423165134446254e-01 3.332386384327710172e-01
-4.010297929717223098e-01 6.333802485680086747e-01 3.338886236168864263e-01
-4.031340504841536276e-01 6.333408020870660016e-01 3.345745258463012073e-01
-4.052399619815290066e-01 6.333033531032589147e-01 3.352510978582543544e-01
-4.115809990356999459e-01 6.332909750784945224e-01 3.373349116524275715e-01
-4.157670096055651743e-01 6.334318166251365900e-01 3.386195955864100826e-01
-4.178611623058534064e-01 6.334837611187712492e-01 3.391554945737825788e-01
-4.220673397103455460e-01 6.336451469422613725e-01 3.402048368229707576e-01
-4.241924864151918051e-01 6.337869629965260376e-01 3.407409831796338606e-01
-4.284616314741770959e-01 6.343304483189723397e-01 3.418953243061382263e-01
-4.306612274203605595e-01 6.346698833562826048e-01 3.423232704645919888e-01
-4.351002949802733610e-01 6.352630793328644110e-01 3.429526748394430280e-01
-4.372703772406835721e-01 6.355543279255809752e-01 3.433574067634502791e-01
-4.415871447320154908e-01 6.362225790595261721e-01 3.442120208027953376e-01
-4.437462013264346083e-01 6.365577031068446745e-01 3.446471843951200986e-01
-4.481775444518871221e-01 6.371559830905244581e-01 3.455482795539036589e-01
-4.525369075079287984e-01 6.377638793361123382e-01 3.461758379909597449e-01
-4.568999993799862103e-01 6.383236009153746560e-01 3.468314461655269687e-01
-4.590310917443907179e-01 6.385593874156531013e-01 3.470599422327050876e-01
-4.633471635782293041e-01 6.390369301231459964e-01 3.474532731955236597e-01
-4.654615669631221864e-01 6.392419103241662182e-01 3.474976214354578152e-01
-4.696961356545985011e-01 6.395326584720272267e-01 3.476067517579914945e-01
-4.718860399620015134e-01 6.397048615713657460e-01 3.478540694079638174e-01
-4.762828177897278636e-01 6.401568161863872009e-01 3.483814419686837027e-01
-4.784794357826742672e-01 6.403929484175082676e-01 3.486272572459672148e-01
-4.828228520691348336e-01 6.407900674200065483e-01 3.490180397882191032e-01
-4.871355864808749048e-01 6.412153387144138295e-01 3.493628682912063299e-01
-4.914224001762439453e-01 6.416104696972834143e-01 3.496320893698466881e-01
-4.935785996932690600e-01 6.418234125286752523e-01 3.498157952163086781e-01
-4.957081803925267871e-01 6.420305859541128868e-01 3.500016203675538895e-01
-5.000224250667854031e-01 6.424652557273984321e-01 3.504615947193040482e-01
-5.043217463934244194e-01 6.428373900812326402e-01 3.508410372608969929e-01
-5.064753634927937620e-01 6.430043072901296952e-01 3.510436722033559720e-01
-5.105628960652747184e-01 6.432504448434456235e-01 3.514324597956489660e-01
-5.147904757869787851e-01 6.436100724831829156e-01 3.519705330850987357e-01
-5.169845693355625826e-01 6.438374497182496325e-01 3.522930467067736382e-01
-5.213362813316749778e-01 6.441608252448653982e-01 3.526944520097793356e-01
-5.256757332212805833e-01 6.443721097545888066e-01 3.529428760350117322e-01
-5.278402186264172791e-01 6.445090504669594988e-01 3.531186490889886009e-01
-5.321937463416360758e-01 6.448024453272668266e-01 3.534887944642903790e-01
-5.343855107414109407e-01 6.449787213284879916e-01 3.537005540680264737e-01
-5.365809621637680493e-01 6.451550404229126068e-01 3.539025392069774512e-01
-5.431865789688431478e-01 6.455889299413790638e-01 3.543327265023550332e-01
-5.453846149977988889e-01 6.457179456811716900e-01 3.544454567457734351e-01
-5.498016817614926888e-01 6.459367919037757311e-01 3.545120909521798369e-01
-5.520091596477998408e-01 6.460885583878074323e-01 3.545700073236156546e-01
-5.564014210730033883e-01 6.464028384318908360e-01 3.546253118119443437e-01
-5.585840064176824660e-01 6.464998215741928345e-01 3.545740579547845828e-01
-5.628829863348211449e-01 6.467784247503162165e-01 3.545387904647350208e-01
-5.672004675464789036e-01 6.471973405262155810e-01 3.545890764631046688e-01
-5.693457183667484101e-01 6.473781237973755820e-01 3.545823779811730914e-01
-5.714648979163539089e-01 6.475124555343589883e-01 3.545223122775706948e-01
-5.756691769900915689e-01 6.476404165501524757e-01 3.542631224094928699e-01
-5.798157212771745117e-01 6.479377868067563995e-01 3.541822283104100189e-01
-5.818472697163409313e-01 6.480728413679598399e-01 3.541692822720499123e-01
-5.859463693121551575e-01 6.481875604933198254e-01 3.541234676386614266e-01
-5.900306585614951693e-01 6.482837099650945456e-01 3.540985724447763827e-01
-5.921037517232899949e-01 6.483435345437384978e-01 3.541448688664036171e-01
-5.962581540807448954e-01 6.483510209325882290e-01 3.542150674919340991e-01
-6.003846290284498011e-01 6.484909792738070555e-01 3.544751763681269763e-01
-6.024523853563560349e-01 6.485930398509567318e-01 3.546487550911350262e-01
-6.065706959823400357e-01 6.486569525122634072e-01 3.549139211946656935e-01
-6.086196967619653675e-01 6.487128788042126892e-01 3.550463188782212454e-01
-6.128001538119792757e-01 6.488702953103395732e-01 3.554318077953416699e-01
-6.170169461878972639e-01 6.490076678096898810e-01 3.558246506714660695e-01
-6.191284926303649572e-01 6.490888460666540682e-01 3.560077590849157758e-01
-6.233625813137014804e-01 6.493153621370116868e-01 3.565047519030094536e-01
-6.276092177501610969e-01 6.496251597026577729e-01 3.571463361394769942e-01
-6.297656004278945341e-01 6.497417435193330038e-01 3.574387772656407725e-01
-6.340962140847420381e-01 6.498698974729356648e-01 3.579729687522158477e-01
-6.362330749375654237e-01 6.499394415432983019e-01 3.582550027539698201e-01
-6.405593039729071680e-01 6.500759633823202099e-01 3.588622193008093042e-01
-6.427587687422045004e-01 6.501596047318178861e-01 3.592056837957381399e-01
-6.471558728111133085e-01 6.503145742440882282e-01 3.599494426830293081e-01
-6.493605306269912836e-01 6.503503381628096269e-01 3.603291140366132739e-01
-6.537485587280634780e-01 6.503283524121453718e-01 3.610019354704315786e-01
-6.581645334586153639e-01 6.504257148193759441e-01 3.617780673335543318e-01
-6.603903738548700941e-01 6.504647115751805986e-01 3.622193215715809878e-01
-6.648573668413849669e-01 6.504203167767349525e-01 3.629645528677786226e-01
-6.693767499594485137e-01 6.503267745867451488e-01 3.636362928059168054e-01
-6.715942932012713973e-01 6.503185300384095591e-01 3.639617272527601033e-01
-6.738123500667945187e-01 6.503382984483779827e-01 3.643972037846417988e-01
-6.785145235130923824e-01 6.504609413107487192e-01 3.652254962991537957e-01
-6.830955336292591218e-01 6.504422760815288251e-01 3.657939625653134907e-01
-6.875446119241184206e-01 6.504450578562795959e-01 3.663679058613688033e-01
-6.897639691662136308e-01 6.504645093654372046e-01 3.666883360706499895e-01
-6.942353125608811126e-01 6.504670157976519818e-01 3.672744652747644833e-01
-6.985421184242238679e-01 6.502889532193819599e-01 3.677110868505847341e-01
-7.006364548515057189e-01 6.501813492139763007e-01 3.678705715461613179e-01
-7.027207977973608521e-01 6.500527603640186003e-01 3.680119015916357705e-01
-7.070942245715526875e-01 6.498954522860306282e-01 3.684062399226799567e-01
-7.114486791493360718e-01 6.497526397938304665e-01 3.687653933222897473e-01
-7.136502537288107462e-01 6.497286451778720995e-01 3.689646093090325207e-01
-7.179330475176843862e-01 6.494913390709545764e-01 3.691097077775240543e-01
-7.200464305736279380e-01 6.493474671490077066e-01 3.691687417058632237e-01
-7.243436706224777311e-01 6.491390577512897719e-01 3.693774579241101419e-01
-7.286705212957743649e-01 6.489464417274998231e-01 3.695272222695901165e-01
-7.328964400122058853e-01 6.486189723738601254e-01 3.695749763226340301e-01
-7.349614360901842725e-01 6.484120591353210727e-01 3.694698678574103168e-01
-7.391710912251904242e-01 6.481672785180988550e-01 3.693692856802736069e-01
-7.413040441715482709e-01 6.480683754460478951e-01 3.693955840344530506e-01
-7.434112187921529946e-01 6.479185649422474214e-01 3.693513103921520768e-01
-7.475539640552181231e-01 6.475503440995710180e-01 3.691342229792023977e-01
-7.516605790215361571e-01 6.472622479819877261e-01 3.688111824272192196e-01
-7.536804556350716888e-01 6.471211695006678921e-01 3.686208708491208741e-01
-7.577691574231635308e-01 6.468475156858911612e-01 3.683342212713417441e-01
-7.618909516916115843e-01 6.466947849441256890e-01 3.681733852485775671e-01
-7.659215789958239151e-01 6.464506708049477801e-01 3.677784743275388513e-01
-7.679653096330802953e-01 6.463653715156474355e-01 3.677192211122143339e-01
-7.720308502468674616e-01 6.462443911055493206e-01 3.677149684446913147e-01
-7.740383415076624862e-01 6.461847974221711643e-01 3.677052675144477645e-01
-7.780164468844565917e-01 6.460512197200617424e-01 3.676475767609259648e-01
-7.799963281695913020e-01 6.460109791271032575e-01 3.676770619497676806e-01
-7.841930705183663974e-01 6.456455881549834075e-01 3.680136723948642663e-01
-7.863299434054805692e-01 6.454019882545454223e-01 3.682004143058321688e-01
-7.904671725908317681e-01 6.451135935664504828e-01 3.686248357456106683e-01
-7.946171250553861753e-01 6.447304049692159644e-01 3.690582041289124371e-01
-7.988097954780316590e-01 6.443263395249618775e-01 3.694244500101384610e-01
-8.009039499342215374e-01 6.441388734982608222e-01 3.696712603159664212e-01
-8.050344763302798023e-01 6.437582835506918677e-01 3.702491512166563581e-01
-8.071669193297085210e-01 6.436522230983393600e-01 3.705741221486795745e-01
-8.092928085091429802e-01 6.435173900845249095e-01 3.708398000575305886e-01
-8.135336660547430876e-01 6.432876999167950194e-01 3.714872231481473053e-01
-8.177917448984937110e-01 6.430432938338470628e-01 3.721223074859115743e-01
-8.198771316036458368e-01 6.428540775222226777e-01 3.723156584364780697e-01
-8.240968795850655004e-01 6.425348970885524924e-01 3.727653696557989838e-01
-8.282917425387353871e-01 6.422761805254481038e-01 3.733192223971237844e-01
-8.325607668357527524e-01 6.420660103297709531e-01 3.739815883853253586e-01
-8.347075996182214963e-01 6.420419932397433138e-01 3.742753929574204053e-01
-8.389689060722856917e-01 6.417744087769298167e-01 3.747862438137131713e-01
-8.411342242286433679e-01 6.416379662703881603e-01 3.750504964312836309e-01
-8.455331614894311398e-01 6.415264132983111711e-01 3.755582976305089637e-01
-8.477162583608898183e-01 6.414854626380537272e-01 3.758677419072761205e-01
-8.519614218776605519e-01 6.413706218887559318e-01 3.761793588619489759e-01
-8.541059031951930836e-01 6.412564286317788964e-01 3.762312224070184508e-01
-8.585397498599630639e-01 6.410998582585339944e-01 3.767048163578398112e-01
-8.628338548845001510e-01 6.410012998656036132e-01 3.769995143269300186e-01
-8.673008103305512861e-01 6.408901104287700878e-01 3.771742562609131655e-01
-8.695286754919727690e-01 6.408425246696328736e-01 3.772993297699055448e-01
-8.717550076112753343e-01 6.408013305332888043e-01 3.773815122609768258e-01
-8.761645366346028085e-01 6.406290007082345861e-01 3.774221103553893064e-01
-8.783644665664326334e-01 6.405589198771890480e-01 3.774663869904205660e-01
-8.827879292196981753e-01 6.403370575080388205e-01 3.775544908910916098e-01
-8.871269862370049220e-01 6.401529816194415634e-01 3.775856668969156393e-01
-8.893387259705011205e-01 6.400619770374195161e-01 3.775139863238283766e-01
-8.938347924278211565e-01 6.399485281635580725e-01 3.773752571198791816e-01
-8.982641696812242449e-01 6.398741772628137037e-01 3.772953120383809589e-01
-9.004597940250252952e-01 6.397819071909215394e-01 3.771676661930772889e-01
-9.047120076740459149e-01 6.396137089793595409e-01 3.766212703670421824e-01
-9.090731098646896990e-01 6.396443126967202852e-01 3.760885367759444486e-01
-9.113725914294695807e-01 6.396345420093884071e-01 3.761681354044553727e-01
-9.160116466689235404e-01 6.394152342040432258e-01 3.761059807533154720e-01
-9.182562206932717297e-01 6.392878796678478359e-01 3.759551616116150186e-01
-9.226995943188537330e-01 6.391418331155421795e-01 3.757041574027083497e-01
-9.270341209628418788e-01 6.389423916498945255e-01 3.752091789103402242e-01
-9.292233322053724542e-01 6.389049841777804106e-01 3.751328809159854005e-01
-9.339299573287179745e-01 6.387135627088107448e-01 3.754545718917038366e-01
-9.385101578283817636e-01 6.384203776298200683e-01 3.756473710167090863e-01
-9.407559643888111500e-01 6.382974195652165728e-01 3.756928324583891365e-01
-9.429078315576341351e-01 6.381034063741140017e-01 3.756319122935954935e-01
-9.474178958375261139e-01 6.377576248472170972e-01 3.755639511615218584e-01
-9.497346628804171909e-01 6.376125842731571458e-01 3.756764388558077039e-01
-9.542747449488130362e-01 6.372443576121930020e-01 3.756922941640365998e-01
-9.588095514230209337e-01 6.367094348250417202e-01 3.755380516507101918e-01
-9.633796681516089144e-01 6.361723728983889048e-01 3.754515065146892816e-01
-9.656366650059856616e-01 6.359259614676279204e-01 3.753013781822066575e-01
-9.678026969394245560e-01 6.356391238567434820e-01 3.751243329934625947e-01
-9.725237628280479774e-01 6.351200203052914661e-01 3.751350288832584479e-01
-9.771986675781185738e-01 6.344807357546410342e-01 3.747783670906248421e-01
-9.795335319233579030e-01 6.341720226511385894e-01 3.746448430683573250e-01
-9.842455391607279891e-01 6.336144072239285885e-01 3.745549587811298764e-01
-9.889944657863293243e-01 6.329213504881393559e-01 3.742831902681441614e-01
-9.913416521231196432e-01 6.326153024885793341e-01 3.741551899316640784e-01
-9.961704410907169516e-01 6.321263182888615662e-01 3.740084400141906462e-01
-9.986721536140473754e-01 6.318527832992008042e-01 3.738754990122503674e-01
-1.003502409873771484e+00 6.312272349487720868e-01 3.734593899162829134e-01
-1.005897189704641592e+00 6.309964473698541632e-01 3.733431177545184498e-01
-1.013160286486915362e+00 6.301184023827796077e-01 3.727892978117460787e-01
-1.015648172915824654e+00 6.298179471401236240e-01 3.725522341247243796e-01
-1.020650736629089339e+00 6.293978464554443875e-01 3.724198324854507414e-01
-1.023004946614859856e+00 6.291317139376811918e-01 3.719495263436523036e-01
-1.025431243156057937e+00 6.287744622961296548e-01 3.713284386797875980e-01
-1.032953103261961658e+00 6.277500201987453732e-01 3.704196520265249370e-01
-1.035577404979626470e+00 6.273599714956619167e-01 3.702643691291681582e-01
-1.038141312466470678e+00 6.269595636167756281e-01 3.697460675223164239e-01
-1.043251924975183487e+00 6.263266376893925624e-01 3.687525551554513559e-01
-1.048540771109188308e+00 6.257204742048475543e-01 3.682565180859216358e-01
-1.053532363377597925e+00 6.248967364236855948e-01 3.667838220983689057e-01
-1.056219470196126053e+00 6.245955653924996076e-01 3.664780097777741164e-01
-1.061643018651468706e+00 6.238881763457987395e-01 3.657833817944794452e-01
-1.064275518333021253e+00 6.234402051244097853e-01 3.651744099989464587e-01
-1.066892926091966620e+00 6.229815013883580610e-01 3.644756744933593806e-01
-1.074834249629002203e+00 6.217018034110949332e-01 3.623392817387188769e-01
-1.074834249629002203e+00 6.217018034110949332e-01 3.623392817387188769e-01
-1.080063339840904080e+00 6.210530951198952598e-01 3.609136404670868492e-01
-1.085366414984442196e+00 6.201590739473892278e-01 3.594319536834807982e-01
-1.088045813975360154e+00 6.197649799503098800e-01 3.587496103575048556e-01
-1.093419571370797705e+00 6.189993048960462652e-01 3.572112574037276111e-01
-1.098726905087551886e+00 6.181540430626258908e-01 3.555359933804473904e-01
-1.104253135285485410e+00 6.171227007195456693e-01 3.540381843137018203e-01
-1.107053300507653715e+00 6.165772154797350968e-01 3.533273924093386364e-01
-1.109759959575722599e+00 6.160193136486816767e-01 3.524877128766689127e-01
-1.115201259600448136e+00 6.150192502804089356e-01 3.509459304809720015e-01
-1.120642996077915621e+00 6.141056675879075222e-01 3.494366542406317500e-01
-1.126098794721648311e+00 6.132120389137090122e-01 3.479729686303602021e-01
-1.128832887921657813e+00 6.128117936948367372e-01 3.471664977810078323e-01
-1.134303572307298058e+00 6.119472811970542159e-01 3.455862316667045464e-01
-1.140201992179118884e+00 6.109934428179791821e-01 3.444870238781402305e-01
-1.143159872324623461e+00 6.106093501918695710e-01 3.437822601038812431e-01
-1.146053437983600709e+00 6.103113789581485760e-01 3.430090684389656142e-01
-1.151898318940953070e+00 6.095577569745135316e-01 3.415626943738392374e-01
-1.157928381826658581e+00 6.087269769285862386e-01 3.402184652096656992e-01
-1.161021962631502369e+00 6.083756109769710152e-01 3.395374391260612690e-01
-1.167256677045224178e+00 6.076424267166008475e-01 3.380207935569550237e-01
-1.170396431048982722e+00 6.073403187354221577e-01 3.372677471856911913e-01
-1.176713380740204151e+00 6.069590096445994787e-01 3.360299877567076710e-01
-1.182930276311392026e+00 6.067439856134608789e-01 3.350060820878723034e-01
-1.188819919371670197e+00 6.070574111109566795e-01 3.342280008166619298e-01
-1.191667480660097533e+00 6.071295518455847029e-01 3.339053417236123034e-01
-1.197283688565245585e+00 6.071837327317860522e-01 3.331981694495884661e-01
-1.200234550241654707e+00 6.072707773909354900e-01 3.330956953710900725e-01
-1.206047706933718766e+00 6.070856763933928368e-01 3.324512390550317109e-01
-1.208967305922826307e+00 6.066444590499270317e-01 3.317055486766861128e-01
-1.215167296461981739e+00 6.058487940894794477e-01 3.311810232017131650e-01
-1.221560643262441959e+00 6.048026378145040516e-01 3.312834812083033098e-01
-1.224673951665739002e+00 6.042284990590163218e-01 3.312716990716791932e-01
-1.230705623168719010e+00 6.029851714224973014e-01 3.311703967256905967e-01
-1.236855371221987410e+00 6.015961979883058808e-01 3.316409314396534525e-01
-1.239966151702701413e+00 6.009577187018114719e-01 3.320557288400569629e-01
-1.243059736379834135e+00 6.002958198968669778e-01 3.324550047949356157e-01
-1.248796513330570290e+00 5.988500791392773470e-01 3.325945378161917487e-01
-1.254589824985915980e+00 5.978634896842822677e-01 3.330201390081825030e-01
-1.257425892853538674e+00 5.975485451165835071e-01 3.333850153314031894e-01
-1.263023684041786110e+00 5.972305254727571233e-01 3.340842584103279611e-01
-1.266008353424937338e+00 5.970940223785764500e-01 3.345841002393132868e-01
-1.271950831401410964e+00 5.967467952267409004e-01 3.354713056137063054e-01
-1.277818906695807444e+00 5.966158241207139001e-01 3.363563982983430733e-01
-1.283654029415738362e+00 5.964614953781253170e-01 3.373115338555426890e-01
-1.289500041775192285e+00 5.959407913656185052e-01 3.379994077746194536e-01
-1.292397794946468004e+00 5.955946602871479145e-01 3.382238072104380988e-01
-1.295272743310325714e+00 5.952891872472799717e-01 3.384796705270102235e-01
-1.300996336570533929e+00 5.944631211419916239e-01 3.383931544719174234e-01
-1.303967700880369618e+00 5.938252991709404016e-01 3.384335234972737361e-01
-1.309864704401056734e+00 5.931569818110381531e-01 3.394390241354307003e-01
-1.312769402535196583e+00 5.930061610281066597e-01 3.398479925599028340e-01
-1.318770737026406126e+00 5.925663157152879501e-01 3.403413701243510614e-01
-1.324682646920582352e+00 5.921145098633211479e-01 3.408803414714840496e-01
-1.330578504366081605e+00 5.916882018748523819e-01 3.412431106692767058e-01
-1.333585582845679518e+00 5.914034738867690599e-01 3.413625839900852332e-01
-1.339602792493233885e+00 5.909649761854453009e-01 3.416791697505102698e-01
-1.342619462561703392e+00 5.907693654788234161e-01 3.418192590359719896e-01
-1.345540252459273889e+00 5.904469039861638402e-01 3.419516122261522240e-01
-1.351523276470548263e+00 5.901161383594503151e-01 3.422699810235062534e-01
-1.357598905642814602e+00 5.896788187780239721e-01 3.423066003377041033e-01
-1.360644092011885631e+00 5.894679403913349880e-01 3.424536176561070455e-01
-1.366682773757317948e+00 5.891996935123841039e-01 3.425319810118205854e-01
-1.369711550516548249e+00 5.891187288950058276e-01 3.423454959214066173e-01
-1.378873608728365951e+00 5.887134198397315776e-01 3.423766411850335256e-01
-1.381955576097456451e+00 5.886465233799752506e-01 3.424268475877983997e-01
-1.388171694806392686e+00 5.882886840485129776e-01 3.425342244411490045e-01
-1.391232940532855400e+00 5.881082591811298554e-01 3.426015348967051954e-01
-1.394317855531689299e+00 5.879456056243589357e-01 3.427027482908264755e-01
-1.403377210366134831e+00 5.873978457033918188e-01 3.424620777883614631e-01
-1.406359825552631060e+00 5.870587487807864546e-01 3.425868094499727734e-01
-1.409268106556990752e+00 5.867780295111696409e-01 3.426511481846533647e-01
-1.415001352532727408e+00 5.862286346475024112e-01 3.426933158610775410e-01
-1.420685014916141187e+00 5.856116766446041177e-01 3.430017862453930144e-01
-1.426142274891105011e+00 5.850575823682330201e-01 3.434130679065428016e-01
-1.428829810737219264e+00 5.847223855881160670e-01 3.435539291086621150e-01
