-1.607516111888681154e+00 6.152552158669523097e-01 3.779413725031198767e-01
-1.607488342596850694e+00 6.152464672653060740e-01 3.778821971416754799e-01
-1.607461053413256957e+00 6.152216561508666581e-01 3.777965646808324474e-01
-1.607476644421113265e+00 6.153143322786289726e-01 3.778500646388384121e-01
-1.607565956800103946e+00 6.154836674476701353e-01 3.780827392959215105e-01
-1.607655025412348282e+00 6.155803443890167648e-01 3.783274071602253930e-01
-1.607785017297458374e+00 6.156562198275116193e-01 3.787720023973704109e-01
-1.607906619786108493e+00 6.156717379990381822e-01 3.790495198685799316e-01
-1.608210808445782236e+00 6.156577806410811204e-01 3.799807786474352911e-01
-1.608282991345300283e+00 6.156075731269069484e-01 3.805985820787800566e-01
-1.608356867654372246e+00 6.153579723336489726e-01 3.821467835381973099e-01
-1.608448125459931433e+00 6.153016975283039924e-01 3.827939539924097856e-01
-1.608632589364394017e+00 6.153142781705130959e-01 3.840441416237174721e-01
-1.608620321913750040e+00 6.150989837760258983e-01 3.853834789438153052e-01
-1.608494348809104579e+00 6.148828495691631701e-01 3.863752722024411668e-01
-1.608410052103194765e+00 6.148358713869183090e-01 3.868917125627545639e-01
-1.608327908341974144e+00 6.146898474218147612e-01 3.874472531153245747e-01
-1.608040947044194979e+00 6.143275120690282476e-01 3.885635608362528748e-01
-1.607592854004548100e+00 6.140422962994115386e-01 3.896671545640547629e-01
-1.607365939749381356e+00 6.139594755045097996e-01 3.901933216728277198e-01
-1.606795372267570299e+00 6.135066745430572954e-01 3.912141206838902763e-01
-1.606439467392607900e+00 6.132432101955194170e-01 3.916872257495952470e-01
-1.605731936225301526e+00 6.128875826224057244e-01 3.926203596427556564e-01
-1.604846747919249195e+00 6.124389962396542542e-01 3.933864974864965669e-01
-1.603756595795471362e+00 6.118959610696780294e-01 3.940836886846570408e-01
-1.603195134458645699e+00 6.116057408914882254e-01 3.944557127902381666e-01
-1.602008252739524741e+00 6.111006847259811137e-01 3.951204943172719197e-01
-1.601364724488068214e+00 6.108394679213816625e-01 3.953832824505260080e-01
-1.599979524758658123e+00 6.102640152660172568e-01 3.960042512458377129e-01
-1.598441389426263903e+00 6.097549013851787381e-01 3.963920450751680091e-01
-1.598441389426263903e+00 6.097549013851787381e-01 3.963920450751680091e-01
-1.596923814504894290e+00 6.094382395094412042e-01 3.968740509226812430e-01
-1.594534928257568707e+00 6.087937418267794776e-01 3.977638681879157589e-01
-1.593818497491856556e+00 6.083516848505364782e-01 3.983387276948870959e-01
-1.592045841220851576e+00 6.075340266436758396e-01 3.985433577897136148e-01
-1.591043931694145153e+00 6.073351183408832732e-01 3.983844546756508676e-01
-1.589113908702123323e+00 6.070065701994932228e-01 3.987903759390066805e-01
-1.588100994106369290e+00 6.068449614052001673e-01 3.989987723997806546e-01
-1.585907768445659061e+00 6.068220438142382100e-01 3.993340278329532422e-01
-1.584765597635761303e+00 6.069748567181743049e-01 3.996531583004127031e-01
-1.582663490499652381e+00 6.067275092118382673e-01 4.004726172090107283e-01
-1.581513486762876175e+00 6.064840096569454886e-01 4.005297317818315994e-01
-1.578889352329913676e+00 6.062761223622387119e-01 4.002304146088403458e-01
-1.576334741320161825e+00 6.046833677153004016e-01 4.002013507565784778e-01
-1.573742116890189946e+00 6.038836879541156222e-01 4.003353752422516010e-01
-1.572477073729084296e+00 6.036498519723094702e-01 4.005348745386819731e-01
-1.570232008480156649e+00 6.043070677970364679e-01 4.015013683644634845e-01
-1.569055907136740702e+00 6.047932330166484460e-01 4.020000944111257191e-01
-1.566326898892201447e+00 6.046357230884188416e-01 4.024273738593445726e-01
-1.564969601905631835e+00 6.046197939694909484e-01 4.027001813884992787e-01
-1.562081678741487289e+00 6.044665386125246398e-01 4.031615766219019958e-01
-1.559068839384980310e+00 6.043921902842674942e-01 4.036017794304954664e-01
-1.557566950858251031e+00 6.044201191922962124e-01 4.038647794166206895e-01
-1.554486023948329132e+00 6.044743968575302384e-01 4.044244389037415788e-01
-1.551256271841858547e+00 6.043679207352650185e-01 4.047782628046948661e-01
-1.549693040334852112e+00 6.044423105752658731e-01 4.050543721246447904e-01
-1.546572164364335977e+00 6.046470738207704310e-01 4.058234755486213041e-01
-1.544889656471030825e+00 6.045931923724722212e-01 4.060183152855721955e-01
-1.541348729372285176e+00 6.040811527476339649e-01 4.058730557070989731e-01
-1.539528750342719077e+00 6.038302880645621817e-01 4.057193975861759228e-01
-1.535872030309818115e+00 6.035301460727254819e-01 4.057583770572938953e-01
-1.534102992721031677e+00 6.035766580513857171e-01 4.061135934354883625e-01
-1.530486792831736054e+00 6.037908808763332580e-01 4.066900106174006213e-01
-1.526831204150157051e+00 6.040128080491955487e-01 4.072216076653775163e-01
-1.523130981428216346e+00 6.042162486223748852e-01 4.077567951738980678e-01
-1.521265031999650574e+00 6.043435479099154017e-01 4.080534041002553680e-01
-1.519251557286760645e+00 6.044309424810850873e-01 4.084066341946513967e-01
-1.515368546169892916e+00 6.047140871867520140e-01 4.090911685940585851e-01
-1.511573013368602725e+00 6.052364189981989107e-01 4.098935558147481784e-01
-1.509569917003579453e+00 6.055329379466426465e-01 4.103044260527664022e-01
-1.505490936736315843e+00 6.061857096832624636e-01 4.109871673934367697e-01
-1.503511551063023921e+00 6.066494989073322186e-01 4.113827256410662603e-01
-1.499442137096088201e+00 6.073417866508060703e-01 4.122329573206028330e-01
-1.495235349494533184e+00 6.080504907013249971e-01 4.129349575355104607e-01
-1.491032054956995090e+00 6.088456511597734044e-01 4.135983991323163300e-01
-1.488875255154472166e+00 6.091265894968996841e-01 4.139011387299503797e-01
-1.486632307226330996e+00 6.095718874431608203e-01 4.140036787476918390e-01
-1.482158765613381890e+00 6.101517107236815729e-01 4.142510854634661177e-01
-1.477629078351988978e+00 6.106989914768500283e-01 4.144515464281125494e-01
-1.472970534034017787e+00 6.113266672456679762e-01 4.146539686318083673e-01
-1.470617592619533953e+00 6.114180834510930529e-01 4.146029989092026025e-01
-1.468185191066137874e+00 6.116216345867444559e-01 4.145567323950271055e-01
-1.463347151587017114e+00 6.122409512158270006e-01 4.145782760427862979e-01
-1.460892811157551430e+00 6.124126274746839460e-01 4.145876411177559229e-01
-1.453502368152444602e+00 6.131809290039870186e-01 4.144443727608899675e-01
-1.451097447215669467e+00 6.135489125102143726e-01 4.145010783713705127e-01
-1.446159146081208435e+00 6.141215092150300592e-01 4.143581331036066961e-01
-1.443630657340281287e+00 6.142354293519757258e-01 4.142449447895604209e-01
-1.438638188584174138e+00 6.141651029530439398e-01 4.139607389419867056e-01
-1.436153642480035630e+00 6.139813806752615344e-01 4.139387288448014290e-01
-1.431441327631864047e+00 6.137394493243010229e-01 4.143767923466668002e-01
-1.429209852450727070e+00 6.137069867245710242e-01 4.147426143269927756e-01
-1.424761264265877569e+00 6.135116515903971113e-01 4.155765616316943190e-01
-1.420669997787100458e+00 6.139707403890835025e-01 4.172478157372137009e-01
-1.416549720192874728e+00 6.143021875848019286e-01 4.184280260214048308e-01
-1.414468213476729685e+00 6.144511568381441080e-01 4.187641549922220818e-01
-1.410273644764451717e+00 6.149152172026517427e-01 4.194182542167206318e-01
-1.408165019620174263e+00 6.152332757674452424e-01 4.197971425980508986e-01
-1.403861570210047427e+00 6.159720862371574901e-01 4.203824874669231937e-01
-1.401654417094759131e+00 6.162681899939304042e-01 4.206120618855782034e-01
-1.399512807601593911e+00 6.165950192769596994e-01 4.209157946301669284e-01
-1.397374945541378866e+00 6.169030133067628929e-01 4.211739891895158738e-01
-1.390807419989377847e+00 6.177465433903143177e-01 4.219506166823987492e-01
-1.386415367621220307e+00 6.180927107939401255e-01 4.223707345542692115e-01
-1.381946762754758140e+00 6.183504540597363208e-01 4.226076432049835629e-01
-1.379728886567319845e+00 6.184428826589652983e-01 4.227320215098395728e-01
-1.375319353330515026e+00 6.186948804526727352e-01 4.229500404918506984e-01
-1.370599441431176402e+00 6.183435814811417686e-01 4.222876802432575793e-01
-1.368375509620665342e+00 6.184610469916571596e-01 4.222761668253564027e-01
-1.366123027595434580e+00 6.185238739686009790e-01 4.222499578709542067e-01
-1.363835245797386131e+00 6.185708765474944304e-01 4.221289849906408875e-01
-1.356881510925219247e+00 6.182581918313881930e-01 4.213685247813564461e-01
-1.352428760658751061e+00 6.184038923720170944e-01 4.211565611963905553e-01
-1.350190689025412949e+00 6.185338277567454801e-01 4.210706796526901829e-01
-1.345484206855924292e+00 6.186679869819901034e-01 4.206546885932315183e-01
-1.343141998022228334e+00 6.187556346073163072e-01 4.204219308855667858e-01
-1.338490388028330313e+00 6.190912627859983530e-01 4.199840302795965208e-01
-1.336163009751184516e+00 6.192100952926815616e-01 4.196068089863409512e-01
-1.331406451408115421e+00 6.195439168531170493e-01 4.188304040863235489e-01
-1.328996051355509245e+00 6.198621876941711184e-01 4.185564184885873784e-01
-1.324169692631332440e+00 6.202908499235457729e-01 4.178478159046802309e-01
-1.321711914466007665e+00 6.205577856278913229e-01 4.174181406185240029e-01
-1.316808729896974173e+00 6.211998393980476818e-01 4.164487278954157601e-01
-1.311853644989844581e+00 6.218185090008198079e-01 4.154690541691357097e-01
-1.306808379931743147e+00 6.228094677611603069e-01 4.147717690651391287e-01
-1.304359026596962678e+00 6.234150647995416739e-01 4.144808518654458096e-01
-1.299648078812815521e+00 6.246177262034783295e-01 4.141552970441240156e-01
-1.297370534713771173e+00 6.252933990126905428e-01 4.141492208405296305e-01
-1.292777384137345109e+00 6.264533823562149495e-01 4.141921505119940949e-01
-1.290521226481083916e+00 6.268911788052820011e-01 4.143377219113116849e-01
-1.285933379393504383e+00 6.276107478963423025e-01 4.149246696353816599e-01
-1.283558173741822017e+00 6.277571012884836099e-01 4.151418595635010256e-01
-1.278872941304119548e+00 6.279236881726061315e-01 4.157831091306739557e-01
-1.274245267394193970e+00 6.279540786153886556e-01 4.167102321235702789e-01
-1.269522660094952959e+00 6.280074945396963981e-01 4.175665582361844930e-01
-1.267121368237354551e+00 6.280268330514543473e-01 4.180346430264521018e-01
-1.262342251744470678e+00 6.280274412464272871e-01 4.187370578109157471e-01
-1.259958247549118893e+00 6.281104825781773648e-01 4.190290903634825703e-01
-1.255193505412461219e+00 6.284371002222460811e-01 4.196535904858700317e-01
-1.252808807486581300e+00 6.285492128465647310e-01 4.198973475937403110e-01
-1.248085026645614493e+00 6.287866308236432777e-01 4.203313690071742714e-01
-1.245770470634819382e+00 6.290019818793527451e-01 4.205915194959322090e-01
-1.241062334474427153e+00 6.294072975423851135e-01 4.209476276591996857e-01
-1.236260174430364511e+00 6.296762087501405203e-01 4.210098667253988625e-01
-1.231561191640078379e+00 6.300654944563081061e-01 4.211135170782951409e-01
-1.229163146418298602e+00 6.302478923610501660e-01 4.211047558048419681e-01
-1.224452981202646784e+00 6.306326397474348866e-01 4.211231776544580585e-01
-1.222100909309178141e+00 6.308608454112217823e-01 4.211754914188865495e-01
-1.217408951462688238e+00 6.313019006070049732e-01 4.210631452933705221e-01
-1.215060030750810149e+00 6.314699101247217561e-01 4.209897138375756631e-01
-1.210313356250108496e+00 6.317199124658927634e-01 4.208878376631129958e-01
-1.207920652120770155e+00 6.317830115963026794e-01 4.207478544126134201e-01
-1.200895792494421022e+00 6.321131551759905376e-01 4.203287739382934873e-01
-1.198510286727365592e+00 6.322641979327149331e-01 4.201399193545150013e-01
-1.193703956137564859e+00 6.323491664213688468e-01 4.197606771656408053e-01
-1.191294612693835520e+00 6.323901314843007881e-01 4.196001552982437932e-01
-1.186649769847605063e+00 6.325424641687161786e-01 4.193894712634808064e-01
-1.184277927963456767e+00 6.325839702953955923e-01 4.192071159893887566e-01
-1.179328693566541020e+00 6.325927930313204328e-01 4.187189750230697616e-01
-1.176867911259052768e+00 6.325763726419149080e-01 4.185389637291716536e-01
-1.172058544472568853e+00 6.325899159691664719e-01 4.182668782002144647e-01
-1.169608912390731836e+00 6.325788720811104104e-01 4.180796197077973897e-01
-1.164731618552968362e+00 6.325800070116304186e-01 4.176991241069112348e-01
-1.159910658679176754e+00 6.326260728929035126e-01 4.174415242713854779e-01
-1.154978168290215379e+00 6.325521451519672267e-01 4.169816625352569250e-01
-1.152545594670534301e+00 6.326240158244528233e-01 4.168271229103911457e-01
-1.147657217378177608e+00 6.326232692840804139e-01 4.164335978205571109e-01
-1.145218120849949672e+00 6.326648912548531456e-01 4.162959790729454657e-01
-1.140334790216788408e+00 6.326725921767916150e-01 4.161502594265601429e-01
-1.137884973115356635e+00 6.326624955759072577e-01 4.160030275636746877e-01
-1.133029428042950260e+00 6.325778194843244551e-01 4.156822684922774069e-01
-1.130619357730651808e+00 6.324296471850872070e-01 4.155643710880900787e-01
-1.123362878843769286e+00 6.320215354612149783e-01 4.154433124589917981e-01
-1.120925078635176542e+00 6.319288415980377493e-01 4.154793109982489741e-01
-1.116023438973316351e+00 6.319013752915444426e-01 4.156346281363999529e-01
-1.113563233835482391e+00 6.319427294205949286e-01 4.157596435179724548e-01
-1.108640443193069425e+00 6.322013996687817494e-01 4.162202952262148425e-01
-1.106057341214576439e+00 6.322177214309386839e-01 4.163276705457172877e-01
-1.103442678854824388e+00 6.321741060677045221e-01 4.164081232356483531e-01
-1.098387725366324341e+00 6.322408865329496308e-01 4.167610058669262152e-01
-1.095873157662018871e+00 6.322701989262444755e-01 4.169581132556419156e-01
-1.090812257769941729e+00 6.321582117180387650e-01 4.171330322056415740e-01
-1.085722215050632711e+00 6.319795532563649010e-01 4.173177202544096076e-01
-1.080758206287421253e+00 6.319114807389060173e-01 4.176110103912606952e-01
-1.075700543680552679e+00 6.318154009122812775e-01 4.176103617248116961e-01
-1.073166675320195607e+00 6.316899396998928440e-01 4.175233383005256815e-01
-1.068180060905223439e+00 6.313717404932538413e-01 4.172281249050756591e-01
-1.065709531871462667e+00 6.312753295858071212e-01 4.172102721024315564e-01
-1.060715359834801363e+00 6.311073600281847940e-01 4.170983461509913948e-01
-1.058242294602541378e+00 6.310081458219016781e-01 4.169844184362107020e-01
-1.055736274097159866e+00 6.308927961558032926e-01 4.168426216335967549e-01
-1.048137949172010641e+00 6.306814185231278680e-01 4.161653724280321986e-01
-1.045632183543336424e+00 6.306705390779048237e-01 4.159790002697086875e-01
-1.043086368996600344e+00 6.306401298911993303e-01 4.156412667203644995e-01
-1.037999018159180276e+00 6.304639107795467767e-01 4.148601416530486308e-01
-1.032907942281134916e+00 6.303472502423839163e-01 4.141013950700576096e-01
-1.027785509225527472e+00 6.302915936682854658e-01 4.132154355797058587e-01
-1.025219162165757814e+00 6.302905885946129549e-01 4.127167636247761617e-01
-1.019963056829598091e+00 6.302470856153711276e-01 4.116199723135619548e-01
-1.017351608677664165e+00 6.302649492979832679e-01 4.111253346863790181e-01
-1.012266991577325692e+00 6.303343487371382281e-01 4.102420037972548394e-01
-1.009726029936979463e+00 6.303616602076258513e-01 4.097131060305686523e-01
-1.004163010778974519e+00 6.303161665345146103e-01 4.081574960859792878e-01
-9.986310898378326639e-01 6.303921768027470618e-01 4.067547670733122622e-01
-9.936557491086279725e-01 6.307132596163208538e-01 4.059556231219717537e-01
-9.911381970867984004e-01 6.309289423650041861e-01 4.056355377557413489e-01
-9.859966706761292832e-01 6.313934889126421313e-01 4.049855347345644452e-01
-9.838302143623444129e-01 6.316843049829389267e-01 4.051688795744694538e-01
-9.793325949853436407e-01 6.321690742756490566e-01 4.052781279323892649e-01
-9.768402216895634149e-01 6.323379306871093064e-01 4.051395650744945565e-01
-9.719321862785560429e-01 6.323859114298243655e-01 4.051047002291601196e-01
-9.694845643391625245e-01 6.322727008524477998e-01 4.051849741062206745e-01
-9.646046997943814594e-01 6.319610354941048724e-01 4.058420934019614235e-01
-9.596929752164058414e-01 6.315593377155905852e-01 4.067729248791605023e-01
-9.572974322500339417e-01 6.313522266566393704e-01 4.072380810432875142e-01
-9.523290471375508437e-01 6.310327472484986711e-01 4.079280357864837336e-01
-9.471111690746408796e-01 6.306957100980686848e-01 4.083966455886495206e-01
-9.447066461515536417e-01 6.306216192963121081e-01 4.088859406406429864e-01
-9.398487734691435280e-01 6.305862007641598321e-01 4.097008104030936959e-01
-9.349554810024515161e-01 6.306751255115338184e-01 4.101890122186079291e-01
-9.325672522865663394e-01 6.307506531426895213e-01 4.105749542057379742e-01
-9.302241047348006608e-01 6.308467072984199620e-01 4.109387521124204801e-01
-9.278496068273381914e-01 6.309030891080199543e-01 4.111919455540108403e-01
-9.210045553215661096e-01 6.311361368719635712e-01 4.119034285818122809e-01
-9.160328388233877073e-01 6.311636992635721866e-01 4.119814226903181220e-01
-9.137283517519936282e-01 6.312433066688228900e-01 4.122284939187282893e-01
-9.090402892447645433e-01 6.312268172679077471e-01 4.123951348195543654e-01
-9.067482733047670385e-01 6.311656566752640307e-01 4.124844093947734880e-01
-9.024498769534409215e-01 6.311464991225769205e-01 4.130393910338494567e-01
-9.002716186310627533e-01 6.311624164937185144e-01 4.132462142733775989e-01
-8.955388862970344865e-01 6.310875182095961877e-01 4.131870120632979981e-01
-8.932163449015130263e-01 6.311081159599122303e-01 4.133276344162393201e-01
-8.883703708832513257e-01 6.309488330053706351e-01 4.132543776516425238e-01
-8.835241755520705231e-01 6.306835057568849212e-01 4.129455134774132619e-01
-8.811467742862356678e-01 6.305749353704802607e-01 4.128410791532068913e-01
-8.764467617106387332e-01 6.303314141968094919e-01 4.127101617212814988e-01
-8.717538933701410864e-01 6.301330700476214242e-01 4.126424402025404836e-01
-8.693758167084565391e-01 6.300293032111926594e-01 4.125395263805161639e-01
-8.646604217325846164e-01 6.297504861895196759e-01 4.124069679897548468e-01
-8.622467839635672426e-01 6.296409262117971251e-01 4.121874298859206087e-01
-8.573869769301580845e-01 6.295048111248774392e-01 4.117571773103793076e-01
-8.549678491422624260e-01 6.294109570459317515e-01 4.115969273061864664e-01
-8.501578180019415676e-01 6.292608206260407178e-01 4.113594626725102232e-01
-8.454712233125839527e-01 6.291408246743658284e-01 4.111882444255935409e-01
-8.405732130460806806e-01 6.289745168616215354e-01 4.107785572215816305e-01
-8.380981478771993842e-01 6.288953032561419576e-01 4.105292976711875097e-01
-8.329441218901391109e-01 6.286736193636857095e-01 4.098311164704738774e-01
-8.279046223144258532e-01 6.285156321937047652e-01 4.092821159009435439e-01
-8.253545850106918103e-01 6.284281007915809569e-01 4.088997912987901717e-01
-8.229918856155035156e-01 6.284386939841021258e-01 4.088322340546145517e-01
-8.181901409191492114e-01 6.283649250142627762e-01 4.086180635613300138e-01
-8.155587912050302757e-01 6.282285955566323521e-01 4.081977196776054306e-01
-8.104243892809145366e-01 6.280258657040317383e-01 4.077779463591422182e-01
-8.053483120131561535e-01 6.277110922346036403e-01 4.074612923812014342e-01
-8.027761436060044664e-01 6.275004001629538308e-01 4.072850372371631389e-01
-7.977715732618753108e-01 6.270459461354506159e-01 4.074315887096907618e-01
-7.929007294666529093e-01 6.265444832820464827e-01 4.077507676287700500e-01
-7.904623900024742023e-01 6.262726542000939256e-01 4.079008607236670469e-01
-7.855970222047652385e-01 6.258159419830673365e-01 4.083060360140856604e-01
-7.831554466649830459e-01 6.256719555861472992e-01 4.085500278974788513e-01
-7.806556787284290033e-01 6.255477960517530356e-01 4.087752466694136722e-01
-7.755919261463214420e-01 6.253807980835295321e-01 4.093009309484804126e-01
-7.705230903573302426e-01 6.252984727507923113e-01 4.099242362484593061e-01
-7.679634849916944228e-01 6.252297507535636845e-01 4.102057989144846095e-01
-7.603732001134519969e-01 6.248648152444059578e-01 4.109535687318285335e-01
-7.578647917755444441e-01 6.246956481083485446e-01 4.112059000865312397e-01
-7.528416021134347602e-01 6.242812097161730689e-01 4.115884389023678480e-01
-7.503427833375004852e-01 6.240709861971135419e-01 4.117438570291700461e-01
-7.453845824418602328e-01 6.236350400842791686e-01 4.120540458006657358e-01
-7.429336038213935067e-01 6.234001130243211897e-01 4.121984288889698478e-01
-7.404683509334931690e-01 6.231983284863878980e-01 4.123133241282167516e-01
-7.355294319870774311e-01 6.227853082062525525e-01 4.124797778840775253e-01
-7.281184352054297371e-01 6.222468738377248121e-01 4.126067479752950629e-01
-7.281184352054297371e-01 6.222468738377248121e-01 4.126067479752950629e-01
-7.207233654783783416e-01 6.217284680560138943e-01 4.126876128984029446e-01
-7.182404700740203651e-01 6.215863106295079765e-01 4.126518013156507125e-01
-7.133554615686500400e-01 6.212502898889489256e-01 4.126065157980410847e-01
-7.109196788902684139e-01 6.210816972529467073e-01 4.125685090176151038e-01
-7.060067078120795259e-01 6.207958437893954518e-01 4.123742552192619648e-01
-7.011159225889431745e-01 6.204803665712738114e-01 4.121078409622779271e-01
-6.986883428519213846e-01 6.203152491973692451e-01 4.119903638545759916e-01
-6.962498028787340587e-01 6.201259847748894494e-01 4.118469968483061683e-01
-6.913573293026242794e-01 6.197945097645277679e-01 4.115121912975948648e-01
-6.864479653276651661e-01 6.194615017502808074e-01 4.111316626668882757e-01
-6.814913389381298536e-01 6.191113926469272721e-01 4.106357308079339186e-01
-6.790351003239915029e-01 6.189421828715554463e-01 4.104054314165319628e-01
-6.740946400438513342e-01 6.186378868689706989e-01 4.098957897729277322e-01
-6.715826079929084758e-01 6.184908547577260274e-01 4.095741552835737709e-01
-6.666387110761107238e-01 6.181832763395248564e-01 4.089325669408101493e-01
-6.641202999945323704e-01 6.180212389738226619e-01 4.085711765943480511e-01
-6.590321974902869639e-01 6.177194414577253934e-01 4.078050310284101476e-01
-6.564784710166048365e-01 6.175657466653544647e-01 4.073929852036192178e-01
-6.487646799095155847e-01 6.171234776606188133e-01 4.061122117407839349e-01
-6.461700581528536658e-01 6.169492992282098465e-01 4.056805770632986308e-01
-6.408722112889529976e-01 6.166009513442912704e-01 4.047606297309753742e-01
-6.382150496295683206e-01 6.164284841531694203e-01 4.042612036247922314e-01
-6.329268356800442641e-01 6.160875985002548516e-01 4.032895224584642779e-01
-6.303090159417740201e-01 6.159841328528747884e-01 4.028962856485217570e-01
-6.252301629226321156e-01 6.158969639191811396e-01 4.023808243459178202e-01
-6.227445086316297784e-01 6.159183185752625800e-01 4.022406310964596887e-01
-6.178671750822454234e-01 6.160256395184763312e-01 4.022056802761743155e-01
-6.155424804837875685e-01 6.160950140616913151e-01 4.023523239350520475e-01
-6.108473204561738479e-01 6.161765724290034774e-01 4.026773890107085974e-01
-6.084447267395801662e-01 6.161842239556841738e-01 4.028095867066585622e-01
-6.036818432013647540e-01 6.161020677328182815e-01 4.031283848438210748e-01
-5.988377648594167546e-01 6.159159600727504014e-01 4.034419482256020872e-01
-5.939501111668534783e-01 6.156371333630352716e-01 4.037605487814738270e-01
-5.914781800563917447e-01 6.155089334884347174e-01 4.038886921579943889e-01
-5.864810864422814740e-01 6.152534469370906089e-01 4.041127333189382664e-01
-5.839655181096666814e-01 6.151224685167947515e-01 4.042177557378737740e-01
-5.788518131769637698e-01 6.148335777389449808e-01 4.044727309633829870e-01
-5.762467206663642871e-01 6.146798925497672927e-01 4.046239891340145389e-01
-5.710036973239766001e-01 6.143733408992438916e-01 4.049098570183323753e-01
-5.657143185737428803e-01 6.140912657955940324e-01 4.051867881581233677e-01
-5.605057528999303207e-01 6.139707794043891553e-01 4.055743757960003082e-01
-5.579353363189679671e-01 6.139742207180046707e-01 4.058243857250921627e-01
-5.527990652954439810e-01 6.140547401876917943e-01 4.062435442128154994e-01
-5.502483072448315360e-01 6.141042933642696378e-01 4.064278626714248333e-01
-5.477288611351195380e-01 6.141973700057259400e-01 4.066740897576752722e-01
-5.427699309554910867e-01 6.144578215728140336e-01 4.069254442318234188e-01
-5.378169167977069343e-01 6.146915947326013763e-01 4.071258065946824489e-01
-5.329927375225235187e-01 6.148640073159287178e-01 4.074359852700611961e-01
-5.305520278574018533e-01 6.149220486175375200e-01 4.075011503304742932e-01
-5.257256012930101585e-01 6.150557134654935920e-01 4.076125535544249390e-01
-5.208973344235192648e-01 6.151644650861599617e-01 4.076369389014359301e-01
-5.184383483214022315e-01 6.151965895779637483e-01 4.075961267807998167e-01
-5.136177095762857192e-01 6.152614159567425522e-01 4.075036774896553249e-01
-5.112761475881174578e-01 6.152729408563758495e-01 4.075205853959583679e-01
-5.064592809811524488e-01 6.153152818128267976e-01 4.074035103862262419e-01
-5.040133325080039528e-01 6.153446809047692367e-01 4.072564849866776582e-01
-4.992127932566281512e-01 6.153720678940439726e-01 4.069275800972417256e-01
-4.943969917099675371e-01 6.154009840788915442e-01 4.065923478521954459e-01
-4.920045467386710558e-01 6.154135147901892422e-01 4.065124863521729637e-01
-4.871920846072103628e-01 6.154490251620563512e-01 4.061605646836116135e-01
-4.823532800839274159e-01 6.154751513464091772e-01 4.058057635922317496e-01
-4.799416284710285585e-01 6.154759073291025118e-01 4.056267424933918120e-01
-4.750543809953264307e-01 6.155304588775234453e-01 4.050710674835801273e-01
-4.725811224538695732e-01 6.155527580639931218e-01 4.048016344159758306e-01
-4.676254211954051221e-01 6.156100482459772039e-01 4.041605103404427579e-01
-4.651648242182536142e-01 6.156397624251003231e-01 4.038691574574512222e-01
-4.602423823407308379e-01 6.156727131118863161e-01 4.034122054551881886e-01
-4.577278169531660001e-01 6.157098070241028287e-01 4.030842433177805884e-01
-4.526661843268434127e-01 6.157704594644745066e-01 4.024301168623091174e-01
-4.501194188106272254e-01 6.157742320668998515e-01 4.020686734772261905e-01
-4.425513911340820949e-01 6.159672898374629613e-01 4.011195672742466911e-01
-4.373323008051567817e-01 6.161598350134903646e-01 4.003887136304221661e-01
-4.373323008051567817e-01 6.161598350134903646e-01 4.003887136304221661e-01
-4.320837131110918938e-01 6.163558380402260894e-01 3.997075408160251087e-01
-4.268371285909726143e-01 6.165156263620854560e-01 3.990143234920208171e-01
-4.242142543717841718e-01 6.165860734856020153e-01 3.987841841489808692e-01
-4.216178113726815613e-01 6.166215043645706384e-01 3.985351820592418770e-01
-4.139811660630498547e-01 6.164977124408116405e-01 3.982522701077060301e-01
-4.115051042068532117e-01 6.164423195664689992e-01 3.982648395201776603e-01
-4.066173103795118204e-01 6.163343600840405223e-01 3.984948486985251392e-01
-4.017365017912248315e-01 6.161990942957976669e-01 3.988333906420452601e-01
-3.993044013374533185e-01 6.161431390374202399e-01 3.990464052084364832e-01
-3.944669319360021298e-01 6.160459662051582796e-01 3.995449164658322339e-01
-3.920466074212001772e-01 6.160058423685136342e-01 3.997952839971945505e-01
-3.872611147136581500e-01 6.159180741977824391e-01 4.004123795226703919e-01
-3.824362241180883082e-01 6.158041046675833963e-01 4.011320642918358992e-01
-3.799761955074825170e-01 6.157683316587790889e-01 4.014367497805091389e-01
-3.775110695843172937e-01 6.157826327612062611e-01 4.017747162581971621e-01
-3.725313313394496006e-01 6.159163976244338423e-01 4.024462172746903210e-01
-3.674450903172117866e-01 6.160769877250461546e-01 4.031203027095354718e-01
-3.623329782629272078e-01 6.161652067826572932e-01 4.038320639488724995e-01
-3.597795180422957428e-01 6.161874768627092491e-01 4.041471164131308358e-01
-3.572366351178380417e-01 6.161783231279326367e-01 4.044277686378409120e-01
-3.521784454655527696e-01 6.160612700764086513e-01 4.049611061080987673e-01
-3.471338243215142394e-01 6.158189610086083343e-01 4.054771102998634413e-01
-3.446110785080898076e-01 6.156525469618459034e-01 4.056816616292062694e-01
-3.395894777860842262e-01 6.153087511276362775e-01 4.060149162586500493e-01
-3.370955996316696290e-01 6.151426560112612796e-01 4.061360177860916520e-01
-3.296115996618285693e-01 6.146742407991879764e-01 4.064302852432759572e-01
-3.271477808729110759e-01 6.145423063759557492e-01 4.065229680889231867e-01
-3.246641511921419254e-01 6.143945780777254617e-01 4.065572007812942035e-01
-3.197167073205890997e-01 6.141247361738967347e-01 4.066120594946234235e-01
-3.147773220253515802e-01 6.138363568381999258e-01 4.066461314674189031e-01
-3.123163443449046839e-01 6.137023648731035896e-01 4.066366231301944412e-01
-3.074032045899701693e-01 6.134421678936551325e-01 4.065510761922878080e-01
-3.049646358142272251e-01 6.133310620714276240e-01 4.064858405154909704e-01
-3.000521129113021268e-01 6.130927890303446981e-01 4.062989652330171175e-01
-2.975811161846946828e-01 6.129640402712437375e-01 4.061730825914050547e-01
-2.902013449500340236e-01 6.126215807167824101e-01 4.056477362831333311e-01
-2.877197010231257734e-01 6.125193666439704421e-01 4.054352515825400127e-01
-2.827562863653807490e-01 6.123424948215340224e-01 4.049628541808029114e-01
-2.802825530849585856e-01 6.122392745796000346e-01 4.046890220582266551e-01
-2.753504949281390668e-01 6.120478393134601847e-01 4.040095229240002750e-01
-2.703275476598969718e-01 6.118543240443815590e-01 4.032877944349720911e-01
-2.678068694507959036e-01 6.117577163513826521e-01 4.029008742244191144e-01
-2.652779233749253396e-01 6.116652282109332761e-01 4.024397126472907260e-01
-2.602344223154833269e-01 6.114364266607856813e-01 4.016314486537106987e-01
-2.576954711984660862e-01 6.112881517727264402e-01 4.012750798980903033e-01
-2.525644571803360439e-01 6.109997729635234798e-01 4.003668084177601783e-01
-2.473867994968873274e-01 6.106900005569665391e-01 3.993952711484677343e-01
-2.421288260180443075e-01 6.103638747581903168e-01 3.982975154420702601e-01
-2.394872190149666125e-01 6.101924381176302425e-01 3.977493102171602013e-01
-2.341854975429578101e-01 6.098168580457784538e-01 3.966853806149069905e-01
-2.315395784122017686e-01 6.096592879823988786e-01 3.962046388220777926e-01
-2.264382664159367842e-01 6.095099300431418010e-01 3.955687030043044672e-01
-2.239468879887652752e-01 6.095002020611025584e-01 3.953634595385411288e-01
-2.166866031419997229e-01 6.097086654697184693e-01 3.953376596041138225e-01
-2.166866031419997229e-01 6.097086654697184693e-01 3.953376596041138225e-01
-2.096062862586592912e-01 6.098696912988593732e-01 3.956903734492920321e-01
-2.072432477211552104e-01 6.098565167697485023e-01 3.958409084545609913e-01
-2.024899328676672827e-01 6.097314987140166620e-01 3.961402171270361761e-01
-2.000730467749179675e-01 6.096160892180353397e-01 3.962639325017840441e-01
-1.976389261808559061e-01 6.094632316024827245e-01 3.963912858301218423e-01
-1.927167979197950132e-01 6.090976888465066130e-01 3.966833414670762892e-01
-1.877160573556204692e-01 6.086979306293897052e-01 3.968444741884640248e-01
-1.851777783872773642e-01 6.084972565204318506e-01 3.968911361580335084e-01
-1.851777783872773642e-01 6.084972565204318506e-01 3.968911361580335084e-01
-1.851777783872773642e-01 6.084972565204318506e-01 3.968911361580335084e-01
-1.740196711796505313e-01 6.078188854590119705e-01 3.970189719717955867e-01
-1.671021349323058847e-01 6.074673741163238994e-01 3.971188486118116812e-01
-1.618154762469925789e-01 6.072340970706396890e-01 3.972879938941084044e-01
-1.591770042047695732e-01 6.072066005936229693e-01 3.974092012373376948e-01
-1.539707704266011501e-01 6.072865757116449048e-01 3.977164440385571043e-01
-1.514170449441516186e-01 6.073823024950172345e-01 3.978630027045753081e-01
-1.463441572259221446e-01 6.076620232667125920e-01 3.981391077070447482e-01
-1.438308785094533360e-01 6.078181156934309159e-01 3.982689482703821726e-01
-1.389224363167192167e-01 6.081799246327381780e-01 3.985578121741115698e-01
-1.365198142270893367e-01 6.083821008411725018e-01 3.987086873037869461e-01
-1.317169060876293984e-01 6.087769873651053265e-01 3.990334406315952931e-01
-1.269700126295472964e-01 6.090751018510170978e-01 3.992412854380354981e-01
-1.222493468904851666e-01 6.092569078769617397e-01 3.994020508032127825e-01
-1.199035839426034200e-01 6.093196639918508906e-01 3.994737205743316144e-01
-1.152122927578347750e-01 6.093833662370830018e-01 3.995952285162617246e-01
-1.128805013410849462e-01 6.093909020762803275e-01 3.996041304584896370e-01
-1.081718126371794958e-01 6.093926811927076193e-01 3.995697999981553394e-01
-1.058112505430764960e-01 6.093992660999253408e-01 3.995297808029202313e-01
-1.011331284131060243e-01 6.094333437257238861e-01 3.993807924795039765e-01
-9.877870726921851585e-02 6.094486057342765051e-01 3.992901003169652130e-01
-9.168726904327505201e-02 6.095036615400517555e-01 3.989343424893360135e-01
-8.934411383375161220e-02 6.095469709640620737e-01 3.987845385441710633e-01
-8.462667757675029767e-02 6.096117213954318492e-01 3.984267180704030853e-01
-8.222630860433209621e-02 6.096386215251262675e-01 3.982298241178852116e-01
-7.744696390409216979e-02 6.097191834542076139e-01 3.977844912855009740e-01
-7.504935876955264040e-02 6.097755408836579294e-01 3.975309081195353977e-01
-7.022446392517218972e-02 6.098668179947309698e-01 3.970183973761233220e-01
-6.783276680205850562e-02 6.099083366521077521e-01 3.967466242737790472e-01
-6.295884855907661615e-02 6.100241766692980905e-01 3.962409662275431232e-01
-6.049398888359550086e-02 6.100774253085773369e-01 3.959723836922975915e-01
-5.558106364772304880e-02 6.101804728146597023e-01 3.953585548519491510e-01
-5.060416522582374815e-02 6.102810911976973562e-01 3.947820090948240823e-01
-4.560984541096262807e-02 6.104322302090103847e-01 3.941488891754264534e-01
-4.307693384158267635e-02 6.105286906468792019e-01 3.938292395987562644e-01
-3.796213552898066584e-02 6.107204636776970563e-01 3.931537584681822350e-01
-3.540981942521528869e-02 6.108342330220691840e-01 3.928006883813817129e-01
-3.024551629761444357e-02 6.111208733315068864e-01 3.920856870843508757e-01
-2.762706970001004361e-02 6.112616583778421875e-01 3.917179400584370752e-01
-2.242797250303724468e-02 6.114921239014408094e-01 3.910812402523025089e-01
-1.730296773277574529e-02 6.115988846680450175e-01 3.906706154008215970e-01
-1.477292561592953059e-02 6.116030745794472923e-01 3.905719674582559531e-01
-9.776995676317129166e-03 6.115586618378712203e-01 3.905921313451521382e-01
-7.313331292882284569e-03 6.114970694761311387e-01 3.906760962088527966e-01
-2.436762977426055760e-03 6.113594465626457364e-01 3.910535247682218607e-01
2.385308163011250811e-03 6.112462693743743181e-01 3.914646131957429942e-01
4.801054865021044289e-03 6.111917208497715803e-01 3.917142406465710103e-01
9.611800774862596167e-03 6.111043609435388158e-01 3.922598512816386496e-01
1.202361619301038111e-02 6.110526658322673610e-01 3.925419513366191770e-01
1.687165916428418760e-02 6.109633663340133802e-01 3.931057998155780275e-01
2.178615260838530007e-02 6.109558416733155140e-01 3.937050366774751398e-01
2.425555117721389306e-02 6.110038843055353164e-01 3.940256269045795401e-01
2.675907097240819155e-02 6.110967719761672967e-01 3.943714983208810310e-01
3.435593056043573235e-02 6.113896578906553581e-01 3.953684830505964642e-01
3.687835913742543853e-02 6.114469497492683869e-01 3.956869801924346453e-01
4.196150998255679387e-02 6.114821579252228689e-01 3.962554242923835846e-01
4.449058981615091474e-02 6.114669418159009995e-01 3.965175164189862489e-01
4.947705820579232500e-02 6.113373008623528282e-01 3.970070663635228980e-01
5.200561989460891071e-02 6.112268011746467833e-01 3.972676143803439697e-01
5.700055733666494623e-02 6.109594379455773883e-01 3.976163442334569309e-01
5.946324378789514392e-02 6.108245653526837016e-01 3.977388705177592465e-01
6.443926188556302337e-02 6.105666840771027948e-01 3.980118376019360360e-01
6.939762432814050586e-02 6.103647503076595759e-01 3.982225711887792396e-01
6.939762432814050586e-02 6.103647503076595759e-01 3.982225711887792396e-01
6.939762432814050586e-02 6.103647503076595759e-01 3.982225711887792396e-01
8.181859482986890419e-02 6.098492814850858812e-01 3.985222145105846714e-01
8.428225871520521328e-02 6.097250394494827530e-01 3.985382972780252553e-01
8.919935605792585209e-02 6.095193230328975753e-01 3.985038215874838752e-01
9.415352608563842818e-02 6.093082286443056717e-01 3.984313794732898817e-01
9.908122085565045090e-02 6.091508805245721137e-01 3.982294319874964961e-01
9.908122085565045090e-02 6.091508805245721137e-01 3.982294319874964961e-01
1.064389872514618779e-01 6.088696185413855488e-01 3.977458641288841301e-01
1.064389872514618779e-01 6.088696185413855488e-01 3.977458641288841301e-01
1.137636433804711106e-01 6.084796778341021728e-01 3.971105506948263697e-01
1.186449955124936340e-01 6.081634337512831223e-01 3.966652352798335501e-01
1.186449955124936340e-01 6.081634337512831223e-01 3.966652352798335501e-01
1.234974272157430414e-01 6.078774136383326976e-01 3.960798354546756217e-01
1.283698829098580962e-01 6.076128577401943565e-01 3.953394822093949657e-01
1.308456609769810541e-01 6.074978048066380643e-01 3.949711722323298035e-01
1.358520027863058532e-01 6.072547122347460302e-01 3.941892010638279320e-01
1.408599853236555677e-01 6.070256244926109934e-01 3.933369600877744121e-01
1.459615119638243141e-01 6.067535269470835102e-01 3.924438597756002567e-01
1.485737269385949688e-01 6.066127508174512517e-01 3.919922407863062341e-01
1.537885910685206359e-01 6.062788951096088619e-01 3.909908936494544962e-01
1.564013951437542016e-01 6.060797702712331647e-01 3.904461265763708999e-01
1.616750577921234333e-01 6.056929400283611598e-01 3.894042035432521143e-01
1.643103821745324211e-01 6.055270920073160257e-01 3.888944345644816947e-01
1.694880841545000905e-01 6.053067920666937995e-01 3.880614534534876370e-01
1.744728540319924470e-01 6.052405246312121401e-01 3.876416566731534230e-01
1.744728540319924470e-01 6.052405246312121401e-01 3.876416566731534230e-01
1.792810545415510493e-01 6.053247174483294968e-01 3.876021269687563997e-01
1.840129767294353957e-01 6.054339567062442251e-01 3.877465434176042836e-01
1.887593592397553699e-01 6.054309685313926659e-01 3.879911134207153500e-01
1.935370295113373329e-01 6.052480723408620866e-01 3.883096535373453673e-01
1.959594173241683557e-01 6.050820842030754099e-01 3.884749887885087238e-01
2.007802959949012978e-01 6.046765843368145932e-01 3.887019599272085735e-01
2.032164577179584042e-01 6.044581897957034267e-01 3.888170955079285340e-01
2.082511997086069211e-01 6.040096868196782598e-01 3.891053927599404938e-01
2.107821944040353390e-01 6.037884122536915088e-01 3.892378431960833440e-01
2.133061466952455021e-01 6.035895131363564481e-01 3.893684166415211090e-01
2.183878623633585259e-01 6.032740625580393923e-01 3.895376072263525558e-01
2.235503392724140781e-01 6.029907518303181391e-01 3.897071666070592855e-01
2.287513861618926114e-01 6.026938703904836103e-01 3.898520538100523902e-01
2.339716027584421987e-01 6.024329748688188602e-01 3.901018797684774331e-01
2.365961302847758574e-01 6.023717579578348191e-01 3.902832588047261408e-01
2.418254639388995597e-01 6.023399153926237704e-01 3.906129858814849642e-01
2.444133812806567330e-01 6.023645193838812473e-01 3.907420193162217670e-01
2.495724460161964642e-01 6.024627756836881121e-01 3.911454406307776077e-01
2.521298888833320428e-01 6.025219942333938095e-01 3.913772216923767644e-01
2.572117918809773141e-01 6.026720775760686655e-01 3.917816873564871072e-01
2.597307074694488183e-01 6.027334388960007283e-01 3.919616530492189277e-01
2.647236791434774972e-01 6.029080059355172994e-01 3.921065580453267918e-01
2.697397072336273349e-01 6.031306955353258337e-01 3.921068896943306070e-01
2.746627501430654594e-01 6.032563421937832127e-01 3.922174124896112835e-01
2.771570327421630231e-01 6.032938153742269938e-01 3.922733623561157623e-01
2.820588912688602456e-01 6.033575904830617009e-01 3.923258098720947551e-01
2.845179193359003711e-01 6.033707173147729863e-01 3.923635719744106298e-01
2.894292350037492856e-01 6.033470269826599619e-01 3.923419979172494410e-01
2.942622451055456057e-01 6.033214398590357463e-01 3.922377065346963620e-01
2.967058633398946821e-01 6.032937605130147540e-01 3.921879020700372864e-01
3.015595510723877437e-01 6.032214581561264888e-01 3.920078493064554914e-01
3.063664385982751703e-01 6.031402970231674043e-01 3.917311453844747327e-01
3.088148240393304156e-01 6.031093385774014548e-01 3.916528818432424286e-01
3.136793697804416969e-01 6.030278546020483299e-01 3.913350482864474955e-01
3.161015389745040483e-01 6.029887154735393828e-01 3.910658969041026500e-01
3.210268895736200778e-01 6.029136472970093585e-01 3.907017428329360165e-01
3.234774428834383264e-01 6.028812197244247661e-01 3.905164864722410201e-01
3.283835725861946053e-01 6.028172354179978099e-01 3.900110443661345405e-01
3.308685788765397540e-01 6.028060775280891237e-01 3.897763194988528301e-01
3.358232154455789709e-01 6.028091277818886651e-01 3.892557546754481512e-01
3.382898371023720929e-01 6.027948258462197950e-01 3.889823719118811196e-01
3.457886643885620948e-01 6.027996423058704645e-01 3.881745297369449954e-01
3.457886643885620948e-01 6.027996423058704645e-01 3.881745297369449954e-01
3.533214626284890691e-01 6.029270090106505497e-01 3.872730262643472310e-01
3.558643531933928794e-01 6.029549211068071513e-01 3.870195555432743850e-01
3.609842802367417280e-01 6.030452304949442954e-01 3.864154583688469424e-01
3.635508394094300599e-01 6.030986507038136324e-01 3.861076862948269461e-01
3.687656415310709979e-01 6.032110493423520348e-01 3.854587699108688037e-01
3.713845234232356352e-01 6.032633614106923670e-01 3.851077354315746160e-01
3.766693741134858331e-01 6.034033562556452290e-01 3.844333176456206091e-01
3.793215328556898136e-01 6.034573767619190177e-01 3.841117248751523272e-01
3.845482713028569033e-01 6.034830705474359958e-01 3.836036789566533711e-01
3.897165096919121829e-01 6.033596650675855377e-01 3.833411582183710031e-01
3.947533610867395848e-01 6.031417111645264173e-01 3.834474755403814994e-01
3.996435210536057325e-01 6.029042097958442481e-01 3.837744561330272974e-01
4.020893369958293273e-01 6.028073729835079497e-01 3.839727788442143241e-01
4.045311846917266085e-01 6.027224977390361893e-01 3.841894955185183314e-01
4.094725617156901865e-01 6.025918820345780302e-01 3.847140188678060957e-01
4.143995658025014239e-01 6.024466836928347169e-01 3.852859311742269366e-01
4.168608429915352520e-01 6.023828077357867850e-01 3.855919465441501881e-01
4.193122329195720366e-01 6.023502359183180443e-01 3.859494544453296871e-01
4.243056288963198974e-01 6.024127060482747931e-01 3.866429395399116897e-01
4.293775598973799679e-01 6.026186365808560153e-01 3.872765710770322833e-01
4.345488998338300490e-01 6.028226455057196231e-01 3.879514546839387679e-01
4.371310934315060792e-01 6.028952355981527234e-01 3.882717300850312414e-01
4.422862727380953429e-01 6.029572238775054993e-01 3.888665368739300243e-01
4.448586037380363734e-01 6.029473496443715774e-01 3.891468544961610432e-01
4.499917152681565669e-01 6.028346006211637853e-01 3.896235025841355837e-01
4.525292577398953298e-01 6.027524213698054467e-01 3.898383217923195865e-01
4.575986576128830419e-01 6.025379064003183460e-01 3.902300617242984160e-01
4.575986576128830419e-01 6.025379064003183460e-01 3.902300617242984160e-01
4.652249072573212962e-01 6.021914147973466136e-01 3.906390618201250886e-01
4.702765546249161321e-01 6.020058079296654041e-01 3.908427776477471083e-01
4.752982064578022414e-01 6.018047149287149011e-01 3.909647722136483372e-01
4.777964836082293498e-01 6.016874075754797824e-01 3.909966301185042736e-01
4.828246924193217993e-01 6.014852362393833252e-01 3.910180515230335940e-01
4.853581913129329517e-01 6.013915885523232197e-01 3.910155143311171422e-01
4.903743898689980618e-01 6.012217701283446569e-01 3.909563283484692731e-01
4.928685156175950932e-01 6.011345425866071457e-01 3.908891553586121281e-01
4.953748976871392706e-01 6.010678769904497232e-01 3.908176347580559762e-01
5.003777899179181476e-01 6.009220961157503149e-01 3.906053465254962775e-01
5.054067793772994976e-01 6.007481488345022269e-01 3.903418830485602120e-01
5.104894083759341505e-01 6.006292451934054366e-01 3.898630572603588584e-01
5.156634609948826942e-01 6.006164823956442467e-01 3.892367981311479763e-01
5.181670376741051021e-01 6.005748615871412399e-01 3.889751376930783433e-01
5.230098959117767121e-01 6.003394511733651795e-01 3.886026339794984574e-01
5.254781128441060600e-01 6.002271453971287363e-01 3.883826983500742180e-01
5.305901073655907574e-01 6.001404943432014916e-01 3.876447985610670388e-01
5.331250027583269713e-01 6.000881995876020669e-01 3.872418283238423520e-01
5.381958327284683818e-01 5.999838074836371105e-01 3.863949080971140759e-01
5.433211113752124399e-01 5.998686132247735836e-01 3.855662679028347695e-01
5.459336484526562394e-01 5.997837117767078619e-01 3.851401822663500507e-01
5.485418260653199818e-01 5.997084104642591562e-01 3.846492719574194918e-01
5.564195732741171740e-01 5.993876154849816507e-01 3.832335105548499987e-01
5.590137814180177189e-01 5.992740885349849833e-01 3.826565407761340909e-01
5.644198429371801717e-01 5.990988095029389227e-01 3.815253835850114239e-01
5.671578145265628867e-01 5.990446439560447311e-01 3.809116985077080075e-01
5.729265746039583496e-01 5.990135239814198265e-01 3.801827460227773514e-01
5.759455193091200798e-01 5.990196859829359788e-01 3.801326012793846409e-01
5.813632077202895987e-01 5.991969139820506607e-01 3.800839390341586022e-01
5.837051323012018011e-01 5.994379820894422117e-01 3.801152728860706098e-01
5.882002885884388688e-01 6.000297004672539014e-01 3.801650513974333956e-01
5.929414948734972324e-01 6.003108762649326247e-01 3.804092309888440493e-01
5.976672106262955753e-01 6.004177034025913740e-01 3.806759583439965899e-01
5.999843277345796588e-01 6.003778832509761854e-01 3.807306869266987581e-01
6.023674957585156697e-01 6.003099470404933413e-01 3.808367025512885418e-01
6.071711324238512342e-01 6.001271771780363196e-01 3.810113747364729520e-01
6.120474673739225713e-01 5.999033823790402842e-01 3.811552398674543651e-01
6.144960881626112537e-01 5.998074003935330856e-01 3.812436287141908187e-01
6.193672252859436789e-01 5.996863394927997026e-01 3.813924479120988087e-01
6.243558072412940252e-01 5.995998318612885125e-01 3.815300088411039958e-01
6.271885734677975499e-01 5.994755102445761263e-01 3.815179436363579368e-01
6.329406254014484645e-01 5.992080092342594311e-01 3.816252992511665054e-01
6.381700233008835710e-01 5.990800535425702122e-01 3.819448295481290279e-01
6.407445765360719747e-01 5.990491301874582009e-01 3.821314311708092770e-01
6.458157258656016531e-01 5.991604404545042284e-01 3.825730024746639701e-01
6.483656489716678184e-01 5.992727828443666915e-01 3.827982499005627703e-01
6.534753417099741224e-01 5.995493458709676426e-01 3.832182337054569343e-01
6.559433518135922014e-01 5.997355794653120853e-01 3.834163826335047487e-01
6.608558287716926882e-01 6.001315962936458748e-01 3.838385601417471094e-01
6.633431689475933757e-01 6.003341229211467400e-01 3.840454016098956425e-01
6.681911504994451079e-01 6.007200702013223426e-01 3.843759140488267612e-01
6.705727959126033255e-01 6.008923674043137320e-01 3.845302225175570854e-01
6.778669927724815247e-01 6.013305428287689658e-01 3.848023034889045402e-01
6.802627412681273578e-01 6.014667283648168494e-01 3.848774737679004909e-01
6.850219513872520816e-01 6.016717044546032733e-01 3.850206333716453821e-01
6.874102076513030068e-01 6.017507551803072952e-01 3.850380608872586707e-01
6.921212745248371823e-01 6.019852729671130165e-01 3.850279832596686935e-01
6.944952616695972969e-01 6.020932289386359271e-01 3.850207376667779124e-01
6.992013331856070657e-01 6.023032373177547028e-01 3.848992965598450056e-01
7.038885816747839641e-01 6.025089891929561459e-01 3.847724180946986428e-01
7.062797155493388823e-01 6.025799706239299836e-01 3.846857007268855710e-01
7.110103419508000400e-01 6.027672162690581592e-01 3.843953466760451354e-01
7.157430812220532124e-01 6.030483255757692618e-01 3.841578102389796578e-01
7.181589170919897569e-01 6.031729272965561384e-01 3.840014656400433379e-01
7.229704550638986760e-01 6.034072408435715573e-01 3.835324767223398101e-01
7.253715345353449750e-01 6.035582762516835675e-01 3.833175272338961159e-01
7.301957574118992378e-01 6.038077012754431427e-01 3.828784055196328140e-01
7.326240492876596733e-01 6.039437879525008102e-01 3.826338231444214033e-01
7.375536134721395465e-01 6.041915617793841564e-01 3.820598394939905829e-01
7.399591449104135910e-01 6.042948891732361494e-01 3.817195999164623155e-01
7.448075990327205353e-01 6.046319652949883050e-01 3.812068262639877192e-01
7.497606959412718153e-01 6.050275845902636229e-01 3.807061087582177539e-01
7.547789448613454466e-01 6.053156696084394106e-01 3.799653102657368775e-01
7.572902798057916662e-01 6.055117548950413875e-01 3.796692627064279790e-01
7.624200465909330982e-01 6.058397621545089651e-01 3.789613581511194207e-01
7.649423750896088281e-01 6.060511725092542212e-01 3.785847514977146444e-01
7.700992051150575834e-01 6.064633425926293508e-01 3.777851710477652114e-01
7.726557019810952331e-01 6.067831829310302849e-01 3.774473089061589626e-01
7.777838742456103516e-01 6.073915417984264709e-01 3.768278196281470427e-01
7.804170587595914421e-01 6.075793035885580506e-01 3.765116459630710732e-01
7.881008580953038356e-01 6.078783644137533138e-01 3.758473422895678429e-01
7.906363540530011447e-01 6.078853288026052626e-01 3.757741789892358186e-01
7.930873427078043436e-01 6.079116542790206079e-01 3.758546783918464973e-01
7.977476471082981524e-01 6.081149978173313597e-01 3.763260341231964290e-01
8.025379975553040834e-01 6.081260127439886976e-01 3.767188384400204093e-01
8.049763346560788735e-01 6.081282314130159738e-01 3.768696977396246428e-01
8.098166507266585379e-01 6.081959802834518980e-01 3.773390324428493869e-01
8.121844948594452163e-01 6.082687271965753206e-01 3.776509163504480071e-01
8.168129812835074333e-01 6.085626400095351940e-01 3.783558291781340399e-01
8.191651365064022139e-01 6.086949755639009529e-01 3.787424888545455337e-01
8.240401484875147231e-01 6.087848527680365107e-01 3.792719560398895018e-01
8.290131300238584577e-01 6.088283714187140427e-01 3.797306522818056918e-01
8.339260376855935908e-01 6.090876438865640008e-01 3.802940501692085862e-01
8.363396807874069472e-01 6.092870859842988152e-01 3.806210489321572021e-01
8.412759308449603290e-01 6.096492413702753188e-01 3.813537553787794687e-01
8.438312942751230450e-01 6.097551894370650816e-01 3.816366168374764056e-01
8.489872463174678030e-01 6.097760756470281818e-01 3.820320258853348028e-01
8.515537554223003847e-01 6.097399545066218840e-01 3.822151692836267545e-01
8.540078335395904219e-01 6.098405352027486126e-01 3.825401719869099271e-01
8.615606015921722927e-01 6.097535877360478196e-01 3.832584615443991316e-01
8.639722257166632113e-01 6.097288160387418499e-01 3.835084606660618123e-01
8.688757676673057873e-01 6.095664255335196957e-01 3.839058053365956846e-01
8.739463949906148832e-01 6.093049475551267635e-01 3.840812455239372980e-01
8.765052493613442186e-01 6.091273718478936727e-01 3.841139522480502277e-01
8.789152074147711380e-01 6.091083332777394999e-01 3.842300462800287697e-01
8.814882153113391405e-01 6.089129592350389641e-01 3.842487006931772919e-01
8.889699838323826819e-01 6.086617610970989078e-01 3.843258000856030199e-01
8.915218025335547303e-01 6.084791833090140711e-01 3.842883849048047695e-01
8.963090668670088412e-01 6.085201657161646294e-01 3.844167564508325086e-01
8.986946909681363671e-01 6.085105161509963834e-01 3.844410068274058956e-01
9.036311698087949873e-01 6.084041363563073013e-01 3.842590967610192143e-01
9.085834284315422726e-01 6.083239790037614503e-01 3.839848481287636561e-01
9.135552489881123561e-01 6.082587017228449078e-01 3.836269952393354110e-01
9.160931572290680336e-01 6.081639397862579344e-01 3.833478341344536133e-01
9.211110091996248528e-01 6.080295752046268598e-01 3.827985658739007091e-01
9.235361287887816628e-01 6.080892319498277798e-01 3.826013218011911077e-01
9.284285080143644953e-01 6.082283112017755622e-01 3.820290330650727428e-01
9.309638438095784174e-01 6.081587576968482400e-01 3.816262245739241443e-01
9.359954098596291461e-01 6.081001308722756571e-01 3.809495347185701819e-01
9.384701836430654476e-01 6.081622902546434117e-01 3.806239184594845115e-01
9.434811619508126634e-01 6.081306956849851231e-01 3.797801786535089930e-01
9.485742643314374334e-01 6.080784990645000665e-01 3.789522702820196098e-01
9.537199522194746981e-01 6.080074627662021003e-01 3.780476177249517677e-01
9.563144786288003685e-01 6.079427552434779614e-01 3.775517290456912312e-01
9.615508629832966170e-01 6.077495414962291731e-01 3.766305911828392583e-01
9.642029134234785248e-01 6.076159524069087992e-01 3.761679323625735094e-01
9.695198009163746855e-01 6.074136482612458865e-01 3.751137862746243279e-01
9.721804752632126068e-01 6.073523922717865009e-01 3.745644021998441042e-01
9.774750387201344148e-01 6.071601065998982749e-01 3.736315145207356192e-01
9.827156473396841951e-01 6.070107699090967479e-01 3.728967556132596339e-01
9.852391244685009264e-01 6.070454021373287157e-01 3.726828080109566566e-01
9.901291435142779429e-01 6.072459880113489916e-01 3.725956797173241020e-01
9.949476712150734370e-01 6.074207442476730057e-01 3.726984365291169388e-01
9.973713231065053364e-01 6.074592298479296604e-01 3.727762922044061122e-01
1.002250983959317887e+00 6.074384785291530031e-01 3.729785116007795498e-01
1.004691023683026208e+00 6.074078357637344716e-01 3.730810210326894749e-01
1.009713765717245693e+00 6.072027643332352786e-01 3.732038153549740445e-01
1.012205421636962033e+00 6.071097050313164489e-01 3.732999366364656568e-01
1.017189078412710002e+00 6.069316584931896408e-01 3.735803420662535679e-01
1.019728551875048739e+00 6.068077132113448569e-01 3.736896331150770800e-01
1.024828101429150484e+00 6.065774294140211520e-01 3.738587238528711110e-01
1.030040236659681030e+00 6.062918187154066052e-01 3.741051676290857442e-01
1.032627749850939525e+00 6.062452009704544231e-01 3.741992309539613482e-01
1.037715812419268024e+00 6.062106772701049140e-01 3.743215650668628713e-01
1.042944667882647947e+00 6.062135588640337192e-01 3.745727046190761023e-01
1.042944667882647947e+00 6.062135588640337192e-01 3.745727046190761023e-01
1.050748283118896120e+00 6.062565843389249309e-01 3.751111764524622805e-01
1.053411168420404165e+00 6.063238837588819097e-01 3.753569050601202051e-01
1.058603632240946002e+00 6.064514726551095691e-01 3.758092120888704146e-01
1.061175571977849286e+00 6.065112926049981423e-01 3.760477199459280051e-01
1.066313764855753021e+00 6.067647876347498359e-01 3.764966425008480222e-01
1.071426910608835881e+00 6.070659589312055182e-01 3.768967656571530211e-01
1.076441430777584918e+00 6.073384173908357164e-01 3.772458187038221222e-01
1.081430849017883888e+00 6.076516757641309274e-01 3.775020739777912304e-01
1.083915222150868773e+00 6.077826740818150775e-01 3.776282059255660073e-01
1.086399044465334862e+00 6.079258524119257601e-01 3.777119039498714193e-01
1.091351954506821764e+00 6.081579067242121051e-01 3.778176254282187285e-01
1.093818050814238108e+00 6.082437985674181702e-01 3.778620933508695101e-01
1.098751222255467175e+00 6.084415357403225588e-01 3.779256742814955938e-01
1.103673435297452654e+00 6.085705290946136214e-01 3.779364755372623952e-01
1.106121255917831725e+00 6.086189575117859629e-01 3.778857332133881419e-01
1.110996423770097108e+00 6.087702925775483331e-01 3.777405718691272396e-01
1.115873763331782342e+00 6.089270840006468788e-01 3.775818411161030452e-01
1.118295768725282580e+00 6.089570401118635790e-01 3.774841387227220180e-01
1.123134962420893945e+00 6.090431263799350736e-01 3.772301991682457389e-01
1.125574485840679095e+00 6.091482262524028357e-01 3.770402351534123397e-01
1.128041584422720511e+00 6.092705137796690096e-01 3.768461538910241604e-01
1.132975199117552734e+00 6.093959404559712301e-01 3.764783290594456711e-01
1.135451637125751922e+00 6.094544331711754248e-01 3.762795426567602242e-01
1.142856011109646630e+00 6.096871825669417655e-01 3.755556341241440554e-01
1.145341190191464520e+00 6.097887717100635152e-01 3.752846145816516321e-01
1.150323576591034680e+00 6.100079108587820320e-01 3.747424461827475461e-01
1.155380908416077101e+00 6.101518758295833011e-01 3.742705629160384406e-01
1.157879206097531810e+00 6.102467822757228211e-01 3.739906779720396646e-01
1.162936368428005629e+00 6.104052356938808321e-01 3.733927402064030066e-01
1.165502327928674697e+00 6.104820049624328782e-01 3.731181579400636439e-01
1.170652024659185386e+00 6.107414731015611276e-01 3.725092269102773246e-01
1.173241325040967453e+00 6.108857855928655489e-01 3.721901115281981420e-01
1.178466784375632015e+00 6.110902138179499232e-01 3.715482813051637079e-01
1.181085294130008068e+00 6.112183218828868281e-01 3.711881934508662884e-01
1.186353649430382795e+00 6.115036075948504513e-01 3.704493211650080609e-01
1.191675164723592806e+00 6.117083386389678967e-01 3.698364518648460386e-01
1.196886172322214170e+00 6.118315586171091391e-01 3.695226830615389035e-01
1.199469618833938434e+00 6.118000435630780443e-01 3.695199654575995751e-01
1.204448809160515665e+00 6.117141267739656385e-01 3.696316671574786383e-01
1.206854586129647355e+00 6.117219410807028801e-01 3.697117905229519996e-01
1.211792744892751683e+00 6.115849540915818672e-01 3.701998531593235775e-01
1.214237589668862860e+00 6.115570338541868045e-01 3.704664223967141234e-01
1.219117465773232878e+00 6.116413769397344158e-01 3.709769942556747635e-01
1.221532463380106792e+00 6.116417103734053118e-01 3.712677203800625048e-01
1.226279521116429905e+00 6.116438163296852304e-01 3.718569033151214454e-01
1.231117315261726075e+00 6.117853983327887768e-01 3.724723176053316154e-01
1.236162964022307742e+00 6.120495382487157743e-01 3.731938748362157998e-01
1.238708109994455242e+00 6.122811787846860199e-01 3.735803160765516218e-01
1.243837233352643956e+00 6.125758468326095718e-01 3.743057925753219273e-01
1.246099991449924227e+00 6.126399086431977281e-01 3.750788898393793147e-01
1.251254620548449159e+00 6.129048281304357859e-01 3.757016519904649021e-01
1.254108906156949699e+00 6.129095616927873191e-01 3.755170602404164226e-01
1.259068414308752493e+00 6.128187934459546904e-01 3.759926891594144172e-01
1.261508771562330544e+00 6.129186641940130853e-01 3.762827135140819346e-01
1.266365623731978696e+00 6.129566158055593794e-01 3.767574816027591256e-01
1.271403283762274627e+00 6.127548439911566502e-01 3.771198608240508010e-01
1.276397824243325596e+00 6.125971678446081592e-01 3.774057695417097902e-01
1.278905014102462490e+00 6.125471761124500203e-01 3.774873754650022173e-01
1.283844482058992487e+00 6.123575505667515628e-01 3.776916741936914290e-01
1.286284113368901139e+00 6.122756119877519332e-01 3.777684780623954408e-01
1.291228174000995210e+00 6.121985568790649923e-01 3.777920458763458500e-01
