1.664084906128567853e-01 1.763353558398314869e+00 3.523100448463518664e-01
1.663706813015629338e-01 1.763343182626818439e+00 3.523287872198166415e-01
1.663706813015629338e-01 1.763343182626818439e+00 3.523287872198166415e-01
1.663000838777230206e-01 1.763393444661706333e+00 3.523565999782410918e-01
1.662659966773113729e-01 1.763432556121075967e+00 3.524011858242889206e-01
1.661440818905133010e-01 1.763434173957881823e+00 3.526107656847395910e-01
1.659129202105013856e-01 1.763221126109707271e+00 3.530533284461316867e-01
1.657599198908340232e-01 1.763048410659883158e+00 3.533948967659541474e-01
1.654747387202417097e-01 1.762639163158583377e+00 3.543130470108596386e-01
1.651415382118709141e-01 1.762185780724586204e+00 3.554610599046951203e-01
1.649423341392110831e-01 1.761974255281064883e+00 3.560043903050176262e-01
1.647739610199844551e-01 1.761791166894020044e+00 3.564465087456838432e-01
1.642097950426970321e-01 1.761294571085290750e+00 3.573504059054776194e-01
1.638375233172370826e-01 1.760840840517026606e+00 3.582477493518125833e-01
1.635254192241508420e-01 1.760333606991699940e+00 3.589970660488094323e-01
1.633969823366652474e-01 1.760003832364558818e+00 3.593699667454329783e-01
1.632143245505751905e-01 1.759170553071512932e+00 3.601311458259729426e-01
1.630549955000662743e-01 1.758189918670006735e+00 3.609840950451720376e-01
1.629626018689052380e-01 1.757642114235980380e+00 3.614060356760049331e-01
1.628070194411560256e-01 1.756491798006488247e+00 3.620532868099721746e-01
1.627778327251603596e-01 1.755861243181676246e+00 3.623924558385840378e-01
1.628089517253172025e-01 1.755153648697897806e+00 3.627331534073380270e-01
1.628964052276934693e-01 1.752908418339522711e+00 3.635338256197527818e-01
1.628964052276934693e-01 1.752908418339522711e+00 3.635338256197527818e-01
1.628873251745780459e-01 1.751319931349798686e+00 3.641515363802025895e-01
1.630474801610255764e-01 1.749655095549825790e+00 3.645472078635867419e-01
1.631735089675117878e-01 1.747995763696292393e+00 3.649104411706388662e-01
1.632731887286412442e-01 1.747119230070881768e+00 3.651352784558302700e-01
1.634591784879152465e-01 1.745351286808765723e+00 3.655631761801667601e-01
1.635696513176080336e-01 1.744492399962909834e+00 3.656690214162688912e-01
1.637935035406688222e-01 1.742762552527439057e+00 3.659203694921849825e-01
1.639569186961345737e-01 1.741895716713300457e+00 3.660255303149605455e-01
1.642697043834694393e-01 1.740096472732873600e+00 3.662132863335080257e-01
1.644175516637612633e-01 1.739173686489691173e+00 3.663542719673641423e-01
1.649900882024691595e-01 1.736446629570169264e+00 3.665772680557477514e-01
1.651970072420595181e-01 1.735519993768670055e+00 3.666749326965569322e-01
1.654517095569558727e-01 1.734534061971715557e+00 3.668135162869764487e-01
1.658191729304812345e-01 1.732568064040010070e+00 3.670460350638280467e-01
1.661380912697931755e-01 1.730612450956763082e+00 3.672988400020428257e-01
1.666663137785311111e-01 1.728626491735669513e+00 3.674615538326451158e-01
1.670032698365276069e-01 1.727635551805940750e+00 3.676195408348578164e-01
1.673151843378129777e-01 1.726613429445984060e+00 3.677834483980917391e-01
1.681766102218937853e-01 1.723562469103897099e+00 3.681984505279827236e-01
1.684053813847455894e-01 1.722554901820517737e+00 3.682898149549971301e-01
1.686808655781257826e-01 1.721532198338477038e+00 3.684003162081073146e-01
1.693211216958050158e-01 1.719425938071379889e+00 3.687304234884564158e-01
1.698961832952080309e-01 1.717404860634191843e+00 3.691642014998764987e-01
1.707349853316172117e-01 1.715457081980928722e+00 3.696258994086594196e-01
1.710983849491015396e-01 1.714392434535560561e+00 3.697735021147383616e-01
1.716901918882897393e-01 1.712374148184951261e+00 3.701112781804362095e-01
1.716901918882897393e-01 1.712374148184951261e+00 3.701112781804362095e-01
1.722844781978031536e-01 1.710356995742118080e+00 3.705412895066869661e-01
1.732823694737828657e-01 1.707452951081357417e+00 3.711480481656901365e-01
1.735892014071219458e-01 1.706482164100948218e+00 3.713267953065363391e-01
1.739141423430598243e-01 1.705517996836186434e+00 3.715329433834193562e-01
1.745770097311396263e-01 1.703606949227792100e+00 3.719571785047594004e-01
1.751673305592868213e-01 1.701662998994590170e+00 3.723217807442783522e-01
1.754744762816436709e-01 1.700654163288753518e+00 3.725181956771804748e-01
1.759986417259255254e-01 1.698605841557107476e+00 3.727882050994845153e-01
1.763068489045077902e-01 1.697598735649337387e+00 3.729239099029425519e-01
1.769607432062340335e-01 1.695598025353675098e+00 3.731958229807329497e-01
1.775138254421424200e-01 1.693529835649574045e+00 3.733836182539446158e-01
1.777942464718727245e-01 1.692502978298691785e+00 3.734494068014971857e-01
1.777942464718727245e-01 1.692502978298691785e+00 3.734494068014971857e-01
1.788393202113923719e-01 1.688215330439246875e+00 3.736830819222776157e-01
1.790461257374834358e-01 1.687161173745709730e+00 3.737381773180367128e-01
1.792769430786645690e-01 1.686099493086327117e+00 3.737975806699727066e-01
1.796948285200518081e-01 1.683962135195922860e+00 3.739229852051978442e-01
1.799478967245572436e-01 1.681796198726369873e+00 3.740861215419433172e-01
1.803331554363520883e-01 1.679609967735125275e+00 3.742073755191581697e-01
1.804815035671461232e-01 1.678553489923595876e+00 3.742627489466511248e-01
1.807598737137126044e-01 1.676432082313851213e+00 3.744308903933378785e-01
1.807598737137126044e-01 1.676432082313851213e+00 3.744308903933378785e-01
1.810602175442961592e-01 1.673346882692683169e+00 3.745790190068932768e-01
1.811350438292398113e-01 1.671266146576303457e+00 3.746663727553894985e-01
1.811970399479469196e-01 1.670261907581041427e+00 3.747045989084171191e-01
1.813664879151447862e-01 1.669332669771289135e+00 3.747867570167378037e-01
1.815414303596645240e-01 1.667386660447050417e+00 3.748646934621707727e-01
1.816904288776241272e-01 1.665427011959586423e+00 3.749490581668027955e-01
1.817814250584986746e-01 1.663468842589898244e+00 3.751141470826295787e-01
1.818741097535907514e-01 1.661555660506336407e+00 3.752606374228316666e-01
1.818852242597469859e-01 1.660620972819402352e+00 3.752713147728423682e-01
1.819254314621745749e-01 1.659627687058528478e+00 3.753513680774439587e-01
1.820767100107746617e-01 1.657586665167424256e+00 3.756240073868699625e-01
1.822186887668658384e-01 1.655540393669051369e+00 3.759126335202667146e-01
1.822809136080566772e-01 1.654538924047165294e+00 3.760075767668632496e-01
1.823427013776619532e-01 1.652412220424519518e+00 3.762631144947252704e-01
1.824429459369338868e-01 1.651346844805884118e+00 3.764752290399221435e-01
1.827555423607109819e-01 1.649275756422747596e+00 3.768767312876677433e-01
1.828702488177340879e-01 1.648211902780422067e+00 3.770436348365217016e-01
1.831435913380176361e-01 1.645988585741522625e+00 3.775808911572303694e-01
1.832697710864638063e-01 1.644850394416678130e+00 3.778513186043138683e-01
1.836404981548403204e-01 1.641435323436401417e+00 3.786579847666550203e-01
1.836404981548403204e-01 1.641435323436401417e+00 3.786579847666550203e-01
1.840119633655901143e-01 1.638037047053753748e+00 3.796254044491829127e-01
1.841510943370267828e-01 1.636891170612743585e+00 3.799879494695371784e-01
1.844086359974579648e-01 1.634566888720721201e+00 3.807478440698578437e-01
1.845142292381728444e-01 1.633419359470537513e+00 3.811112577413597879e-01
1.847055459305252112e-01 1.631145238025567323e+00 3.818564038422889162e-01
1.847055459305252112e-01 1.631145238025567323e+00 3.818564038422889162e-01
1.850407423939550711e-01 1.627740573434757643e+00 3.830486312400479543e-01
1.851696496617220022e-01 1.626595833848916373e+00 3.834214781717411036e-01
1.854198928599444518e-01 1.624315314240566410e+00 3.840737149640413017e-01
1.856398319673669139e-01 1.622000668188635641e+00 3.847450782797872115e-01
1.857085398590412328e-01 1.620828524837037987e+00 3.850946767236763657e-01
1.859733209010641375e-01 1.618410395128882406e+00 3.856650612313260451e-01
1.861263769103010668e-01 1.617204268548234625e+00 3.858987380881838680e-01
1.864149725592839923e-01 1.614767912332983668e+00 3.863866423736629363e-01
1.865971767057552633e-01 1.612322545526765571e+00 3.866225903130269259e-01
1.867185722994556540e-01 1.611097961199085660e+00 3.867197365395452779e-01
1.870113714881380951e-01 1.608619230350828433e+00 3.867915179646065349e-01
1.870113714881380951e-01 1.608619230350828433e+00 3.867915179646065349e-01
1.873334112515517846e-01 1.604940041677376472e+00 3.862380592212908414e-01
1.876518757532968651e-01 1.602268543591208294e+00 3.857796864034240825e-01
1.878673342896151066e-01 1.600840942853930970e+00 3.856249936033416814e-01
1.881974607015877154e-01 1.597997586935095748e+00 3.852818801241907343e-01
1.883180912532778362e-01 1.596563783507359835e+00 3.851053757466144090e-01
1.884624529271462789e-01 1.593738429963439840e+00 3.848867181173106777e-01
1.887392308994504109e-01 1.590885914207062823e+00 3.847990022616157857e-01
1.890277177468565606e-01 1.587987103427359381e+00 3.849196449060815484e-01
1.890277177468565606e-01 1.587987103427359381e+00 3.849196449060815484e-01
1.892578710002635611e-01 1.583671639856446767e+00 3.852777876818350711e-01
1.894052376262786996e-01 1.582229588988743219e+00 3.853985440439516852e-01
1.895667464905415878e-01 1.580764396671610728e+00 3.855610984285536835e-01
1.899928816651860197e-01 1.576542738110755737e+00 3.858355183406327882e-01
1.901153112511864141e-01 1.575131456479643477e+00 3.859454622171566429e-01
1.902516082886145377e-01 1.573715418160937851e+00 3.859633866830225468e-01
1.908767202676692476e-01 1.569423700080160300e+00 3.861691303535919051e-01
1.910736596099835705e-01 1.568010261499728886e+00 3.862425158345262899e-01
1.912301402332143019e-01 1.566575716654440287e+00 3.862833916665662226e-01
1.915471558916976014e-01 1.563678488959341584e+00 3.864662331054057320e-01
1.919509973290266791e-01 1.560755048048984017e+00 3.866260113080156602e-01
1.921631576821758725e-01 1.559314599707477766e+00 3.865999512581635988e-01
1.925768103155608701e-01 1.556406517085505037e+00 3.866179010303746333e-01
1.927356763248192772e-01 1.554952455014922075e+00 3.866791595375446144e-01
1.930840727478793373e-01 1.552046883777641106e+00 3.867227321089335978e-01
1.934958120229260670e-01 1.549069142158107537e+00 3.867918911530817683e-01
1.936981876956159754e-01 1.547584201528350745e+00 3.868020535105155533e-01
1.941319044495291857e-01 1.544702930563726762e+00 3.868002640761052380e-01
1.943471095797003334e-01 1.543278888798044202e+00 3.868415424220373877e-01
1.947526095800419244e-01 1.540350082485849592e+00 3.867974033081654772e-01
1.952192367997993838e-01 1.537412135266563062e+00 3.867158418369732731e-01
1.954664020034018457e-01 1.535932167491737443e+00 3.866191612909882780e-01
1.954664020034018457e-01 1.535932167491737443e+00 3.866191612909882780e-01
1.963698105576545672e-01 1.530012014144422672e+00 3.863112312092844558e-01
1.965617430475016525e-01 1.528566417439590763e+00 3.861760800815642325e-01
1.971251030234972834e-01 1.525538626010589427e+00 3.859377614547501167e-01
1.974474501930711945e-01 1.524014775599215055e+00 3.858134667735589884e-01
1.979243168416668086e-01 1.521002205614073732e+00 3.854943317038119766e-01
1.984195112715216036e-01 1.517957649290551325e+00 3.851499886059576161e-01
1.988693137768875741e-01 1.514948476264782684e+00 3.848029954334868386e-01
1.991090366670992540e-01 1.513444315785521077e+00 3.846521424570135128e-01
1.991090366670992540e-01 1.513444315785521077e+00 3.846521424570135128e-01
1.996252223102995549e-01 1.510332554076345701e+00 3.843168061910304800e-01
2.001992031775593761e-01 1.505613964348493150e+00 3.838740038846065739e-01
2.003970610971252120e-01 1.504082022214642267e+00 3.837055704004768142e-01
2.008341702205272139e-01 1.500944686109418669e+00 3.833651009634956308e-01
2.012176254677168485e-01 1.497773249534472439e+00 3.830677740141226195e-01
2.014059666350318800e-01 1.496166207639748391e+00 3.829235220235479575e-01
2.016428742326520640e-01 1.494578273961647552e+00 3.827583336786702928e-01
2.020028375661249154e-01 1.491439343369140191e+00 3.825361011138368461e-01
2.023270830131927989e-01 1.488271219288798797e+00 3.823079845540114929e-01
2.025288386393982176e-01 1.486672418871789025e+00 3.821814484188876815e-01
2.028803789095721399e-01 1.483561750610023822e+00 3.819461670433094147e-01
2.031694525217279390e-01 1.480534923137210024e+00 3.819065292169090409e-01
2.032580208077863215e-01 1.479044499092678100e+00 3.818637173721841638e-01
2.033901195208233370e-01 1.476074329931143181e+00 3.817256848527655899e-01
2.034644796084477125e-01 1.474595212144656386e+00 3.816968580149769918e-01
2.036131835833139281e-01 1.471666339484385411e+00 3.816908770725048194e-01
2.036272862001201334e-01 1.468787695136943183e+00 3.816941530852725473e-01
2.036369435863596422e-01 1.467345188019098634e+00 3.817140112365190463e-01
2.037026597574191078e-01 1.465893636133756672e+00 3.817227000231165901e-01
2.036837441939665927e-01 1.463037393159943633e+00 3.817979385185522601e-01
2.036369782053497335e-01 1.460151227936657525e+00 3.818014956212071320e-01
2.036488692638498132e-01 1.458685488891089399e+00 3.817991099621068640e-01
2.036803949865701180e-01 1.455752336006294945e+00 3.818482545535578643e-01
2.036675195032809915e-01 1.452833945317742570e+00 3.818289695067910161e-01
2.036496292126424856e-01 1.449887505526669784e+00 3.817990669909352430e-01
2.036657966527818109e-01 1.448370027195613252e+00 3.818241271330876652e-01
2.037327333971611365e-01 1.445396798913104464e+00 3.817584985227783223e-01
2.037489957439488075e-01 1.443926006225394465e+00 3.817144459296502035e-01
2.037253526016724603e-01 1.442433613337535947e+00 3.816989145707244679e-01
2.037513490635016744e-01 1.439435135236109886e+00 3.817243857037655452e-01
2.037501354306844592e-01 1.436371909982202100e+00 3.818405624775130791e-01
2.037809208608498401e-01 1.433301666145200715e+00 3.820065185715478817e-01
2.038260461229785270e-01 1.431791308438902233e+00 3.821379576594186034e-01
2.038990443194988733e-01 1.430312258308032325e+00 3.822512160101011469e-01
2.039658781514653574e-01 1.427349980315453903e+00 3.825891350708333638e-01
2.040249218079913385e-01 1.424404638518341981e+00 3.830353219818697363e-01
2.040627142010805750e-01 1.422929141160488298e+00 3.832681205879597819e-01
2.041109928758358949e-01 1.420041622272029125e+00 3.836724799188641066e-01
2.041221617234308672e-01 1.418624309239256975e+00 3.838949826872345428e-01
2.041400600717507008e-01 1.414287126396566174e+00 3.845942428703111871e-01
2.041839676392154523e-01 1.412854340858156421e+00 3.848366270109213616e-01
2.042636282391375457e-01 1.409908790839116799e+00 3.853319911997955538e-01
2.043119753702848651e-01 1.408391058939289842e+00 3.855615942301682253e-01
2.043227529112136287e-01 1.406897353066358214e+00 3.858112368172729179e-01
2.043741628208302075e-01 1.403856551654281359e+00 3.862482375225542164e-01
2.044135076569397746e-01 1.400748358863600940e+00 3.866749189306643020e-01
2.044832331500527900e-01 1.399178791953625378e+00 3.868764691761363839e-01
2.044795941255005689e-01 1.397637811557663312e+00 3.870164819879388096e-01
2.045063110939953077e-01 1.394493269238924027e+00 3.872572386516393017e-01
2.046379173126702256e-01 1.391331749188829292e+00 3.874471071882062967e-01
2.046911558310728074e-01 1.389749761204508660e+00 3.875221948401038619e-01
2.047439321357980291e-01 1.384992249995680824e+00 3.875913559284523968e-01
2.048539656392603658e-01 1.383394594388956067e+00 3.874619300125378141e-01
2.049340121584373176e-01 1.380124624589384341e+00 3.871017885810846826e-01
2.049586299020406954e-01 1.378399361945661816e+00 3.869328470222217486e-01
2.049788260513499827e-01 1.374835658986845344e+00 3.866592479146629957e-01
2.049646800104548416e-01 1.371155062337378938e+00 3.863425389565285917e-01
2.049169696159764131e-01 1.369315596880584573e+00 3.861998233897655508e-01
2.047646353408119346e-01 1.365649590074501596e+00 3.858863715880950229e-01
2.045678755053196296e-01 1.361947618601875964e+00 3.855774312973488938e-01
2.045167053989436212e-01 1.360069270991514534e+00 3.854504412902336474e-01
2.044519885602937848e-01 1.358211153477935751e+00 3.852507302371859232e-01
2.043474291990732272e-01 1.354558803380011556e+00 3.848884488401770332e-01
2.042675728727091078e-01 1.351042801948533878e+00 3.845666020852106515e-01
2.042698309290022218e-01 1.349293024111495098e+00 3.844141993426588577e-01
2.043494494120606797e-01 1.345843948570004223e+00 3.841367485308737617e-01
2.044592906860399351e-01 1.342429315855286687e+00 3.837661290893145116e-01
2.046222592259559214e-01 1.339105730978044306e+00 3.833641976263219009e-01
2.046222592259559214e-01 1.339105730978044306e+00 3.833641976263219009e-01
2.048279486075745004e-01 1.335766389048995029e+00 3.831299126563790791e-01
2.048279486075745004e-01 1.335766389048995029e+00 3.831299126563790791e-01
2.052358097282629412e-01 1.328872943843314447e+00 3.826722153000333693e-01
2.053847407622888255e-01 1.327116766108426660e+00 3.825953006184880101e-01
2.055379487089901147e-01 1.325352284535620262e+00 3.824959282615186806e-01
2.058223808206252337e-01 1.321788701728120907e+00 3.822889916194884830e-01
2.061442248552383949e-01 1.318137210851326735e+00 3.820759060533226448e-01
2.064886873398373568e-01 1.314363194043422389e+00 3.818543732611249242e-01
2.067236306278644464e-01 1.312427059624293069e+00 3.817315307129199864e-01
2.071760569231426707e-01 1.308535429212028589e+00 3.814641300681635983e-01
2.073795417315897061e-01 1.306549811344455136e+00 3.813257708851689465e-01
2.077352581531058673e-01 1.302632158146565189e+00 3.809820688725377158e-01
2.082039349447114829e-01 1.298734409588182315e+00 3.805310051760849577e-01
2.084645173300279375e-01 1.296788454965851711e+00 3.803064870885978221e-01
2.089855756280881438e-01 1.292982421118573200e+00 3.796621277470131339e-01
2.092432903511059761e-01 1.291072918204468900e+00 3.793374478749376166e-01
2.097130702187027795e-01 1.287253765801982253e+00 3.786380284861140533e-01
2.102849180024988496e-01 1.283474198376663322e+00 3.776952406641481685e-01
2.105960449381336641e-01 1.281565607873009993e+00 3.771876181367979086e-01
2.111737944785240517e-01 1.277709477345257971e+00 3.760362412999540549e-01
2.114462865162896887e-01 1.275750667073122235e+00 3.754134743053511025e-01
2.117907743581411983e-01 1.273816471496870939e+00 3.747868244987136999e-01
2.125924000700950278e-01 1.267890570426355890e+00 3.727973054748140447e-01
2.128177335890409638e-01 1.265909759616733909e+00 3.721545348332057079e-01
2.133425487886506655e-01 1.261943813983680274e+00 3.710789348598146908e-01
2.136485736570557792e-01 1.258047126229580703e+00 3.703122427722922438e-01
2.137538756902734038e-01 1.256146511822245015e+00 3.700738483670581447e-01
2.138430905030979101e-01 1.254305089155214548e+00 3.698630530229545244e-01
2.139130146455195669e-01 1.250757013731292000e+00 3.696383816003033784e-01
2.139217215951968176e-01 1.248984537604081124e+00 3.695811473368884048e-01
2.139244551375520109e-01 1.245494838570882168e+00 3.696328919712175143e-01
2.138596936370183721e-01 1.243787748234515433e+00 3.697669668214216276e-01
2.137473230422057002e-01 1.238601994094183256e+00 3.700980072767735551e-01
2.137412367897415510e-01 1.236841328935889939e+00 3.702772302995599452e-01
2.137422230774158882e-01 1.233283000153172271e+00 3.706919162665843759e-01
2.137178870353478866e-01 1.231476876004862442e+00 3.709661230937505438e-01
2.137201690630711470e-01 1.229645900306448381e+00 3.711996347093823312e-01
2.137201690630711470e-01 1.229645900306448381e+00 3.711996347093823312e-01
2.137201690630711470e-01 1.229645900306448381e+00 3.711996347093823312e-01
2.139577074485640440e-01 1.221850506745598475e+00 3.725479658911895475e-01
2.142770326046663787e-01 1.215721853059944735e+00 3.736480100325050291e-01
2.143954252106555491e-01 1.214107780160904371e+00 3.740127418750130994e-01
2.145129686630681543e-01 1.212492717056972813e+00 3.743494356412587765e-01
2.146159700197813880e-01 1.209315054882497575e+00 3.750032287333699976e-01
2.148652197263099806e-01 1.206250623809937528e+00 3.756260962306584572e-01
2.149826922978579358e-01 1.204724788442815386e+00 3.759165585742395566e-01
2.151326327339978806e-01 1.201580943230807774e+00 3.764876320827909018e-01
2.152258366300187908e-01 1.199998020265687693e+00 3.767693956779538667e-01
2.153910620580188617e-01 1.196825439444493933e+00 3.773105718039594381e-01
2.155358904934322195e-01 1.193597108792221029e+00 3.778129551179447709e-01
2.156213182722033217e-01 1.191959102876211762e+00 3.780774061976288625e-01
2.157797577146669532e-01 1.188634695328448565e+00 3.785161647254068340e-01
2.159249023457228966e-01 1.185248477988335658e+00 3.789117315489903826e-01
2.159814513318940310e-01 1.183547013234093725e+00 3.791086022147763801e-01
2.161419810825568888e-01 1.180099027113170607e+00 3.795167968182383555e-01
2.162166699597044273e-01 1.178413570824030865e+00 3.796881395182915009e-01
2.163864785557746695e-01 1.175041599895658484e+00 3.799126353372158649e-01
2.164841526839920982e-01 1.173323181637690782e+00 3.800239169700074804e-01
2.165668024343991860e-01 1.171653713725976376e+00 3.801262058795565890e-01
2.168578039071150931e-01 1.166640746654422633e+00 3.802782619436892997e-01
2.169636812750234400e-01 1.164987741014226419e+00 3.803363636263675795e-01
2.171372032783041028e-01 1.161731434918297223e+00 3.803512802830124606e-01
2.172960065178202171e-01 1.158485434297871874e+00 3.803399194048836529e-01
2.173746933352704025e-01 1.156882622793586668e+00 3.803661759615055704e-01
2.174417150187616665e-01 1.155282061380602521e+00 3.803393674329783591e-01
2.176012956067040760e-01 1.152079840580810588e+00 3.801890379108188167e-01
2.177354122350473320e-01 1.148863609425978316e+00 3.800108075650859840e-01
2.178849305142815940e-01 1.145586535366369008e+00 3.796773640439979891e-01
2.178849305142815940e-01 1.145586535366369008e+00 3.796773640439979891e-01
2.180554271847436887e-01 1.140461221610181486e+00 3.790437745489256827e-01
2.181255444209346528e-01 1.138676127898968327e+00 3.787821160468344273e-01
2.183025625269592318e-01 1.135077877525049628e+00 3.783545438904984959e-01
2.183581427612319992e-01 1.131354782686020188e+00 3.779569779820260989e-01
2.183734888950833453e-01 1.129436181936837258e+00 3.777814237180597834e-01
2.183897591967866036e-01 1.127493549508673532e+00 3.776827673545757325e-01
2.184059626256109332e-01 1.123578512540155838e+00 3.776435538519192781e-01
2.183990508126187058e-01 1.119691786563823177e+00 3.777794054871125295e-01
2.184261656837261090e-01 1.115909228051224389e+00 3.780082893842878766e-01
2.184704192856855853e-01 1.114060481133411606e+00 3.780836273710725948e-01
2.185496796160491806e-01 1.110411664156123024e+00 3.782517576502976153e-01
2.186062025269777109e-01 1.108637096841315950e+00 3.783495148913339490e-01
2.188238212040704012e-01 1.105196264664877193e+00 3.785457848201247977e-01
2.191007426078754872e-01 1.101911642562485083e+00 3.786497352779926162e-01
2.192721465417012405e-01 1.100241562898691017e+00 3.787318546039608602e-01
2.194414655144405202e-01 1.098586249623657585e+00 3.788045789242314720e-01
2.197721315845716228e-01 1.095316583537467858e+00 3.790088201254344646e-01
2.201017772526909499e-01 1.091931731313742437e+00 3.792658738679482999e-01
2.202809766369415445e-01 1.090231987131254909e+00 3.793674127992514578e-01
2.206032006357646902e-01 1.086863389910498690e+00 3.795771896565884873e-01
2.209437288850940873e-01 1.083423525626006301e+00 3.797522637790829991e-01
2.209437288850940873e-01 1.083423525626006301e+00 3.797522637790829991e-01
2.214196560843860462e-01 1.078349928697433180e+00 3.799411272321836508e-01
2.217547377237741590e-01 1.074929880640382640e+00 3.800463073501439970e-01
2.220288301672988795e-01 1.073247962724359406e+00 3.799545468405124415e-01
2.224994002361273537e-01 1.070052921612775876e+00 3.797936867637982106e-01
2.226325965544354579e-01 1.068445962529229076e+00 3.798174737875887885e-01
2.229825812974407240e-01 1.065181979383056143e+00 3.797247422889900026e-01
2.231724878735863171e-01 1.063547858945975699e+00 3.796452398271711326e-01
2.234684889649812545e-01 1.060291496255367338e+00 3.794972780549469293e-01
2.236059432502039701e-01 1.058649986111394936e+00 3.794369969986165492e-01
2.237541511680471162e-01 1.056996480955589179e+00 3.793745160935665384e-01
2.241970024214947899e-01 1.051959059550187314e+00 3.791478025124748186e-01
2.243145044231671381e-01 1.050282071956116559e+00 3.790677479456279197e-01
2.246087764940111198e-01 1.046911965367472996e+00 3.789184614098818349e-01
2.247526419101796291e-01 1.045229176100906932e+00 3.788104926342630296e-01
2.251769508570304612e-01 1.040104713820698246e+00 3.784728581453450369e-01
2.253028077333873169e-01 1.038352461197266985e+00 3.783472522165376439e-01
2.253771737724309665e-01 1.036555276928994740e+00 3.782668562876024820e-01
2.255796219689268078e-01 1.032982337642977866e+00 3.779841277307193215e-01
2.257971757470126350e-01 1.031236601626432936e+00 3.777271933717839536e-01
2.262406410392498735e-01 1.026004385723087831e+00 3.772368194602190306e-01
2.263551882570935536e-01 1.024228585078029719e+00 3.771314014652389357e-01
2.265137448779231677e-01 1.020699271018604470e+00 3.769863480864675820e-01
2.265833966209289951e-01 1.018946434374867094e+00 3.769360543328074131e-01
2.266761978266369215e-01 1.015476666070583400e+00 3.769202909683605496e-01
2.267873609686000824e-01 1.012061548634483499e+00 3.767823503046852096e-01
2.268574132163772850e-01 1.010386384033741702e+00 3.767979229974619537e-01
2.268284671414746434e-01 1.007045662301358169e+00 3.770162740133122803e-01
2.268342728271605935e-01 1.005456910261508297e+00 3.771054966895007743e-01
2.268289814007507232e-01 1.003931655604657136e+00 3.772138235021504915e-01
2.268436933213258955e-01 1.000939332266163939e+00 3.773177726639811436e-01
2.268463948926411622e-01 9.978008625702291523e-01 3.773841301766088785e-01
2.268562604462204257e-01 9.962504738872913768e-01 3.774727043417931416e-01
2.268235270333748277e-01 9.932453903980947851e-01 3.777018562718074124e-01
2.267718906344815821e-01 9.901862512136124783e-01 3.778861801441808499e-01
2.267862384700501666e-01 9.886194516211622707e-01 3.779488302053845006e-01
2.267799412187065933e-01 9.855301983799508170e-01 3.781297374500862674e-01
2.267443684160765915e-01 9.824011293362442387e-01 3.783500769409621212e-01
2.267124354362514138e-01 9.807891936669544952e-01 3.784920248233650808e-01
2.266361460720989207e-01 9.775314718747921683e-01 3.787283764913067508e-01
2.266424376887196945e-01 9.758096999086225409e-01 3.788355530682371297e-01
2.266463626128429054e-01 9.723783537645447339e-01 3.791726711488464518e-01
2.266665001087876108e-01 9.706558815366256310e-01 3.793236150818335428e-01
2.267077045935270430e-01 9.672636134037976285e-01 3.797286676788484971e-01
2.268211716302920289e-01 9.639809410757363972e-01 3.799084021165505254e-01
2.268714998644195402e-01 9.623547054660601674e-01 3.800442761706507300e-01
2.269043089556606330e-01 9.592396853543139201e-01 3.804747072499449212e-01
2.269630688964507648e-01 9.562091091784051811e-01 3.808225218935852308e-01
2.269630688964507648e-01 9.562091091784051811e-01 3.808225218935852308e-01
2.270987869309696594e-01 9.516534599049450982e-01 3.812571142293627036e-01
2.271323663951289318e-01 9.501792987313401051e-01 3.814108211055570186e-01
2.272409173436330254e-01 9.471800871113790210e-01 3.817320086263155110e-01
2.272955288657301509e-01 9.456418172268149513e-01 3.818816261970916504e-01
2.273647720664849492e-01 9.425576210504383878e-01 3.821711869885979773e-01
2.274522798270639523e-01 9.394801444110951749e-01 3.825132588695754343e-01
2.274772601088614898e-01 9.379752514010907261e-01 3.826697443185769210e-01
2.275634712032050810e-01 9.348213990780823712e-01 3.828736482025923982e-01
2.276372815718537279e-01 9.316332301159491180e-01 3.831290669078195599e-01
2.276372815718537279e-01 9.316332301159491180e-01 3.831290669078195599e-01
2.277243934011441151e-01 9.267934026578101836e-01 3.834554570805089879e-01
2.277701659156299296e-01 9.251724280911178822e-01 3.835163891106194711e-01
2.277462193629476717e-01 9.219601523118520214e-01 3.838284865786155686e-01
2.277666124959830396e-01 9.203651659273823782e-01 3.839116608621830906e-01
2.278980610181838840e-01 9.172261476856654605e-01 3.839503668407020509e-01
2.279612959997821819e-01 9.140099967083177290e-01 3.840407913323461431e-01
2.279886277697918961e-01 9.124126972682780057e-01 3.840902105357019147e-01
2.279981364350869566e-01 9.093553429141200128e-01 3.842092088350743673e-01
2.280287426056862854e-01 9.078219417462158880e-01 3.842675207948392790e-01
2.280255040633709374e-01 9.046066365603054882e-01 3.843687364604442269e-01
2.279475144833296996e-01 9.014259504786682475e-01 3.844457640781312469e-01
2.280173766904896315e-01 8.999050868493888578e-01 3.843530617985366771e-01
2.280960128425356670e-01 8.967958681524166309e-01 3.842416808220455726e-01
2.280325175805826277e-01 8.935767477808633785e-01 3.842191643743384510e-01
2.279932899417669578e-01 8.919180410500561207e-01 3.841639023341092418e-01
2.279368145918151678e-01 8.885524240118661821e-01 3.839664954986826695e-01
2.279019745181737333e-01 8.851598614257613074e-01 3.835118767602723189e-01
2.278624889068877613e-01 8.834289176533381971e-01 3.832660050598192258e-01
2.277745345768354135e-01 8.816828320522400730e-01 3.832280426698687625e-01
2.276017744278740762e-01 8.781237166281160578e-01 3.831077500246130585e-01
2.275502316640932443e-01 8.745116345832277815e-01 3.827120406804968011e-01
2.274736831520611791e-01 8.708208424287446903e-01 3.823791915858730794e-01
2.274963627613430794e-01 8.689730364291534670e-01 3.821844035810221252e-01
2.276902786829723135e-01 8.653325348137445028e-01 3.817570665508053240e-01
2.278036034369747276e-01 8.635019405744444043e-01 3.816154404754560359e-01
2.281569860498658953e-01 8.598666829563342828e-01 3.814026955680229758e-01
2.283498555524298423e-01 8.580790686208246143e-01 3.813173470746094029e-01
2.287359741098346777e-01 8.545454845943689648e-01 3.812766921146361065e-01
2.292218396041015571e-01 8.510780125523523809e-01 3.813195375707471024e-01
2.294783439823710192e-01 8.494151891431872547e-01 3.813448111308587185e-01
2.297119566425255555e-01 8.477701173772805854e-01 3.813719543785206723e-01
2.302173991752289040e-01 8.444271649630946674e-01 3.816026830275930370e-01
2.307810261483148884e-01 8.411300290660433943e-01 3.818349132039268179e-01
2.313249522676606718e-01 8.378328065209011966e-01 3.820484388511248275e-01
2.315934662414128875e-01 8.362017645341074390e-01 3.821642191801035704e-01
2.320438626512179026e-01 8.328766489829996233e-01 3.824451733772299411e-01
2.322954830009314742e-01 8.312229439873773940e-01 3.825621412635343832e-01
2.328808892394999275e-01 8.279292989755235865e-01 3.826475274024242479e-01
2.334292546940186786e-01 8.245814508839636181e-01 3.826645959395523766e-01
2.337183827445113715e-01 8.228866734495140500e-01 3.826653252207580236e-01
2.342412282405120505e-01 8.194914158942796512e-01 3.826401789842780454e-01
2.344843216185093782e-01 8.178040882926257416e-01 3.825795623002080648e-01
2.349669039735772513e-01 8.144269264828816191e-01 3.824045253469194883e-01
2.354466430811722188e-01 8.110865348271962816e-01 3.821979943635523957e-01
2.356865079551609954e-01 8.093975881815289597e-01 3.820179571008058828e-01
2.361673427370854228e-01 8.059728355145652223e-01 3.816558937629571657e-01
2.364293087532245707e-01 8.042612605811253479e-01 3.814146897521480950e-01
2.369035257489555679e-01 8.008236368169093788e-01 3.809923505464674065e-01
2.371054940228608798e-01 7.990980395022756477e-01 3.808236434129347314e-01
2.375340515721847678e-01 7.956222593659770803e-01 3.802864345726272299e-01
2.377754697780916082e-01 7.938495881301604884e-01 3.800065979077782430e-01
2.382487449235746457e-01 7.903016616182889642e-01 3.794405815971507723e-01
2.384721618718757818e-01 7.885523002834039508e-01 3.791833118173347783e-01
2.389697762219097077e-01 7.849447621124410190e-01 3.786631110853571069e-01
2.394445416125294823e-01 7.813073918258538475e-01 3.781062871043526785e-01
2.398852419912369249e-01 7.776457934274288997e-01 3.775802248328338218e-01
2.400624775969923963e-01 7.757467067128051008e-01 3.774000972730584547e-01
2.405456745255395712e-01 7.719837864743696043e-01 3.769714561831493116e-01
2.410002892125598095e-01 7.682063098840853366e-01 3.766115022303538895e-01
2.413007351106430942e-01 7.644847006826588354e-01 3.765485559722606679e-01
2.413007351106430942e-01 7.644847006826588354e-01 3.765485559722606679e-01
2.416230186934101853e-01 7.610872990631435409e-01 3.767410130795011414e-01
2.417738037057875211e-01 7.579701924306275762e-01 3.772917838655580614e-01
2.418715614623382359e-01 7.550067379118212685e-01 3.779671323539900429e-01
2.419697633726559660e-01 7.536317517318523729e-01 3.783175800504113839e-01
2.419909107498361411e-01 7.522865341206571577e-01 3.787480165813743582e-01
2.420500934151888217e-01 7.495899308831309726e-01 3.796137255023001034e-01
2.421423903591236326e-01 7.468449302809044843e-01 3.804278944969256004e-01
2.422057657356875005e-01 7.454083886060508535e-01 3.807611040632744581e-01
2.422927535890741779e-01 7.439302791956010630e-01 3.809973164142784752e-01
2.424057543786003743e-01 7.424174789211385184e-01 3.812106285916129211e-01
2.425088331146836584e-01 7.408963415869482816e-01 3.813828467095957686e-01
2.426391205102060855e-01 7.371357742061186435e-01 3.819424582430569481e-01
2.431811065954824491e-01 7.312851237149610162e-01 3.822589281640498271e-01
2.432883496390490785e-01 7.296563669607257774e-01 3.823529033613414230e-01
2.434276852668322000e-01 7.263368058603796307e-01 3.824744006293944176e-01
2.435575412845580046e-01 7.246811107467884261e-01 3.824493245593384438e-01
2.438388411468668249e-01 7.215114237290033428e-01 3.823844613061734288e-01
2.440579931443251915e-01 7.184206596656901311e-01 3.823489779312846393e-01
2.440579931443251915e-01 7.184206596656901311e-01 3.823489779312846393e-01
2.442725527059591284e-01 7.155370157819453958e-01 3.823404781313141099e-01
2.444178567377723876e-01 7.128441618011907011e-01 3.824040346710352312e-01
2.444900544133759290e-01 7.103611704579034791e-01 3.825246693352487570e-01
2.445367458763240409e-01 7.080071444131296188e-01 3.826833962381579468e-01
2.445419715927290571e-01 7.068317148726687149e-01 3.827969668147012117e-01
2.445560594098292462e-01 7.044684669959875301e-01 3.830009532501087444e-01
2.445430475644709833e-01 7.033024032303689665e-01 3.831375059492118096e-01
2.444925879473686392e-01 7.007546787760839946e-01 3.834548944811771998e-01
2.445125381003341314e-01 6.994237885315049974e-01 3.835646832957764207e-01
2.445604235928824643e-01 6.969391240607379912e-01 3.838832345960018211e-01
2.445764799944529777e-01 6.942400873552406759e-01 3.841639599948446504e-01
2.445792202629229750e-01 6.928295853393807713e-01 3.842944182574473677e-01
2.445675060875832363e-01 6.900203982800761082e-01 3.846431182366522039e-01
2.445509038599619489e-01 6.886051685908229913e-01 3.848263920924409609e-01
2.445512314865452286e-01 6.857112016875904770e-01 3.851611578582295747e-01
2.445599293586876166e-01 6.842502690694550749e-01 3.852993592372029319e-01
2.445687088769085138e-01 6.814115741333347520e-01 3.856003045849982769e-01
2.445594503159592981e-01 6.786413762395038241e-01 3.858631525417658414e-01
2.445804025007219940e-01 6.759383179115854290e-01 3.860635368291698288e-01
2.445902469109087762e-01 6.746004451219155262e-01 3.861759862116761477e-01
2.446066517044592492e-01 6.732592005831296023e-01 3.862792419164254865e-01
2.446089094835268984e-01 6.719119272138803778e-01 3.863632532308307610e-01
2.447074657381538010e-01 6.692353749142269104e-01 3.865716228449708192e-01
2.448158566199551966e-01 6.665714480771615102e-01 3.868547313966215206e-01
2.449608294542560960e-01 6.639325833354217110e-01 3.870693918692956759e-01
2.450549596385354911e-01 6.625757695400313896e-01 3.871294624436895093e-01
2.452105918228479897e-01 6.599382666092257210e-01 3.873444862369852526e-01
2.453549995591625121e-01 6.573902287090690466e-01 3.875258128504260879e-01
2.454330615821253003e-01 6.561466734687441127e-01 3.875859176826834673e-01
2.455896563540549415e-01 6.536892872935154974e-01 3.877700505832868405e-01
2.457481861803877399e-01 6.512493542477465480e-01 3.879423112067648116e-01
2.458300609049558216e-01 6.500210117030799095e-01 3.880067854021070906e-01
2.458970021167173614e-01 6.488149371302173174e-01 3.880617903747942687e-01
2.460898458593837324e-01 6.450769596844802001e-01 3.882997610594729476e-01
2.461793525556228712e-01 6.438647189626229839e-01 3.883636278645696827e-01
2.463800588242908152e-01 6.415299914758724187e-01 3.884233975499228331e-01
2.464425105445093578e-01 6.403012938787907560e-01 3.884318509184802037e-01
2.465911491793661703e-01 6.378245858151939673e-01 3.884359355483971710e-01
2.467079410187281718e-01 6.355022717584418723e-01 3.884979136242320275e-01
2.467610951852023671e-01 6.343827327252093973e-01 3.885250716623528389e-01
2.468081924797697058e-01 6.332401766715328728e-01 3.885376413642810389e-01
2.469004272439701830e-01 6.309890336668528832e-01 3.886304650647756098e-01
2.469513670824679819e-01 6.299020302852730291e-01 3.887032244449338814e-01
2.470838380069917406e-01 6.266821776605674410e-01 3.887978037763512029e-01
2.471193100766439221e-01 6.256167873432781912e-01 3.888000761963007479e-01
2.471744032406703317e-01 6.234836890179286106e-01 3.888175410254889330e-01
2.472065944168868878e-01 6.224356190078230711e-01 3.888513656501034754e-01
2.472625113603653946e-01 6.203408246459322095e-01 3.889218325364524054e-01
2.472676183557613594e-01 6.182346438753140161e-01 3.889314424439395124e-01
2.472794207000179600e-01 6.171669079562859261e-01 3.889271089006486326e-01
2.472984647181362405e-01 6.161125378169706179e-01 3.889219722120583755e-01
2.473613757984717554e-01 6.139829332333045508e-01 3.889698263027064895e-01
2.473977879888455134e-01 6.117952035787261877e-01 3.890359270455137075e-01
2.474723721558969858e-01 6.095591245165915550e-01 3.890646108703786910e-01
2.475217330354385348e-01 6.084481905829067783e-01 3.890725589929689976e-01
2.476325855258908193e-01 6.062335665917077954e-01 3.891444631640519347e-01
2.476880646233198258e-01 6.051180159627115307e-01 3.892230864730558126e-01
2.477713194768297045e-01 6.027966090150415068e-01 3.892652229271295061e-01
2.478241015278883630e-01 6.016270321000751764e-01 3.892450359224891576e-01
2.479466509022593412e-01 5.993299504290514612e-01 3.892626520273374524e-01
2.480427780561855755e-01 5.969922355911612133e-01 3.892941062028926202e-01
2.480887549262779379e-01 5.958185737298100637e-01 3.893150963323502856e-01
2.482348103205295475e-01 5.934487136747028657e-01 3.892889582462405462e-01
2.482935352469451684e-01 5.922531062758472631e-01 3.892641885721614958e-01
2.484082338286575098e-01 5.898481263309757194e-01 3.892417149283565747e-01
2.484864885097347320e-01 5.886199488372702016e-01 3.892163621773713222e-01
2.486121075330560426e-01 5.861648006673076949e-01 3.891761052586838465e-01
2.487411047857023272e-01 5.838005122418419290e-01 3.891439264735395698e-01
2.488258968405796245e-01 5.825519522243424175e-01 3.890775532403970560e-01
2.489037596071382585e-01 5.812681954239503623e-01 3.890025828426583177e-01
2.491062530217767745e-01 5.773832450548783690e-01 3.888771486522692999e-01
2.491771933524300209e-01 5.760863587734940117e-01 3.888145226525910880e-01
2.492475499378077053e-01 5.747927776096075636e-01 3.887548575639984128e-01
2.493865001633632783e-01 5.707575086687366461e-01 3.885776505651586943e-01
2.494216900023573935e-01 5.693729914329858088e-01 3.885129903032981113e-01
2.495253169055749731e-01 5.665343272979960210e-01 3.883490192883939374e-01
2.496129151049850947e-01 5.636968430962080445e-01 3.881616550297141144e-01
2.496985736548355816e-01 5.622408913248229112e-01 3.880744596582319517e-01
2.497793859725594701e-01 5.593642431904100043e-01 3.879080194145326788e-01
2.497793859725594701e-01 5.593642431904100043e-01 3.879080194145326788e-01
2.499765933555944952e-01 5.552001462478971527e-01 3.877319823148944744e-01
2.500928124225244575e-01 5.537795430421171838e-01 3.876289390115179589e-01
2.503430667357120498e-01 5.509586766521367140e-01 3.874443228962599628e-01
2.507040519352640717e-01 5.482161709613105893e-01 3.873671403786370648e-01
2.508734671938464000e-01 5.468369511167240349e-01 3.872940804775967250e-01
2.511979660780645496e-01 5.441913774145573646e-01 3.871690751413121578e-01
2.513930630154302404e-01 5.428574436369402179e-01 3.870830686998104619e-01
2.517405941104110534e-01 5.402154514397691232e-01 3.869798616117589019e-01
2.519155517821377033e-01 5.388753022737907683e-01 3.869576603658356762e-01
2.522860952628320774e-01 5.361311355687164992e-01 3.868696617360777301e-01
2.524437406537506923e-01 5.347610416002296363e-01 3.868570549709637874e-01
2.529179751867564607e-01 5.305304956135957761e-01 3.868966010354127905e-01
2.530614954755677215e-01 5.291037029794264379e-01 3.869099232868916660e-01
2.532418463548510856e-01 5.276607011596031738e-01 3.869035451961677641e-01
2.536528326110596421e-01 5.247749649361933555e-01 3.869925562165591471e-01
2.540631725096605953e-01 5.218540013435971625e-01 3.870497929183808195e-01
2.544110499463882458e-01 5.189141380416283367e-01 3.869743711592222857e-01
2.546018927914561192e-01 5.174357539700984443e-01 3.867953650776539964e-01
2.550081953206047580e-01 5.144267339326806798e-01 3.866394488784435923e-01
2.551977461344096532e-01 5.129373236500253119e-01 3.866615503105711449e-01
2.554095236394329782e-01 5.114775501754766918e-01 3.865917455830411020e-01
2.561163086768474817e-01 5.070444494195528451e-01 3.861724476521105620e-01
2.561163086768474817e-01 5.070444494195528451e-01 3.861724476521105620e-01
2.565135532607714097e-01 5.041522116209214976e-01 3.858468987868892697e-01
2.569336546279102351e-01 5.012166098857216978e-01 3.853846079802698554e-01
2.574306980202650807e-01 4.982901641776686930e-01 3.850181782088250015e-01
2.576571039649200312e-01 4.968062033062491945e-01 3.848026636030908998e-01
2.581263636898040170e-01 4.937726441828957924e-01 3.842001620553117114e-01
2.586714651052240410e-01 4.906825264258083408e-01 3.836852258817124994e-01
2.588936990380935055e-01 4.890670226968291678e-01 3.833473039884773836e-01
2.590758653662271205e-01 4.874865834658345665e-01 3.830609053604304703e-01
2.595355654556720792e-01 4.842440070306477939e-01 3.824480613616593194e-01
2.600023365836520717e-01 4.808908376411287766e-01 3.817143071124563525e-01
2.601625717145728545e-01 4.792601763835884765e-01 3.814119292415431017e-01
2.606371688841703227e-01 4.758271186140117237e-01 3.808659151024779144e-01
2.610473090991471401e-01 4.723404794413843533e-01 3.801971113125385271e-01
2.614183773460760363e-01 4.689119692190986677e-01 3.796677481625082562e-01
2.616110056460225763e-01 4.672221040667781100e-01 3.794932077450633434e-01
2.619872165057693381e-01 4.638035081248164104e-01 3.792506590488590179e-01
2.621342525649223432e-01 4.620961574305049724e-01 3.791660464892041560e-01
2.623405017516731164e-01 4.587891301258500421e-01 3.791041858660040287e-01
2.624519491457630305e-01 4.571761686825102644e-01 3.791313314248037081e-01
2.627136913466761037e-01 4.540099832473953323e-01 3.792314348728657025e-01
2.629129029119995908e-01 4.508922139427131159e-01 3.792869297704958287e-01
2.630012318921670644e-01 4.493514821654403524e-01 3.793304618952112461e-01
2.631716495289797009e-01 4.463399871849684231e-01 3.793437314055300158e-01
2.633838824404279300e-01 4.434588267760699587e-01 3.794797436174940364e-01
2.635345864559089368e-01 4.420376927219346608e-01 3.796054921268395832e-01
2.637108107940790425e-01 4.391642881524062680e-01 3.796956876215994425e-01
2.637191521681493955e-01 4.377537052145681895e-01 3.797404382020603819e-01
2.637699442606353251e-01 4.363269866483787118e-01 3.798440476979089153e-01
2.639350684638858691e-01 4.334190821561061946e-01 3.800037608057910132e-01
2.640531132353194921e-01 4.304143914305673668e-01 3.801761623364438014e-01
2.642424879545042238e-01 4.273714445264618633e-01 3.803477279051383775e-01
2.643006150851032743e-01 4.259010102021064115e-01 3.804441387664472263e-01
2.643638679246626544e-01 4.229385733928043289e-01 3.805894068496313842e-01
2.645274359594235736e-01 4.200042664861285413e-01 3.808166759312080485e-01
2.645844784855448384e-01 4.185557196854572393e-01 3.809688628740427463e-01
2.646933125314493429e-01 4.156842532152821845e-01 3.812331340565410231e-01
2.647607578940108231e-01 4.142266939304173334e-01 3.813325950447118418e-01
2.648305186720389948e-01 4.127665755440150797e-01 3.814809282483959674e-01
2.649827405007982306e-01 4.098867898845255375e-01 3.817090414602629656e-01
2.651035928125674013e-01 4.070913967759118290e-01 3.819791616611697416e-01
2.652517680581359394e-01 4.042240832141214546e-01 3.821412627207230184e-01
2.653904539846418942e-01 4.027556035792110856e-01 3.821431764463457670e-01
2.657004328752439193e-01 3.999541752830912955e-01 3.823854659786830590e-01
2.658538839644253304e-01 3.985636737353224768e-01 3.825364961446430234e-01
2.662006934718676998e-01 3.957265770332317190e-01 3.827420992300790692e-01
2.664971386474719872e-01 3.929731747332445568e-01 3.829865181497921212e-01
2.667055312359775110e-01 3.902799167256073010e-01 3.831108445050358524e-01
2.667055312359775110e-01 3.902799167256073010e-01 3.831108445050358524e-01
2.669630605244492361e-01 3.875549864732326100e-01 3.831699095187197646e-01
2.672650154356583929e-01 3.848483940094440392e-01 3.832963312701712644e-01
2.674520650492697160e-01 3.835295930172614720e-01 3.834511607443004122e-01
2.678004873650526307e-01 3.807325666720391966e-01 3.834866487444902328e-01
2.680939670554564613e-01 3.778788646340187629e-01 3.834229381623296407e-01
2.682282129583443697e-01 3.764957221816640498e-01 3.834211200727336566e-01
2.684623830746754591e-01 3.736994193727194435e-01 3.833361979071492343e-01
2.686949085479524157e-01 3.709025844392417337e-01 3.832053122022159863e-01
2.688289152187992581e-01 3.695250108013252710e-01 3.832020306403609577e-01
2.690543075403417084e-01 3.666985922120886698e-01 3.830203226780702908e-01
2.691921374265244249e-01 3.652933268139493261e-01 3.829083358769564960e-01
2.694133822835382830e-01 3.626061511834462459e-01 3.828849176908589724e-01
2.694947884429662044e-01 3.612127012422870487e-01 3.828056794475205304e-01
2.697688071293231071e-01 3.583281477366528356e-01 3.825803840087261820e-01
2.699916017372380739e-01 3.555393022137882109e-01 3.824543293572252312e-01
2.700933983842730979e-01 3.541222609939434496e-01 3.823640363961464672e-01
2.703400577869549681e-01 3.512740679490798379e-01 3.822051959843332236e-01
2.704401569811518136e-01 3.498475852971882905e-01 3.821923850271620182e-01
2.705265793318769596e-01 3.469075399268750637e-01 3.819571471216437475e-01
2.707098535861466870e-01 3.439171806698987921e-01 3.818310492531860056e-01
2.707989380244035238e-01 3.423936621623457910e-01 3.817527584292267351e-01
2.708800034580825522e-01 3.408891485981981329e-01 3.817366182615363757e-01
2.710026482124991976e-01 3.362515912662992768e-01 3.815298543937545306e-01
2.709974841973610826e-01 3.346977872882212490e-01 3.814521561399971672e-01
2.711213570017279584e-01 3.314795444923631096e-01 3.812985526059490260e-01
2.712735907576293015e-01 3.282528751017519952e-01 3.811900815193763892e-01
2.713369409305668167e-01 3.266012193528594620e-01 3.811578959445288683e-01
2.713781563367611560e-01 3.248832501449658294e-01 3.810787739364827065e-01
2.714739438378726555e-01 3.215914233562788827e-01 3.809316871376114966e-01
2.715492754454194024e-01 3.182020320859264007e-01 3.808019459295753917e-01
2.715899687713975719e-01 3.149033980242073039e-01 3.806234572965667695e-01
2.717099685313603685e-01 3.132634189313875939e-01 3.805174266251194481e-01
2.718078079386960222e-01 3.097423762133430514e-01 3.802527307663213785e-01
2.718627212044242847e-01 3.080048129784877520e-01 3.801061297881141998e-01
2.719866367237276372e-01 3.044100942349543537e-01 3.796726551096223368e-01
2.720191085566536215e-01 3.026537892836124732e-01 3.795193391161248986e-01
2.721320610917246086e-01 2.991626734099130935e-01 3.793830352355713753e-01
2.722522688677504465e-01 2.956787501074871760e-01 3.790685498058198322e-01
2.723249267597085965e-01 2.939474261519591791e-01 3.788712281870009191e-01
2.724708539856333100e-01 2.904562994706161305e-01 3.784649783490839914e-01
2.725101345256671359e-01 2.888210456258339387e-01 3.783259190665605454e-01
2.725441249869290927e-01 2.871392944514830625e-01 3.781554536168996172e-01
2.725441249869290927e-01 2.871392944514830625e-01 3.781554536168996172e-01
2.732027810783743682e-01 2.810616340714655048e-01 3.776104207700874404e-01
2.735410048284530604e-01 2.771339451451731439e-01 3.776042756167151682e-01
2.737463864467296615e-01 2.754238920274207914e-01 3.775704987484244102e-01
2.741840795273551290e-01 2.720552330283284026e-01 3.773942461846035989e-01
2.742882421763747636e-01 2.702973869455059241e-01 3.774078692059884554e-01
2.747200710110882516e-01 2.667328190268599131e-01 3.773279661318436062e-01
2.750873547692360699e-01 2.649993763405848468e-01 3.771971664425129989e-01
2.756116862427664960e-01 2.615212369207264298e-01 3.770366574434710349e-01
2.760522975375283017e-01 2.579693765622363966e-01 3.766980941579057829e-01
2.766045859563233678e-01 2.544390288037458592e-01 3.763814067054759294e-01
2.769129919568221188e-01 2.527197092651150001e-01 3.762058540612439606e-01
2.773453415996783300e-01 2.491763628374195072e-01 3.756977115165288650e-01
2.778936283329882517e-01 2.455985428243938895e-01 3.752470741670543841e-01
2.780561892286017023e-01 2.437523307058574173e-01 3.751335267362785331e-01
2.783507991575353557e-01 2.419822027409334331e-01 3.749730925736720621e-01
2.788158062755316524e-01 2.385140137578785346e-01 3.744069160550137498e-01
2.789922726508675122e-01 2.366681046348012296e-01 3.740705385990775733e-01
2.793892405638664922e-01 2.330361725710393961e-01 3.736894928112731717e-01
2.798516080986370724e-01 2.293461015404884840e-01 3.733137490066974484e-01
2.802895455402332758e-01 2.256212005100878548e-01 3.727931943880796739e-01
2.805002338967413356e-01 2.237053956187055326e-01 3.725056299167860407e-01
2.808857349072459431e-01 2.198211335752852380e-01 3.715802751525343339e-01
2.810107650156857262e-01 2.178096468633116400e-01 3.711703105821576587e-01
2.813048045113063500e-01 2.138151085418974751e-01 3.708151608191770920e-01
2.815451534999590666e-01 2.099441734780888025e-01 3.704582945152228302e-01
2.816177481120248904e-01 2.080533989848647736e-01 3.703796182690021199e-01
2.816764975073245414e-01 2.043235459562750267e-01 3.703977740503446858e-01
2.816397237822784727e-01 2.025046297096295689e-01 3.704676692909317781e-01
2.816550480021740577e-01 1.989664406735902336e-01 3.710127877003900343e-01
2.816228194071918600e-01 1.952949783660602456e-01 3.714326643986528564e-01
2.816051950413162586e-01 1.935798608293606005e-01 3.716912490880334152e-01
2.816323295411407024e-01 1.901508554947197727e-01 3.720449508159572316e-01
2.816037781377735971e-01 1.883710023598253180e-01 3.721282144805982961e-01
2.816367981692647349e-01 1.849017231004756734e-01 3.727013622759060008e-01
2.817103278962413970e-01 1.832035253598337798e-01 3.729928752742617259e-01
2.817839256077809273e-01 1.814851030384444508e-01 3.732049565053979778e-01
2.819026630519437249e-01 1.764649321291420492e-01 3.737730576996699527e-01
2.820223663057324637e-01 1.730224177724183077e-01 3.741766679833534726e-01
2.820303603640357260e-01 1.712837251418088957e-01 3.742127908012757853e-01
2.821839213081553388e-01 1.679924492334414488e-01 3.743985714574319390e-01
2.822516667332404250e-01 1.663604577726063849e-01 3.747399948604581699e-01
2.822853389878711705e-01 1.631393802852830754e-01 3.751926003387483499e-01
2.823727304880149780e-01 1.616284807938835888e-01 3.752833684365303180e-01
2.826214712840477428e-01 1.584311469210649692e-01 3.755643489045982220e-01
2.826968377254336917e-01 1.552133411202012703e-01 3.757076402630507017e-01
2.828230328024700091e-01 1.536462722149523896e-01 3.757293653689645074e-01
2.829544484025956486e-01 1.520609109578824614e-01 3.758881649771109723e-01
2.830782094284837735e-01 1.488200415513602493e-01 3.760550342719217731e-01
2.832586649783121469e-01 1.457145500429831986e-01 3.763225671597002497e-01
2.833177365351104982e-01 1.441112060120185168e-01 3.764359676359174678e-01
2.833779800265969206e-01 1.409056527135171821e-01 3.764783235255030336e-01
2.835023102125691641e-01 1.378848104910061212e-01 3.766404438071613292e-01
2.834602250007785540e-01 1.347616605011991708e-01 3.766349169025262622e-01
2.835361341132089374e-01 1.332371531812098775e-01 3.767522476814054722e-01
2.835995991105897396e-01 1.316782904855246239e-01 3.769079140435884767e-01
2.836657744002765713e-01 1.286954712911144438e-01 3.771031414108375612e-01
2.837325219169938295e-01 1.272535181804069493e-01 3.772549831353231298e-01
2.837743806795720025e-01 1.225315491267375406e-01 3.772993777991464626e-01
2.838171939600188654e-01 1.210105131406220558e-01 3.773577337715243729e-01
2.837777702619321829e-01 1.194618319458157080e-01 3.772477767730333387e-01
2.838801957462052106e-01 1.163795879124600169e-01 3.774532553114933187e-01
2.838983850247054908e-01 1.131913055539065099e-01 3.776791344297830699e-01
2.839276966351783615e-01 1.116174863478064383e-01 3.777011018020393074e-01
2.839609437611821385e-01 1.086095211701929159e-01 3.777577664656751599e-01
2.839609437611821385e-01 1.086095211701929159e-01 3.777577664656751599e-01
2.837596529783166788e-01 1.039063200671383053e-01 3.778857043161379936e-01
2.837559575990262761e-01 1.008605676565240555e-01 3.777927806566144797e-01
2.837675011699394290e-01 9.930017004872450370e-02 3.778428532397444251e-01
2.837713772352666308e-01 9.622843610532456904e-02 3.779151619303894316e-01
2.836618782703972386e-01 9.301951234697765358e-02 3.778188405519465887e-01
2.835763930137909505e-01 9.142714895240605655e-02 3.777063847329195090e-01
2.834279011580733143e-01 8.820924207058417066e-02 3.779125221680890157e-01
2.833712433078115489e-01 8.658718075648162704e-02 3.779858044678590101e-01
2.833011413104819520e-01 8.347627488512905647e-02 3.777337350881528888e-01
2.833138479744173321e-01 8.180755850199614154e-02 3.776844743001238625e-01
2.832433556651957063e-01 7.837604168408435212e-02 3.776609987920332978e-01
2.832187532336020719e-01 7.669941311304302733e-02 3.776235627794163330e-01
2.830323515392993983e-01 7.318658048842584252e-02 3.775593148597700122e-01
2.829343572548292940e-01 6.980538465463562159e-02 3.772956902775148613e-01
2.830119154421512628e-01 6.814039827614909450e-02 3.771557212411926763e-01
2.829553248851037761e-01 6.469193769137954186e-02 3.768461570737294819e-01
2.828963329042887831e-01 6.123020248913198932e-02 3.766154764778947284e-01
2.829213218923891660e-01 5.951885552053759465e-02 3.765009197513499162e-01
2.828096030948881734e-01 5.613525962941596364e-02 3.759365828282562605e-01
2.827555800745649162e-01 5.438306933922629205e-02 3.756707819843686513e-01
2.827577625173156028e-01 5.088121267972028905e-02 3.754082538982801420e-01
2.826895430391088149e-01 4.904926197633330265e-02 3.753110442782136014e-01
2.825880908973861794e-01 4.533181036129268343e-02 3.751280028957465484e-01
2.827568750434444333e-01 4.183458278613327169e-02 3.749365604221086556e-01
2.829499585808144535e-01 3.850279481987269742e-02 3.746022040557300814e-01
2.830398617830220953e-01 3.680943776623692154e-02 3.745731034437178586e-01
2.832087820186934279e-01 3.337216041264858685e-02 3.746654660700832196e-01
2.835613465889176843e-01 3.008383589292197915e-02 3.746029299418368597e-01
2.837273468539347476e-01 2.846534414007371658e-02 3.745406714865193720e-01
2.838686379021291839e-01 2.682247767051920695e-02 3.746077177458811969e-01
2.841464801612658131e-01 2.333672686163924467e-02 3.748708141362597779e-01
2.843308592894974729e-01 2.160542162692931714e-02 3.748379184635616257e-01
2.847459507162103942e-01 1.822330112730938603e-02 3.747564462730718082e-01
2.850806283433046096e-01 1.483765917233131372e-02 3.746817167493362577e-01
2.855694078864033925e-01 1.137176506134403818e-02 3.745263869497214015e-01
2.857776597928938234e-01 9.642370704556349828e-03 3.744129220544146763e-01
2.860732918799593905e-01 6.194040238312947984e-03 3.740619422724024146e-01
2.862201433061208888e-01 4.560041170665181560e-03 3.737378684254532013e-01
2.866683621944365878e-01 1.169409270231828177e-03 3.733428713279983713e-01
2.870550564229299995e-01 -2.429659527278121151e-03 3.729535895738295137e-01
2.875855449095487404e-01 -5.835416233919986199e-03 3.722988858653990540e-01
2.877610790498685844e-01 -7.660228898604401655e-03 3.721469446285876614e-01
2.879514508468827283e-01 -9.451765342911701631e-03 3.718872759758901081e-01
2.883469701928275675e-01 -1.305467085346819801e-02 3.713611435230003144e-01
2.886264909704696624e-01 -1.662224455274355361e-02 3.708822417892339018e-01
2.887917855983062054e-01 -1.847094312336011734e-02 3.706623951450732646e-01
2.890316014619755958e-01 -2.234133742867057057e-02 3.702971910148403767e-01
2.890963297508387098e-01 -2.426807760598045927e-02 3.701071425171597040e-01
2.894098898542761811e-01 -2.802796657456770382e-02 3.696592439244023032e-01
2.896211278243793208e-01 -3.181582067631773952e-02 3.694003630876786515e-01
2.896211278243793208e-01 -3.181582067631773952e-02 3.694003630876786515e-01
2.897664421472812557e-01 -3.551206024942423628e-02 3.692298382144402202e-01
2.898051738703685820e-01 -3.919170385708353743e-02 3.693234170390772286e-01
2.898579854967053837e-01 -4.255077658283471648e-02 3.696754877987024068e-01
2.897985266414179750e-01 -4.595694905055510565e-02 3.697589935317585619e-01
2.897923002835804951e-01 -4.757771316993634342e-02 3.697586381354872609e-01
2.898812568293991365e-01 -5.075839374230369655e-02 3.703277106718363409e-01
2.899086632328163327e-01 -5.231665264079474881e-02 3.705454564875517720e-01
2.898386402928776473e-01 -5.547116020842637885e-02 3.709115964349725125e-01
2.899064336495733030e-01 -5.880208331538935157e-02 3.713495061793360419e-01
2.899508770273790947e-01 -6.035303520168312091e-02 3.714355527887567288e-01
2.900226853566977847e-01 -6.352654979303562488e-02 3.714834186987128195e-01
2.900466493944393043e-01 -6.516598426652381315e-02 3.715864138444762155e-01
2.900550642810488799e-01 -6.826177711225130118e-02 3.717828060971380966e-01
2.901070020092815782e-01 -7.137015774363296428e-02 3.721916637554191221e-01
2.902220106545470579e-01 -7.293619428408500138e-02 3.724304990439463170e-01
2.903431456352347229e-01 -7.611911167375760845e-02 3.726615499846309687e-01
2.903959464350382991e-01 -7.941434741872616110e-02 3.728881351684875112e-01
2.904406124286315616e-01 -8.100400151660969161e-02 3.729644343530514883e-01
2.904261692233350289e-01 -8.267344034819412713e-02 3.730356883201233487e-01
2.904978667972560324e-01 -8.593709408096612823e-02 3.733651623213198878e-01
2.905991932736058936e-01 -8.915272128379414518e-02 3.738507688435016574e-01
2.905342185352093876e-01 -9.065509120446280100e-02 3.742490290754526550e-01
2.905200910389039715e-01 -9.222871612851792078e-02 3.746235133756715685e-01
2.906760068127735575e-01 -9.546924987100351145e-02 3.749220538939526115e-01
2.908629203340213354e-01 -9.841333429778480191e-02 3.750439281610605802e-01
2.910324583587240999e-01 -1.013941425111308386e-01 3.753303665358361796e-01
2.910995044799781772e-01 -1.029224281426158322e-01 3.754947709016960289e-01
2.911697204151793006e-01 -1.057830335970306734e-01 3.757537763410023768e-01
2.912064615338081364e-01 -1.071935346084861157e-01 3.758586290280464537e-01
2.913571038998958307e-01 -1.100280747885326593e-01 3.762192720400623358e-01
2.914100296023448000e-01 -1.114999200788530792e-01 3.764152388743958744e-01
2.914848575510397555e-01 -1.144159505464633769e-01 3.766062752419260251e-01
2.914468688151842235e-01 -1.157713529722796258e-01 3.766430212813552947e-01
2.915826724799649994e-01 -1.201751612560370691e-01 3.771040231450264457e-01
2.916756366446738302e-01 -1.216151561954516430e-01 3.771090300528787687e-01
2.917969514659003449e-01 -1.245152969325337144e-01 3.770654210622479408e-01
2.917955135161726665e-01 -1.259638721218760138e-01 3.771528361570303245e-01
2.918520106829959881e-01 -1.289018230521629393e-01 3.772423503143577106e-01
2.918836748291264716e-01 -1.304206601908945717e-01 3.773146146546758617e-01
2.919398857544101555e-01 -1.333016663836220639e-01 3.773302943478382687e-01
2.920035894263916521e-01 -1.346950413615615461e-01 3.772504113580836815e-01
2.920710724435831573e-01 -1.374647785768569053e-01 3.772163443133466076e-01
2.921167396130694427e-01 -1.402244210592206164e-01 3.772198755103263190e-01
2.921845700675060331e-01 -1.416216932627410718e-01 3.772451871707711568e-01
2.921419416540544378e-01 -1.444183637635977346e-01 3.772052620244035204e-01
2.921369482906074344e-01 -1.471557345490254465e-01 3.771912059115031246e-01
2.921539507097426491e-01 -1.484959767972618694e-01 3.772272176925098863e-01
2.921899071625911337e-01 -1.513062442202695312e-01 3.772860185899163943e-01
2.921838503363170525e-01 -1.526978081967050038e-01 3.773189748932820331e-01
2.920977513466179176e-01 -1.555275812481083653e-01 3.774361070477404434e-01
2.920462776588986786e-01 -1.583810061592902108e-01 3.775353637703325882e-01
2.920063593760921505e-01 -1.597759163416514749e-01 3.774994718459721010e-01
2.919582485416301609e-01 -1.625996513537948107e-01 3.775062769021663156e-01
2.919937537691199569e-01 -1.653785143009253167e-01 3.773689972117932889e-01
2.919714666303108164e-01 -1.668770785336693707e-01 3.774018226396278486e-01
2.919054849687492958e-01 -1.683358140494382316e-01 3.774296815550745032e-01
2.918732942236968442e-01 -1.711749654755102545e-01 3.772424521748428683e-01
2.919490518556761560e-01 -1.740017606257834026e-01 3.769765688142822091e-01
2.919141654091070293e-01 -1.755317670282686426e-01 3.769645079730539194e-01
2.918024953190584414e-01 -1.787248992049144114e-01 3.768933211370908420e-01
2.917878616147622228e-01 -1.802253719261045217e-01 3.767375733110004399e-01
2.917590702568330085e-01 -1.832362344542625421e-01 3.765051299102498694e-01
2.917405021858814340e-01 -1.862690744813708665e-01 3.762463146605864450e-01
2.917790951558414947e-01 -1.878599034020803638e-01 3.761495565211815384e-01
2.918071173803633012e-01 -1.911151367329625705e-01 3.759155796602917654e-01
2.915722878246010397e-01 -1.944003423739986136e-01 3.756856462723779932e-01
2.914113690708438065e-01 -1.960599291660608257e-01 3.756114744173144615e-01
2.912838022620203304e-01 -1.994331279651422040e-01 3.753804074337062646e-01
2.913058256341449770e-01 -2.026446987650959430e-01 3.750364703696833502e-01
2.912529741200517441e-01 -2.042198184361581903e-01 3.748591076422066459e-01
2.912373308347033229e-01 -2.058023088706940895e-01 3.747054426632907553e-01
2.912672532952085835e-01 -2.090313944092472287e-01 3.744616087926676551e-01
2.915575888995018405e-01 -2.122425678089122358e-01 3.743998350586627000e-01
2.917911750215433364e-01 -2.154891653732573797e-01 3.744298075722670704e-01
2.918387636790074069e-01 -2.172395910458940760e-01 3.743356719971636659e-01
2.920727057145058869e-01 -2.205780554093527135e-01 3.741565122401503407e-01
2.923817751549104282e-01 -2.237332134793514060e-01 3.740651660315492677e-01
2.924554910261105700e-01 -2.253223788309251796e-01 3.740575095669781414e-01
2.926201963564091790e-01 -2.268965861126383265e-01 3.741294230272355081e-01
2.927616782401153972e-01 -2.284637991957650938e-01 3.741268071831732600e-01
2.930630292845367024e-01 -2.316694268614530039e-01 3.740646573507934169e-01
2.934174010242669994e-01 -2.349414763597545974e-01 3.740496856034578599e-01
2.937156384735202241e-01 -2.381285089793611365e-01 3.742021522993908000e-01
2.939381157219009832e-01 -2.397177676693193760e-01 3.742788296243281243e-01
2.941803032201774637e-01 -2.412623848267834437e-01 3.743756633053448857e-01
2.941803032201774637e-01 -2.412623848267834437e-01 3.743756633053448857e-01
2.948154264787046230e-01 -2.472880726590559464e-01 3.742678987141162539e-01
2.952637287059055038e-01 -2.510801176150641578e-01 3.742308342753288830e-01
2.956318287424103963e-01 -2.544427679031087686e-01 3.740261633236373617e-01
2.959785217668824964e-01 -2.578070509426435009e-01 3.737690444066014139e-01
2.959785217668824964e-01 -2.578070509426435009e-01 3.737690444066014139e-01
2.964073354253032311e-01 -2.610258669945981769e-01 3.733504430761382942e-01
2.967405026099934617e-01 -2.644108067201353385e-01 3.732667216516816211e-01
2.971998969099786669e-01 -2.676966395516391928e-01 3.726992778757777236e-01
2.974418912198126819e-01 -2.693662519586085269e-01 3.724237920905029142e-01
2.975933300409491777e-01 -2.727689091240856900e-01 3.717505724288192592e-01
2.978996617915597445e-01 -2.744511353277687693e-01 3.714839312193828347e-01
2.983788123717743268e-01 -2.780164778659026670e-01 3.707737874733288974e-01
2.984252577816012830e-01 -2.798751346813918017e-01 3.703281904488343601e-01
2.989991953966972815e-01 -2.834810269382239123e-01 3.696513746333006667e-01
2.993682633296386175e-01 -2.871109591511767367e-01 3.684179931750867221e-01
2.995707455136225050e-01 -2.888726587533775869e-01 3.680159560976719035e-01
2.999478593024602069e-01 -2.927443850202420816e-01 3.674254754633508036e-01
3.002312928779738432e-01 -2.967661409372305825e-01 3.669322588983873201e-01
3.004577564118557365e-01 -2.986726554919239551e-01 3.668162737309136334e-01
3.008822244323808293e-01 -3.024299211625531281e-01 3.663873712143356220e-01
3.009438034822198293e-01 -3.042694776794060973e-01 3.662535845258918510e-01
3.011230290230672568e-01 -3.076863925317627202e-01 3.664446774267818840e-01
3.011230290230672568e-01 -3.076863925317627202e-01 3.664446774267818840e-01
3.011041393025720159e-01 -3.120849533900627581e-01 3.673067293496633523e-01
3.010321113730735632e-01 -3.146738602308192245e-01 3.681109188223528061e-01
3.007471125330283823e-01 -3.173055567368245899e-01 3.691321528785437289e-01
3.006321149375359991e-01 -3.186281867911844312e-01 3.695983950492846004e-01
3.006470010050650843e-01 -3.199578789299030168e-01 3.700352440198834136e-01
3.007915981461832811e-01 -3.229039552176882211e-01 3.708088543067744602e-01
3.008205413662219385e-01 -3.258198755545571590e-01 3.715283098993685806e-01
3.008618207492278485e-01 -3.272031551248254511e-01 3.718798465003758658e-01
3.010472429823227158e-01 -3.301054854365281233e-01 3.724787764512013100e-01
