1.752494449507359505e+09
1.752494449556118965e+09
1.752494449557016373e+09
1.752494449570907354e+09
1.752494449571819067e+09
1.752494449574409246e+09
1.752494449575272560e+09
1.752494449590237141e+09
1.752494449591017246e+09
1.752494449592004538e+09
1.752494449592747688e+09
1.752494449604672909e+09
1.752494449605570078e+09
1.752494449606638432e+09
1.752494449607505083e+09
1.752494449618345976e+09
1.752494449619223118e+09
1.752494449620271206e+09
1.752494449621102810e+09
1.752494449639077187e+09
1.752494449639946938e+09
1.752494449641034126e+09
1.752494449641805172e+09
1.752494449652270079e+09
1.752494449653099298e+09
1.752494449654073238e+09
1.752494449654827356e+09
1.752494449665450335e+09
1.752494449666226625e+09
1.752494449667169333e+09
1.752494449667931795e+09
1.752494449692295790e+09
1.752494449693358183e+09
1.752494449694739819e+09
1.752494449695736170e+09
1.752494449709831238e+09
1.752494449710819721e+09
1.752494449712044716e+09
1.752494449713028193e+09
1.752494449727939606e+09
1.752494449728811979e+09
1.752494449729928017e+09
1.752494449730707884e+09
1.752494449743377686e+09
1.752494449744413853e+09
1.752494449745658636e+09
1.752494449746654272e+09
1.752494449762678862e+09
1.752494449763734102e+09
1.752494449765015125e+09
1.752494449765950441e+09
1.752494449779651642e+09
1.752494449780562401e+09
1.752494449781661034e+09
1.752494449782601833e+09
1.752494449794610262e+09
1.752494449795462370e+09
1.752494449796492100e+09
1.752494449797362089e+09
1.752494449808799028e+09
1.752494449809607267e+09
1.752494449810595036e+09
1.752494449811357260e+09
1.752494449823671579e+09
1.752494449824470997e+09
1.752494449825495958e+09
1.752494449826272249e+09
1.752494449837049246e+09
1.752494449837846756e+09
1.752494449838971853e+09
1.752494449839720488e+09
1.752494449850127220e+09
1.752494449850928545e+09
1.752494449851942539e+09
1.752494449852674723e+09
1.752494449863639116e+09
1.752494449864397526e+09
1.752494449865377903e+09
1.752494449866171598e+09
1.752494449876080751e+09
1.752494449876904488e+09
1.752494449877882481e+09
1.752494449878613234e+09
1.752494449888702631e+09
1.752494449889513254e+09
1.752494449890558243e+09
1.752494449891304255e+09
1.752494449900738478e+09
1.752494449901678562e+09
1.752494449902634382e+09
1.752494449903413534e+09
1.752494449912592411e+09
1.752494449913373470e+09
1.752494449914441824e+09
1.752494449915186405e+09
1.752494449924698591e+09
1.752494449925477982e+09
1.752494449926500082e+09
1.752494449927305698e+09
1.752494449936830044e+09
1.752494449937608242e+09
1.752494449938575506e+09
1.752494449939308882e+09
1.752494449948464870e+09
1.752494449949280739e+09
1.752494449950226068e+09
1.752494449951168537e+09
1.752494449961030960e+09
1.752494449961818218e+09
1.752494449962779999e+09
1.752494449963547468e+09
1.752494449972557783e+09
1.752494449973335028e+09
1.752494449974287033e+09
1.752494449975011587e+09
1.752494449984668732e+09
1.752494449985462427e+09
1.752494449986389160e+09
1.752494449987122536e+09
1.752494449996282339e+09
1.752494449997058868e+09
1.752494449998028755e+09
1.752494449998819351e+09
1.752494450008217812e+09
1.752494450008976698e+09
1.752494450009938717e+09
1.752494450010674238e+09
1.752494450019905806e+09
1.752494450020652294e+09
1.752494450021639347e+09
1.752494450022378922e+09
1.752494450031804323e+09
1.752494450032569170e+09
1.752494450033483505e+09
1.752494450034236670e+09
1.752494450043170452e+09
1.752494450043938875e+09
1.752494450044882059e+09
1.752494450045657158e+09
1.752494450054752350e+09
1.752494450055501938e+09
1.752494450056454659e+09
1.752494450057171822e+09
1.752494450066039324e+09
1.752494450066782236e+09
1.752494450067702293e+09
1.752494450068417072e+09
1.752494450078039885e+09
1.752494450078833103e+09
1.752494450079828739e+09
1.752494450080588818e+09
1.752494450089630604e+09
1.752494450090412378e+09
1.752494450091386080e+09
1.752494450092113733e+09
1.752494450102159262e+09
1.752494450102938652e+09
1.752494450103880882e+09
1.752494450104620457e+09
1.752494450114267588e+09
1.752494450115061522e+09
1.752494450116008759e+09
1.752494450116738558e+09
1.752494450126340866e+09
1.752494450127089262e+09
1.752494450128021955e+09
1.752494450128751040e+09
1.752494450137853384e+09
1.752494450138612509e+09
1.752494450139620304e+09
1.752494450140369415e+09
1.752494450149955273e+09
1.752494450150758028e+09
1.752494450151720762e+09
1.752494450152460575e+09
1.752494450161527872e+09
1.752494450162335634e+09
1.752494450163274527e+09
1.752494450163994312e+09
1.752494450173255920e+09
1.752494450174069643e+09
1.752494450175000668e+09
1.752494450175729752e+09
1.752494450184727192e+09
1.752494450185501099e+09
1.752494450186457157e+09
1.752494450187213898e+09
1.752494450197098970e+09
1.752494450197851181e+09
1.752494450198764801e+09
1.752494450199475527e+09
1.752494450208456755e+09
1.752494450209222794e+09
1.752494450210155964e+09
1.752494450210892916e+09
1.752494450221507788e+09
1.752494450222474098e+09
1.752494450223660231e+09
1.752494450224596977e+09
1.752494450235561132e+09
1.752494450236389875e+09
1.752494450237348795e+09
1.752494450238105774e+09
1.752494450247716904e+09
1.752494450248499632e+09
1.752494450249476671e+09
1.752494450250220537e+09
1.752494450259423256e+09
1.752494450260172367e+09
1.752494450261110306e+09
1.752494450261901617e+09
1.752494450271129847e+09
1.752494450271867752e+09
1.752494450272759914e+09
1.752494450273511887e+09
1.752494450282208920e+09
1.752494450282939672e+09
1.752494450283854961e+09
1.752494450284591436e+09
1.752494450293908119e+09
1.752494450294667244e+09
1.752494450295647383e+09
1.752494450296412230e+09
1.752494450305063725e+09
1.752494450305894375e+09
1.752494450306911945e+09
1.752494450307676077e+09
1.752494450317768097e+09
1.752494450318544626e+09
1.752494450319480896e+09
1.752494450320253611e+09
1.752494450329447985e+09
1.752494450330263853e+09
1.752494450331209660e+09
1.752494450331942797e+09
1.752494450341301918e+09
1.752494450342043638e+09
1.752494450343008041e+09
1.752494450343728781e+09
1.752494450352438688e+09
1.752494450353176117e+09
1.752494450354094267e+09
1.752494450354833603e+09
1.752494450364344835e+09
1.752494450365106106e+09
1.752494450366126060e+09
1.752494450366903782e+09
1.752494450375988722e+09
1.752494450376765728e+09
1.752494450377725124e+09
1.752494450378490448e+09
1.752494450388024569e+09
1.752494450388792276e+09
1.752494450389774561e+09
1.752494450390522480e+09
1.752494450399809599e+09
1.752494450400578260e+09
1.752494450401515484e+09
1.752494450402279615e+09
1.752494450411902189e+09
1.752494450412681103e+09
1.752494450413599253e+09
1.752494450414336681e+09
1.752494450423736811e+09
1.752494450424521446e+09
1.752494450425444365e+09
1.752494450426162243e+09
1.752494450435485125e+09
1.752494450436240673e+09
1.752494450437145948e+09
1.752494450437868357e+09
1.752494450447054625e+09
1.752494450447804213e+09
1.752494450448722363e+09
1.752494450449439049e+09
1.752494450458534241e+09
1.752494450459288359e+09
1.752494450460213184e+09
1.752494450460944414e+09
1.752494450469762087e+09
1.752494450470511436e+09
1.752494450471424103e+09
1.752494450472149849e+09
1.752494450482068539e+09
1.752494450482888699e+09
1.752494450483843565e+09
1.752494450484614372e+09
1.752494450493755341e+09
1.752494450494537354e+09
1.752494450495457172e+09
1.752494450496170044e+09
1.752494450506321669e+09
1.752494450507091284e+09
1.752494450508010149e+09
1.752494450508742332e+09
1.752494450518350363e+09
1.752494450519140959e+09
1.752494450520092964e+09
1.752494450520888090e+09
1.752494450531002522e+09
1.752494450531776190e+09
1.752494450532774448e+09
1.752494450533503532e+09
1.752494450542831421e+09
1.752494450543627739e+09
1.752494450544578314e+09
1.752494450545335293e+09
1.752494450555211544e+09
1.752494450556002378e+09
1.752494450556966305e+09
1.752494450557742357e+09
1.752494450566800594e+09
1.752494450567557335e+09
1.752494450568546534e+09
1.752494450569271326e+09
1.752494450579233885e+09
1.752494450579975605e+09
1.752494450580919027e+09
1.752494450581651926e+09
1.752494450590542555e+09
1.752494450591288090e+09
1.752494450592211008e+09
1.752494450592947721e+09
1.752494450603453636e+09
1.752494450604212761e+09
1.752494450605143070e+09
1.752494450605871201e+09
1.752494450615602016e+09
1.752494450616349697e+09
1.752494450617307901e+09
1.752494450618051291e+09
1.752494450628170490e+09
1.752494450628942013e+09
1.752494450629865885e+09
1.752494450630611897e+09
1.752494450641048670e+09
1.752494450642022610e+09
1.752494450643208981e+09
1.752494450644186258e+09
1.752494450656142473e+09
1.752494450656908751e+09
1.752494450657827616e+09
1.752494450658547640e+09
1.752494450667420626e+09
1.752494450668149948e+09
1.752494450669082642e+09
1.752494450669806957e+09
1.752494450679285765e+09
1.752494450680041313e+09
1.752494450680959225e+09
1.752494450681708336e+09
1.752494450691757917e+09
1.752494450692735672e+09
1.752494450693923473e+09
1.752494450694864035e+09
1.752494450706413746e+09
1.752494450707183123e+09
1.752494450708120346e+09
1.752494450708840132e+09
1.752494450718054771e+09
1.752494450718795538e+09
1.752494450719726562e+09
1.752494450720441580e+09
1.752494450729730844e+09
1.752494450730491400e+09
1.752494450731408596e+09
1.752494450732138395e+09
1.752494450741104364e+09
1.752494450741909027e+09
1.752494450742872477e+09
1.752494450743594408e+09
1.752494450752804756e+09
1.752494450753566027e+09
1.752494450754460335e+09
1.752494450755193710e+09
1.752494450764104128e+09
1.752494450764865398e+09
1.752494450765797853e+09
1.752494450766540766e+09
1.752494450776204348e+09
1.752494450776980400e+09
1.752494450777920961e+09
1.752494450778678417e+09
1.752494450788102388e+09
1.752494450788854837e+09
1.752494450789796829e+09
1.752494450790574074e+09
1.752494450801117659e+09
1.752494450801903009e+09
1.752494450802826405e+09
1.752494450803565979e+09
1.752494450813393831e+09
1.752494450814138412e+09
1.752494450815089464e+09
1.752494450815846443e+09
1.752494450825945616e+09
1.752494450826705217e+09
1.752494450827626944e+09
1.752494450828365088e+09
1.752494450837592363e+09
1.752494450838338375e+09
1.752494450839310169e+09
1.752494450840044498e+09
1.752494450849899530e+09
1.752494450850677967e+09
1.752494450851626635e+09
1.752494450852365732e+09
1.752494450862323999e+09
1.752494450863158464e+09
1.752494450864166737e+09
1.752494450864930391e+09
1.752494450877461910e+09
1.752494450878237486e+09
1.752494450879202127e+09
1.752494450879914999e+09
1.752494450889835119e+09
1.752494450890615463e+09
1.752494450891549587e+09
1.752494450892277956e+09
1.752494450902440786e+09
1.752494450903198719e+09
1.752494450904128790e+09
1.752494450904834747e+09
1.752494450914936543e+09
1.752494450915911436e+09
1.752494450917110682e+09
1.752494450918040752e+09
1.752494450931354523e+09
1.752494450932356834e+09
1.752494450933548689e+09
1.752494450934501171e+09
1.752494450945600748e+09
1.752494450946349144e+09
1.752494450947329283e+09
1.752494450948061466e+09
1.752494450957697392e+09
1.752494450958501577e+09
1.752494450959441185e+09
1.752494450960208416e+09
1.752494450969375134e+09
1.752494450970173597e+09
1.752494450971148491e+09
1.752494450971907139e+09
1.752494450981445789e+09
1.752494450982244492e+09
1.752494450983180046e+09
1.752494450983916044e+09
1.752494450993895531e+09
1.752494450994873285e+09
1.752494450996056795e+09
1.752494450996993780e+09
1.752494451009011984e+09
1.752494451009783745e+09
1.752494451010757685e+09
1.752494451011490107e+09
1.752494451020659447e+09
1.752494451021436930e+09
1.752494451022402287e+09
1.752494451023201704e+09
1.752494451032904625e+09
1.752494451033688068e+09
1.752494451034629583e+09
1.752494451035341978e+09
1.752494451044550657e+09
1.752494451045334101e+09
1.752494451046283245e+09
1.752494451047008276e+09
1.752494451056432724e+09
1.752494451057202339e+09
1.752494451058153391e+09
1.752494451058871984e+09
1.752494451068242550e+09
1.752494451069011927e+09
1.752494451069944620e+09
1.752494451070690632e+09
1.752494451080697536e+09
1.752494451081451178e+09
1.752494451082397223e+09
1.752494451083129644e+09
1.752494451092542648e+09
1.752494451093321323e+09
1.752494451094281912e+09
1.752494451095001936e+09
1.752494451104671478e+09
1.752494451105431080e+09
1.752494451106534243e+09
1.752494451107258081e+09
1.752494451116294622e+09
1.752494451117065430e+09
1.752494451117981911e+09
1.752494451118854046e+09
1.752494451128500938e+09
1.752494451129305601e+09
1.752494451130278111e+09
1.752494451131000519e+09
1.752494451140239000e+09
1.752494451141006947e+09
1.752494451141929865e+09
1.752494451142679214e+09
1.752494451152486324e+09
1.752494451153232574e+09
1.752494451154146910e+09
1.752494451154867887e+09
1.752494451164291143e+09
1.752494451165058374e+09
1.752494451165980577e+09
1.752494451166704893e+09
1.752494451176351309e+09
1.752494451177118301e+09
1.752494451178081036e+09
1.752494451178849936e+09
1.752494451187948704e+09
1.752494451188744545e+09
1.752494451189706802e+09
1.752494451190487385e+09
1.752494451199902534e+09
1.752494451200675249e+09
1.752494451201613426e+09
1.752494451202403545e+09
1.752494451211422920e+09
1.752494451212167263e+09
1.752494451213085413e+09
1.752494451213852167e+09
1.752494451222893238e+09
1.752494451223659992e+09
1.752494451224613905e+09
1.752494451225356817e+09
1.752494451235343695e+09
1.752494451236104727e+09
1.752494451237036228e+09
1.752494451237811565e+09
1.752494451247369528e+09
1.752494451248138905e+09
1.752494451249088764e+09
1.752494451249859095e+09
1.752494451258782864e+09
1.752494451259545565e+09
1.752494451260535240e+09
1.752494451261257887e+09
1.752494451270587921e+09
1.752494451271325111e+09
1.752494451272285938e+09
1.752494451273022175e+09
1.752494451281970024e+09
1.752494451282737970e+09
1.752494451283672810e+09
1.752494451284440756e+09
1.752494451294038534e+09
1.752494451294800043e+09
1.752494451295763016e+09
1.752494451296556950e+09
1.752494451305648565e+09
1.752494451306445122e+09
1.752494451307409048e+09
1.752494451308141470e+09
1.752494451317530632e+09
1.752494451318308592e+09
1.752494451319259644e+09
1.752494451320015907e+09
1.752494451329131365e+09
1.752494451329901457e+09
1.752494451330837488e+09
1.752494451331604719e+09
1.752494451341081858e+09
1.752494451341849566e+09
1.752494451342795610e+09
1.752494451343511581e+09
1.752494451352246046e+09
1.752494451353003263e+09
1.752494451353929520e+09
1.752494451354648590e+09
1.752494451364159822e+09
1.752494451364887714e+09
1.752494451365810633e+09
1.752494451366539240e+09
1.752494451375440836e+09
1.752494451376184225e+09
1.752494451377075195e+09
1.752494451377774000e+09
1.752494451387027740e+09
1.752494451387811899e+09
1.752494451388729572e+09
1.752494451389523268e+09
1.752494451398972750e+09
1.752494451399719000e+09
1.752494451400654554e+09
1.752494451401390553e+09
1.752494451410911083e+09
1.752494451411662340e+09
1.752494451412613153e+09
1.752494451413366795e+09
1.752494451422974825e+09
1.752494451423742771e+09
1.752494451424724340e+09
1.752494451425453663e+09
1.752494451435669661e+09
1.752494451436400652e+09
1.752494451437331915e+09
1.752494451438081741e+09
1.752494451448034763e+09
1.752494451448812485e+09
1.752494451449767113e+09
1.752494451450535774e+09
1.752494451462379932e+09
1.752494451463366747e+09
1.752494451464555264e+09
1.752494451465498209e+09
1.752494451477598906e+09
1.752494451478588104e+09
1.752494451479814053e+09
1.752494451480759382e+09
1.752494451492687941e+09
1.752494451493435621e+09
1.752494451494351387e+09
1.752494451495078564e+09
1.752494451504490137e+09
1.752494451505238533e+09
1.752494451506305933e+09
1.752494451507059813e+09
1.752494451516946077e+09
1.752494451517719269e+09
1.752494451518657446e+09
1.752494451519413471e+09
1.752494451528961897e+09
1.752494451529761076e+09
1.752494451530711651e+09
1.752494451531451941e+09
1.752494451540708542e+09
1.752494451541458368e+09
1.752494451542411089e+09
1.752494451543138981e+09
1.752494451552037477e+09
1.752494451552791357e+09
1.752494451553736925e+09
1.752494451554476976e+09
1.752494451565566063e+09
1.752494451566549301e+09
1.752494451567719936e+09
1.752494451568678379e+09
1.752494451580784559e+09
1.752494451581758261e+09
1.752494451582923889e+09
1.752494451583876133e+09
1.752494451597230911e+09
1.752494451598196030e+09
1.752494451599367380e+09
1.752494451600310564e+09
1.752494451612181902e+09
1.752494451613169193e+09
1.752494451614343882e+09
1.752494451615305185e+09
1.752494451626736403e+09
1.752494451627495766e+09
1.752494451628442049e+09
1.752494451629192114e+09
1.752494451639062166e+09
1.752494451640054703e+09
1.752494451641240358e+09
1.752494451642218590e+09
1.752494451655144215e+09
1.752494451656106472e+09
1.752494451657328606e+09
1.752494451658290386e+09
1.752494451670692205e+09
1.752494451671664238e+09
1.752494451672859430e+09
1.752494451673822165e+09
1.752494451686741829e+09
1.752494451687745571e+09
1.752494451688934088e+09
1.752494451689886570e+09
1.752494451702466011e+09
1.752494451703443766e+09
1.752494451704642296e+09
1.752494451705585957e+09
1.752494451718593121e+09
1.752494451719573498e+09
1.752494451720747232e+09
1.752494451721691608e+09
1.752494451732892990e+09
1.752494451733648539e+09
1.752494451734613419e+09
1.752494451735340595e+09
1.752494451745234728e+09
1.752494451746021748e+09
1.752494451746988773e+09
1.752494451747702360e+09
1.752494451756497145e+09
1.752494451757278442e+09
1.752494451758223772e+09
1.752494451758920670e+09
1.752494451768353224e+09
1.752494451769122839e+09
1.752494451770037413e+09
1.752494451770797491e+09
1.752494451779788256e+09
1.752494451780572414e+09
1.752494451781536102e+09
1.752494451782291412e+09
1.752494451791675329e+09
1.752494451792515993e+09
1.752494451793459654e+09
1.752494451794206381e+09
1.752494451803912878e+09
1.752494451804727793e+09
1.752494451805707455e+09
1.752494451806469440e+09
1.752494451816253662e+09
1.752494451817017555e+09
1.752494451818013906e+09
1.752494451818752527e+09
1.752494451827983856e+09
1.752494451828743935e+09
1.752494451829757214e+09
1.752494451830502987e+09
1.752494451840004921e+09
1.752494451840790272e+09
1.752494451841783762e+09
1.752494451842568636e+09
1.752494451851516962e+09
1.752494451852284670e+09
1.752494451853217602e+09
1.752494451853965759e+09
1.752494451863755703e+09
1.752494451864519835e+09
1.752494451865455389e+09
1.752494451866188765e+09
1.752494451874998331e+09
1.752494451875775576e+09
1.752494451876753092e+09
1.752494451877507925e+09
1.752494451886894703e+09
1.752494451887710094e+09
1.752494451888614893e+09
1.752494451889325142e+09
1.752494451898518562e+09
1.752494451899276495e+09
1.752494451900188923e+09
1.752494451901041985e+09
1.752494451910460472e+09
1.752494451911210060e+09
1.752494451912158251e+09
1.752494451912895679e+09
1.752494451921861887e+09
1.752494451922676563e+09
1.752494451923617125e+09
1.752494451924373150e+09
1.752494451935678005e+09
1.752494451936683178e+09
1.752494451937876225e+09
1.752494451938857794e+09
1.752494451951072216e+09
1.752494451952045679e+09
1.752494451953227282e+09
1.752494451954174519e+09
1.752494451967235565e+09
1.752494451968217611e+09
1.752494451969401360e+09
1.752494451970356464e+09
1.752494451982627153e+09
1.752494451983643293e+09
1.752494451984897375e+09
1.752494451985877991e+09
1.752494451997619390e+09
1.752494451998397589e+09
1.752494451999321461e+09
1.752494452000033855e+09
1.752494452009081602e+09
1.752494452009890556e+09
1.752494452010830164e+09
1.752494452011596918e+09
1.752494452021174431e+09
1.752494452021986723e+09
1.752494452022960424e+09
1.752494452023727655e+09
1.752494452033024788e+09
1.752494452033781528e+09
1.752494452034742832e+09
1.752494452035493374e+09
