1.753817018282124996e+09
1.753817018340925694e+09
1.753817018341804266e+09
1.753817018422406673e+09
1.753817018423249245e+09
1.753817018425661325e+09
1.753817018426519632e+09
1.753817018437367201e+09
1.753817018438323975e+09
1.753817018439488173e+09
1.753817018440351486e+09
1.753817018451579809e+09
1.753817018452659130e+09
1.753817018453907728e+09
1.753817018454915285e+09
1.753817018592120171e+09
1.753817018592978001e+09
1.753817018594038486e+09
1.753817018594867706e+09
1.753817018606132507e+09
1.753817018607011795e+09
1.753817018608149767e+09
1.753817018609023809e+09
1.753817018620446920e+09
1.753817018621521950e+09
1.753817018622757673e+09
1.753817018623660088e+09
1.753817018635039091e+09
1.753817018636058331e+09
1.753817018637293339e+09
1.753817018638299704e+09
1.753817018650639057e+09
1.753817018651621103e+09
1.753817018652741909e+09
1.753817018653550386e+09
1.753817018665029526e+09
1.753817018665923357e+09
1.753817018667000532e+09
1.753817018667828321e+09
1.753817018678657770e+09
1.753817018679630518e+09
1.753817018680710554e+09
1.753817018681532621e+09
1.753817018691953421e+09
1.753817018692849636e+09
1.753817018693915606e+09
1.753817018694747925e+09
1.753817018704429150e+09
1.753817018705385447e+09
1.753817018706629515e+09
1.753817018707592964e+09
1.753817018720163822e+09
1.753817018721012592e+09
1.753817018722007275e+09
1.753817018722853184e+09
1.753817018732248545e+09
1.753817018733126879e+09
1.753817018734324932e+09
1.753817018735281706e+09
1.753817018747457504e+09
1.753817018748346567e+09
1.753817018749401808e+09
1.753817018750297785e+09
1.753817018759883404e+09
1.753817018760797024e+09
1.753817018761866093e+09
1.753817018762762070e+09
1.753817018773290396e+09
1.753817018774135590e+09
1.753817018775170326e+09
1.753817018775980949e+09
1.753817018786366701e+09
1.753817018787391663e+09
1.753817018788635731e+09
1.753817018789642334e+09
1.753817018800921440e+09
1.753817018801828623e+09
1.753817018802926064e+09
1.753817018803824186e+09
1.753817018813708544e+09
1.753817018814604044e+09
1.753817018815665722e+09
1.753817018816509962e+09
1.753817018827011108e+09
1.753817018827979565e+09
1.753817018829051018e+09
1.753817018829899073e+09
1.753817018839708567e+09
1.753817018840596437e+09
1.753817018841636419e+09
1.753817018842514753e+09
1.753817018853085041e+09
1.753817018853987932e+09
1.753817018855009317e+09
1.753817018855836630e+09
1.753817018865474701e+09
1.753817018866386652e+09
1.753817018867468357e+09
1.753817018868344545e+09
1.753817018880087614e+09
1.753817018880984545e+09
1.753817018882066965e+09
1.753817018882967234e+09
1.753817018892448425e+09
1.753817018893304586e+09
1.753817018894366026e+09
1.753817018895201683e+09
1.753817018904849052e+09
1.753817018905708551e+09
1.753817018906767845e+09
1.753817018907617092e+09
1.753817018916750908e+09
1.753817018917578697e+09
1.753817018918583870e+09
1.753817018919393301e+09
1.753817018929318428e+09
1.753817018930197239e+09
1.753817018931230783e+09
1.753817018932038069e+09
1.753817018941053391e+09
1.753817018941948414e+09
1.753817018942961693e+09
1.753817018943804979e+09
1.753817018954004288e+09
1.753817018954914331e+09
1.753817018955976725e+09
1.753817018956805229e+09
1.753817018966099262e+09
1.753817018966982603e+09
1.753817018968023300e+09
1.753817018968865633e+09
1.753817018978169918e+09
1.753817018979073286e+09
1.753817018980123997e+09
1.753817018980964184e+09
1.753817018990389824e+09
1.753817018991296530e+09
1.753817018992367506e+09
1.753817018993279219e+09
1.753817019003625154e+09
1.753817019004471540e+09
1.753817019005538225e+09
1.753817019006356478e+09
1.753817019015431643e+09
1.753817019016285896e+09
1.753817019017288923e+09
1.753817019018144369e+09
1.753817019027667999e+09
1.753817019028542519e+09
1.753817019029576778e+09
1.753817019030385971e+09
1.753817019039766073e+09
1.753817019040624380e+09
1.753817019041678429e+09
1.753817019042495728e+09
1.753817019052127123e+09
1.753817019053003311e+09
1.753817019054008722e+09
1.753817019054836988e+09
1.753817019063894510e+09
1.753817019064777613e+09
1.753817019065800905e+09
1.753817019066607475e+09
1.753817019077898026e+09
1.753817019078789234e+09
1.753817019079854250e+09
1.753817019080772638e+09
1.753817019090425491e+09
1.753817019091285706e+09
1.753817019092305899e+09
1.753817019093132973e+09
1.753817019103141785e+09
1.753817019104044437e+09
1.753817019105102777e+09
1.753817019105962038e+09
1.753817019116070986e+09
1.753817019117002487e+09
1.753817019118119717e+09
1.753817019118940115e+09
1.753817019128914118e+09
1.753817019129801750e+09
1.753817019130826712e+09
1.753817019131676197e+09
1.753817019141310930e+09
1.753817019142228365e+09
1.753817019143301964e+09
1.753817019144130230e+09
1.753817019155133486e+09
1.753817019156069279e+09
1.753817019157250643e+09
1.753817019158090353e+09
1.753817019168035030e+09
1.753817019169154882e+09
1.753817019170228243e+09
1.753817019171067715e+09
1.753817019181455374e+09
1.753817019182356119e+09
1.753817019183412313e+09
1.753817019184293747e+09
1.753817019194501638e+09
1.753817019195473671e+09
1.753817019196670055e+09
1.753817019197603941e+09
1.753817019209675312e+09
1.753817019210584164e+09
1.753817019211663008e+09
1.753817019212491989e+09
1.753817019223046064e+09
1.753817019223947048e+09
1.753817019224980831e+09
1.753817019225781918e+09
1.753817019236265659e+09
1.753817019237163782e+09
1.753817019238213062e+09
1.753817019239087105e+09
1.753817019249595165e+09
1.753817019250517130e+09
1.753817019251692533e+09
1.753817019252576113e+09
1.753817019263170481e+09
1.753817019264064074e+09
1.753817019265119076e+09
1.753817019265996218e+09
1.753817019276139021e+09
1.753817019277014732e+09
1.753817019278070927e+09
1.753817019278960228e+09
1.753817019289639711e+09
1.753817019290662289e+09
1.753817019291870117e+09
1.753817019292846441e+09
1.753817019303757668e+09
1.753817019304605007e+09
1.753817019305639982e+09
1.753817019306505680e+09
1.753817019316790104e+09
1.753817019317630768e+09
1.753817019318655252e+09
1.753817019319495440e+09
1.753817019328855753e+09
1.753817019329701424e+09
1.753817019330765486e+09
1.753817019331590414e+09
1.753817019341100693e+09
1.753817019341976404e+09
1.753817019342976809e+09
1.753817019343807220e+09
1.753817019353070736e+09
1.753817019353976250e+09
1.753817019355034590e+09
1.753817019356062174e+09
1.753817019365829706e+09
1.753817019366692066e+09
1.753817019367705345e+09
1.753817019368532896e+09
1.753817019378081560e+09
1.753817019378933907e+09
1.753817019379966736e+09
1.753817019380787134e+09
1.753817019390588522e+09
1.753817019391482592e+09
1.753817019392510414e+09
1.753817019393342257e+09
1.753817019402493715e+09
1.753817019403362513e+09
1.753817019404420137e+09
1.753817019405267715e+09
1.753817019415481329e+09
1.753817019416375637e+09
1.753817019417481422e+09
1.753817019418302298e+09
1.753817019427908659e+09
1.753817019428797245e+09
1.753817019429841042e+09
1.753817019430698156e+09
1.753817019440322876e+09
1.753817019441136122e+09
1.753817019442172766e+09
1.753817019442975998e+09
1.753817019452073812e+09
1.753817019452970505e+09
1.753817019453981638e+09
1.753817019454794645e+09
1.753817019464419842e+09
1.753817019465420723e+09
1.753817019466451406e+09
1.753817019467294216e+09
1.753817019476348400e+09
1.753817019477197647e+09
1.753817019478264570e+09
1.753817019479067326e+09
1.753817019488726616e+09
1.753817019489641905e+09
1.753817019490659237e+09
1.753817019491483688e+09
1.753817019500543594e+09
1.753817019501407146e+09
1.753817019502435446e+09
1.753817019503255606e+09
1.753817019512682915e+09
1.753817019513527393e+09
1.753817019514549255e+09
1.753817019515348911e+09
1.753817019524036646e+09
1.753817019524910927e+09
1.753817019525970697e+09
1.753817019526795864e+09
1.753817019536861420e+09
1.753817019537708044e+09
1.753817019538774252e+09
1.753817019539684057e+09
1.753817019548753262e+09
1.753817019549691677e+09
1.753817019550730228e+09
1.753817019551539660e+09
1.753817019561093807e+09
1.753817019561945915e+09
1.753817019562937498e+09
1.753817019563747406e+09
1.753817019572691202e+09
1.753817019573535442e+09
1.753817019574558258e+09
1.753817019575367928e+09
1.753817019585316420e+09
1.753817019586200237e+09
1.753817019587252378e+09
1.753817019588082075e+09
1.753817019597348213e+09
1.753817019598233461e+09
1.753817019599294662e+09
1.753817019600151062e+09
1.753817019610007048e+09
1.753817019610881567e+09
1.753817019611938238e+09
1.753817019612757921e+09
1.753817019622187614e+09
1.753817019623090506e+09
1.753817019624151945e+09
1.753817019625021935e+09
1.753817019634659767e+09
1.753817019635506630e+09
1.753817019636494398e+09
1.753817019637300968e+09
1.753817019646503210e+09
1.753817019647382021e+09
1.753817019648414612e+09
1.753817019649250507e+09
1.753817019658842325e+09
1.753817019659712315e+09
1.753817019660828352e+09
1.753817019661664724e+09
1.753817019670857191e+09
1.753817019671709538e+09
1.753817019672756433e+09
1.753817019673591137e+09
1.753817019683517218e+09
1.753817019684380531e+09
1.753817019685397387e+09
1.753817019686229229e+09
1.753817019695742369e+09
1.753817019696618557e+09
1.753817019697669029e+09
1.753817019698534250e+09
1.753817019707929134e+09
1.753817019708783627e+09
1.753817019709822178e+09
1.753817019710648298e+09
1.753817019719538450e+09
1.753817019720386505e+09
1.753817019721427917e+09
1.753817019722263813e+09
1.753817019731790304e+09
1.753817019732627869e+09
1.753817019733659744e+09
1.753817019734488249e+09
1.753817019743525028e+09
1.753817019744362831e+09
1.753817019745372772e+09
1.753817019746187449e+09
1.753817019755506992e+09
1.753817019756392717e+09
1.753817019757408857e+09
1.753817019758237600e+09
1.753817019767257929e+09
1.753817019768120766e+09
1.753817019769153595e+09
1.753817019769969940e+09
1.753817019779381752e+09
1.753817019780234814e+09
1.753817019781240463e+09
1.753817019782048702e+09
1.753817019791476488e+09
1.753817019792346716e+09
1.753817019793375492e+09
1.753817019794222116e+09
1.753817019803772688e+09
1.753817019804605246e+09
1.753817019805695772e+09
1.753817019806507826e+09
1.753817019815714359e+09
1.753817019816573620e+09
1.753817019817603350e+09
1.753817019818419456e+09
1.753817019828428745e+09
1.753817019829337597e+09
1.753817019830358982e+09
1.753817019831173658e+09
1.753817019840166807e+09
1.753817019841029644e+09
1.753817019842036724e+09
1.753817019842862368e+09
1.753817019852514744e+09
1.753817019853353739e+09
1.753817019854351521e+09
1.753817019855175972e+09
1.753817019864461660e+09
1.753817019865277529e+09
1.753817019866261959e+09
1.753817019867084980e+09
1.753817019876428843e+09
1.753817019877304792e+09
1.753817019878306389e+09
1.753817019879109383e+09
1.753817019888334274e+09
1.753817019889214277e+09
1.753817019890248537e+09
1.753817019891047001e+09
1.753817019900513887e+09
1.753817019901328087e+09
1.753817019902324915e+09
1.753817019903111935e+09
1.753817019912169695e+09
1.753817019913011789e+09
1.753817019914028645e+09
1.753817019914849043e+09
1.753817019924692392e+09
1.753817019925540209e+09
1.753817019926545143e+09
1.753817019927349567e+09
1.753817019939874649e+09
1.753817019940795183e+09
1.753817019941882610e+09
1.753817019942697763e+09
1.753817019953091383e+09
1.753817019953953505e+09
1.753817019954982519e+09
1.753817019955810547e+09
1.753817019964957476e+09
1.753817019965848207e+09
1.753817019966902256e+09
1.753817019967727661e+09
1.753817019977635622e+09
1.753817019978488922e+09
1.753817019979512691e+09
1.753817019980342627e+09
1.753817019989563704e+09
1.753817019990442753e+09
1.753817019991477013e+09
1.753817019992309332e+09
1.753817020002031088e+09
1.753817020002907276e+09
1.753817020003944159e+09
1.753817020004764318e+09
1.753817020013985395e+09
1.753817020014842987e+09
1.753817020015863895e+09
1.753817020016661644e+09
1.753817020026117802e+09
1.753817020026971817e+09
1.753817020027981043e+09
1.753817020028820992e+09
1.753817020038064241e+09
1.753817020038971424e+09
1.753817020040012836e+09
1.753817020040833712e+09
1.753817020050656796e+09
1.753817020051542759e+09
1.753817020052594423e+09
1.753817020053402901e+09
1.753817020062405348e+09
1.753817020063297033e+09
1.753817020064323902e+09
1.753817020065147877e+09
1.753817020074748993e+09
1.753817020075604200e+09
1.753817020076625824e+09
1.753817020077430964e+09
1.753817020086714268e+09
1.753817020087599516e+09
1.753817020088607550e+09
1.753817020089447260e+09
1.753817020099553823e+09
1.753817020100395441e+09
1.753817020101405382e+09
1.753817020102210760e+09
1.753817020111695528e+09
1.753817020112623453e+09
1.753817020113657713e+09
1.753817020114505768e+09
1.753817020124132633e+09
1.753817020125030994e+09
1.753817020126077652e+09
1.753817020126940966e+09
1.753817020135717869e+09
1.753817020136554241e+09
1.753817020137540817e+09
1.753817020138334990e+09
1.753817020147402763e+09
1.753817020148238659e+09
1.753817020149240971e+09
1.753817020150073528e+09
1.753817020158893824e+09
1.753817020159772158e+09
1.753817020160778761e+09
1.753817020161582708e+09
1.753817020170434237e+09
1.753817020171256065e+09
1.753817020172277689e+09
1.753817020173095703e+09
1.753817020182514429e+09
1.753817020183385134e+09
1.753817020184394598e+09
1.753817020185195446e+09
1.753817020194372892e+09
1.753817020195224285e+09
1.753817020196238518e+09
1.753817020197037935e+09
1.753817020205977917e+09
1.753817020206878185e+09
1.753817020207935572e+09
1.753817020208765984e+09
1.753817020218511820e+09
1.753817020219355822e+09
1.753817020220343590e+09
1.753817020221171618e+09
1.753817020230379105e+09
1.753817020231223106e+09
1.753817020232221842e+09
1.753817020233056068e+09
1.753817020242585897e+09
1.753817020243471146e+09
1.753817020244518042e+09
1.753817020245415926e+09
1.753817020254386663e+09
1.753817020255198240e+09
1.753817020256206036e+09
1.753817020256998539e+09
1.753817020266510963e+09
1.753817020267397404e+09
1.753817020268414497e+09
1.753817020269233465e+09
1.753817020278070927e+09
1.753817020278902531e+09
1.753817020279920340e+09
1.753817020280730963e+09
1.753817020290373087e+09
1.753817020291218519e+09
1.753817020292231083e+09
1.753817020293036938e+09
1.753817020309106350e+09
1.753817020310009241e+09
1.753817020311087132e+09
1.753817020311896086e+09
1.753817020321715117e+09
1.753817020322586536e+09
1.753817020323609352e+09
1.753817020324442387e+09
1.753817020334145308e+09
1.753817020334991693e+09
1.753817020336001396e+09
1.753817020336820841e+09
1.753817020346588135e+09
1.753817020347425461e+09
1.753817020348430157e+09
1.753817020349260807e+09
1.753817020358974457e+09
1.753817020359841347e+09
1.753817020360861540e+09
1.753817020361674547e+09
1.753817020373381376e+09
1.753817020374265432e+09
1.753817020375399113e+09
1.753817020376216650e+09
1.753817020386461496e+09
1.753817020387316227e+09
1.753817020388318062e+09
1.753817020389139414e+09
1.753817020399809599e+09
1.753817020400689840e+09
1.753817020401703119e+09
1.753817020402538538e+09
1.753817020411886930e+09
1.753817020412751913e+09
1.753817020413796902e+09
1.753817020414598703e+09
1.753817020424014091e+09
1.753817020424876451e+09
1.753817020426019669e+09
1.753817020426950932e+09
1.753817020448249102e+09
1.753817020449373245e+09
1.753817020450524092e+09
1.753817020451361179e+09
1.753817020461547852e+09
1.753817020462415218e+09
1.753817020463449240e+09
1.753817020464256048e+09
1.753817020473690271e+09
1.753817020474529266e+09
1.753817020475535154e+09
1.753817020476382494e+09
1.753817020486418724e+09
1.753817020487356186e+09
1.753817020488790274e+09
1.753817020489646196e+09
1.753817020500026226e+09
1.753817020500882864e+09
1.753817020501973391e+09
1.753817020502808094e+09
1.753817020512548923e+09
1.753817020513394117e+09
1.753817020514449596e+09
1.753817020515264988e+09
1.753817020525230408e+09
1.753817020526118517e+09
1.753817020527165413e+09
1.753817020527993441e+09
1.753817020537721634e+09
1.753817020538583994e+09
1.753817020539622307e+09
1.753817020540447235e+09
1.753817020549758911e+09
1.753817020550640583e+09
1.753817020551713705e+09
1.753817020552546263e+09
1.753817020562663078e+09
1.753817020563505173e+09
1.753817020564515352e+09
1.753817020565326691e+09
1.753817020575212717e+09
1.753817020576094151e+09
1.753817020577107668e+09
1.753817020577911615e+09
1.753817020587915659e+09
1.753817020588821173e+09
1.753817020589844942e+09
1.753817020590649128e+09
1.753817020600223303e+09
1.753817020601142883e+09
1.753817020602224827e+09
1.753817020603202105e+09
1.753817020613459826e+09
1.753817020614324570e+09
1.753817020615348816e+09
1.753817020616164446e+09
1.753817020625514507e+09
1.753817020626390934e+09
1.753817020627463579e+09
1.753817020628303766e+09
1.753817020637997866e+09
1.753817020638895273e+09
1.753817020639912128e+09
1.753817020640757799e+09
1.753817020650306463e+09
1.753817020651201010e+09
1.753817020652228117e+09
1.753817020653100967e+09
1.753817020662643194e+09
1.753817020663491011e+09
1.753817020664509535e+09
1.753817020665319681e+09
1.753817020675176382e+09
1.753817020676025152e+09
1.753817020677064657e+09
1.753817020677882433e+09
1.753817020687386036e+09
1.753817020688238144e+09
1.753817020689301729e+09
1.753817020690144777e+09
1.753817020699201822e+09
1.753817020700072289e+09
1.753817020701091290e+09
1.753817020701990604e+09
1.753817020711524248e+09
1.753817020712364912e+09
1.753817020713387728e+09
1.753817020714185476e+09
1.753817020723760843e+09
1.753817020724634886e+09
1.753817020725661993e+09
1.753817020726462364e+09
1.753817020735630751e+09
1.753817020736538172e+09
1.753817020737614632e+09
1.753817020738429546e+09
1.753817020748228788e+09
1.753817020749079227e+09
1.753817020750125647e+09
1.753817020750958443e+09
1.753817020760547638e+09
1.753817020761436224e+09
1.753817020762479305e+09
1.753817020763305187e+09
1.753817020772462845e+09
1.753817020773311853e+09
1.753817020774353981e+09
1.753817020775209665e+09
1.753817020784801245e+09
1.753817020785663605e+09
1.753817020786671638e+09
1.753817020787477255e+09
1.753817020796606302e+09
1.753817020797461510e+09
1.753817020798519135e+09
1.753817020799357176e+09
1.753817020809106350e+09
1.753817020809958458e+09
1.753817020810993910e+09
1.753817020811821938e+09
1.753817020820727348e+09
1.753817020821600676e+09
1.753817020822624683e+09
1.753817020823444366e+09
1.753817020833018541e+09
1.753817020833892822e+09
1.753817020834945679e+09
1.753817020835754395e+09
1.753817020844988108e+09
1.753817020845871687e+09
1.753817020846931458e+09
1.753817020847750425e+09
1.753817020857709646e+09
1.753817020858576298e+09
1.753817020859603643e+09
1.753817020860415220e+09
1.753817020869700670e+09
1.753817020870551825e+09
1.753817020871573448e+09
1.753817020872401953e+09
1.753817020881734133e+09
1.753817020882615328e+09
1.753817020883643389e+09
1.753817020884490728e+09
1.753817020893568516e+09
1.753817020894463301e+09
1.753817020895509481e+09
1.753817020896345615e+09
1.753817020906014204e+09
1.753817020906892300e+09
1.753817020907938242e+09
1.753817020908766270e+09
1.753817020917788267e+09
1.753817020918701887e+09
1.753817020919753551e+09
1.753817020920598745e+09
1.753817020930216074e+09
1.753817020931052446e+09
1.753817020932067871e+09
1.753817020932879448e+09
1.753817020941910982e+09
1.753817020942778587e+09
1.753817020943802357e+09
1.753817020944584131e+09
1.753817020954122782e+09
1.753817020954964876e+09
1.753817020955982447e+09
1.753817020956802368e+09
1.753817020966022730e+09
1.753817020966891766e+09
1.753817020967942476e+09
1.753817020968767166e+09
1.753817020978764534e+09
1.753817020979673624e+09
1.753817020980710983e+09
1.753817020981535673e+09
1.753817020991053820e+09
1.753817020991914272e+09
1.753817020992932081e+09
1.753817020993750811e+09
1.753817021003013134e+09
1.753817021003887653e+09
1.753817021004904270e+09
1.753817021005712271e+09
1.753817021014830589e+09
1.753817021015684128e+09
1.753817021016692162e+09
1.753817021017483950e+09
1.753817021027189732e+09
1.753817021028096199e+09
1.753817021029196024e+09
1.753817021030047178e+09
1.753817021039091825e+09
1.753817021039939165e+09
1.753817021040983200e+09
1.753817021041790724e+09
1.753817021051872492e+09
1.753817021052742243e+09
1.753817021053799391e+09
1.753817021054615021e+09
1.753817021063856602e+09
1.753817021064693213e+09
1.753817021065696478e+09
1.753817021066501379e+09
1.753817021076120853e+09
1.753817021076980591e+09
1.753817021077990294e+09
1.753817021078835487e+09
1.753817021088340282e+09
1.753817021089178085e+09
1.753817021090183735e+09
1.753817021090987444e+09
1.753817021100183249e+09
1.753817021101070166e+09
1.753817021102292061e+09
1.753817021103140593e+09
1.753817021112566948e+09
1.753817021113430262e+09
1.753817021114457607e+09
1.753817021115273714e+09
1.753817021125135422e+09
1.753817021125992298e+09
1.753817021127034664e+09
1.753817021127852440e+09
1.753817021137086868e+09
1.753817021137995720e+09
1.753817021139099360e+09
1.753817021139964342e+09
1.753817021149679422e+09
1.753817021150527954e+09
1.753817021151535988e+09
1.753817021152381420e+09
1.753817021161872864e+09
1.753817021162714481e+09
1.753817021163735867e+09
1.753817021164541006e+09
1.753817021174125671e+09
1.753817021174990177e+09
1.753817021175992012e+09
1.753817021176800251e+09
1.753817021185842276e+09
1.753817021186703682e+09
1.753817021187708378e+09
1.753817021188536406e+09
1.753817021197993279e+09
1.753817021198861837e+09
1.753817021199887514e+09
1.753817021200717926e+09
1.753817021209707737e+09
1.753817021210591793e+09
1.753817021211599588e+09
1.753817021212410688e+09
1.753817021221625090e+09
1.753817021222662210e+09
1.753817021223653793e+09
1.753817021224462032e+09
1.753817021234745264e+09
1.753817021235625982e+09
1.753817021236663342e+09
1.753817021237502098e+09
1.753817021247126102e+09
1.753817021247963667e+09
1.753817021248972893e+09
1.753817021249771357e+09
1.753817021259093523e+09
1.753817021259949684e+09
1.753817021260958672e+09
1.753817021261780977e+09
1.753817021271308184e+09
1.753817021272248030e+09
1.753817021273265362e+09
1.753817021274080515e+09
1.753817021282966852e+09
1.753817021283904791e+09
1.753817021284994364e+09
1.753817021285868406e+09
1.753817021295614719e+09
1.753817021296472311e+09
1.753817021297510386e+09
1.753817021298333406e+09
1.753817021307802916e+09
1.753817021308686733e+09
1.753817021309708118e+09
1.753817021310534239e+09
1.753817021320185184e+09
1.753817021321062803e+09
1.753817021322102547e+09
1.753817021323149204e+09
1.753817021332174540e+09
1.753817021333044529e+09
1.753817021334033251e+09
1.753817021335066557e+09
1.753817021344969273e+09
1.753817021345837116e+09
1.753817021346899986e+09
1.753817021347741842e+09
1.753817021356682062e+09
1.753817021357523918e+09
1.753817021358534098e+09
1.753817021359331608e+09
1.753817021368582487e+09
1.753817021369452715e+09
1.753817021370477200e+09
1.753817021371309996e+09
1.753817021380334377e+09
1.753817021381191969e+09
1.753817021382222652e+09
1.753817021383033276e+09
1.753817021392431974e+09
1.753817021393258810e+09
1.753817021394253969e+09
1.753817021395066977e+09
1.753817021403844833e+09
1.753817021404678106e+09
1.753817021405695915e+09
1.753817021406510115e+09
1.753817021416168690e+09
1.753817021416998863e+09
1.753817021418052435e+09
1.753817021418993950e+09
1.753817021428288460e+09
1.753817021429131746e+09
1.753817021430158377e+09
1.753817021430983305e+09
1.753817021440853596e+09
1.753817021441685677e+09
1.753817021442690611e+09
1.753817021443510532e+09
1.753817021453231335e+09
1.753817021454058409e+09
1.753817021455069065e+09
1.753817021455886841e+09
1.753817021465679884e+09
1.753817021466504335e+09
1.753817021467475414e+09
1.753817021468300819e+09
1.753817021477699995e+09
1.753817021478629351e+09
1.753817021479659796e+09
1.753817021480483055e+09
1.753817021490775108e+09
1.753817021491636515e+09
1.753817021492668152e+09
1.753817021493462801e+09
1.753817021502763987e+09
1.753817021503617048e+09
1.753817021504664898e+09
1.753817021505498886e+09
1.753817021517238379e+09
1.753817021518445253e+09
1.753817021519914150e+09
1.753817021521109581e+09
1.753817021533600569e+09
1.753817021534567595e+09
1.753817021535656214e+09
1.753817021536487341e+09
1.753817021546517849e+09
1.753817021547492266e+09
1.753817021548521757e+09
1.753817021549339056e+09
1.753817021558560610e+09
1.753817021559512615e+09
1.753817021560565472e+09
1.753817021561389685e+09
1.753817021571675539e+09
1.753817021572594404e+09
1.753817021573626995e+09
1.753817021574441433e+09
1.753817021584049225e+09
1.753817021584940434e+09
1.753817021586057425e+09
1.753817021586915255e+09
1.753817021597194433e+09
1.753817021598058462e+09
1.753817021599152088e+09
1.753817021599980593e+09
1.753817021609466076e+09
1.753817021611043692e+09
1.753817021612094402e+09
1.753817021612926006e+09
1.753817021622288942e+09
1.753817021623135805e+09
1.753817021624132633e+09
1.753817021624954462e+09
1.753817021633963823e+09
1.753817021634816408e+09
1.753817021635811567e+09
1.753817021636620998e+09
1.753817021646231890e+09
1.753817021647104740e+09
1.753817021648171186e+09
1.753817021649038076e+09
1.753817021659250021e+09
1.753817021660124779e+09
1.753817021661167383e+09
1.753817021661984205e+09
1.753817021671561480e+09
1.753817021672432184e+09
1.753817021673473835e+09
1.753817021674281359e+09
1.753817021683157921e+09
1.753817021684023857e+09
1.753817021685072422e+09
1.753817021685908556e+09
1.753817021695185184e+09
1.753817021696047068e+09
1.753817021697050571e+09
1.753817021697881699e+09
1.753817021707098007e+09
1.753817021707936764e+09
1.753817021708992958e+09
1.753817021709811449e+09
1.753817021719501495e+09
1.753817021720360041e+09
1.753817021721392870e+09
1.753817021722224712e+09
1.753817021731158018e+09
1.753817021732000113e+09
1.753817021733000040e+09
1.753817021733829260e+09
1.753817021743106365e+09
1.753817021743942976e+09
1.753817021744972944e+09
1.753817021745796680e+09
1.753817021754751682e+09
1.753817021755570412e+09
1.753817021756568909e+09
1.753817021757367849e+09
1.753817021766577005e+09
1.753817021767399788e+09
1.753817021768418074e+09
1.753817021769256353e+09
1.753817021778465271e+09
1.753817021779307365e+09
1.753817021780307055e+09
1.753817021781191587e+09
1.753817021790872335e+09
1.753817021791709185e+09
1.753817021792712927e+09
1.753817021793515444e+09
1.753817021802616358e+09
1.753817021803454876e+09
1.753817021804430485e+09
1.753817021805218935e+09
1.753817021814670086e+09
1.753817021815546274e+09
1.753817021816560268e+09
1.753817021817394495e+09
1.753817021826584339e+09
1.753817021827487707e+09
1.753817021828566074e+09
1.753817021829451799e+09
1.753817021839183331e+09
1.753817021840016603e+09
1.753817021841008663e+09
1.753817021841784716e+09
1.753817021850805998e+09
1.753817021851625443e+09
1.753817021852651834e+09
1.753817021853434563e+09
1.753817021862981558e+09
1.753817021863879204e+09
1.753817021864944458e+09
1.753817021865817547e+09
1.753817021874916077e+09
1.753817021875781059e+09
1.753817021876824379e+09
1.753817021877640486e+09
1.753817021887393475e+09
1.753817021888229609e+09
1.753817021889274597e+09
1.753817021890084505e+09
1.753817021899120808e+09
1.753817021899964809e+09
1.753817021900948286e+09
1.753817021901773930e+09
1.753817021912477493e+09
1.753817021913360357e+09
1.753817021914407969e+09
1.753817021915242672e+09
1.753817021924875498e+09
1.753817021925708532e+09
1.753817021926696301e+09
1.753817021927513361e+09
1.753817021937101841e+09
1.753817021937923670e+09
1.753817021938919067e+09
1.753817021939754963e+09
1.753817021949258327e+09
1.753817021950072527e+09
1.753817021951051235e+09
1.753817021951836348e+09
1.753817021961391211e+09
1.753817021962252140e+09
1.753817021963269949e+09
1.753817021964085340e+09
1.753817021973407745e+09
1.753817021974871159e+09
1.753817021975884199e+09
1.753817021976691008e+09
1.753817021986501694e+09
1.753817021987350702e+09
1.753817021988366604e+09
1.753817021989193201e+09
1.753817021998439789e+09
1.753817021999282360e+09
1.753817022000258446e+09
1.753817022001064777e+09
1.753817022011219263e+09
1.753817022012043476e+09
1.753817022013035536e+09
1.753817022013841867e+09
1.753817022022659540e+09
1.753817022023504496e+09
1.753817022024498701e+09
1.753817022025265455e+09
1.753817022035927773e+09
1.753817022036761999e+09
1.753817022037780523e+09
1.753817022038567781e+09
1.753817022047691345e+09
1.753817022048511028e+09
1.753817022049488544e+09
1.753817022050307512e+09
1.753817022060913801e+09
1.753817022061750889e+09
1.753817022062746525e+09
1.753817022063535690e+09
1.753817022073621511e+09
1.753817022074504375e+09
1.753817022075535774e+09
1.753817022076367617e+09
1.753817022085773706e+09
1.753817022086608410e+09
1.753817022087598801e+09
1.753817022088380098e+09
1.753817022098043919e+09
1.753817022098861217e+09
1.753817022099846840e+09
1.753817022100674629e+09
1.753817022110556126e+09
1.753817022111366034e+09
1.753817022112362385e+09
1.753817022113205910e+09
1.753817022122324467e+09
1.753817022123181581e+09
1.753817022124185801e+09
1.753817022125005007e+09
1.753817022135826349e+09
1.753817022136665821e+09
1.753817022137665749e+09
1.753817022138460636e+09
1.753817022147655249e+09
1.753817022148509741e+09
1.753817022149487734e+09
1.753817022150273323e+09
1.753817022161244631e+09
1.753817022162075043e+09
1.753817022163084984e+09
1.753817022163864374e+09
1.753817022172778845e+09
1.753817022173637629e+09
1.753817022174626350e+09
1.753817022175466537e+09
1.753817022185474634e+09
1.753817022186316729e+09
1.753817022187370062e+09
1.753817022188195229e+09
1.753817022197598934e+09
1.753817022198421478e+09
1.753817022199402332e+09
1.753817022200201035e+09
1.753817022210525751e+09
1.753817022211350441e+09
1.753817022212336540e+09
1.753817022213141680e+09
1.753817022222863913e+09
1.753817022223704100e+09
1.753817022224691153e+09
1.753817022225498915e+09
1.753817022236068010e+09
1.753817022236933708e+09
1.753817022238031864e+09
1.753817022238867998e+09
1.753817022248213530e+09
1.753817022249142170e+09
1.753817022250220299e+09
1.753817022251075983e+09
1.753817022261112690e+09
1.753817022261931419e+09
1.753817022262919426e+09
1.753817022263703823e+09
1.753817022272576332e+09
1.753817022273442745e+09
1.753817022274441481e+09
1.753817022275288343e+09
1.753817022286235571e+09
1.753817022287076950e+09
1.753817022288109779e+09
1.753817022288939476e+09
1.753817022298359156e+09
1.753817022299197197e+09
