1.752242359494963646e+09
1.752242359498258591e+09
1.752242359504674673e+09
1.752242359508452654e+09
1.752242359514870882e+09
1.752242359518384933e+09
1.752242359524702549e+09
1.752242359528351068e+09
1.752242359535000324e+09
1.752242359539002895e+09
1.752242359544817448e+09
1.752242359548440933e+09
1.752242359554927349e+09
1.752242359558560610e+09
1.752242359564775944e+09
1.752242359570343256e+09
1.752242359573767424e+09
1.752242359578451633e+09
1.752242359584465742e+09
1.752242359588304281e+09
1.752242359594600916e+09
1.752242359598323107e+09
1.752242359604870319e+09
1.752242359609745264e+09
1.752242359615180254e+09
1.752242359618346930e+09
1.752242359624694109e+09
1.752242359628558874e+09
1.752242359635014057e+09
1.752242359639497280e+09
1.752242359644525766e+09
1.752242359648285866e+09
1.752242359655270100e+09
1.752242359658626080e+09
1.752242359664513826e+09
1.752242359668284655e+09
1.752242359675247908e+09
1.752242359678879738e+09
1.752242359685020447e+09
1.752242359688504934e+09
1.752242359694865942e+09
1.752242359698330641e+09
1.752242359704721928e+09
1.752242359708496094e+09
1.752242359714620590e+09
1.752242359718255281e+09
1.752242359724699974e+09
1.752242359728658676e+09
1.752242359734828234e+09
1.752242359738420963e+09
1.752242359744826317e+09
1.752242359749409676e+09
1.752242359754850149e+09
1.752242359758608103e+09
1.752242359764771223e+09
1.752242359768405199e+09
1.752242359776162863e+09
1.752242359779798269e+09
1.752242359784436703e+09
1.752242359788358212e+09
1.752242359795200109e+09
1.752242359798468113e+09
1.752242359804517984e+09
1.752242359808397055e+09
1.752242359815132141e+09
1.752242359818729877e+09
1.752242359823406935e+09
1.752242359828281403e+09
1.752242359835224390e+09
1.752242359839463711e+09
1.752242359844652653e+09
1.752242359848595381e+09
1.752242359855001688e+09
1.752242359858329296e+09
1.752242359865252256e+09
1.752242359868329048e+09
1.752242359873644114e+09
1.752242359878536940e+09
1.752242359884958029e+09
1.752242359889544010e+09
1.752242359894745111e+09
1.752242359898262978e+09
1.752242359904492855e+09
1.752242359908624649e+09
1.752242359915188551e+09
1.752242359918630362e+09
1.752242359924700737e+09
1.752242359928372622e+09
1.752242359934742451e+09
1.752242359938678265e+09
1.752242359944632292e+09
1.752242359948324203e+09
1.752242359954754829e+09
1.752242359959400654e+09
1.752242359964909315e+09
1.752242359968580008e+09
1.752242359974894762e+09
1.752242359979609251e+09
1.752242359985042572e+09
1.752242359988258362e+09
1.752242359994764328e+09
1.752242359998616219e+09
1.752242360004575729e+09
1.752242360009357452e+09
1.752242360015187025e+09
1.752242360018239021e+09
1.752242360024493933e+09
1.752242360030550480e+09
1.752242360035635233e+09
1.752242360038288116e+09
1.752242360044537783e+09
1.752242360049159765e+09
1.752242360055032492e+09
1.752242360058680773e+09
1.752242360064776182e+09
1.752242360068325281e+09
1.752242360074894905e+09
1.752242360078541756e+09
1.752242360084381342e+09
1.752242360088470697e+09
1.752242360095120907e+09
1.752242360098408699e+09
1.752242360103084087e+09
1.752242360108504295e+09
1.752242360114817619e+09
1.752242360118631601e+09
1.752242360124670744e+09
1.752242360128459692e+09
1.752242360135409355e+09
1.752242360138526201e+09
1.752242360144837141e+09
1.752242360148523808e+09
1.752242360155116796e+09
1.752242360158429384e+09
1.752242360164888144e+09
1.752242360170380354e+09
1.752242360174964190e+09
1.752242360178512812e+09
1.752242360184724808e+09
1.752242360188602924e+09
1.752242360194984913e+09
1.752242360198301554e+09
1.752242360204720736e+09
1.752242360208543301e+09
1.752242360214775562e+09
1.752242360218389988e+09
1.752242360224669218e+09
1.752242360228279591e+09
1.752242360234851360e+09
1.752242360238504410e+09
1.752242360243585825e+09
1.752242360248515368e+09
1.752242360255258322e+09
1.752242360258607388e+09
1.752242360264528036e+09
1.752242360269733906e+09
1.752242360275156975e+09
1.752242360278377056e+09
1.752242360284423590e+09
1.752242360288531780e+09
1.752242360294939280e+09
1.752242360298347473e+09
1.752242360304743528e+09
1.752242360309800863e+09
1.752242360314840078e+09
1.752242360318299294e+09
1.752242360324942112e+09
1.752242360328386068e+09
1.752242360334576845e+09
1.752242360338254690e+09
1.752242360344404459e+09
1.752242360348505974e+09
1.752242360355213642e+09
1.752242360358652115e+09
1.752242360364634275e+09
1.752242360368530273e+09
1.752242360374894619e+09
1.752242360378526926e+09
1.752242360383048773e+09
1.752242360388463497e+09
1.752242360395046234e+09
1.752242360398440123e+09
1.752242360404694319e+09
1.752242360408520699e+09
1.752242360415170908e+09
1.752242360418278456e+09
1.752242360424491167e+09
1.752242360428502321e+09
1.752242360434885025e+09
1.752242360438311100e+09
1.752242360444743872e+09
1.752242360449649334e+09
1.752242360454885721e+09
1.752242360458295584e+09
1.752242360464497328e+09
1.752242360468524456e+09
1.752242360474960566e+09
1.752242360478412390e+09
1.752242360484989166e+09
1.752242360488363504e+09
1.752242360494908810e+09
1.752242360498281479e+09
1.752242360504852057e+09
1.752242360508439302e+09
1.752242360514834642e+09
1.752242360519191265e+09
1.752242360524818182e+09
1.752242360528530359e+09
1.752242360535140038e+09
1.752242360538299322e+09
1.752242360544492722e+09
1.752242360548369884e+09
1.752242360554707766e+09
1.752242360558624029e+09
1.752242360563044548e+09
1.752242360568568468e+09
1.752242360574796438e+09
1.752242360578428507e+09
1.752242360584759712e+09
1.752242360589430809e+09
1.752242360594493628e+09
1.752242360598285675e+09
1.752242360604773283e+09
1.752242360608558178e+09
1.752242360614858866e+09
1.752242360618240356e+09
1.752242360624819994e+09
1.752242360628430605e+09
1.752242360634894609e+09
1.752242360638512611e+09
1.752242360644697905e+09
1.752242360648319006e+09
1.752242360654922724e+09
1.752242360658356905e+09
1.752242360663450956e+09
1.752242360668368816e+09
1.752242360674876451e+09
1.752242360678262234e+09
1.752242360684762478e+09
1.752242360688562393e+09
1.752242360695273161e+09
1.752242360698535681e+09
1.752242360704690933e+09
1.752242360708463907e+09
1.752242360714957237e+09
1.752242360718621254e+09
1.752242360724724293e+09
1.752242360730361462e+09
1.752242360734857321e+09
1.752242360738398790e+09
1.752242360744789839e+09
1.752242360748564243e+09
1.752242360754856110e+09
1.752242360758411884e+09
1.752242360764582396e+09
1.752242360768282175e+09
1.752242360775128126e+09
1.752242360778295994e+09
1.752242360784867525e+09
1.752242360788531780e+09
1.752242360794990540e+09
1.752242360798388004e+09
1.752242360803267479e+09
1.752242360808322191e+09
1.752242360814811707e+09
1.752242360818411350e+09
1.752242360824596643e+09
1.752242360828354120e+09
1.752242360834722042e+09
1.752242360838289261e+09
1.752242360844555616e+09
1.752242360848536730e+09
1.752242360855101585e+09
1.752242360859400749e+09
1.752242360865168810e+09
1.752242360869988680e+09
1.752242360874962091e+09
1.752242360878530979e+09
1.752242360884785175e+09
1.752242360889509201e+09
1.752242360894990444e+09
1.752242360898287773e+09
1.752242360904673815e+09
1.752242360908435822e+09
1.752242360914904594e+09
1.752242360918540955e+09
1.752242360924890280e+09
1.752242360928426504e+09
1.752242360935100555e+09
1.752242360938719034e+09
1.752242360944710255e+09
1.752242360948525429e+09
1.752242360955135822e+09
1.752242360958434820e+09
1.752242360964737892e+09
1.752242360968522310e+09
1.752242360974895954e+09
1.752242360979398251e+09
1.752242360984646082e+09
1.752242360988375187e+09
1.752242360994782686e+09
1.752242360998284101e+09
1.752242361004545450e+09
1.752242361008766651e+09
1.752242361013869524e+09
1.752242361018349409e+09
1.752242361025701284e+09
1.752242361028744221e+09
1.752242361034709930e+09
1.752242361038467884e+09
1.752242361045120478e+09
1.752242361048411369e+09
1.752242361054977179e+09
1.752242361058572769e+09
1.752242361064755440e+09
1.752242361068821430e+09
1.752242361074903965e+09
1.752242361078270197e+09
1.752242361082900763e+09
1.752242361088270426e+09
1.752242361095069170e+09
1.752242361099584103e+09
1.752242361104631901e+09
1.752242361108531237e+09
1.752242361115159988e+09
1.752242361119500399e+09
1.752242361124749899e+09
1.752242361128483534e+09
1.752242361135079384e+09
1.752242361138318300e+09
1.752242361145308971e+09
1.752242361150973082e+09
1.752242361153415680e+09
1.752242361158594847e+09
1.752242361164856672e+09
1.752242361168654680e+09
1.752242361174626350e+09
1.752242361178400517e+09
1.752242361184920549e+09
1.752242361188549995e+09
1.752242361195160389e+09
1.752242361198391199e+09
1.752242361204879761e+09
1.752242361208388805e+09
1.752242361214723825e+09
1.752242361221414804e+09
1.752242361223337889e+09
1.752242361228597164e+09
1.752242361234716177e+09
1.752242361238319635e+09
1.752242361244478941e+09
1.752242361248737574e+09
1.752242361254888535e+09
1.752242361258520842e+09
1.752242361264741182e+09
1.752242361268512964e+09
1.752242361274866343e+09
1.752242361278496027e+09
1.752242361284801006e+09
1.752242361289591789e+09
1.752242361294884920e+09
1.752242361298624277e+09
1.752242361304847717e+09
1.752242361308466673e+09
1.752242361315154791e+09
1.752242361319614649e+09
1.752242361323272705e+09
1.752242361328461885e+09
1.752242361334460258e+09
1.752242361339164019e+09
1.752242361345226288e+09
1.752242361348565340e+09
1.752242361355202913e+09
1.752242361358538151e+09
1.752242361363275766e+09
1.752242361368419170e+09
1.752242361375509501e+09
1.752242361378532648e+09
1.752242361384819984e+09
1.752242361388602018e+09
1.752242361394938231e+09
1.752242361398587942e+09
1.752242361405465364e+09
1.752242361409228563e+09
1.752242361414694071e+09
1.752242361419599533e+09
1.752242361425037146e+09
1.752242361430422306e+09
1.752242361434859753e+09
1.752242361438263178e+09
1.752242361444634914e+09
1.752242361448525667e+09
1.752242361455018520e+09
1.752242361458725214e+09
1.752242361464765549e+09
1.752242361469638586e+09
1.752242361475173712e+09
1.752242361478235245e+09
1.752242361484553814e+09
1.752242361488710403e+09
1.752242361497569799e+09
1.752242361498191357e+09
1.752242361505401373e+09
1.752242361508555889e+09
1.752242361514717102e+09
1.752242361518324137e+09
1.752242361523142338e+09
1.752242361528557062e+09
1.752242361535089731e+09
1.752242361538502932e+09
1.752242361544577837e+09
1.752242361548391581e+09
1.752242361554890156e+09
1.752242361558358669e+09
1.752242361564711332e+09
1.752242361569757223e+09
1.752242361574552298e+09
1.752242361578321934e+09
1.752242361584726334e+09
1.752242361588301897e+09
1.752242361595011473e+09
1.752242361598401070e+09
1.752242361602881908e+09
1.752242361608548641e+09
1.752242361615013123e+09
1.752242361619244576e+09
1.752242361625031471e+09
1.752242361629351139e+09
1.752242361634579659e+09
1.752242361638711452e+09
1.752242361645151138e+09
1.752242361648582935e+09
1.752242361655323744e+09
1.752242361658597708e+09
1.752242361664494753e+09
1.752242361668449640e+09
1.752242361675324202e+09
1.752242361679355145e+09
1.752242361684420109e+09
1.752242361688518286e+09
1.752242361694966078e+09
1.752242361698416233e+09
1.752242361704560995e+09
1.752242361709176540e+09
1.752242361714936018e+09
1.752242361718491793e+09
1.752242361724857092e+09
1.752242361728487015e+09
1.752242361735096931e+09
1.752242361738371134e+09
1.752242361744695902e+09
1.752242361749283552e+09
1.752242361754570484e+09
1.752242361758326292e+09
1.752242361762996674e+09
1.752242361769495249e+09
1.752242361774677038e+09
1.752242361778269768e+09
1.752242361784348011e+09
1.752242361788519859e+09
1.752242361795142174e+09
1.752242361799808264e+09
1.752242361804749727e+09
1.752242361808296680e+09
1.752242361815159082e+09
1.752242361818541527e+09
1.752242361824787378e+09
1.752242361828319311e+09
1.752242361834777832e+09
1.752242361838281393e+09
1.752242361844502926e+09
1.752242361850003004e+09
1.752242361854579210e+09
1.752242361859807730e+09
1.752242361864714384e+09
1.752242361868383646e+09
1.752242361874740362e+09
1.752242361878276348e+09
1.752242361884388208e+09
1.752242361889374256e+09
1.752242361895558357e+09
1.752242361898542643e+09
1.752242361904998541e+09
1.752242361908266306e+09
1.752242361914618015e+09
1.752242361921292782e+09
1.752242361923393250e+09
1.752242361928271532e+09
1.752242361934644461e+09
1.752242361938537836e+09
1.752242361944783688e+09
1.752242361949777365e+09
1.752242361955562353e+09
1.752242361958256245e+09
1.752242361964723110e+09
1.752242361969478369e+09
1.752242361975091219e+09
1.752242361978375196e+09
1.752242361984768152e+09
1.752242361990159035e+09
1.752242361995073080e+09
1.752242361998532772e+09
1.752242362004798412e+09
1.752242362008518457e+09
1.752242362014914274e+09
1.752242362018377542e+09
1.752242362024765491e+09
1.752242362028257370e+09
1.752242362034652710e+09
1.752242362038520813e+09
1.752242362044649124e+09
1.752242362048504114e+09
1.752242362054783344e+09
1.752242362058522701e+09
1.752242362065706015e+09
1.752242362068522453e+09
1.752242362074861765e+09
1.752242362078604698e+09
1.752242362084727526e+09
1.752242362088551998e+09
1.752242362095000029e+09
1.752242362098501682e+09
1.752242362104768753e+09
1.752242362108435631e+09
1.752242362114963293e+09
1.752242362118464708e+09
1.752242362124761581e+09
1.752242362129547119e+09
1.752242362134197474e+09
1.752242362139266729e+09
1.752242362144920826e+09
1.752242362148832560e+09
1.752242362154918671e+09
1.752242362158347607e+09
1.752242362164671659e+09
1.752242362168351412e+09
1.752242362174766064e+09
1.752242362178554773e+09
1.752242362184710503e+09
1.752242362189250469e+09
1.752242362194852829e+09
1.752242362198633432e+09
1.752242362205525160e+09
1.752242362208262205e+09
1.752242362214823008e+09
1.752242362218528509e+09
1.752242362224497080e+09
1.752242362228355885e+09
1.752242362235326529e+09
1.752242362239309072e+09
1.752242362244910479e+09
1.752242362248263359e+09
1.752242362254866362e+09
1.752242362259242296e+09
1.752242362264647007e+09
1.752242362271382809e+09
1.752242362275005579e+09
1.752242362278228521e+09
1.752242362284528732e+09
1.752242362289512396e+09
1.752242362295399189e+09
1.752242362298426151e+09
1.752242362304556608e+09
1.752242362308278084e+09
1.752242362314913034e+09
1.752242362318535566e+09
1.752242362324745655e+09
1.752242362328528404e+09
1.752242362334857702e+09
1.752242362338534594e+09
1.752242362343288898e+09
1.752242362348409891e+09
1.752242362354784966e+09
1.752242362358407736e+09
1.752242362364638805e+09
1.752242362369137526e+09
1.752242362375061035e+09
1.752242362378521681e+09
1.752242362384533167e+09
1.752242362388350010e+09
1.752242362394667149e+09
1.752242362398574114e+09
1.752242362404671192e+09
1.752242362411101103e+09
1.752242362415343523e+09
1.752242362418627739e+09
1.752242362424791098e+09
1.752242362429394007e+09
1.752242362434734821e+09
1.752242362438382149e+09
1.752242362444886208e+09
1.752242362449051619e+09
1.752242362454739809e+09
1.752242362458316326e+09
1.752242362465007782e+09
1.752242362469434261e+09
1.752242362474865675e+09
1.752242362478457928e+09
1.752242362483323336e+09
1.752242362488243103e+09
1.752242362494863987e+09
1.752242362498516798e+09
1.752242362503043175e+09
1.752242362508703232e+09
1.752242362514796734e+09
1.752242362519311905e+09
1.752242362522938967e+09
1.752242362528585911e+09
1.752242362535202026e+09
1.752242362538825035e+09
1.752242362544804096e+09
1.752242362550712109e+09
1.752242362554905415e+09
1.752242362558356047e+09
1.752242362564832449e+09
1.752242362568511486e+09
1.752242362575212717e+09
1.752242362579555750e+09
1.752242362584539413e+09
1.752242362588350534e+09
1.752242362594972372e+09
1.752242362598568201e+09
1.752242362604752541e+09
1.752242362608328104e+09
1.752242362615005732e+09
1.752242362618313551e+09
1.752242362624152660e+09
1.752242362628511429e+09
1.752242362635123730e+09
1.752242362638375759e+09
1.752242362644733667e+09
1.752242362649391890e+09
1.752242362655106783e+09
1.752242362658571959e+09
1.752242362664680958e+09
1.752242362669855833e+09
1.752242362675624609e+09
1.752242362678400993e+09
1.752242362684445381e+09
1.752242362688704014e+09
1.752242362695158005e+09
1.752242362698524714e+09
1.752242362704701185e+09
1.752242362708383799e+09
1.752242362714918137e+09
1.752242362718480349e+09
1.752242362724556684e+09
1.752242362728429794e+09
1.752242362734992981e+09
1.752242362738487959e+09
1.752242362744862556e+09
1.752242362748321533e+09
1.752242362755011559e+09
1.752242362758498192e+09
1.752242362764080048e+09
1.752242362768396139e+09
1.752242362774886608e+09
1.752242362778528214e+09
1.752242362784754992e+09
1.752242362788517714e+09
1.752242362794846058e+09
1.752242362798405409e+09
1.752242362804752111e+09
1.752242362808562279e+09
1.752242362814735174e+09
1.752242362818353653e+09
1.752242362824910879e+09
1.752242362828330755e+09
1.752242362833988667e+09
1.752242362838356733e+09
1.752242362842784405e+09
1.752242362849205017e+09
1.752242362854715109e+09
1.752242362858348370e+09
1.752242362865064144e+09
1.752242362869395018e+09
1.752242362874939442e+09
1.752242362878401995e+09
1.752242362884757042e+09
1.752242362888411760e+09
1.752242362894771814e+09
1.752242362898648977e+09
1.752242362904529572e+09
1.752242362908390760e+09
1.752242362915102243e+09
1.752242362919558048e+09
1.752242362924627304e+09
1.752242362928296566e+09
1.752242362935482264e+09
1.752242362938722849e+09
1.752242362944535494e+09
1.752242362948503256e+09
1.752242362953222752e+09
1.752242362960410118e+09
1.752242362964562893e+09
1.752242362968284369e+09
1.752242362974258184e+09
1.752242362978501797e+09
1.752242362984929800e+09
1.752242362988584280e+09
1.752242362994863987e+09
1.752242362998703003e+09
1.752242363004646301e+09
1.752242363008381367e+09
1.752242363015010118e+09
1.752242363018559933e+09
1.752242363024939537e+09
1.752242363028435469e+09
1.752242363034906149e+09
1.752242363038569689e+09
1.752242363044638634e+09
1.752242363048320770e+09
1.752242363055000305e+09
1.752242363058350325e+09
1.752242363064750195e+09
1.752242363068586588e+09
1.752242363074870825e+09
1.752242363078452110e+09
1.752242363084676027e+09
1.752242363088397503e+09
1.752242363094726562e+09
1.752242363098556757e+09
1.752242363104973316e+09
1.752242363109729528e+09
1.752242363115912437e+09
1.752242363121325254e+09
1.752242363125713110e+09
1.752242363129561663e+09
1.752242363134803057e+09
1.752242363139036655e+09
1.752242363145212650e+09
1.752242363149621964e+09
1.752242363154706955e+09
1.752242363158498287e+09
1.752242363165028334e+09
1.752242363168623447e+09
1.752242363174824715e+09
1.752242363178492785e+09
1.752242363183305979e+09
1.752242363188322544e+09
1.752242363195031881e+09
1.752242363199925423e+09
1.752242363204735279e+09
1.752242363208391905e+09
1.752242363214957714e+09
1.752242363218526602e+09
1.752242363224815845e+09
1.752242363228393555e+09
1.752242363234818459e+09
1.752242363238580465e+09
1.752242363244679451e+09
1.752242363248285294e+09
1.752242363254090548e+09
1.752242363258573055e+09
1.752242363264800549e+09
1.752242363268517733e+09
1.752242363274933338e+09
1.752242363278309345e+09
1.752242363284832001e+09
1.752242363288553476e+09
1.752242363294827223e+09
1.752242363298366308e+09
1.752242363304735422e+09
1.752242363308559895e+09
1.752242363314856768e+09
1.752242363318452835e+09
1.752242363324605465e+09
1.752242363328511953e+09
1.752242363335164785e+09
1.752242363338545322e+09
1.752242363344727993e+09
1.752242363348431110e+09
1.752242363354627609e+09
1.752242363358437777e+09
1.752242363364939690e+09
1.752242363368567467e+09
1.752242363375504732e+09
1.752242363378727913e+09
1.752242363384620905e+09
