1.752243317823757410e+09
1.752243317829994678e+09
1.752243317833593130e+09
1.752243317839559078e+09
1.752243317843600273e+09
1.752243317848226070e+09
1.752243317854288578e+09
1.752243317857924700e+09
1.752243317863736868e+09
1.752243317869699240e+09
1.752243317875242472e+09
1.752243317877891541e+09
1.752243317883678913e+09
1.752243317888522148e+09
1.752243317894953966e+09
1.752243317899563551e+09
1.752243317903605700e+09
1.752243317910447359e+09
1.752243317914787531e+09
1.752243317919725895e+09
1.752243317923628569e+09
1.752243317928292751e+09
1.752243317934810400e+09
1.752243317938015223e+09
1.752243317943802595e+09
1.752243317948923349e+09
1.752243317954292297e+09
1.752243317959889174e+09
1.752243317965723753e+09
1.752243317968385696e+09
1.752243317973569632e+09
1.752243317977844954e+09
1.752243317983576536e+09
1.752243317987911463e+09
1.752243317994510889e+09
1.752243317998055458e+09
1.752243318003524780e+09
1.752243318009925127e+09
1.752243318014697790e+09
1.752243318019442797e+09
1.752243318023456335e+09
1.752243318027879477e+09
1.752243318034773588e+09
1.752243318040077686e+09
1.752243318043766022e+09
1.752243318048149824e+09
1.752243318054395676e+09
1.752243318060348272e+09
1.752243318063912868e+09
1.752243318069800377e+09
1.752243318074430704e+09
1.752243318077905416e+09
1.752243318086056471e+09
1.752243318089774847e+09
1.752243318094400883e+09
1.752243318099514484e+09
1.752243318103611946e+09
1.752243318109619617e+09
1.752243318113567591e+09
1.752243318118363619e+09
1.752243318124743700e+09
1.752243318129712343e+09
1.752243318134201288e+09
1.752243318137977600e+09
1.752243318144576073e+09
1.752243318148084402e+09
1.752243318153677225e+09
1.752243318159885883e+09
1.752243318163651228e+09
1.752243318170149326e+09
1.752243318174517870e+09
1.752243318180096149e+09
1.752243318183836460e+09
1.752243318189978838e+09
1.752243318194350481e+09
1.752243318199917316e+09
1.752243318203608751e+09
1.752243318209545374e+09
1.752243318213515043e+09
1.752243318219671488e+09
1.752243318226764441e+09
1.752243318229501009e+09
1.752243318233530045e+09
1.752243318239676237e+09
1.752243318244595766e+09
1.752243318248281002e+09
1.752243318254766941e+09
1.752243318259714365e+09
1.752243318265434980e+09
1.752243318268387318e+09
1.752243318273697376e+09
1.752243318280069590e+09
1.752243318285210371e+09
1.752243318288417101e+09
1.752243318294331551e+09
1.752243318299178123e+09
1.752243318303869247e+09
1.752243318308167934e+09
1.752243318314359665e+09
1.752243318318000555e+09
1.752243318323778152e+09
1.752243318328303099e+09
1.752243318334754705e+09
1.752243318338129759e+09
1.752243318343597174e+09
1.752243318349654436e+09
1.752243318353526592e+09
1.752243318359597921e+09
1.752243318364609241e+09
1.752243318368007421e+09
1.752243318374741793e+09
1.752243318378242016e+09
1.752243318384553909e+09
1.752243318390116692e+09
1.752243318394427299e+09
1.752243318399786949e+09
1.752243318403692245e+09
1.752243318408288717e+09
1.752243318414484024e+09
1.752243318419980049e+09
1.752243318424497366e+09
1.752243318429785013e+09
1.752243318434402227e+09
1.752243318438139200e+09
1.752243318445042133e+09
1.752243318449615479e+09
1.752243318453676224e+09
1.752243318460150957e+09
1.752243318463821411e+09
1.752243318469474316e+09
1.752243318475178242e+09
1.752243318479575872e+09
1.752243318483499050e+09
1.752243318489759445e+09
1.752243318493771553e+09
1.752243318499644518e+09
1.752243318503752708e+09
1.752243318507828474e+09
1.752243318514497280e+09
1.752243318517861605e+09
1.752243318523730755e+09
1.752243318529714346e+09
1.752243318534495592e+09
1.752243318538513184e+09
1.752243318544907331e+09
1.752243318549606800e+09
1.752243318553840399e+09
1.752243318558534622e+09
1.752243318563757896e+09
1.752243318570310116e+09
1.752243318575955629e+09
1.752243318579787254e+09
1.752243318583927155e+09
1.752243318588216305e+09
1.752243318594867468e+09
1.752243318598249912e+09
1.752243318603802204e+09
1.752243318610141039e+09
1.752243318614843369e+09
1.752243318618541718e+09
1.752243318624482632e+09
1.752243318629740000e+09
1.752243318634495020e+09
1.752243318639738798e+09
1.752243318645761251e+09
1.752243318648203373e+09
1.752243318654109716e+09
1.752243318658282995e+09
1.752243318664801359e+09
1.752243318669669628e+09
1.752243318674074173e+09
1.752243318678274393e+09
1.752243318683467627e+09
1.752243318689617872e+09
1.752243318694240332e+09
1.752243318699990988e+09
1.752243318703857899e+09
1.752243318710114241e+09
1.752243318714478254e+09
1.752243318719630957e+09
1.752243318724752903e+09
1.752243318729972124e+09
1.752243318734538555e+09
1.752243318738480330e+09
1.752243318744543076e+09
1.752243318748093843e+09
1.752243318753836632e+09
1.752243318759895563e+09
1.752243318763796806e+09
1.752243318768315077e+09
1.752243318774749041e+09
1.752243318778062820e+09
1.752243318786643982e+09
1.752243318789895058e+09
1.752243318795208454e+09
1.752243318800127029e+09
1.752243318803533077e+09
1.752243318809536934e+09
1.752243318814477921e+09
1.752243318818318367e+09
1.752243318823708534e+09
1.752243318827947617e+09
1.752243318834257364e+09
1.752243318837873220e+09
1.752243318844454288e+09
1.752243318848268509e+09
1.752243318854288578e+09
1.752243318858442307e+09
1.752243318865684271e+09
1.752243318870635033e+09
1.752243318873611927e+09
1.752243318879585266e+09
1.752243318884861708e+09
1.752243318888477087e+09
1.752243318894367218e+09
1.752243318899887800e+09
1.752243318903806925e+09
1.752243318909944296e+09
1.752243318914318562e+09
1.752243318919633627e+09
1.752243318925661325e+09
1.752243318928551674e+09
1.752243318933605433e+09
1.752243318938142300e+09
1.752243318944585800e+09
1.752243318949598551e+09
1.752243318953596354e+09
1.752243318958079815e+09
1.752243318964590788e+09
1.752243318970192432e+09
1.752243318974516392e+09
1.752243318979988813e+09
1.752243318983735800e+09
1.752243318990116596e+09
1.752243318994464397e+09
1.752243318998874426e+09
1.752243319003818750e+09
1.752243319010030031e+09
1.752243319014556408e+09
1.752243319019858599e+09
1.752243319023618221e+09
1.752243319030049324e+09
1.752243319034383774e+09
1.752243319038183928e+09
1.752243319044287682e+09
1.752243319049571276e+09
1.752243319054486275e+09
1.752243319060431242e+09
1.752243319063555479e+09
1.752243319067857265e+09
1.752243319073548794e+09
1.752243319078236103e+09
1.752243319084682465e+09
1.752243319087945461e+09
1.752243319094476461e+09
1.752243319098346949e+09
1.752243319103825808e+09
1.752243319109586000e+09
1.752243319113531590e+09
1.752243319117956400e+09
1.752243319123744488e+09
1.752243319130100012e+09
1.752243319136491299e+09
1.752243319139784813e+09
1.752243319143778324e+09
1.752243319147930861e+09
1.752243319153816462e+09
1.752243319157953024e+09
1.752243319163845301e+09
1.752243319167979479e+09
1.752243319174407721e+09
1.752243319180283546e+09
1.752243319183886290e+09
1.752243319188410044e+09
1.752243319194508314e+09
1.752243319199937820e+09
1.752243319205047607e+09
1.752243319208038807e+09
1.752243319214570522e+09
1.752243319218348980e+09
1.752243319224478245e+09
1.752243319229767561e+09
1.752243319234265089e+09
1.752243319238332272e+09
1.752243319245603561e+09
1.752243319248611689e+09
1.752243319253542185e+09
1.752243319258242846e+09
1.752243319264385223e+09
1.752243319269863605e+09
1.752243319274478197e+09
1.752243319279164314e+09
1.752243319283577442e+09
1.752243319288308382e+09
1.752243319295109749e+09
1.752243319299622059e+09
1.752243319303586960e+09
1.752243319307906151e+09
1.752243319314655781e+09
1.752243319319927692e+09
1.752243319323786497e+09
1.752243319329637051e+09
1.752243319333578825e+09
1.752243319338364124e+09
1.752243319345157862e+09
1.752243319349586725e+09
1.752243319353644848e+09
1.752243319358053923e+09
1.752243319363668919e+09
1.752243319368103027e+09
1.752243319374424219e+09
1.752243319380008936e+09
1.752243319383623838e+09
1.752243319390145540e+09
1.752243319394579649e+09
1.752243319399811745e+09
1.752243319404479742e+09
1.752243319409720421e+09
1.752243319415503263e+09
1.752243319418080091e+09
1.752243319423641443e+09
1.752243319427932501e+09
1.752243319434548378e+09
1.752243319439850807e+09
1.752243319444665432e+09
1.752243319449679613e+09
1.752243319453570604e+09
1.752243319460135221e+09
1.752243319465013504e+09
1.752243319468259096e+09
1.752243319474114656e+09
1.752243319477809191e+09
1.752243319485622883e+09
1.752243319488318443e+09
1.752243319494530201e+09
1.752243319498052120e+09
1.752243319503697395e+09
1.752243319510020018e+09
1.752243319514458656e+09
1.752243319520316601e+09
1.752243319524755955e+09
1.752243319528263330e+09
1.752243319533551455e+09
1.752243319540072918e+09
1.752243319544056892e+09
1.752243319548083305e+09
1.752243319554354906e+09
1.752243319558782578e+09
1.752243319563756466e+09
1.752243319569875717e+09
1.752243319575067759e+09
1.752243319579742670e+09
1.752243319583740234e+09
1.752243319590172052e+09
1.752243319594380379e+09
1.752243319599786282e+09
1.752243319603852272e+09
1.752243319609892845e+09
1.752243319614363194e+09
1.752243319619792461e+09
1.752243319625227213e+09
1.752243319629625797e+09
1.752243319635079384e+09
1.752243319638310194e+09
1.752243319643717051e+09
1.752243319649608850e+09
1.752243319654718161e+09
1.752243319658520937e+09
1.752243319663937330e+09
1.752243319670147657e+09
1.752243319674224854e+09
1.752243319679702520e+09
1.752243319683676720e+09
1.752243319688470840e+09
1.752243319694569111e+09
1.752243319698813438e+09
1.752243319704913139e+09
1.752243319708263874e+09
1.752243319714152813e+09
1.752243319717900753e+09
1.752243319725086451e+09
1.752243319730396271e+09
1.752243319734079123e+09
1.752243319740399837e+09
1.752243319744555712e+09
1.752243319748316765e+09
1.752243319753794670e+09
1.752243319760142326e+09
1.752243319765420437e+09
1.752243319768270493e+09
1.752243319773588657e+09
1.752243319780256033e+09
1.752243319785244942e+09
1.752243319790262461e+09
1.752243319794470072e+09
1.752243319800138950e+09
1.752243319804486513e+09
1.752243319809674501e+09
1.752243319813652277e+09
1.752243319820126057e+09
1.752243319824548006e+09
1.752243319827822685e+09
1.752243319834367752e+09
1.752243319838596821e+09
1.752243319844567537e+09
1.752243319848047733e+09
1.752243319854386330e+09
1.752243319859732389e+09
1.752243319864301205e+09
1.752243319870930672e+09
1.752243319874412537e+09
1.752243319880181789e+09
1.752243319884968042e+09
1.752243319888146400e+09
1.752243319894201040e+09
1.752243319900047064e+09
1.752243319905654192e+09
1.752243319907810211e+09
1.752243319914404869e+09
1.752243319917917013e+09
1.752243319924427032e+09
1.752243319928199768e+09
1.752243319933856487e+09
1.752243319938004017e+09
1.752243319943747759e+09
1.752243319947814465e+09
1.752243319954081774e+09
1.752243319959640026e+09
1.752243319963623285e+09
1.752243319969542742e+09
1.752243319975776672e+09
1.752243319978253126e+09
1.752243319983538151e+09
1.752243319989799261e+09
1.752243319995246410e+09
1.752243320000330687e+09
1.752243320003718376e+09
1.752243320010026693e+09
1.752243320014395475e+09
1.752243320017818213e+09
1.752243320023800850e+09
1.752243320029938936e+09
1.752243320034289598e+09
1.752243320037803411e+09
1.752243320044793367e+09
1.752243320049549341e+09
1.752243320054840803e+09
1.752243320058082581e+09
1.752243320063612938e+09
1.752243320069549084e+09
1.752243320074676514e+09
1.752243320078073263e+09
1.752243320083751917e+09
1.752243320089972496e+09
1.752243320094705582e+09
1.752243320098071814e+09
1.752243320104498386e+09
1.752243320108067989e+09
1.752243320113618612e+09
1.752243320118288279e+09
1.752243320123798132e+09
1.752243320129868746e+09
1.752243320133602142e+09
1.752243320140261889e+09
1.752243320144042969e+09
1.752243320149776936e+09
1.752243320153597116e+09
1.752243320159543276e+09
1.752243320163656473e+09
1.752243320169968128e+09
1.752243320173946142e+09
1.752243320178101301e+09
1.752243320183726311e+09
1.752243320188335657e+09
1.752243320194349289e+09
1.752243320198029280e+09
1.752243320203686953e+09
1.752243320209607601e+09
1.752243320214409828e+09
1.752243320218042612e+09
1.752243320224303007e+09
1.752243320230292797e+09
1.752243320234434605e+09
1.752243320237890959e+09
1.752243320244593143e+09
1.752243320249578953e+09
1.752243320254574060e+09
1.752243320258416176e+09
1.752243320263715982e+09
1.752243320269847155e+09
1.752243320274463415e+09
1.752243320278075218e+09
1.752243320284364700e+09
1.752243320288136959e+09
1.752243320294586182e+09
1.752243320300066710e+09
1.752243320303781986e+09
1.752243320308241367e+09
1.752243320314558029e+09
1.752243320319945574e+09
1.752243320323555231e+09
1.752243320329888582e+09
1.752243320334916353e+09
1.752243320338321209e+09
1.752243320344406128e+09
1.752243320349707842e+09
1.752243320354318619e+09
1.752243320359637022e+09
1.752243320363566637e+09
1.752243320368001699e+09
1.752243320374730349e+09
1.752243320379827023e+09
1.752243320383599043e+09
1.752243320389586449e+09
1.752243320393550396e+09
1.752243320398533106e+09
1.752243320403544664e+09
1.752243320407927275e+09
1.752243320414537907e+09
1.752243320417802095e+09
1.752243320423842907e+09
1.752243320429641247e+09
1.752243320434525013e+09
1.752243320438008308e+09
1.752243320444458723e+09
1.752243320448210001e+09
1.752243320454265833e+09
1.752243320459807396e+09
1.752243320463775396e+09
1.752243320470075607e+09
1.752243320474477053e+09
1.752243320479742527e+09
1.752243320483710051e+09
1.752243320490050554e+09
1.752243320494640827e+09
1.752243320500152826e+09
1.752243320503792524e+09
1.752243320508257627e+09
1.752243320514432907e+09
1.752243320517938852e+09
1.752243320524487019e+09
1.752243320527836323e+09
1.752243320536240339e+09
1.752243320540097952e+09
1.752243320543785572e+09
1.752243320549808741e+09
1.752243320554521799e+09
1.752243320560124159e+09
1.752243320563831568e+09
1.752243320570076704e+09
1.752243320574370623e+09
1.752243320578263521e+09
1.752243320585064650e+09
1.752243320587966919e+09
1.752243320594290257e+09
1.752243320597850084e+09
1.752243320603753805e+09
1.752243320608821869e+09
1.752243320614611864e+09
1.752243320619666338e+09
1.752243320623691082e+09
1.752243320628246069e+09
1.752243320634734392e+09
1.752243320640017271e+09
1.752243320643867970e+09
1.752243320648454666e+09
1.752243320654487610e+09
1.752243320660057306e+09
1.752243320663633585e+09
1.752243320669803858e+09
1.752243320673767328e+09
1.752243320680306196e+09
1.752243320684674025e+09
1.752243320689853668e+09
1.752243320694434166e+09
1.752243320698067665e+09
1.752243320703836441e+09
1.752243320710135460e+09
1.752243320714261055e+09
1.752243320719882250e+09
1.752243320724734783e+09
1.752243320728346586e+09
1.752243320733983278e+09
1.752243320739723206e+09
1.752243320744755507e+09
1.752243320749327183e+09
1.752243320754221678e+09
1.752243320759960651e+09
1.752243320763560772e+09
1.752243320769798040e+09
1.752243320774440527e+09
1.752243320778253078e+09
1.752243320784522057e+09
1.752243320790215015e+09
1.752243320794504404e+09
1.752243320798537731e+09
1.752243320803730488e+09
1.752243320809711933e+09
1.752243320814581394e+09
1.752243320821765423e+09
1.752243320825615406e+09
1.752243320828049421e+09
1.752243320833616018e+09
1.752243320839649200e+09
1.752243320843769789e+09
1.752243320847797155e+09
1.752243320854499817e+09
1.752243320858188868e+09
1.752243320863741159e+09
1.752243320869610786e+09
1.752243320874140739e+09
1.752243320879772425e+09
1.752243320883685589e+09
1.752243320888589621e+09
1.752243320894369125e+09
1.752243320897822142e+09
1.752243320903795481e+09
1.752243320907849550e+09
1.752243320915131330e+09
1.752243320918655634e+09
1.752243320923584223e+09
1.752243320929550648e+09
1.752243320934907436e+09
1.752243320938307047e+09
1.752243320944712400e+09
1.752243320947987318e+09
1.752243320954429150e+09
1.752243320959980488e+09
1.752243320963755846e+09
1.752243320968260765e+09
1.752243320974223375e+09
1.752243320980115414e+09
1.752243320985621452e+09
1.752243320989593267e+09
1.752243320994460821e+09
1.752243320999595404e+09
1.752243321003590584e+09
1.752243321008045197e+09
1.752243321014512062e+09
1.752243321019608974e+09
1.752243321023549080e+09
1.752243321028556824e+09
1.752243321034449816e+09
1.752243321040596008e+09
1.752243321044714928e+09
1.752243321049611807e+09
1.752243321054260492e+09
1.752243321058086157e+09
1.752243321064797401e+09
1.752243321067869663e+09
1.752243321074455261e+09
1.752243321080185413e+09
1.752243321084503889e+09
1.752243321089960337e+09
1.752243321095381975e+09
1.752243321097934961e+09
1.752243321103718996e+09
1.752243321109908819e+09
1.752243321114478588e+09
1.752243321119941711e+09
1.752243321123743296e+09
1.752243321128097057e+09
1.752243321134373665e+09
1.752243321138230085e+09
1.752243321144346952e+09
1.752243321147819757e+09
1.752243321154346943e+09
1.752243321159664154e+09
1.752243321163667202e+09
1.752243321169551373e+09
1.752243321174292564e+09
1.752243321180047512e+09
1.752243321183660507e+09
1.752243321189611435e+09
1.752243321195121527e+09
1.752243321198261023e+09
1.752243321203751564e+09
1.752243321209884167e+09
1.752243321214698315e+09
1.752243321218273878e+09
1.752243321223630428e+09
1.752243321229630470e+09
1.752243321236049652e+09
1.752243321238298655e+09
1.752243321244658947e+09
1.752243321250168324e+09
1.752243321254362106e+09
1.752243321259785414e+09
1.752243321263721466e+09
1.752243321270072937e+09
1.752243321274935007e+09
1.752243321278285980e+09
1.752243321283588886e+09
1.752243321290089130e+09
1.752243321294191360e+09
1.752243321300289869e+09
1.752243321304591656e+09
1.752243321310758114e+09
1.752243321314470768e+09
1.752243321319727659e+09
1.752243321323572636e+09
1.752243321327913046e+09
1.752243321335100651e+09
1.752243321338302374e+09
1.752243321343730450e+09
1.752243321349692106e+09
1.752243321354792356e+09
1.752243321358209610e+09
1.752243321363829136e+09
1.752243321370078564e+09
1.752243321374981403e+09
1.752243321378725290e+09
1.752243321383682013e+09
1.752243321388322353e+09
1.752243321394461393e+09
1.752243321399714708e+09
1.752243321403723717e+09
1.752243321407840252e+09
1.752243321414524317e+09
1.752243321418412685e+09
1.752243321424014807e+09
1.752243321428077459e+09
1.752243321434332132e+09
1.752243321439797163e+09
1.752243321444360256e+09
1.752243321450357437e+09
1.752243321455840588e+09
1.752243321457813263e+09
1.752243321463756323e+09
1.752243321468269348e+09
1.752243321474222660e+09
1.752243321479691744e+09
1.752243321483948708e+09
1.752243321488138199e+09
1.752243321494276285e+09
1.752243321497886658e+09
1.752243321504538774e+09
1.752243321510126829e+09
1.752243321513706446e+09
1.752243321518146038e+09
1.752243321523792267e+09
1.752243321530065775e+09
1.752243321533547401e+09
1.752243321539627075e+09
1.752243321544412136e+09
1.752243321549977541e+09
1.752243321554537535e+09
1.752243321558254957e+09
1.752243321564581394e+09
1.752243321570821285e+09
1.752243321575983524e+09
1.752243321579599857e+09
1.752243321583702803e+09
1.752243321590318680e+09
1.752243321594429493e+09
1.752243321599690199e+09
1.752243321603757858e+09
1.752243321608063459e+09
1.752243321614458084e+09
1.752243321620057583e+09
1.752243321623688221e+09
1.752243321627902031e+09
1.752243321634479761e+09
1.752243321640080690e+09
1.752243321644324303e+09
1.752243321648020029e+09
1.752243321654491186e+09
1.752243321658297062e+09
1.752243321663891315e+09
1.752243321669564962e+09
1.752243321673543930e+09
1.752243321679630756e+09
1.752243321683660030e+09
1.752243321688501596e+09
1.752243321695213795e+09
1.752243321697910547e+09
1.752243321704383850e+09
1.752243321710358858e+09
1.752243321714278936e+09
1.752243321718270063e+09
1.752243321723909616e+09
1.752243321728857517e+09
1.752243321734530449e+09
1.752243321737891912e+09
1.752243321743750334e+09
1.752243321749930859e+09
1.752243321754302502e+09
1.752243321758087635e+09
1.752243321763962030e+09
1.752243321767885685e+09
1.752243321774575710e+09
1.752243321777961969e+09
1.752243321783826590e+09
1.752243321787884712e+09
1.752243321794403553e+09
1.752243321799523592e+09
1.752243321804530382e+09
1.752243321808497429e+09
1.752243321813691378e+09
1.752243321818058491e+09
1.752243321824531794e+09
1.752243321828284740e+09
1.752243321834586143e+09
1.752243321839812517e+09
1.752243321843620777e+09
1.752243321848259926e+09
1.752243321854968786e+09
1.752243321859632492e+09
1.752243321863558769e+09
1.752243321868909121e+09
1.752243321874534369e+09
1.752243321879771471e+09
1.752243321883697033e+09
1.752243321888386011e+09
1.752243321894482851e+09
1.752243321900175333e+09
1.752243321903810740e+09
1.752243321909587860e+09
1.752243321913551092e+09
1.752243321918268919e+09
1.752243321925152302e+09
1.752243321928084850e+09
1.752243321933621168e+09
1.752243321940022230e+09
1.752243321943671465e+09
1.752243321949613094e+09
1.752243321954179287e+09
1.752243321958286524e+09
1.752243321964629173e+09
1.752243321969584465e+09
1.752243321974114895e+09
1.752243321978292227e+09
1.752243321984463453e+09
1.752243321990283966e+09
1.752243321994676590e+09
1.752243321999907255e+09
1.752243322004449368e+09
1.752243322010234833e+09
1.752243322014399529e+09
1.752243322018127918e+09
1.752243322024879217e+09
1.752243322028259993e+09
1.752243322034395218e+09
1.752243322039778709e+09
1.752243322043715954e+09
1.752243322049666166e+09
1.752243322053546429e+09
1.752243322059653521e+09
1.752243322063679457e+09
1.752243322069668055e+09
1.752243322075846910e+09
1.752243322077886105e+09
1.752243322083900213e+09
1.752243322088186026e+09
1.752243322094825983e+09
1.752243322098314524e+09
1.752243322103941917e+09
1.752243322108032703e+09
1.752243322114631176e+09
1.752243322118278980e+09
1.752243322125316381e+09
1.752243322128680468e+09
1.752243322133884192e+09
1.752243322139712572e+09
1.752243322144838572e+09
1.752243322147998095e+09
1.752243322154172182e+09
1.752243322157926083e+09
1.752243322163779736e+09
1.752243322167864084e+09
1.752243322174417496e+09
1.752243322178549528e+09
1.752243322185101748e+09
1.752243322189731121e+09
1.752243322193715096e+09
1.752243322198470354e+09
1.752243322205384254e+09
1.752243322209746361e+09
1.752243322213586330e+09
