1.295022666454315186e-04 -6.073477720747177955e-08 3.783175945281982422e-01
2.411641180515289307e-04 -7.876074960222467780e-06 3.715842962265014648e-01
2.658832818269729614e-04 -4.105780681129544973e-05 3.649984598159790039e-01
1.743435859680175781e-04 -7.362778706010431051e-05 3.588523566722869873e-01
-4.597567021846771240e-05 -1.055154134519398212e-04 3.532303571701049805e-01
-4.268679767847061157e-04 -1.175673241959884763e-04 3.480568826198577881e-01
-9.903144091367721558e-04 -9.854472591541707516e-05 3.433250486850738525e-01
-1.737436279654502869e-03 -5.172711098566651344e-05 3.390385210514068604e-01
-2.668961882591247559e-03 1.921574585139751434e-05 3.351996839046478271e-01
-3.765199333429336548e-03 1.025269302772358060e-04 3.316984176635742188e-01
-5.013225600123405457e-03 1.918028574436903000e-04 3.284693360328674316e-01
-6.414056755602359772e-03 2.886033616960048676e-04 3.255139589309692383e-01
-7.967925630509853363e-03 3.932254039682447910e-04 3.228310048580169678e-01
-9.649824351072311401e-03 5.063587450422346592e-04 3.203543722629547119e-01
-1.144236605614423752e-02 6.283929105848073959e-04 3.180420100688934326e-01
-1.334656774997711182e-02 7.608254672959446907e-04 3.158937692642211914e-01
-1.536235492676496506e-02 9.040510049089789391e-04 3.139088749885559082e-01
-1.747340708971023560e-02 1.052711973898112774e-03 3.120618164539337158e-01
-1.966747827827930450e-02 1.202848274260759354e-03 3.103365600109100342e-01
-2.194493450224399567e-02 1.354579348117113113e-03 3.087308108806610107e-01
-2.430550754070281982e-02 1.507605193182826042e-03 3.072424232959747314e-01
-2.673925086855888367e-02 1.654134364798665047e-03 3.058609962463378906e-01
-2.923844568431377411e-02 1.789040863513946533e-03 3.045786917209625244e-01
-3.180277347564697266e-02 1.912374049425125122e-03 3.033921420574188232e-01
-3.443162515759468079e-02 2.023970708250999451e-03 3.022980391979217529e-01
-3.712128102779388428e-02 2.118414500728249550e-03 3.012972176074981689e-01
-3.986885398626327515e-02 2.192302374169230461e-03 3.003905415534973145e-01
-4.267414659261703491e-02 2.246168209239840508e-03 2.995748817920684814e-01
-4.553583264350891113e-02 2.280489541590213776e-03 2.988450527191162109e-01
-4.845090955495834351e-02 2.294798847287893295e-03 2.982036769390106201e-01
-5.141706392168998718e-02 2.289011608809232712e-03 2.976511716842651367e-01
-5.443485826253890991e-02 2.264188602566719055e-03 2.971844077110290527e-01
-5.750303342938423157e-02 2.221253467723727226e-03 2.967980206012725830e-01
-6.061518192291259766e-02 2.164989709854125977e-03 2.964900135993957520e-01
-6.376606225967407227e-02 2.099026460200548172e-03 2.962569892406463623e-01
-6.695744395256042480e-02 2.024994930252432823e-03 2.960960566997528076e-01
-7.018739730119705200e-02 1.944469055160880089e-03 2.960006296634674072e-01
-7.345025241374969482e-02 1.860935357399284840e-03 2.959699928760528564e-01
-7.674554735422134399e-02 1.775246113538742065e-03 2.960043251514434814e-01
-8.007730543613433838e-02 1.686424715444445610e-03 2.961035966873168945e-01
-8.344763517379760742e-02 1.594017958268523216e-03 2.962637543678283691e-01
-8.685053884983062744e-02 1.496921177022159100e-03 2.964830100536346436e-01
-9.028469771146774292e-02 1.394122489728033543e-03 2.967573404312133789e-01
-9.375412017107009888e-02 1.285050413571298122e-03 2.970856130123138428e-01
-9.726117551326751709e-02 1.169068273156881332e-03 2.974608242511749268e-01
-1.007959470152854919e-01 1.045466982759535313e-03 2.978781759738922119e-01
-1.043516695499420166e-01 9.136806474998593330e-04 2.983288466930389404e-01
-1.079280823469161987e-01 7.733420934528112411e-04 2.988075315952301025e-01
-1.115240454673767090e-01 6.239626090973615646e-04 2.993057966232299805e-01
-1.151242777705192566e-01 4.655037482734769583e-04 2.998271286487579346e-01
-1.187145188450813293e-01 2.976327377837151289e-04 3.003619313240051270e-01
-1.222906038165092468e-01 1.193465213873423636e-04 3.008952438831329346e-01
-1.258483231067657471e-01 -7.103980897227302194e-05 3.014134168624877930e-01
-1.293776482343673706e-01 -2.702823549043387175e-04 3.019261360168457031e-01
-1.328710168600082397e-01 -4.747626080643385649e-04 3.024780154228210449e-01
-1.363289505243301392e-01 -6.786785670556128025e-04 3.030632138252258301e-01
-1.397582143545150757e-01 -8.776517934165894985e-04 3.036859631538391113e-01
-1.431733965873718262e-01 -1.062069903127849102e-03 3.043667376041412354e-01
-1.465858370065689087e-01 -1.229719258844852448e-03 3.051168620586395264e-01
-1.500001847743988037e-01 -1.384009956382215023e-03 3.059319257736206055e-01
-1.534196138381958008e-01 -1.527792657725512981e-03 3.068070709705352783e-01
-1.568381935358047485e-01 -1.665370073169469833e-03 3.077289760112762451e-01
-1.602554321289062500e-01 -1.799043035134673119e-03 3.086888790130615234e-01
-1.636758893728256226e-01 -1.929274294525384903e-03 3.096835613250732422e-01
-1.671021878719329834e-01 -2.056415425613522530e-03 3.107083737850189209e-01
-1.705279201269149780e-01 -2.179185859858989716e-03 3.117553889751434326e-01
-1.739530861377716064e-01 -2.297695493325591087e-03 3.128190040588378906e-01
-1.773816347122192383e-01 -2.412916859611868858e-03 3.138960599899291992e-01
-1.808164119720458984e-01 -2.525556599721312523e-03 3.149817287921905518e-01
-1.842523068189620972e-01 -2.633382566273212433e-03 3.160701990127563477e-01
-1.876896470785140991e-01 -2.736135851591825485e-03 3.171575665473937988e-01
-1.911318153142929077e-01 -2.835099352523684502e-03 3.182396590709686279e-01
-1.945817619562149048e-01 -2.931067720055580139e-03 3.193107843399047852e-01
-1.980383992195129395e-01 -3.022700315341353416e-03 3.203686773777008057e-01
-2.015026360750198364e-01 -3.109711455181241035e-03 3.214099705219268799e-01
-2.049763500690460205e-01 -3.192687407135963440e-03 3.224278688430786133e-01
-2.084607034921646118e-01 -3.271825145930051804e-03 3.234149813652038574e-01
-2.119597494602203369e-01 -3.347327001392841339e-03 3.243721127510070801e-01
-2.154759913682937622e-01 -3.419171553105115891e-03 3.252956271171569824e-01
-2.190091460943222046e-01 -3.486978588625788689e-03 3.261760175228118896e-01
-2.225580811500549316e-01 -3.550277557224035263e-03 3.270033001899719238e-01
-2.261308729648590088e-01 -3.609286155551671982e-03 3.277850747108459473e-01
-2.297301292419433594e-01 -3.664020448923110962e-03 3.285207450389862061e-01
-2.333515137434005737e-01 -3.713830839842557907e-03 3.291982412338256836e-01
-2.369909584522247314e-01 -3.758264239877462387e-03 3.298076093196868896e-01
-2.406449317932128906e-01 -3.801231272518634796e-03 3.303594291210174561e-01
-2.443046718835830688e-01 -3.845529630780220032e-03 3.308466374874114990e-01
-2.479580640792846680e-01 -3.887726692482829094e-03 3.312816917896270752e-01
-2.515975534915924072e-01 -3.929015714675188065e-03 3.316634595394134521e-01
-2.552172541618347168e-01 -3.965403884649276733e-03 3.320158123970031738e-01
-2.588177025318145752e-01 -3.994575701653957367e-03 3.323604762554168701e-01
-2.623997926712036133e-01 -4.017274826765060425e-03 3.326943516731262207e-01
-2.659655511379241943e-01 -4.034130834043025970e-03 3.330147862434387207e-01
-2.695173323154449463e-01 -4.043824505060911179e-03 3.333290815353393555e-01
-2.730601727962493896e-01 -4.045627545565366745e-03 3.336430191993713379e-01
-2.765980362892150879e-01 -4.039779771119356155e-03 3.339556157588958740e-01
-2.801347970962524414e-01 -4.026427865028381348e-03 3.342656791210174561e-01
-2.836702764034271240e-01 -4.004451446235179901e-03 3.345764875411987305e-01
-2.872068881988525391e-01 -3.973760642111301422e-03 3.348903954029083252e-01
-2.907490432262420654e-01 -3.935039043426513672e-03 3.352069556713104248e-01
-2.943001687526702881e-01 -3.888775361701846123e-03 3.355247676372528076e-01
-2.978558242321014404e-01 -3.834928153082728386e-03 3.358415961265563965e-01
-3.014162778854370117e-01 -3.774048760533332825e-03 3.361563980579376221e-01
-3.049857914447784424e-01 -3.706806339323520660e-03 3.364690244197845459e-01
-3.085668981075286865e-01 -3.633811138570308685e-03 3.367773592472076416e-01
-3.121550977230072021e-01 -3.556019859388470650e-03 3.370794951915740967e-01
-3.157494664192199707e-01 -3.474022727459669113e-03 3.373751342296600342e-01
-3.193544149398803711e-01 -3.388226963579654694e-03 3.376626670360565186e-01
-3.229721486568450928e-01 -3.298839554190635681e-03 3.379403948783874512e-01
-3.265992701053619385e-01 -3.206836059689521790e-03 3.382077813148498535e-01
-3.302357494831085205e-01 -3.112551057711243629e-03 3.384652137756347656e-01
-3.338848352432250977e-01 -3.015984781086444855e-03 3.387110531330108643e-01
-3.375491797924041748e-01 -2.917394274845719337e-03 3.389414250850677490e-01
-3.412269353866577148e-01 -2.816914115101099014e-03 3.391578197479248047e-01
-3.449187278747558594e-01 -2.714504720643162727e-03 3.393600881099700928e-01
-3.486272990703582764e-01 -2.610236871987581253e-03 3.395449221134185791e-01
-3.523539602756500244e-01 -2.504338277503848076e-03 3.397082984447479248e-01
-3.560984432697296143e-01 -2.397444797679781914e-03 3.398522734642028809e-01
-3.598609864711761475e-01 -2.289609750732779503e-03 3.399777710437774658e-01
-3.636428117752075195e-01 -2.180934185162186623e-03 3.400795161724090576e-01
-3.674444556236267090e-01 -2.071711467579007149e-03 3.401523530483245850e-01
-3.712650537490844727e-01 -1.963930437341332436e-03 3.402004837989807129e-01
-3.751043975353240967e-01 -1.858557108789682388e-03 3.402226865291595459e-01
-3.789610564708709717e-01 -1.755433273501694202e-03 3.402138650417327881e-01
-3.828334510326385498e-01 -1.654646359384059906e-03 3.401683866977691650e-01
-3.867185115814208984e-01 -1.558234682306647301e-03 3.400912880897521973e-01
-3.906101584434509277e-01 -1.467394991777837276e-03 3.399807512760162354e-01
-3.945036232471466064e-01 -1.382283866405487061e-03 3.398304879665374756e-01
-3.983927369117736816e-01 -1.303219702094793320e-03 3.396354019641876221e-01
-4.022657275199890137e-01 -1.236024661920964718e-03 3.394184410572052002e-01
-4.061121940612792969e-01 -1.180998515337705612e-03 3.391944766044616699e-01
-4.099307954311370850e-01 -1.135063241235911846e-03 3.389658629894256592e-01
-4.137232005596160889e-01 -1.096518477424979210e-03 3.387311100959777832e-01
-4.174962639808654785e-01 -1.063734525814652443e-03 3.385041058063507080e-01
-4.212582409381866455e-01 -1.035158173181116581e-03 3.382989168167114258e-01
-4.250116944313049316e-01 -1.009617233648896217e-03 3.381147682666778564e-01
-4.287601411342620850e-01 -9.863866725936532021e-04 3.379508256912231445e-01
-4.325027167797088623e-01 -9.667967096902430058e-04 3.378086388111114502e-01
-4.362419247627258301e-01 -9.506581118330359459e-04 3.376904428005218506e-01
-4.399813711643218994e-01 -9.367765742354094982e-04 3.375973105430603027e-01
-4.437250494956970215e-01 -9.244864340871572495e-04 3.375286757946014404e-01
-4.474680423736572266e-01 -9.156913147307932377e-04 3.374816477298736572e-01
-4.512106478214263916e-01 -9.103248594328761101e-04 3.374560475349426270e-01
-4.549576938152313232e-01 -9.073292021639645100e-04 3.374527692794799805e-01
-4.587121307849884033e-01 -9.057319257408380508e-04 3.374726176261901855e-01
-4.624671936035156250e-01 -9.069329826161265373e-04 3.375092446804046631e-01
-4.662218391895294189e-01 -9.105211938731372356e-04 3.375616371631622314e-01
-4.699811637401580811e-01 -9.157601743936538696e-04 3.376311063766479492e-01
-4.737486243247985840e-01 -9.219612111337482929e-04 3.377185165882110596e-01
-4.775165021419525146e-01 -9.301819954998791218e-04 3.378148376941680908e-01
-4.812837243080139160e-01 -9.400196140632033348e-04 3.379171192646026611e-01
-4.850556850433349609e-01 -9.511414100416004658e-04 3.380267024040222168e-01
-4.888359606266021729e-01 -9.631139691919088364e-04 3.381443023681640625e-01
-4.926184415817260742e-01 -9.763066191226243973e-04 3.382596373558044434e-01
-4.964017271995544434e-01 -9.906344348564743996e-04 3.383691608905792236e-01
-5.001910328865051270e-01 -1.005636760964989662e-03 3.384716510772705078e-01
-5.039893388748168945e-01 -1.021376228891313076e-03 3.385669291019439697e-01
-5.077946782112121582e-01 -1.037953887134790421e-03 3.386490643024444580e-01
-5.116074681282043457e-01 -1.055397558957338333e-03 3.387137949466705322e-01
-5.154303908348083496e-01 -1.073695253580808640e-03 3.387585282325744629e-01
-5.192655920982360840e-01 -1.092492835596203804e-03 3.387776613235473633e-01
-5.231165885925292969e-01 -1.111054909415543079e-03 3.387709259986877441e-01
-5.269860029220581055e-01 -1.129088923335075378e-03 3.387340605258941650e-01
-5.308734178543090820e-01 -1.146878581494092941e-03 3.386597037315368652e-01
-5.347787737846374512e-01 -1.164515502750873566e-03 3.385402858257293701e-01
-5.387074947357177734e-01 -1.177725265733897686e-03 3.383869230747222900e-01
-5.426579117774963379e-01 -1.185176894068717957e-03 3.382020294666290283e-01
-5.466249585151672363e-01 -1.187728717923164368e-03 3.379792571067810059e-01
-5.506018996238708496e-01 -1.185806002467870712e-03 3.377133309841156006e-01
-5.545735955238342285e-01 -1.180787920020520687e-03 3.374231457710266113e-01
-5.585202574729919434e-01 -1.170594827271997929e-03 3.371392786502838135e-01
-5.624376535415649414e-01 -1.153542893007397652e-03 3.368785679340362549e-01
-5.663255453109741211e-01 -1.131148543208837509e-03 3.366403281688690186e-01
-5.701838135719299316e-01 -1.103752758353948593e-03 3.364204168319702148e-01
-5.740154385566711426e-01 -1.071627484634518623e-03 3.362208604812622070e-01
-5.778251290321350098e-01 -1.035168883390724659e-03 3.360443711280822754e-01
-5.816168785095214844e-01 -9.947533253580331802e-04 3.358940780162811279e-01
-5.853908061981201172e-01 -9.496561251580715179e-04 3.357675373554229736e-01
-5.891501903533935547e-01 -9.000568534247577190e-04 3.356661796569824219e-01
-5.929004549980163574e-01 -8.466020808555185795e-04 3.355927765369415283e-01
-5.966457128524780273e-01 -7.897968171164393425e-04 3.355496227741241455e-01
-6.003833413124084473e-01 -7.285392493940889835e-04 3.355294764041900635e-01
-6.041139364242553711e-01 -6.630755960941314697e-04 3.355306982994079590e-01
-6.078433394432067871e-01 -5.943398573435842991e-04 3.355551362037658691e-01
-6.115754246711730957e-01 -5.230451351962983608e-04 3.356042504310607910e-01
-6.153060793876647949e-01 -4.483108059503138065e-04 3.356687128543853760e-01
-6.190360784530639648e-01 -3.703017137013375759e-04 3.357455134391784668e-01
-6.227703094482421875e-01 -2.898629754781723022e-04 3.358354568481445312e-01
-6.265123486518859863e-01 -2.075412776321172714e-04 3.359391987323760986e-01
-6.302583217620849609e-01 -1.224385923705995083e-04 3.360483050346374512e-01
-6.340083479881286621e-01 -3.450212534517049789e-05 3.361597359180450439e-01
-6.377672553062438965e-01 5.570618668571114540e-05 3.362731933593750000e-01
-6.415374875068664551e-01 1.477511541452258825e-04 3.363886177539825439e-01
-6.453165411949157715e-01 2.424390986561775208e-04 3.365005850791931152e-01
-6.491047143936157227e-01 3.398672270122915506e-04 3.366080224514007568e-01
-6.529058218002319336e-01 4.396681324578821659e-04 3.367086648941040039e-01
-6.567214131355285645e-01 5.415171617642045021e-04 3.368008136749267578e-01
-6.605514883995056152e-01 6.460297154262661934e-04 3.368835747241973877e-01
-6.643959283828735352e-01 7.533022435382008553e-04 3.369561135768890381e-01
-6.682569980621337891e-01 8.630550582893192768e-04 3.370147347450256348e-01
-6.721358895301818848e-01 9.749413002282381058e-04 3.370552957057952881e-01
-6.760330200195312500e-01 1.088365213945508003e-03 3.370795845985412598e-01
-6.799486279487609863e-01 1.202941406518220901e-03 3.370874524116516113e-01
-6.838831305503845215e-01 1.318650785833597183e-03 3.370728492736816406e-01
-6.878359913825988770e-01 1.435453305020928383e-03 3.370305895805358887e-01
-6.918085813522338867e-01 1.550843473523855209e-03 3.369651138782501221e-01
-6.958010792732238770e-01 1.664086943492293358e-03 3.368767797946929932e-01
-6.998111009597778320e-01 1.775840297341346741e-03 3.367593288421630859e-01
-7.038368582725524902e-01 1.886513782665133476e-03 3.366067111492156982e-01
-7.078765034675598145e-01 1.993722282350063324e-03 3.364296257495880127e-01
-7.119252681732177734e-01 2.096774987876415253e-03 3.362306356430053711e-01
-7.159761190414428711e-01 2.196508226916193962e-03 3.360050618648529053e-01
-7.200229763984680176e-01 2.293072873726487160e-03 3.357489705085754395e-01
-7.240514159202575684e-01 2.384463790804147720e-03 3.354797661304473877e-01
-7.280503511428833008e-01 2.469704020768404007e-03 3.352088630199432373e-01
-7.320189476013183594e-01 2.549463650211691856e-03 3.349344134330749512e-01
-7.359563708305358887e-01 2.624755492433905602e-03 3.346525132656097412e-01
-7.398676872253417969e-01 2.696191892027854919e-03 3.343813121318817139e-01
-7.437586784362792969e-01 2.764712087810039520e-03 3.341356813907623291e-01
-7.476322054862976074e-01 2.831080462783575058e-03 3.339148163795471191e-01
-7.514914274215698242e-01 2.896136837080121040e-03 3.337188959121704102e-01
-7.553377151489257812e-01 2.960582962259650230e-03 3.335542082786560059e-01
-7.591748237609863281e-01 3.025108948349952698e-03 3.334250748157501221e-01
-7.630066871643066406e-01 3.089878475293517113e-03 3.333314359188079834e-01
-7.668364048004150391e-01 3.155218437314033508e-03 3.332729041576385498e-01
-7.706609368324279785e-01 3.220380051061511040e-03 3.332461118698120117e-01
-7.744814753532409668e-01 3.285561688244342804e-03 3.332500457763671875e-01
-7.783020734786987305e-01 3.351077437400817871e-03 3.332847952842712402e-01
-7.821261286735534668e-01 3.417395986616611481e-03 3.333500027656555176e-01
-7.859478592872619629e-01 3.484351327642798424e-03 3.334397673606872559e-01
-7.897666692733764648e-01 3.552371403202414513e-03 3.335511088371276855e-01
-7.935873866081237793e-01 3.621698822826147079e-03 3.336845040321350098e-01
-7.974133491516113281e-01 3.692612983286380768e-03 3.338395655155181885e-01
-8.012377619743347168e-01 3.765156026929616928e-03 3.340083062648773193e-01
-8.050599098205566406e-01 3.839822951704263687e-03 3.341873288154602051e-01
-8.088845610618591309e-01 3.916658926755189896e-03 3.343764543533325195e-01
-8.127149939537048340e-01 3.995832055807113647e-03 3.345754444599151611e-01
-8.165458440780639648e-01 4.077600780874490738e-03 3.347755968570709229e-01
-8.203763961791992188e-01 4.162182100117206573e-03 3.349734544754028320e-01
-8.242113590240478516e-01 4.249875433743000031e-03 3.351675570011138916e-01
-8.280538916587829590e-01 4.340525716543197632e-03 3.353559076786041260e-01
-8.319017291069030762e-01 4.433922003954648972e-03 3.355336487293243408e-01
-8.357551693916320801e-01 4.530162084847688675e-03 3.356966376304626465e-01
-8.396170139312744141e-01 4.629499278962612152e-03 3.358417451381683350e-01
-8.434894680976867676e-01 4.732266068458557129e-03 3.359639346599578857e-01
-8.473752140998840332e-01 4.837794229388237000e-03 3.360618650913238525e-01
-8.512751460075378418e-01 4.946092143654823303e-03 3.361321687698364258e-01
-8.551902770996093750e-01 5.057449452579021454e-03 3.361679613590240479e-01
-8.591212034225463867e-01 5.172171164304018021e-03 3.361622989177703857e-01
-8.630744218826293945e-01 5.291132256388664246e-03 3.361214101314544678e-01
-8.670521378517150879e-01 5.414566025137901306e-03 3.360452651977539062e-01
-8.710512518882751465e-01 5.542225670069456100e-03 3.359270393848419189e-01
-8.750677704811096191e-01 5.673800129443407059e-03 3.357606232166290283e-01
-8.790941238403320312e-01 5.807952024042606354e-03 3.355641961097717285e-01
-8.831169605255126953e-01 5.942929070442914963e-03 3.353453576564788818e-01
-8.871215581893920898e-01 6.078775506466627121e-03 3.351217806339263916e-01
-8.911038637161254883e-01 6.215221714228391647e-03 3.348930180072784424e-01
-8.950574994087219238e-01 6.353881675750017166e-03 3.346697688102722168e-01
-8.989811539649963379e-01 6.495711393654346466e-03 3.344625532627105713e-01
-9.028765559196472168e-01 6.640541832894086838e-03 3.342715203762054443e-01
-9.067460298538208008e-01 6.788301747292280197e-03 3.340975344181060791e-01
-9.105892777442932129e-01 6.940392777323722839e-03 3.339415788650512695e-01
-9.144099950790405273e-01 7.097469642758369446e-03 3.338071703910827637e-01
-9.182124733924865723e-01 7.259346079081296921e-03 3.336968421936035156e-01
-9.220016598701477051e-01 7.426035124808549881e-03 3.336129784584045410e-01
-9.257760047912597656e-01 7.598266936838626862e-03 3.335515260696411133e-01
-9.295382499694824219e-01 7.776015438139438629e-03 3.335125446319580078e-01
-9.332935214042663574e-01 7.958789356052875519e-03 3.334984481334686279e-01
-9.370468258857727051e-01 8.146373555064201355e-03 3.335107266902923584e-01
-9.407945275306701660e-01 8.339023217558860779e-03 3.335419297218322754e-01
-9.445383548736572266e-01 8.536472916603088379e-03 3.335894644260406494e-01
-9.482827186584472656e-01 8.738237433135509491e-03 3.336549699306488037e-01
-9.520321488380432129e-01 8.944072760641574860e-03 3.337387740612030029e-01
-9.557827115058898926e-01 9.154151193797588348e-03 3.338328301906585693e-01
-9.595347046852111816e-01 9.368331171572208405e-03 3.339339792728424072e-01
-9.632930159568786621e-01 9.586308151483535767e-03 3.340428471565246582e-01
-9.670615196228027344e-01 9.807838127017021179e-03 3.341590464115142822e-01
-9.708357453346252441e-01 1.003289781510829926e-02 3.342766165733337402e-01
-9.746176600456237793e-01 1.026147790253162384e-02 3.343932926654815674e-01
-9.784092903137207031e-01 1.049342378973960876e-02 3.345081806182861328e-01
-9.822152256965637207e-01 1.072866376489400864e-02 3.346187174320220947e-01
-9.860328435897827148e-01 1.096714846789836884e-02 3.347244858741760254e-01
-9.898641109466552734e-01 1.120901387184858322e-02 3.348239660263061523e-01
-9.937109351158142090e-01 1.145426742732524872e-02 3.349138796329498291e-01
-9.975744485855102539e-01 1.170287281274795532e-02 3.349900543689727783e-01
-1.001455903053283691e+00 1.195382699370384216e-02 3.350543379783630371e-01
-1.005355119705200195e+00 1.220686361193656921e-02 3.351059854030609131e-01
-1.009273290634155273e+00 1.246212609112262726e-02 3.351392745971679688e-01
-1.013210058212280273e+00 1.271958835422992706e-02 3.351480960845947266e-01
-1.017166376113891602e+00 1.297663897275924683e-02 3.351374864578247070e-01
-1.021142601966857910e+00 1.323228701949119568e-02 3.351070284843444824e-01
-1.025136828422546387e+00 1.348717883229255676e-02 3.350500464439392090e-01
-1.029147744178771973e+00 1.374161709100008011e-02 3.349604010581970215e-01
-1.033174157142639160e+00 1.399234496057033539e-02 3.348471820354461670e-01
-1.037212371826171875e+00 1.423807535320520401e-02 3.347128331661224365e-01
-1.041256546974182129e+00 1.447939779609441757e-02 3.345513641834259033e-01
-1.045301079750061035e+00 1.471635513007640839e-02 3.343577980995178223e-01
-1.049333691596984863e+00 1.494728960096836090e-02 3.341419100761413574e-01
-1.053340077400207520e+00 1.516926009207963943e-02 3.339252471923828125e-01
-1.057318210601806641e+00 1.538188289850950241e-02 3.337036967277526855e-01
-1.061267018318176270e+00 1.558609493076801300e-02 3.334727585315704346e-01
-1.065189480781555176e+00 1.578350365161895752e-02 3.332470059394836426e-01
-1.069091081619262695e+00 1.597574725747108459e-02 3.330402970314025879e-01
-1.072973847389221191e+00 1.616368070244789124e-02 3.328513205051422119e-01
-1.076840996742248535e+00 1.634832471609115601e-02 3.326800763607025146e-01
-1.080694675445556641e+00 1.653084531426429749e-02 3.325358629226684570e-01
-1.084538817405700684e+00 1.671221107244491577e-02 3.324255645275115967e-01
-1.088377714157104492e+00 1.689269766211509705e-02 3.323479294776916504e-01
-1.092213869094848633e+00 1.707275211811065674e-02 3.323029577732086182e-01
-1.096044898033142090e+00 1.725150831043720245e-02 3.322881460189819336e-01
-1.099871873855590820e+00 1.742918044328689575e-02 3.323031067848205566e-01
-1.103698968887329102e+00 1.760624535381793976e-02 3.323474526405334473e-01
-1.107529163360595703e+00 1.778328046202659607e-02 3.324210941791534424e-01
-1.111356735229492188e+00 1.795990765094757080e-02 3.325184583663940430e-01
-1.115181684494018555e+00 1.813656836748123169e-02 3.326378166675567627e-01
-1.119008660316467285e+00 1.831359043717384338e-02 3.327790200710296631e-01
-1.122840285301208496e+00 1.849144883453845978e-02 3.329418301582336426e-01
-1.126670122146606445e+00 1.866998150944709778e-02 3.331189453601837158e-01
-1.130496859550476074e+00 1.884964480996131897e-02 3.333072960376739502e-01
-1.134325623512268066e+00 1.903063617646694183e-02 3.335070312023162842e-01
-1.138160109519958496e+00 1.921322196722030640e-02 3.337175846099853516e-01
-1.141993522644042969e+00 1.939749903976917267e-02 3.339305222034454346e-01
-1.145825862884521484e+00 1.958368904888629913e-02 3.341423869132995605e-01
-1.149661064147949219e+00 1.977214030921459198e-02 3.343520760536193848e-01
-1.153503060340881348e+00 1.996272429823875427e-02 3.345580399036407471e-01
-1.157348871231079102e+00 2.015541121363639832e-02 3.347550630569458008e-01
-1.161198854446411133e+00 2.035034075379371643e-02 3.349391818046569824e-01
-1.165055990219116211e+00 2.054765634238719940e-02 3.351077735424041748e-01
-1.168922305107116699e+00 2.074768207967281342e-02 3.352564275264739990e-01
-1.172800183296203613e+00 2.095011621713638306e-02 3.353831768035888672e-01
-1.176690101623535156e+00 2.115499600768089294e-02 3.354845941066741943e-01
-1.180593371391296387e+00 2.136256545782089233e-02 3.355543017387390137e-01
-1.184511184692382812e+00 2.157294750213623047e-02 3.355858027935028076e-01
-1.188449144363403320e+00 2.178742364048957825e-02 3.355831801891326904e-01
-1.192410111427307129e+00 2.200629003345966339e-02 3.355455994606018066e-01
-1.196391463279724121e+00 2.222919464111328125e-02 3.354655504226684570e-01
-1.200390338897705078e+00 2.245590463280677795e-02 3.353363871574401855e-01
-1.204402804374694824e+00 2.268729358911514282e-02 3.351769447326660156e-01
-1.208418488502502441e+00 2.292231284081935883e-02 3.349936008453369141e-01
-1.212427020072937012e+00 2.315974049270153046e-02 3.347832262516021729e-01
-1.216416120529174805e+00 2.339986711740493774e-02 3.345586359500885010e-01
-1.220375776290893555e+00 2.364234998822212219e-02 3.343332111835479736e-01
-1.224302172660827637e+00 2.388654835522174835e-02 3.341222107410430908e-01
-1.228196859359741211e+00 2.413194067776203156e-02 3.339249789714813232e-01
-1.232061624526977539e+00 2.437815815210342407e-02 3.337421119213104248e-01
-1.235898137092590332e+00 2.462656237185001373e-02 3.335758745670318604e-01
-1.239709377288818359e+00 2.487796917557716370e-02 3.334316313266754150e-01
-1.243500351905822754e+00 2.513236925005912781e-02 3.333121538162231445e-01
-1.247275948524475098e+00 2.538993395864963531e-02 3.332199156284332275e-01
-1.251035690307617188e+00 2.565152756869792938e-02 3.331506252288818359e-01
-1.254782199859619141e+00 2.591725438833236694e-02 3.331047296524047852e-01
-1.258520483970642090e+00 2.618692442774772644e-02 3.330848813056945801e-01
-1.262256026268005371e+00 2.646047063171863556e-02 3.330927193164825439e-01
-1.265985608100891113e+00 2.673834748566150665e-02 3.331201374530792236e-01
-1.269710779190063477e+00 2.702037431299686432e-02 3.331650495529174805e-01
-1.273436307907104492e+00 2.730623260140419006e-02 3.332293927669525146e-01
-1.277166724205017090e+00 2.759571373462677002e-02 3.333134651184082031e-01
-1.280897378921508789e+00 2.788910456001758575e-02 3.334086239337921143e-01
-1.284629583358764648e+00 2.818623371422290802e-02 3.335120081901550293e-01
-1.288367748260498047e+00 2.848690561950206757e-02 3.336243033409118652e-01
-1.292115449905395508e+00 2.879096195101737976e-02 3.337449431419372559e-01
-1.295869231224060059e+00 2.909841015934944153e-02 3.338675498962402344e-01
-1.299629211425781250e+00 2.940916083753108978e-02 3.339897394180297852e-01
-1.303399682044982910e+00 2.972325496375560760e-02 3.341105282306671143e-01
-1.307183146476745605e+00 3.004057146608829498e-02 3.342281579971313477e-01
-1.310978531837463379e+00 3.036127425730228424e-02 3.343411087989807129e-01
-1.314786434173583984e+00 3.068546205759048462e-02 3.344485461711883545e-01
-1.318609714508056641e+00 3.101325966417789459e-02 3.345466256141662598e-01
-1.322449684143066406e+00 3.134462237358093262e-02 3.346320688724517822e-01
-1.326307177543640137e+00 3.167887404561042786e-02 3.347060978412628174e-01
-1.330181837081909180e+00 3.201583772897720337e-02 3.347682952880859375e-01
-1.334075331687927246e+00 3.235559910535812378e-02 3.348127305507659912e-01
-1.337987303733825684e+00 3.269818052649497986e-02 3.348337411880493164e-01
-1.341919064521789551e+00 3.304120898246765137e-02 3.348362743854522705e-01
-1.345871448516845703e+00 3.338383138179779053e-02 3.348195254802703857e-01
-1.349842309951782227e+00 3.372651338577270508e-02 3.347769677639007568e-01
-1.353830456733703613e+00 3.406946361064910889e-02 3.347020745277404785e-01
-1.357836008071899414e+00 3.440922498703002930e-02 3.346041440963745117e-01
-1.361855745315551758e+00 3.474451601505279541e-02 3.344855904579162598e-01
-1.365884542465209961e+00 3.507602587342262268e-02 3.343399763107299805e-01
-1.369917273521423340e+00 3.540388122200965881e-02 3.341622948646545410e-01
-1.373943090438842773e+00 3.572648018598556519e-02 3.339596390724182129e-01
-1.377944588661193848e+00 3.603988513350486755e-02 3.337531983852386475e-01
-1.381918907165527344e+00 3.634315356612205505e-02 3.335402309894561768e-01
-1.385864019393920898e+00 3.663673251867294312e-02 3.333161473274230957e-01
-1.389781594276428223e+00 3.692204877734184265e-02 3.330939114093780518e-01
-1.393676519393920898e+00 3.720070421695709229e-02 3.328871428966522217e-01
-1.397549867630004883e+00 3.747386857867240906e-02 3.326934576034545898e-01
-1.401404261589050293e+00 3.774254769086837769e-02 3.325133323669433594e-01
-1.405244112014770508e+00 3.800827637314796448e-02 3.323587775230407715e-01
-1.409073233604431152e+00 3.827206790447235107e-02 3.322383463382720947e-01
-1.412895917892456055e+00 3.853451088070869446e-02 3.321504890918731689e-01
-1.416714668273925781e+00 3.879606351256370544e-02 3.320947885513305664e-01
-1.420527338981628418e+00 3.905594721436500549e-02 3.320698142051696777e-01
-1.424335002899169922e+00 3.931429982185363770e-02 3.320758640766143799e-01
-1.428142905235290527e+00 3.957189247012138367e-02 3.321117460727691650e-01
-1.431952714920043945e+00 3.982926905155181885e-02 3.321774303913116455e-01
-1.435759902000427246e+00 4.008591175079345703e-02 3.322679102420806885e-01
-1.439563751220703125e+00 4.034204408526420593e-02 3.323819041252136230e-01
-1.443369150161743164e+00 4.059840738773345947e-02 3.325183689594268799e-01
-1.447179317474365234e+00 4.085540398955345154e-02 3.326772749423980713e-01
-1.450987219810485840e+00 4.111278802156448364e-02 3.328517377376556396e-01
-1.454792022705078125e+00 4.137081280350685120e-02 3.330396711826324463e-01
-1.458598613739013672e+00 4.163006320595741272e-02 3.332399725914001465e-01
-1.462410211563110352e+00 4.189075902104377747e-02 3.334526717662811279e-01
-1.466220617294311523e+00 4.215288907289505005e-02 3.336694240570068359e-01
-1.470028996467590332e+00 4.241673275828361511e-02 3.338866829872131348e-01
-1.473839521408081055e+00 4.268255829811096191e-02 3.341045975685119629e-01
-1.477656364440917969e+00 4.295058548450469971e-02 3.343204557895660400e-01
-1.481475949287414551e+00 4.322069510817527771e-02 3.345291614532470703e-01
-1.485298275947570801e+00 4.349302873015403748e-02 3.347268998622894287e-01
-1.489127159118652344e+00 4.376781359314918518e-02 3.349114358425140381e-01
-1.492964506149291992e+00 4.404520988464355469e-02 3.350794911384582520e-01
-1.496811509132385254e+00 4.432519152760505676e-02 3.352273404598236084e-01
-1.500668764114379883e+00 4.460775852203369141e-02 3.353520333766937256e-01
-1.504537820816040039e+00 4.489312693476676941e-02 3.354478180408477783e-01
-1.508420705795288086e+00 4.518160969018936157e-02 3.355080187320709229e-01
-1.512322783470153809e+00 4.547420144081115723e-02 3.355364799499511719e-01
-1.516246080398559570e+00 4.577143862843513489e-02 3.355305194854736328e-01
-1.520190000534057617e+00 4.607309028506278992e-02 3.354827761650085449e-01
-1.524152517318725586e+00 4.637895897030830383e-02 3.353861570358276367e-01
-1.528132915496826172e+00 4.669119417667388916e-02 3.352583944797515869e-01
-1.532125830650329590e+00 4.700928181409835815e-02 3.351050615310668945e-01
-1.536122441291809082e+00 4.733151197433471680e-02 3.349214196205139160e-01
-1.540114521980285645e+00 4.765690490603446960e-02 3.347006738185882568e-01
-1.544081807136535645e+00 4.798484221100807190e-02 3.344773948192596436e-01
-1.548016190528869629e+00 4.831437021493911743e-02 3.342650830745697021e-01
-1.551918268203735352e+00 4.864472523331642151e-02 3.340638279914855957e-01
-1.555789589881896973e+00 4.897538200020790100e-02 3.338726758956909180e-01
-1.559630274772644043e+00 4.930780455470085144e-02 3.336954414844512939e-01
-1.563444256782531738e+00 4.964311420917510986e-02 3.335385620594024658e-01
-1.567235231399536133e+00 4.998133331537246704e-02 3.334050476551055908e-01
-1.571007847785949707e+00 5.032267048954963684e-02 3.332971036434173584e-01
-1.574761748313903809e+00 5.066785961389541626e-02 3.332115709781646729e-01
-1.578500270843505859e+00 5.101720616221427917e-02 3.331493735313415527e-01
-1.582229137420654297e+00 5.137062445282936096e-02 3.331138789653778076e-01
-1.585951805114746094e+00 5.172826722264289856e-02 3.331064581871032715e-01
-1.589666843414306641e+00 5.209050700068473816e-02 3.331198096275329590e-01
-1.593374967575073242e+00 5.245736241340637207e-02 3.331518173217773438e-01
-1.597082138061523438e+00 5.282850563526153564e-02 3.332050144672393799e-01
-1.600791692733764648e+00 5.320391803979873657e-02 3.332799971103668213e-01
-1.604500651359558105e+00 5.358359962701797485e-02 3.333678841590881348e-01
-1.608208775520324707e+00 5.396747589111328125e-02 3.334655761718750000e-01
-1.611921906471252441e+00 5.435532703995704651e-02 3.335745036602020264e-01
-1.615642666816711426e+00 5.474714934825897217e-02 3.336942791938781738e-01
-1.619367837905883789e+00 5.514270067214965820e-02 3.338173627853393555e-01
-1.623097777366638184e+00 5.554199963808059692e-02 3.339413702487945557e-01
-1.626836776733398438e+00 5.594506114721298218e-02 3.340659737586975098e-01
-1.630586981773376465e+00 5.635185539722442627e-02 3.341895341873168945e-01
-1.634347677230834961e+00 5.676240473985671997e-02 3.343096077442169189e-01
-1.638118624687194824e+00 5.717680975794792175e-02 3.344250619411468506e-01
-1.641903400421142578e+00 5.759528279304504395e-02 3.345327675342559814e-01
-1.645704269409179688e+00 5.801779776811599731e-02 3.346299827098846436e-01
-1.649520039558410645e+00 5.844389647245407104e-02 3.347178101539611816e-01
-1.653352260589599609e+00 5.887353047728538513e-02 3.347951173782348633e-01
-1.657202005386352539e+00 5.930679291486740112e-02 3.348573446273803711e-01
-1.661070108413696289e+00 5.974368378520011902e-02 3.348989784717559814e-01
-1.664957284927368164e+00 6.018228828907012939e-02 3.349235653877258301e-01
-1.668863177299499512e+00 6.062182411551475525e-02 3.349308967590332031e-01
-1.672788143157958984e+00 6.106257066130638123e-02 3.349137902259826660e-01
-1.676730275154113770e+00 6.150469928979873657e-02 3.348666131496429443e-01
-1.680690884590148926e+00 6.194484233856201172e-02 3.347969651222229004e-01
-1.684668421745300293e+00 6.238181143999099731e-02 3.347060382366180420e-01
-1.688658475875854492e+00 6.281620264053344727e-02 3.345874845981597900e-01
-1.692657351493835449e+00 6.324817240238189697e-02 3.344353437423706055e-01
-1.696657299995422363e+00 6.367555260658264160e-02 3.342609703540802002e-01
-1.700645565986633301e+00 6.409579515457153320e-02 3.340696990489959717e-01
-1.704612851142883301e+00 6.450656056404113770e-02 3.338707685470581055e-01
-1.708553910255432129e+00 6.490643322467803955e-02 3.336569368839263916e-01
-1.712468028068542480e+00 6.529548019170761108e-02 3.334388732910156250e-01
-1.716354846954345703e+00 6.567515432834625244e-02 3.332276642322540283e-01
-1.720216989517211914e+00 6.604698300361633301e-02 3.330217301845550537e-01
-1.724056243896484375e+00 6.641213595867156982e-02 3.328203260898590088e-01
-1.727877259254455566e+00 6.677289307117462158e-02 3.326400816440582275e-01
-1.731686711311340332e+00 6.713081151247024536e-02 3.324927985668182373e-01
-1.735486984252929688e+00 6.748669594526290894e-02 3.323774039745330811e-01
-1.739281654357910156e+00 6.784103065729141235e-02 3.322928249835968018e-01
-1.743069767951965332e+00 6.819334626197814941e-02 3.322391211986541748e-01
-1.746852517127990723e+00 6.854394823312759399e-02 3.322173357009887695e-01
-1.750633597373962402e+00 6.889382004737854004e-02 3.322272002696990967e-01
-1.754416823387145996e+00 6.924338638782501221e-02 3.322677314281463623e-01
-1.758197546005249023e+00 6.959199160337448120e-02 3.323346078395843506e-01
-1.761975049972534180e+00 6.993972510099411011e-02 3.324262797832489014e-01
-1.765753388404846191e+00 7.028763741254806519e-02 3.325429856777191162e-01
-1.769536733627319336e+00 7.063612341880798340e-02 3.326835036277770996e-01
-1.773317813873291016e+00 7.098475098609924316e-02 3.328416645526885986e-01
-1.777096152305603027e+00 7.133370637893676758e-02 3.330151438713073730e-01
-1.780875921249389648e+00 7.168387621641159058e-02 3.332040309906005859e-01
-1.784661173820495605e+00 7.203549146652221680e-02 3.334071338176727295e-01
-1.788444757461547852e+00 7.238827645778656006e-02 3.336165547370910645e-01
-1.792226195335388184e+00 7.274243235588073730e-02 3.338287174701690674e-01
-1.796009421348571777e+00 7.309842109680175781e-02 3.340437710285186768e-01
-1.799798369407653809e+00 7.345671951770782471e-02 3.342600762844085693e-01
-1.803589344024658203e+00 7.381696999073028564e-02 3.344707489013671875e-01
-1.807381868362426758e+00 7.417938858270645142e-02 3.346720635890960693e-01
-1.811179637908935547e+00 7.454431802034378052e-02 3.348622024059295654e-01
-1.814985275268554688e+00 7.491191476583480835e-02 3.350384831428527832e-01
-1.818798542022705078e+00 7.528197765350341797e-02 3.351970314979553223e-01
-1.822621226310729980e+00 7.565450668334960938e-02 3.353343009948730469e-01
-1.826454401016235352e+00 7.602983713150024414e-02 3.354455828666687012e-01
-1.830299377441406250e+00 7.640825957059860229e-02 3.355248272418975830e-01
-1.834161758422851562e+00 7.679077982902526855e-02 3.355740308761596680e-01
-1.838043689727783203e+00 7.717772573232650757e-02 3.355902135372161865e-01
-1.841944694519042969e+00 7.756896317005157471e-02 3.355656862258911133e-01
-1.845862865447998047e+00 7.796440273523330688e-02 3.354934155941009521e-01
-1.849802017211914062e+00 7.836645096540451050e-02 3.353882431983947754e-01
-1.853758096694946289e+00 7.877500355243682861e-02 3.352543711662292480e-01
-1.857724666595458984e+00 7.918835431337356567e-02 3.350863754749298096e-01
-1.861695051193237305e+00 7.960532605648040771e-02 3.348791897296905518e-01
-1.865651488304138184e+00 8.002299070358276367e-02 3.346521556377410889e-01
-1.869576692581176758e+00 8.044126629829406738e-02 3.344357609748840332e-01
-1.873472213745117188e+00 8.085977286100387573e-02 3.342307209968566895e-01
-1.877337574958801270e+00 8.127792924642562866e-02 3.340348005294799805e-01
-1.881171584129333496e+00 8.169762790203094482e-02 3.338515758514404297e-01
-1.884976029396057129e+00 8.212001621723175049e-02 3.336870074272155762e-01
-1.888755798339843750e+00 8.254500478506088257e-02 3.335435688495635986e-01
-1.892514944076538086e+00 8.297259360551834106e-02 3.334237635135650635e-01
-1.896253585815429688e+00 8.340327441692352295e-02 3.333254456520080566e-01
-1.899974703788757324e+00 8.383725583553314209e-02 3.332498967647552490e-01
-1.903683423995971680e+00 8.427465707063674927e-02 3.332000374794006348e-01
-1.907385230064392090e+00 8.471563458442687988e-02 3.331778347492218018e-01
-1.911076545715332031e+00 8.516067266464233398e-02 3.331769406795501709e-01
-1.914760112762451172e+00 8.560979366302490234e-02 3.331953585147857666e-01
-1.918440937995910645e+00 8.606287091970443726e-02 3.332353532314300537e-01
-1.922123789787292480e+00 8.651989698410034180e-02 3.332982957363128662e-01
-1.925804257392883301e+00 8.698093146085739136e-02 3.333756029605865479e-01
-1.929483413696289062e+00 8.744581043720245361e-02 3.334638774394989014e-01
-1.933166503906250000e+00 8.791448920965194702e-02 3.335643112659454346e-01
-1.936856031417846680e+00 8.838690817356109619e-02 3.336773216724395752e-01
-1.940549015998840332e+00 8.886296302080154419e-02 3.337953984737396240e-01
-1.944245338439941406e+00 8.934257924556732178e-02 3.339151144027709961e-01
-1.947950720787048340e+00 8.982584625482559204e-02 3.340365886688232422e-01
-1.951666593551635742e+00 9.031286835670471191e-02 3.341587781906127930e-01
-1.955391168594360352e+00 9.080348163843154907e-02 3.342788815498352051e-01
-1.959126472473144531e+00 9.129793941974639893e-02 3.343948423862457275e-01
-1.962873935699462891e+00 9.179634600877761841e-02 3.345048725605010986e-01
-1.966636300086975098e+00 9.229888021945953369e-02 3.346055746078491211e-01
-1.970413565635681152e+00 9.280526638031005859e-02 3.346984982490539551e-01
-1.974205493927001953e+00 9.331551939249038696e-02 3.347827494144439697e-01
-1.978014945983886719e+00 9.382974356412887573e-02 3.348531126976013184e-01
-1.981841802597045898e+00 9.434786438941955566e-02 3.349047303199768066e-01
-1.985687255859375000e+00 9.486845880746841431e-02 3.349407017230987549e-01
-1.989551424980163574e+00 9.539084881544113159e-02 3.349608182907104492e-01
-1.993434309959411621e+00 9.591525048017501831e-02 3.349589109420776367e-01
-1.997334599494934082e+00 9.644170105457305908e-02 3.349283039569854736e-01
-2.001252889633178711e+00 9.696725010871887207e-02 3.348756432533264160e-01
-2.005188941955566406e+00 9.749078750610351562e-02 3.348018527030944824e-01
-2.009139776229858398e+00 9.801286458969116211e-02 3.347004950046539307e-01
-2.013102054595947266e+00 9.853358566761016846e-02 3.345658779144287109e-01
-2.017070770263671875e+00 9.905082732439041138e-02 3.344084918498992920e-01
-2.021036148071289062e+00 9.956267476081848145e-02 3.342305123805999756e-01
-2.024990081787109375e+00 1.000672355294227600e-01 3.340349197387695312e-01
-2.028924942016601562e+00 1.005632132291793823e-01 3.338220715522766113e-01
-2.032833814620971680e+00 1.010487377643585205e-01 3.336019814014434814e-01
-2.036715030670166016e+00 1.015242561697959900e-01 3.333832025527954102e-01
-2.040568113327026367e+00 1.019910424947738647e-01 3.331639170646667480e-01
-2.044395923614501953e+00 1.024504005908966064e-01 3.329423367977142334e-01
-2.048202276229858398e+00 1.029041782021522522e-01 3.327379822731018066e-01
-2.051994800567626953e+00 1.033540219068527222e-01 3.325644731521606445e-01
-2.055775403976440430e+00 1.038008406758308411e-01 3.324212133884429932e-01
-2.059547424316406250e+00 1.042455807328224182e-01 3.323071599006652832e-01
-2.063310861587524414e+00 1.046881005167961121e-01 3.322245478630065918e-01
-2.067067623138427734e+00 1.051288098096847534e-01 3.321748375892639160e-01
-2.070821762084960938e+00 1.055686995387077332e-01 3.321582973003387451e-01
-2.074575901031494141e+00 1.060085073113441467e-01 3.321737945079803467e-01
-2.078326225280761719e+00 1.064470559358596802e-01 3.322175741195678711e-01
-2.082073688507080078e+00 1.068844795227050781e-01 3.322877287864685059e-01
-2.085822105407714844e+00 1.073218360543251038e-01 3.323850333690643311e-01
-2.089574098587036133e+00 1.077599897980690002e-01 3.325082659721374512e-01
-2.093324184417724609e+00 1.081981286406517029e-01 3.326515555381774902e-01
-2.097071409225463867e+00 1.086364164948463440e-01 3.328119516372680664e-01
-2.100819826126098633e+00 1.090757250785827637e-01 3.329901993274688721e-01
-2.104573011398315430e+00 1.095168218016624451e-01 3.331851959228515625e-01
-2.108325004577636719e+00 1.099589765071868896e-01 3.333887457847595215e-01
-2.112074375152587891e+00 1.104023531079292297e-01 3.335976004600524902e-01
-2.115825414657592773e+00 1.108476296067237854e-01 3.338112831115722656e-01
-2.119581937789916992e+00 1.112952083349227905e-01 3.340293169021606445e-01
-2.123339414596557617e+00 1.117449477314949036e-01 3.342434763908386230e-01
-2.127097606658935547e+00 1.121968328952789307e-01 3.344501256942749023e-01
-2.130860328674316406e+00 1.126513183116912842e-01 3.346478343009948730e-01
-2.134630203247070312e+00 1.131087243556976318e-01 3.348338007926940918e-01
-2.138406515121459961e+00 1.135686859488487244e-01 3.350045979022979736e-01
-2.142189979553222656e+00 1.140314415097236633e-01 3.351559638977050781e-01
-2.145983934402465820e+00 1.144973337650299072e-01 3.352838456630706787e-01
-2.149788618087768555e+00 1.149666756391525269e-01 3.353829085826873779e-01
-2.153609275817871094e+00 1.154401302337646484e-01 3.354534208774566650e-01
-2.157446622848510742e+00 1.159180477261543274e-01 3.354924619197845459e-01
-2.161302328109741211e+00 1.164004206657409668e-01 3.354924321174621582e-01
-2.165174722671508789e+00 1.168872490525245667e-01 3.354461193084716797e-01
-2.169068574905395508e+00 1.173806414008140564e-01 3.353654146194458008e-01
-2.172983407974243164e+00 1.178807169198989868e-01 3.352531194686889648e-01
-2.176912546157836914e+00 1.183859631419181824e-01 3.351034224033355713e-01
-2.180850982666015625e+00 1.188951805233955383e-01 3.349112570285797119e-01
-2.184783697128295898e+00 1.194049343466758728e-01 3.346916437149047852e-01
-2.188691854476928711e+00 1.199138686060905457e-01 3.344801366329193115e-01
-2.192571878433227539e+00 1.204215735197067261e-01 3.342799246311187744e-01
-2.196424007415771484e+00 1.209274232387542725e-01 3.340885043144226074e-01
-2.200244665145874023e+00 1.214337572455406189e-01 3.339075148105621338e-01
-2.204035282135009766e+00 1.219419911503791809e-01 3.337428867816925049e-01
-2.207799911499023438e+00 1.224519461393356323e-01 3.335966467857360840e-01
-2.211541891098022461e+00 1.229636892676353455e-01 3.334710001945495605e-01
-2.215261697769165039e+00 1.234778389334678650e-01 3.333649635314941406e-01
-2.218961715698242188e+00 1.239946335554122925e-01 3.332805335521697998e-01
-2.222649335861206055e+00 1.245143115520477295e-01 3.332203030586242676e-01
-2.226326704025268555e+00 1.250371336936950684e-01 3.331866264343261719e-01
-2.229993343353271484e+00 1.255636364221572876e-01 3.331735432147979736e-01
-2.233650922775268555e+00 1.260938048362731934e-01 3.331800997257232666e-01
-2.237305164337158203e+00 1.266276985406875610e-01 3.332081735134124756e-01
-2.240959167480468750e+00 1.271653175354003906e-01 3.332591950893402100e-01
-2.244609594345092773e+00 1.277067214250564575e-01 3.333251178264617920e-01
-2.248258113861083984e+00 1.282516270875930786e-01 3.334030807018280029e-01
-2.251909255981445312e+00 1.288001835346221924e-01 3.334939479827880859e-01
-2.255566835403442383e+00 1.293523311614990234e-01 3.335982263088226318e-01
-2.259227037429809570e+00 1.299079805612564087e-01 3.337083756923675537e-01
-2.262890100479125977e+00 1.304671466350555420e-01 3.338216245174407959e-01
-2.266560316085815430e+00 1.310298591852188110e-01 3.339374661445617676e-01
-2.270240783691406250e+00 1.315962225198745728e-01 3.340549170970916748e-01
-2.273929834365844727e+00 1.321662664413452148e-01 3.341714143753051758e-01
-2.277626752853393555e+00 1.327400952577590942e-01 3.342850506305694580e-01
-2.281337261199951172e+00 1.333179175853729248e-01 3.343932628631591797e-01
-2.285061359405517578e+00 1.338998824357986450e-01 3.344939053058624268e-01
-2.288799047470092773e+00 1.344858258962631226e-01 3.345871567726135254e-01
-2.292551279067993164e+00 1.350758373737335205e-01 3.346723914146423340e-01
-2.296320438385009766e+00 1.356699913740158081e-01 3.347454965114593506e-01
-2.300106763839721680e+00 1.362683475017547607e-01 3.348010480403900146e-01
-2.303910493850708008e+00 1.368696838617324829e-01 3.348423242568969727e-01
-2.307732582092285156e+00 1.374735683202743530e-01 3.348687589168548584e-01
-2.311572790145874023e+00 1.380800604820251465e-01 3.348747491836547852e-01
-2.315431594848632812e+00 1.386892050504684448e-01 3.348545134067535400e-01
-2.319308757781982422e+00 1.392982006072998047e-01 3.348129689693450928e-01
-2.323203325271606445e+00 1.399059742689132690e-01 3.347508013248443604e-01
-2.327113866806030273e+00 1.405130028724670410e-01 3.346615731716156006e-01
-2.331036090850830078e+00 1.411193162202835083e-01 3.345395624637603760e-01
-2.334968566894531250e+00 1.417225897312164307e-01 3.343953192234039307e-01
-2.338901758193969727e+00 1.423209905624389648e-01 3.342307209968566895e-01
-2.342830896377563477e+00 1.429138034582138062e-01 3.340409398078918457e-01
-2.346746444702148438e+00 1.434985250234603882e-01 3.338298797607421875e-01
-2.350638866424560547e+00 1.440736055374145508e-01 3.336119949817657471e-01
-2.354503154754638672e+00 1.446380317211151123e-01 3.333919644355773926e-01
-2.358339309692382812e+00 1.451931595802307129e-01 3.331689238548278809e-01
-2.362147331237792969e+00 1.457400321960449219e-01 3.329399228096008301e-01
-2.365932226181030273e+00 1.462803333997726440e-01 3.327243328094482422e-01
-2.369700908660888672e+00 1.468156576156616211e-01 3.325369954109191895e-01
-2.373455762863159180e+00 1.473470926284790039e-01 3.323771357536315918e-01
-2.377199649810791016e+00 1.478757411241531372e-01 3.322439491748809814e-01
-2.380933284759521484e+00 1.484020203351974487e-01 3.321418762207031250e-01
-2.384658813476562500e+00 1.489265710115432739e-01 3.320736289024353027e-01
-2.388381004333496094e+00 1.494503170251846313e-01 3.320395350456237793e-01
-2.392101287841796875e+00 1.499740183353424072e-01 3.320383727550506592e-01
-2.395818710327148438e+00 1.504964679479598999e-01 3.320666849613189697e-01
-2.399532318115234375e+00 1.510176807641983032e-01 3.321230709552764893e-01
-2.403245925903320312e+00 1.515388041734695435e-01 3.322080671787261963e-01
-2.406963348388671875e+00 1.520608216524124146e-01 3.323206305503845215e-01
-2.410678148269653320e+00 1.525827497243881226e-01 3.324548602104187012e-01
-2.414390325546264648e+00 1.531047821044921875e-01 3.326076567173004150e-01
-2.418102979660034180e+00 1.536278426647186279e-01 3.327800333499908447e-01
-2.421821832656860352e+00 1.541529148817062378e-01 3.329705893993377686e-01
-2.425537586212158203e+00 1.546789705753326416e-01 3.331716060638427734e-01
-2.429251670837402344e+00 1.552061736583709717e-01 3.333790302276611328e-01
-2.432966470718383789e+00 1.557354032993316650e-01 3.335933089256286621e-01
-2.436686515808105469e+00 1.562671512365341187e-01 3.338137567043304443e-01
-2.440407752990722656e+00 1.568011194467544556e-01 3.340316414833068848e-01
-2.444127798080444336e+00 1.573372632265090942e-01 3.342436850070953369e-01
-2.447852134704589844e+00 1.578761637210845947e-01 3.344479501247406006e-01
-2.451583147048950195e+00 1.584183126688003540e-01 3.346426486968994141e-01
-2.455320119857788086e+00 1.589631587266921997e-01 3.348234593868255615e-01
-2.459062337875366211e+00 1.595109701156616211e-01 3.349860310554504395e-01
-2.462814569473266602e+00 1.600622534751892090e-01 3.351269066333770752e-01
-2.466576814651489258e+00 1.606172919273376465e-01 3.352406322956085205e-01
-2.470352172851562500e+00 1.611766368150711060e-01 3.353275358676910400e-01
-2.474145174026489258e+00 1.617404669523239136e-01 3.353841602802276611e-01
-2.477954149246215820e+00 1.623090356588363647e-01 3.354032635688781738e-01
-2.481779813766479492e+00 1.628824472427368164e-01 3.353778123855590820e-01
-2.485627412796020508e+00 1.634626090526580811e-01 3.353174328804016113e-01
-2.489495515823364258e+00 1.640497893095016479e-01 3.352239727973937988e-01
-2.493380784988403320e+00 1.646425724029541016e-01 3.350912034511566162e-01
-2.497277975082397461e+00 1.652398258447647095e-01 3.349138498306274414e-01
-2.501174211502075195e+00 1.658378392457962036e-01 3.347087800502777100e-01
-2.505050659179687500e+00 1.664337962865829468e-01 3.345045149326324463e-01
-2.508901596069335938e+00 1.670272201299667358e-01 3.343103229999542236e-01
-2.512726783752441406e+00 1.676174551248550415e-01 3.341244757175445557e-01
-2.516521215438842773e+00 1.682067513465881348e-01 3.339481651782989502e-01
-2.520286321640014648e+00 1.687967330217361450e-01 3.337874412536621094e-01
-2.524024963378906250e+00 1.693873554468154907e-01 3.336437344551086426e-01
-2.527741193771362305e+00 1.699789017438888550e-01 3.335189223289489746e-01
-2.531434297561645508e+00 1.705719530582427979e-01 3.334122002124786377e-01
-2.535107612609863281e+00 1.711671352386474609e-01 3.333256840705871582e-01
-2.538766384124755859e+00 1.717646867036819458e-01 3.332619369029998779e-01
-2.542414426803588867e+00 1.723650246858596802e-01 3.332231044769287109e-01
-2.546051979064941406e+00 1.729686260223388672e-01 3.332041501998901367e-01
-2.549678802490234375e+00 1.735755801200866699e-01 3.332043290138244629e-01
-2.553301334381103516e+00 1.741859316825866699e-01 3.332257568836212158e-01
-2.556922674179077148e+00 1.747999489307403564e-01 3.332696557044982910e-01
-2.560540676116943359e+00 1.754174828529357910e-01 3.333284854888916016e-01
-2.564155101776123047e+00 1.760384142398834229e-01 3.333994746208190918e-01
-2.567771673202514648e+00 1.766628324985504150e-01 3.334836959838867188e-01
-2.571393728256225586e+00 1.772908121347427368e-01 3.335817158222198486e-01
-2.575018405914306641e+00 1.779222637414932251e-01 3.336860239505767822e-01
-2.578644990921020508e+00 1.785571128129959106e-01 3.337938189506530762e-01
-2.582278490066528320e+00 1.791955381631851196e-01 3.339046835899353027e-01
-2.585922002792358398e+00 1.798378080129623413e-01 3.340180516242980957e-01
-2.589571952819824219e+00 1.804837286472320557e-01 3.341307044029235840e-01
-2.593230724334716797e+00 1.811335533857345581e-01 3.342409431934356689e-01
-2.596900463104248047e+00 1.817875355482101440e-01 3.343465030193328857e-01
-2.600584030151367188e+00 1.824458390474319458e-01 3.344450891017913818e-01
-2.604281187057495117e+00 1.831083893775939941e-01 3.345368504524230957e-01
-2.607992649078369141e+00 1.837752312421798706e-01 3.346210420131683350e-01
-2.611719608306884766e+00 1.844465732574462891e-01 3.346938788890838623e-01
-2.615463256835937500e+00 1.851224899291992188e-01 3.347501754760742188e-01
-2.619225025177001953e+00 1.858018785715103149e-01 3.347928822040557861e-01
-2.623003482818603516e+00 1.864843666553497314e-01 3.348214626312255859e-01
-2.626800298690795898e+00 1.871699839830398560e-01 3.348305523395538330e-01
-2.630614519119262695e+00 1.878587305545806885e-01 3.348143696784973145e-01
-2.634447574615478516e+00 1.885480284690856934e-01 3.347777724266052246e-01
-2.638298749923706055e+00 1.892367005348205566e-01 3.347211480140686035e-01
-2.642165660858154297e+00 1.899253129959106445e-01 3.346381187438964844e-01
-2.646045446395874023e+00 1.906137615442276001e-01 3.345228731632232666e-01
-2.649935960769653320e+00 1.912993937730789185e-01 3.343857824802398682e-01
-2.653831958770751953e+00 1.919804662466049194e-01 3.342283666133880615e-01
-2.657724857330322266e+00 1.926563531160354614e-01 3.340457379817962646e-01
-2.661609649658203125e+00 1.933252215385437012e-01 3.338376283645629883e-01
-2.665472745895385742e+00 1.939843744039535522e-01 3.336214721202850342e-01
-2.669308185577392578e+00 1.946322768926620483e-01 3.334027826786041260e-01
-2.673115968704223633e+00 1.952701658010482788e-01 3.331800699234008789e-01
-2.676895380020141602e+00 1.958989053964614868e-01 3.329495191574096680e-01
-2.680650711059570312e+00 1.965203136205673218e-01 3.327298760414123535e-01
-2.684388160705566406e+00 1.971362084150314331e-01 3.325362503528594971e-01
-2.688110589981079102e+00 1.977478265762329102e-01 3.323678672313690186e-01
-2.691819906234741211e+00 1.983560472726821899e-01 3.322244882583618164e-01
-2.695518016815185547e+00 1.989617794752120972e-01 3.321113884449005127e-01
-2.699208259582519531e+00 1.995657831430435181e-01 3.320319950580596924e-01
-2.702894210815429688e+00 2.001690864562988281e-01 3.319867253303527832e-01
-2.706577539443969727e+00 2.007722854614257812e-01 3.319749534130096436e-01
-2.710256576538085938e+00 2.013743072748184204e-01 3.319929242134094238e-01
-2.713932037353515625e+00 2.019751071929931641e-01 3.320394456386566162e-01
-2.717607498168945312e+00 2.025759965181350708e-01 3.321150839328765869e-01
-2.721286296844482422e+00 2.031777203083038330e-01 3.322192728519439697e-01
-2.724961757659912109e+00 2.037795782089233398e-01 3.323454856872558594e-01
-2.728635311126708984e+00 2.043815702199935913e-01 3.324910998344421387e-01
-2.732309818267822266e+00 2.049848139286041260e-01 3.326569199562072754e-01
-2.735988616943359375e+00 2.055900543928146362e-01 3.328419923782348633e-01
-2.739665269851684570e+00 2.061962932348251343e-01 3.330387473106384277e-01
-2.743339538574218750e+00 2.068038284778594971e-01 3.332425653934478760e-01
-2.747014522552490234e+00 2.074135243892669678e-01 3.334544003009796143e-01
-2.750695705413818359e+00 2.080259770154953003e-01 3.336733281612396240e-01
-2.754375219345092773e+00 2.086405754089355469e-01 3.338913619518280029e-01
-2.758054494857788086e+00 2.092574238777160645e-01 3.341048061847686768e-01
-2.761737585067749023e+00 2.098773121833801270e-01 3.343114554882049561e-01
-2.765427589416503906e+00 2.105006277561187744e-01 3.345100879669189453e-01
-2.769121885299682617e+00 2.111269086599349976e-01 3.346957266330718994e-01
-2.772822141647338867e+00 2.117562592029571533e-01 3.348647952079772949e-01
-2.776530504226684570e+00 2.123891562223434448e-01 3.350137174129486084e-01
-2.780248641967773438e+00 2.130262553691864014e-01 3.351367712020874023e-01
-2.783979892730712891e+00 2.136677950620651245e-01 3.352343440055847168e-01
-2.787724971771240234e+00 2.143139988183975220e-01 3.353029191493988037e-01
-2.791486501693725586e+00 2.149651050567626953e-01 3.353358209133148193e-01
-2.795262575149536133e+00 2.156212329864501953e-01 3.353257775306701660e-01
-2.799060344696044922e+00 2.162844687700271606e-01 3.352808058261871338e-01
-2.802880048751831055e+00 2.169550955295562744e-01 3.352022469043731689e-01
-2.806716680526733398e+00 2.176318317651748657e-01 3.350835144519805908e-01
-2.810566902160644531e+00 2.183135747909545898e-01 3.349192738533020020e-01
-2.814419507980346680e+00 2.189964652061462402e-01 3.347266018390655518e-01
-2.818256378173828125e+00 2.196769118309020996e-01 3.345271050930023193e-01
-2.822069406509399414e+00 2.203538864850997925e-01 3.343353867530822754e-01
-2.825858116149902344e+00 2.210267931222915649e-01 3.341498672962188721e-01
-2.829617738723754883e+00 2.216976135969161987e-01 3.339729607105255127e-01
-2.833348274230957031e+00 2.223679870367050171e-01 3.338113427162170410e-01
-2.837053060531616211e+00 2.230378985404968262e-01 3.336660265922546387e-01
-2.840734243392944336e+00 2.237076163291931152e-01 3.335383236408233643e-01
-2.844392299652099609e+00 2.243780493736267090e-01 3.334277868270874023e-01
-2.848030567169189453e+00 2.250497490167617798e-01 3.333366513252258301e-01
-2.851653099060058594e+00 2.257231920957565308e-01 3.332674205303192139e-01
-2.855263710021972656e+00 2.263988554477691650e-01 3.332219421863555908e-01
-2.858862400054931641e+00 2.270773351192474365e-01 3.331960141658782959e-01
-2.862452030181884766e+00 2.277587652206420898e-01 3.331891596317291260e-01
-2.866034269332885742e+00 2.284433394670486450e-01 3.332033455371856689e-01
-2.869616746902465820e+00 2.291314452886581421e-01 3.332398235797882080e-01
-2.873194217681884766e+00 2.298228293657302856e-01 3.332914710044860840e-01
-2.876768827438354492e+00 2.305174320936203003e-01 3.333557248115539551e-01
