2.221941346232308295e-03 3.457088062650863491e-02 -1.131657915130211862e-02 9.993357054692251218e-01
-2.914587712181821496e-03 3.290138615206838341e-02 -1.235304692331936315e-02 9.993780096637361332e-01
-3.480477197522453738e-03 3.272185899699766448e-02 -1.221075516489928715e-02 9.993838420149492308e-01
-3.368243383277582347e-03 3.273982479774998483e-02 -1.216092395385623762e-02 9.993842457920337763e-01
8.652973610388440097e-04 3.463761694290979493e-02 -1.127597178429506908e-02 9.993359491248741122e-01
-2.584934817277553462e-03 3.701590227725218979e-02 -1.144890884756408385e-02 9.992457473398581591e-01
-4.305634156475263326e-03 3.811736919194919776e-02 -1.512913285044866982e-02 9.991494567979251062e-01
1.555423798501326263e-03 3.792581329298122528e-02 -1.553424352026478057e-02 9.991585963304955298e-01
-3.682520127929037371e-04 3.756884615729567251e-02 -1.536273724917360146e-02 9.991758766568963335e-01
-1.630039042005423586e-02 3.296019806401858515e-02 -1.222220945647723399e-02 9.992489880964285920e-01
-1.369062236087497872e-02 3.161311405387141199e-02 -1.273366987829529021e-02 9.993252881472676208e-01
-1.496933645342827385e-02 2.968655742253254251e-02 -1.247419744206233923e-02 9.993693119526531055e-01
-1.397601331016947411e-02 2.781205616319497656e-02 -1.403931149230063478e-02 9.994168591317396100e-01
-6.164340358156219016e-03 3.025841089353990127e-02 -1.515267096904166291e-02 9.994082379291510110e-01
-3.995481198751340418e-03 2.541286672165931487e-02 -1.471369573257962950e-02 9.995607682841832764e-01
-4.875594720627133942e-03 2.378804679994808366e-02 -1.462087773881352859e-02 9.995982129534397576e-01
-4.177008449275355917e-03 2.236869170707931134e-02 -1.388015315860784311e-02 9.996447046726261165e-01
-1.200905516535401459e-02 1.957977661290761368e-02 -1.043676729647673336e-02 9.996816937556790572e-01
-9.984965510888441087e-03 1.933238286447435186e-02 -8.026820083294925259e-03 9.997310286251388511e-01
-8.998732668240605817e-03 1.787891968618650698e-02 -7.072171328702247205e-03 9.997746503257211037e-01
-1.140273619446696522e-02 1.565151261563116000e-02 -8.596728046594349568e-03 9.997755268194031819e-01
-1.393061698670021616e-02 1.338660653897097430e-02 -7.110431960677645463e-03 9.997880667586872550e-01
-1.087708742441453533e-02 1.201735198068578855e-02 -7.345472266455802327e-03 9.998416455907989109e-01
-8.446893942932626534e-03 1.202399913193728277e-02 -5.263488243515639271e-03 9.998781771391465067e-01
-1.011605896897938874e-02 1.035484140113278329e-02 -7.290160047757896986e-03 9.998686394606901562e-01
-2.506936988793864035e-03 1.230051717736111057e-02 -6.810060969467215432e-03 9.998980126061336460e-01
-1.485048159462272130e-02 6.907443459121503926e-03 -5.467046716414896736e-03 9.998509197982804464e-01
-1.502051998924570052e-02 5.826782479790039264e-03 -5.464321017736356069e-03 9.998552764180429486e-01
-7.543836819621468730e-03 6.019085289469151313e-03 -6.073267515495925709e-03 9.999349861666018136e-01
-5.127417334901204424e-03 4.974651627172325431e-03 -2.262136892433434972e-03 9.999719221904892485e-01
-5.058255198091424557e-03 4.673231472830090966e-03 -2.299971664865138685e-03 9.999736421987798218e-01
-7.022871791962496425e-03 3.917340130445890259e-03 -3.393530692498072845e-03 9.999619081082714578e-01
-3.482344807299293018e-03 4.347845482842659440e-03 -2.707020060474811876e-03 9.999808205944215045e-01
-4.301558131507605617e-03 3.126686187252219855e-03 -5.327271206076740484e-03 9.999716699050151814e-01
-3.377689855411003441e-03 3.146337576988057945e-03 -4.563538563368308397e-03 9.999789327215213852e-01
-1.785277556677560213e-03 1.863532387321784230e-03 -9.272747962230500161e-04 9.999962400892011827e-01
-1.466423042715209310e-03 2.624390978574601876e-03 -2.249519873551113994e-03 9.999929508930499589e-01
-6.475006549376135026e-03 5.638612504286256728e-04 -3.296724979795511226e-03 9.999734436249211322e-01
-1.778283318561978740e-03 1.695104332002145189e-03 -2.473296626582023074e-03 9.999939235483081834e-01
-1.020370421825688356e-03 1.236236801466283029e-03 -2.629712408598292115e-03 9.999952575764652352e-01
-1.163816860229430249e-03 7.766215218962835851e-04 -2.639787531916209205e-03 9.999955369455975074e-01
-1.655493295492718037e-03 1.189580382690195700e-03 -3.493095584338548349e-03 9.999918212284041319e-01
3.801640535373495763e-03 2.076779084611503953e-03 -4.020563156129737178e-03 9.999825346423711903e-01
-7.138082444095950139e-04 -3.560784876584660732e-05 -4.854263466011846453e-03 9.999879625955874207e-01
4.748733240421795961e-03 2.776419184129833798e-04 -2.746383527755370899e-03 9.999849147987658338e-01
4.199857552180481443e-03 8.685674435350264626e-05 -2.852225232478538923e-03 9.999871091487483321e-01
-3.252633512513008595e-03 -3.501741217452117999e-03 -2.229762719683663508e-03 9.999860930742453524e-01
4.676730098485595150e-03 -4.396203215567311075e-04 -2.739248621705200025e-03 9.999852156139846793e-01
-5.822893903253684297e-04 -2.895667671418008637e-03 -3.123422555076226133e-03 9.999907600969846211e-01
1.867241996203283013e-03 -1.216304550968629744e-03 -3.846983193014321973e-03 9.999901173166061419e-01
2.006175886832355613e-03 -1.112619281973556721e-03 -3.811832135198465945e-03 9.999901035872392763e-01
-1.991915498401681823e-03 -3.546012389663563864e-03 -1.604590534826095876e-03 9.999904416333164070e-01
4.251726679591667931e-04 -4.567772368261422550e-03 1.331253595917156456e-03 9.999885911587479415e-01
3.141723188505183163e-03 -1.360542748905985795e-03 -2.894213881592871485e-04 9.999940973496270757e-01
-5.617195187521367532e-03 -3.870659002894881202e-03 -9.622470584660519372e-04 9.999762693172808969e-01
-5.048494232098610021e-03 -3.806321112908065806e-03 -8.900496201516977512e-04 9.999796160108703758e-01
-4.424730919300646874e-03 -3.619470432204248585e-03 -4.237997123359898760e-04 9.999835706569814020e-01
-6.046182752623712256e-03 -2.668590632796904484e-03 -1.208796267365154801e-03 9.999774303001746079e-01
-3.539523130529602900e-03 -2.871109255586294477e-03 -7.727427320950709352e-05 9.999896112142053761e-01
6.754407181031084687e-03 2.216197442390425119e-03 -1.188992022926986091e-03 9.999740260379259560e-01
3.173548819706759495e-03 1.185694663079051893e-03 -4.099274645878150415e-03 9.999858592317356631e-01
9.523668940667055424e-03 1.241112491893181079e-03 5.948697482972503756e-04 9.999537016780695176e-01
1.054953895326578468e-02 1.628362682198779407e-03 9.859392451686073335e-04 9.999425401425092730e-01
2.114712280291994404e-03 -2.206605509373001615e-03 2.096253283253276482e-03 9.999931322795522215e-01
2.404025244119875528e-03 -2.386798889806103670e-03 1.843312325947893838e-03 9.999925629990226161e-01
7.501792455188434003e-03 5.915541460426411201e-06 5.240398603556404786e-04 9.999717238288242660e-01
8.294600323340565323e-03 -1.863763626516074803e-04 9.303738999475438592e-04 9.999651490295718981e-01
-1.834974057621224048e-03 -4.378938734028663127e-03 2.700892665610411716e-03 9.999850813610072775e-01
8.508137243324062973e-03 -1.063949796465297158e-03 1.393125371442930065e-03 9.999622686947636785e-01
2.260262931637637123e-03 -4.279464618479766717e-03 3.761868057140951068e-03 9.999812126949084723e-01
-2.660743521666519146e-03 -4.821712210372881141e-03 2.822495759443040958e-03 9.999808523431638063e-01
-4.029024045038299452e-03 -4.939537299630234607e-03 3.174898105917034474e-03 9.999746436577915398e-01
-3.832685636305802057e-03 -4.616312241374318989e-03 3.460241162847341699e-03 9.999760131689151565e-01
-3.638549285249880610e-03 -4.216339882492547292e-03 3.875161504854517363e-03 9.999769830153119043e-01
-4.791928612240640116e-03 -4.297101423558104608e-03 4.371890558261445556e-03 9.999697289980719050e-01
-6.447144947337427393e-03 -3.932926304332047193e-03 4.217367362272430448e-03 9.999625894128462145e-01
-7.607168294904642462e-03 -3.499735962090398580e-03 3.715601249630326626e-03 9.999580376926235914e-01
-1.708024176337738509e-02 -2.269798228786905608e-03 3.415281107181863691e-03 9.998457127038472558e-01
-1.715357053677018725e-02 -1.061511072012769237e-03 3.119332781706233865e-03 9.998474373498594803e-01
-1.811293715836789428e-02 2.106475577382492959e-03 1.557786708744945134e-03 9.998325147587014960e-01
-1.934507024219778160e-02 3.227061048390484580e-03 1.333567196783260172e-03 9.998067692973708898e-01
-1.590495196898668306e-02 6.676410167539512455e-03 1.499498172462333193e-03 9.998500935417118374e-01
-1.720804491021672711e-02 7.546762161075571546e-03 1.164075928373316466e-03 9.998227715442797869e-01
-2.429450310366022478e-02 1.323414577428808601e-02 -1.027976468310842903e-03 9.996167154309454350e-01
-2.455251179991858879e-02 1.461538647324689584e-02 -1.436044774439200304e-03 9.995906674324037677e-01
-1.989315733484588872e-02 1.860779843372011369e-02 -1.244532413934508865e-03 9.996281625023235584e-01
-2.055722360255444678e-02 1.978794639850017800e-02 -1.445791635013919142e-03 9.995917903932748372e-01
-2.338975610698900906e-02 2.386247879505261349e-02 -3.393865557786532056e-03 9.994358324032548424e-01
-2.580698769261625253e-02 2.336006443288886694e-02 -2.615551948258056526e-03 9.993905471155560827e-01
-2.049836604570149518e-02 2.651335925887568848e-02 -3.602348568573034582e-03 9.994317794902545238e-01
-2.029269611206237917e-02 2.598863365704622008e-02 -3.158369037182087551e-03 9.994512604975633874e-01
-1.729689968307266193e-02 2.628427346625608965e-02 -2.874697282789945383e-03 9.995007205326252864e-01
-1.192682279063788861e-02 2.735027066856024480e-02 -3.234700033869397813e-03 9.995495236896310143e-01
-1.784702842389123897e-02 2.627618877536344599e-02 -3.942526134856862673e-03 9.994876197169999532e-01
-1.707791635449143822e-02 2.712632101805100698e-02 -4.453692694530786596e-03 9.994761988673854791e-01
-1.272058235404809057e-02 2.653649876605242847e-02 -3.541444792736175243e-03 9.995606330716477750e-01
-1.287513444288127321e-02 2.625256799500689728e-02 -3.706960633937014891e-03 9.995655516421140252e-01
-2.426316742609255922e-02 2.395165338042472281e-02 -4.746074890550574556e-03 9.994073702849758378e-01
-2.669365353735893981e-02 2.321145828151243221e-02 -3.103126123746535476e-03 9.993693249612644047e-01
-1.924631006670502603e-02 2.407776786672654809e-02 -4.790174421617492996e-03 9.995133290118660696e-01
-2.332444420905184501e-02 2.301456443908855148e-02 -5.064761154382973508e-03 9.994501730053714228e-01
-2.157086522414208840e-02 2.353524444286334699e-02 -5.422664508086982860e-03 9.994755548547095136e-01
-2.217811596230494925e-02 2.392684564503435793e-02 -5.581166125817141679e-03 9.994520938066603355e-01
-2.420267516556870446e-02 2.396988255865464823e-02 -6.029595497574678081e-03 9.994014804987482181e-01
-2.337769490954046125e-02 2.478052502522055944e-02 -5.931417630509926847e-03 9.994019347815389365e-01
-1.698293360496540977e-02 2.693846816177449324e-02 -4.222225178283875967e-03 9.994839026786825897e-01
-1.549460032733047596e-02 2.744332341874667486e-02 -5.337007422427516093e-03 9.994890183049554011e-01
-1.707391818247093462e-02 2.794683235176121522e-02 -5.573136127796342321e-03 9.994480456897706366e-01
-1.572329948195138466e-02 2.830609934566741606e-02 -5.581201604539560816e-03 9.994600506182743649e-01
-1.339830657792898116e-02 2.949965892429548542e-02 -5.374257937928833030e-03 9.994605409198558110e-01
-1.192610977471925300e-02 3.002013265901268615e-02 -5.139060607421527122e-03 9.994649316493550151e-01
-8.110501572504003401e-03 3.122378074852778101e-02 -4.863512297771665355e-03 9.994676790812896394e-01
-7.304017286295654172e-03 3.260162555051752953e-02 -4.990505402585474620e-03 9.994292772371500266e-01
-3.454093092270953558e-03 3.286243286907221395e-02 -3.952065531733188995e-03 9.994461020609708424e-01
-4.186721260396082320e-03 3.387425748303038442e-02 -4.178077858113838326e-03 9.994085999782434948e-01
-1.728368549635101196e-03 3.428184215644444061e-02 -3.715202363213738514e-03 9.994038049316791295e-01
-7.407072606071646000e-05 3.471775307375369463e-02 -3.370214308817724280e-03 9.993914717419546401e-01
5.103978314600028437e-04 3.521043697364949904e-02 -2.332277550580421320e-03 9.993770685299945278e-01
6.480465483721778485e-04 3.578520557510282002e-02 -2.349951266251140789e-03 9.993565313874048783e-01
6.424727927803102444e-03 3.679672747521173237e-02 -1.214820928433805883e-03 9.993013799291385890e-01
6.424727927803102444e-03 3.679672747521173237e-02 -1.214820928433805883e-03 9.993013799291385890e-01
5.485968676621166135e-03 3.747619234587201698e-02 -5.773519733691728426e-04 9.992822953598413660e-01
1.561378677476655923e-03 3.775099495848113079e-02 -6.175569884825593764e-04 9.992857664850611776e-01
8.608783463003832600e-04 3.762931182434234995e-02 5.708419387256443009e-04 9.992912327843070930e-01
-2.168517155081008379e-03 3.733787552425581191e-02 3.939081071535861312e-04 9.993002678980359432e-01
-5.241489733555895064e-03 3.569292589634415203e-02 1.000454036845485877e-03 9.993485582708624415e-01
-7.869560350751892211e-03 3.448487999098132778e-02 1.144184819260010439e-03 9.993735807559618323e-01
-1.337125696910344656e-02 3.128167580311679713e-02 1.116232955400091710e-03 9.994205422493597224e-01
-2.183979738414031438e-02 2.850421614012768959e-02 1.022776464789070059e-03 9.993545351079163863e-01
-2.193307710568934490e-02 2.714326786068036942e-02 6.448239489168603334e-04 9.993906980458614475e-01
-2.040798135324055351e-02 2.645332952843789179e-02 1.522947133716714757e-03 9.994405516517596011e-01
-1.880290398107342317e-02 2.486102741951454892e-02 2.105594550381784114e-03 9.995118541513723365e-01
-2.144193781630461884e-02 2.330146116296670511e-02 2.040328964988632945e-03 9.994964343448490274e-01
-1.531314949068105120e-02 2.296829282474588049e-02 2.726522422239047432e-03 9.996151914876413302e-01
-1.128934086361656035e-02 2.388046533622781645e-02 2.425663754991792386e-03 9.996481332516647944e-01
-4.829417865645880409e-03 2.404797261685573395e-02 2.871921875977124540e-03 9.996950153926127403e-01
-4.434350341878594975e-03 2.466606515825432722e-02 2.130309738656088921e-03 9.996836417322590984e-01
-5.453046257487179603e-04 2.419921463495784339e-02 2.842706326089918054e-03 9.997029657226490507e-01
-1.146347753045427699e-03 2.398064529452053131e-02 2.762740936492124374e-03 9.997079482531913142e-01
9.401309826517640841e-03 2.666565374445675068e-02 2.656930392802764329e-03 9.995966681641222928e-01
3.340296318409553800e-04 2.404964861884936050e-02 2.840663268208989522e-03 9.997066737086992561e-01
6.529579402749547019e-04 2.453874710932458028e-02 2.823392363385343173e-03 9.996946793855587821e-01
1.339285109426839723e-03 2.513101298681638326e-02 2.331453219228148480e-03 9.996805503897426837e-01
-7.541160444266057196e-04 2.500798117181363134e-02 2.113220165191272842e-03 9.996847335471494844e-01
1.094785894283112002e-02 2.937442302679205489e-02 1.320364109252438129e-03 9.995076509437184065e-01
-1.746639113955504672e-03 2.592374640052739695e-02 2.026620115133454230e-03 9.996603430342106966e-01
-1.746639113955504672e-03 2.592374640052739695e-02 2.026620115133454230e-03 9.996603430342106966e-01
-3.740517455637647898e-03 2.613796241401903503e-02 1.835351951528665362e-03 9.996496620982880943e-01
-5.073309580451859993e-03 2.601522191030829906e-02 1.661052950825939352e-03 9.996472931299082987e-01
-5.120822531794844840e-03 2.629057769983102893e-02 1.880083490266346458e-03 9.996394589985314605e-01
-5.498089515685238710e-03 2.664630810391233756e-02 1.645291444096049762e-03 9.996284501214303120e-01
-4.215977000930320150e-03 2.640334780279278426e-02 1.085419434948383961e-03 9.996418911927323903e-01
-4.489008944066960084e-03 2.714434181360066145e-02 8.091246607886887817e-04 9.996211176358219541e-01
-6.071690375847805382e-03 2.912606142184258340e-02 1.313547276166424126e-03 9.995564424861580477e-01
-6.443915806551877949e-03 2.965474302671738255e-02 1.203349117387984358e-03 9.995387056617662802e-01
-7.340206937038937056e-03 3.004932818104489103e-02 7.136226997998216257e-04 9.995212103705612972e-01
-8.724592921109518284e-03 2.997395440669863367e-02 1.062127593960035185e-03 9.995120386571441085e-01
-7.490011168418582443e-03 2.998611716996316123e-02 1.500524858626124886e-03 9.995211258072111971e-01
-1.461942730550702500e-02 2.947755446260724027e-02 7.079307773991846920e-04 9.994582757485064306e-01
-6.041809604991539052e-03 3.172884280300942300e-02 6.096284723600478572e-04 9.994780665048156321e-01
-5.569210605065969336e-03 3.213646687786186895e-02 2.910612798641407160e-04 9.994679317882969594e-01
5.647059590134073832e-03 3.616640753446893897e-02 2.113368837198588846e-04 9.993298039289920665e-01
-3.826432914380395456e-03 3.388414696339708126e-02 1.558049057404103000e-04 9.994184302485851212e-01
-4.352298051488689284e-03 3.434562100537546375e-02 7.230655073252174464e-06 9.994005382063508858e-01
-3.845332430186956287e-03 3.488079231018033355e-02 -1.666530761482314769e-05 9.993840820568351546e-01
-4.238765299374073516e-03 3.460981420701947364e-02 3.085462339310827127e-04 9.993918642997420276e-01
-2.768373558135279935e-03 3.522751977597211176e-02 8.105521412430957555e-07 9.993754839686729285e-01
-3.596497109869824325e-03 3.426018880441814712e-02 -4.268085649199654993e-04 9.994063850636903945e-01
-3.596497109869824325e-03 3.426018880441814712e-02 -4.268085649199654993e-04 9.994063850636903945e-01
1.518367597622299371e-03 3.302565400825360764e-02 -7.751153623603597301e-05 9.994533479503320272e-01
1.493953902896922280e-03 3.388949965942954223e-02 -7.015230910139327305e-04 9.994242231304594215e-01
-5.180279122538095944e-05 3.256186211728123725e-02 -5.145232339061021898e-04 9.994695881905401036e-01
-2.834285464052926917e-03 3.231561296143535544e-02 -5.378883420816273856e-04 9.994735507560800203e-01
-7.145235385665547022e-03 3.274469439888375022e-02 -8.434841341239758452e-04 9.994378515618280723e-01
-8.114813312101832460e-03 3.357595571367155002e-02 -1.157474428115329128e-03 9.994025541571182059e-01
-7.290734291026482530e-03 3.437273526193260209e-02 -1.349663230183319532e-03 9.993815781138233323e-01
-9.323645371580245936e-03 3.404638545311337861e-02 -1.304528076272861619e-03 9.993759109969888588e-01
-9.220421850485674420e-03 3.511384264034402014e-02 -9.484973005680046986e-04 9.993403335344767102e-01
-7.870094817724706746e-03 3.538103177687784012e-02 -8.760250100492334747e-04 9.993425222505771810e-01
-6.563718396314774904e-03 3.571598257228401907e-02 -5.211828772041870268e-04 9.993402896701997218e-01
-5.995751743646588437e-03 3.617578868594785446e-02 -4.503388597219108464e-04 9.993273540081296646e-01
-4.188546004137322018e-03 3.709564023047071113e-02 -4.096079294753029142e-04 9.993028578862400702e-01
-3.805154081363302642e-03 3.806189173560855371e-02 -6.572288669546866866e-04 9.992679226564517014e-01
-7.698874394565584063e-04 3.971574449299530851e-02 -1.855329411014754475e-04 9.992107047516182172e-01
-7.698874394565584063e-04 3.971574449299530851e-02 -1.855329411014754475e-04 9.992107047516182172e-01
5.322230823023786877e-05 4.031034177239468941e-02 8.571734908908564205e-04 9.991868387679979646e-01
1.280606536640401059e-03 4.279314651212683118e-02 1.642169985329155471e-04 9.990831195107179319e-01
2.484148885266106773e-03 4.335606570969242901e-02 1.163356850286432348e-03 9.990559179401979906e-01
2.250350524264026642e-03 4.476678071944214382e-02 1.069095984766510465e-03 9.989943584927347686e-01
3.768233777050183052e-03 4.584186668336662218e-02 1.153598055323058671e-03 9.989409356336903523e-01
2.409975120672981988e-03 4.556205223537927729e-02 2.078404462075389512e-03 9.989564413180939129e-01
1.221678072374310668e-03 4.679817037794224005e-02 1.774204559031769589e-03 9.989020427199792884e-01
-8.564298795175761961e-04 4.715536928308880493e-02 1.863334887052252092e-03 9.988854617315919837e-01
3.430682887593309617e-03 4.947341256881323396e-02 2.839399477194108710e-03 9.987655128579129293e-01
1.759611239692757513e-03 4.996114361133753567e-02 2.770818308240497341e-03 9.987457686835200521e-01
1.258245209172224638e-04 5.076510410907587173e-02 3.471346866998537787e-03 9.987045800054757949e-01
3.734805132078036771e-03 5.282138529699021562e-02 2.955030671096840408e-03 9.985926197802912352e-01
7.097069375828584086e-04 5.321221848118939945e-02 3.944721697459892783e-03 9.985751825932299708e-01
5.223248928212432043e-03 5.579045602829943440e-02 3.663213401318380236e-03 9.984221169196748624e-01
-7.190416935099086960e-04 5.576841908019532917e-02 3.855613995160886778e-03 9.984360273212595782e-01
6.990901502791334494e-03 5.769698993503501183e-02 4.795558019775872025e-03 9.982981454815459399e-01
7.475217260865587307e-04 5.779396505523377164e-02 3.948411908361844705e-03 9.983204439747116465e-01
3.614471983385649130e-03 5.823189712873574203e-02 5.056181308065507869e-03 9.982837356080933588e-01
-2.884130825364332809e-03 5.742276019193161274e-02 4.361936836179293626e-03 9.983362569336843295e-01
-2.997938425237153988e-03 5.761824948700992877e-02 4.013478908271624589e-03 9.983261199018605980e-01
-5.204775849327143364e-03 5.727681921530908271e-02 4.238074288944877234e-03 9.983357726813442135e-01
-5.149166887568885735e-03 5.641710181037237065e-02 5.090587978738709586e-03 9.983810307781858517e-01
-8.265953327416758131e-03 5.503436263076148804e-02 4.911382883656525283e-03 9.984381659690223509e-01
-8.679389334975067677e-03 5.484829858104052491e-02 4.507169792168379610e-03 9.984468026710293653e-01
-7.910744817955802852e-03 5.430924998424958849e-02 5.021395181746359827e-03 9.984802006414560394e-01
-6.763598502894966127e-03 5.466991597280104753e-02 4.690062773902035388e-03 9.984705590722219304e-01
-3.669587347937177963e-03 5.562860901193154156e-02 4.584272268975011014e-03 9.984342624508923958e-01
2.541780651477361201e-03 5.726026794921083157e-02 5.147386745517556865e-03 9.983427795477846090e-01
-1.209103451979243746e-03 5.755547462877640824e-02 3.979474207680618568e-03 9.983336462296205083e-01
1.339203718700332718e-03 5.836077993980106488e-02 4.065825627196072330e-03 9.982863792320253449e-01
1.122942805124120405e-03 5.991128998688397683e-02 3.616781395279581104e-03 9.981965213443206864e-01
-7.282102434323950869e-04 5.957635288492726250e-02 3.564062356604065940e-03 9.982171233485680473e-01
-1.435787013830627399e-03 6.084611249025438651e-02 3.407747062385700371e-03 9.981403089598340772e-01
-3.197664827681000362e-03 6.179897990129542412e-02 3.011844332247649598e-03 9.980789496911190994e-01
1.694989604158962052e-03 6.408133246446894027e-02 3.236627278755116379e-03 9.979379911014905069e-01
-1.132810262819789523e-03 6.346682915385172541e-02 2.938868064812691968e-03 9.979789784321921875e-01
-4.422307705030231566e-03 6.403528452549935024e-02 2.365337795787435422e-03 9.979350333099906711e-01
-1.950201878546407863e-03 6.480219717624151332e-02 1.984751224280884106e-03 9.978942492650922924e-01
-2.120755461599932966e-03 6.452816194276519979e-02 1.717116225799781735e-03 9.979121555650214415e-01
-2.422054223401531414e-04 6.514779433012982124e-02 1.435264953703643733e-03 9.978745643842041879e-01
-8.603501001248867490e-04 6.406631737257718895e-02 1.613025650042464003e-03 9.979439688300509870e-01
1.048013870901133094e-03 6.495417290516579401e-02 1.529791588064757443e-03 9.978865250251801600e-01
-1.626121991075959918e-03 6.380325852065914238e-02 8.539173867077870387e-04 9.979608062216235309e-01
6.307052145473682203e-04 6.407626429022644787e-02 8.786969098102036203e-04 9.979444185210326612e-01
-1.350862993510343584e-04 6.400474435601308243e-02 5.774650484954804057e-04 9.979494180496980560e-01
-2.276782593259368912e-03 6.339197162187994172e-02 -6.401720958562232911e-05 9.979861071661823013e-01
1.165152872484941310e-03 6.397275251759869386e-02 9.125824879062870935e-05 9.979509612330847990e-01
5.828116571516828159e-04 6.356005376167897514e-02 4.116701996148158273e-04 9.979777604856890916e-01
3.031322967448689659e-03 6.472109676340842555e-02 1.968315525323685047e-04 9.978987683989536395e-01
2.476173586767993918e-03 6.493073950059319310e-02 4.619185992407243206e-05 9.978866997302782149e-01
-1.646149536416746054e-03 6.406376408936161060e-02 -6.499166724573555900e-04 9.979442378864288310e-01
3.058455607358991080e-03 6.537779518312533678e-02 -1.101341569425027080e-04 9.978558902049727841e-01
2.781943444095651575e-03 6.653481204877850774e-02 -2.353056202663606508e-04 9.977801983440904854e-01
2.249879144279748507e-03 6.652902758860318455e-02 -4.336309767319025996e-05 9.977819524583478872e-01
5.417201120147695573e-03 6.784191361543304155e-02 -2.752985037178746412e-04 9.976813383539625546e-01
6.645023220731605638e-03 6.711063491685316518e-02 -4.283141229619768695e-04 9.977233198108906853e-01
5.352578154991654256e-03 6.628679097553670518e-02 -8.861145820765773881e-04 9.977858618211663533e-01
1.321975139527687033e-02 6.626984106814619302e-02 -3.781597714552247165e-04 9.977140889719042782e-01
1.359379127093236599e-02 6.495895831357326178e-02 -7.350538859747488040e-04 9.977950702772000469e-01
9.001808546710704517e-03 6.321764938801538447e-02 -1.248857268091457156e-03 9.979583842046051423e-01
1.048563782792144398e-02 6.412189271702457838e-02 -1.045967383193132250e-03 9.978864365377261292e-01
9.149976717611226287e-03 6.390619593633957429e-02 -6.415879484409613967e-04 9.979137559989429418e-01
8.007055436371595877e-03 6.613160804233814138e-02 -1.076215140654357893e-03 9.977782014265217381e-01
7.770825998594523346e-03 6.642718034140239480e-02 -9.315143853805765576e-04 9.977605806285093637e-01
7.412129281166973324e-03 6.885187642960634291e-02 -7.702512328324760725e-04 9.975990608278858529e-01
5.795520871886512826e-03 6.942677859177562305e-02 -9.349637143019560439e-04 9.975697771058650298e-01
1.028522278064702804e-02 7.305592576317782028e-02 -2.720032714812945212e-04 9.972747725263373386e-01
1.034460459161868490e-02 7.382115751774775969e-02 -5.256410348071382686e-04 9.972177041950697207e-01
1.254513497248309697e-02 7.724800760202130134e-02 6.300759426340856940e-06 9.969329791266515750e-01
1.103435007568508847e-02 7.724030530989531296e-02 -9.853825013369932741e-05 9.969514374553329894e-01
1.578824340559227893e-02 8.000312037415262256e-02 2.411940555919773869e-04 9.966695409843686626e-01
1.705099149693422092e-02 8.074743970911693602e-02 4.095375523673004648e-04 9.965886548362806741e-01
1.851253503134950296e-02 8.205252859835526769e-02 6.198534962095012934e-04 9.964558617314529521e-01
1.953648544621829422e-02 8.301199369047602972e-02 7.945188548334634806e-04 9.963567149268034440e-01
2.137535531157501445e-02 8.546564081636631727e-02 1.214120550895341237e-03 9.961110602419991356e-01
2.137535531157501445e-02 8.546564081636631727e-02 1.214120550895341237e-03 9.961110602419991356e-01
2.313884586621647171e-02 8.624619420650173063e-02 1.705350559766056866e-03 9.960036543990901103e-01
2.511629167038089208e-02 8.767349444992235397e-02 1.809764692390461536e-03 9.958309369644157139e-01
2.733268316434154035e-02 8.865279772848169704e-02 2.139871985738446385e-03 9.956852046876237816e-01
2.764233838887103153e-02 8.903763553884659621e-02 2.454970242263754959e-03 9.956415889802696650e-01
2.835211012587433854e-02 8.949056071007645274e-02 3.146749126346749369e-03 9.955790753953913663e-01
2.962696082622208460e-02 9.027343629306334993e-02 2.412516949262540501e-03 9.954733194084175452e-01
3.046197622386954268e-02 8.888865422156387586e-02 3.206514453232625628e-03 9.955704864148379185e-01
3.021472697710506430e-02 8.838371538372892522e-02 3.226359782518991703e-03 9.956229104089664439e-01
2.904267646595974292e-02 8.604779699144302074e-02 2.577106389598576505e-03 9.958642769470494871e-01
2.395778435058104963e-02 8.148114257061807308e-02 2.116226134424384949e-03 9.963846494006949328e-01
2.269711681682857682e-02 8.027674896812170280e-02 1.056940870423202835e-03 9.965136061987859284e-01
1.483102545560086721e-02 7.354460324481934541e-02 8.275565817539830022e-04 9.971813010519208209e-01
1.331930216817488709e-02 7.192222424963032323e-02 -5.396835987738536362e-04 9.973211612065353560e-01
9.863804832406342094e-03 6.753262786030027331e-02 -7.754585890954237290e-04 9.976680049958939200e-01
9.013365483023198441e-03 6.468661013425618111e-02 -1.411007789117404597e-03 9.978639239741194933e-01
8.880159017941341437e-03 6.418952572742077367e-02 -2.211210990260830712e-03 9.978957651521833672e-01
1.106533146982457277e-02 6.479946782930277871e-02 -3.176373346271162048e-03 9.978318986988075068e-01
1.133420680161326827e-02 6.469884226099399671e-02 -3.401737364231714831e-03 9.978346675422588019e-01
1.159912574800741995e-02 6.398416867528526619e-02 -3.134915647946058623e-03 9.978785791591554544e-01
1.240964033930731097e-02 6.493780393893490432e-02 -3.816804010849658441e-03 9.978048478802757915e-01
1.365610210714340508e-02 6.525396970463726021e-02 -4.211638864680742125e-03 9.977663516129912091e-01
1.391476978283120829e-02 6.574088590835656942e-02 -4.779866474733615068e-03 9.977282535732658886e-01
1.388900849729760023e-02 6.555523275454012977e-02 -5.099642051084502664e-03 9.977392447690984767e-01
1.445449898615554576e-02 6.590757110962601473e-02 -5.292398612436792493e-03 9.977069960897416712e-01
1.503127822019441166e-02 6.574127480017613601e-02 -5.808999160611305959e-03 9.977065705864960332e-01
1.325505277263235200e-02 6.491073761811357035e-02 -6.076824948196325911e-03 9.977845318085544202e-01
1.467448495580453947e-02 6.451074870128442607e-02 -6.536881122017531957e-03 9.977876988510523404e-01
1.532828164614290570e-02 6.424206250625554004e-02 -6.710389158168277718e-03 9.977940528305753176e-01
1.560742288606850776e-02 6.333027965409916693e-02 -7.225721646465613733e-03 9.978444132110360076e-01
1.295820760842774505e-02 6.100831130069504782e-02 -7.057345397408766076e-03 9.980281883212297478e-01
1.576317634816128133e-02 6.087977817785164558e-02 -7.442469627225650058e-03 9.979928779937661254e-01
1.464477259888968992e-02 5.903455813330215490e-02 -7.835673516293212640e-03 9.981177554788206452e-01
1.602399979594096996e-02 5.644101142658138753e-02 -8.541030883554269482e-03 9.982407998329513310e-01
1.254855112932518925e-02 5.433298175778130540e-02 -8.399146902412810839e-03 9.984086915132375228e-01
1.234456905913363170e-02 5.190322377863571673e-02 -8.665107131497972251e-03 9.985382230513405455e-01
1.774194459333239618e-02 5.291034579534661941e-02 -9.274231648821271851e-03 9.983985713817843388e-01
1.612804244872090634e-02 5.062988729723373604e-02 -9.345105755018262572e-03 9.985435242178827275e-01
1.596489609482564312e-02 4.958620382165617596e-02 -9.597295385617491542e-03 9.985961257708342309e-01
1.860165730501167278e-02 4.839286904174677773e-02 -9.966471939552218329e-03 9.986054165727790144e-01
1.815162419100837740e-02 4.637134306632536423e-02 -9.742728900951416748e-03 9.987118184516573516e-01
1.772871477175112440e-02 4.624316193721182688e-02 -1.086964919573552880e-02 9.987137294405000754e-01
1.998214525690807444e-02 4.482213093145946681e-02 -1.031713365470745061e-02 9.987418321082009998e-01
1.990875316270993706e-02 4.478390379826286544e-02 -1.177088679533052490e-02 9.987289370655813014e-01
2.060203669252682820e-02 4.472250450449555964e-02 -1.234108723937817412e-02 9.987107445305248854e-01
1.916074757695244990e-02 4.165082079627192846e-02 -1.205768514353575648e-02 9.988757115418657184e-01
2.004791977945606998e-02 4.072730945664693181e-02 -1.207782645770575682e-02 9.988961373861632298e-01
2.285684628775555213e-02 3.860073983200914410e-02 -1.163640689259872428e-02 9.989254934662691321e-01
2.236650942112592202e-02 3.749025244234360787e-02 -1.167774747266385471e-02 9.989784033912288974e-01
2.256425260411527509e-02 3.550628058300291795e-02 -1.120552463062917878e-02 9.990518478844484518e-01
2.240746660281213790e-02 3.679767070454743189e-02 -1.189897066731849043e-02 9.990006263102250150e-01
2.088872323250728219e-02 3.625311713642818956e-02 -1.171314841089200059e-02 9.990556415405063007e-01
2.050902913051900686e-02 3.669744297456891541e-02 -1.184491090142581610e-02 9.990457324311980969e-01
1.756107679025081109e-02 3.585668095194696064e-02 -1.190463448485242631e-02 9.991317163872135421e-01
1.925334969827327200e-02 3.647130213104536611e-02 -1.197847965268459408e-02 9.990774087484274313e-01
1.856174803537936555e-02 3.590114736126625433e-02 -1.196360974099583592e-02 9.991113257139971893e-01
1.906950088726924730e-02 3.533150948125590024e-02 -1.160621897192912373e-02 9.991262854388638370e-01
1.912687745529974628e-02 3.516428113046401321e-02 -1.211606119505975743e-02 9.991250356949851197e-01
1.929387486192563061e-02 3.459481385109226120e-02 -1.177098499253528135e-02 9.991458297764777008e-01
2.101496002120203932e-02 3.447491567650598498e-02 -1.141646598410143293e-02 9.991193702200148463e-01
2.135942345085382887e-02 3.380486243595390294e-02 -1.103699786525664563e-02 9.991392250250491491e-01
2.139737464520195115e-02 3.338113594587588384e-02 -1.072142178274641984e-02 9.991560955307294822e-01
2.246785927561547810e-02 3.412073864210415225e-02 -1.081426063041107666e-02 9.991066120595468725e-01
2.227514481681721129e-02 3.380991047479268985e-02 -1.044441380459638913e-02 9.991254286111201921e-01
2.334332270967040546e-02 3.363330928812083287e-02 -9.533860005342989843e-03 9.991161070188991911e-01
2.290437804681399320e-02 3.386267020832929575e-02 -9.385790443823404869e-03 9.991199207154239925e-01
2.229308525925523948e-02 3.405677718934647935e-02 -9.267305273103348950e-03 9.991282556959711902e-01
2.116060398647822555e-02 3.408863790167907665e-02 -8.965698058924680483e-03 9.991545475366920837e-01
2.201840575523796723e-02 3.464044187948031595e-02 -9.005337791715061976e-03 9.991166766127212995e-01
2.150908530002919317e-02 3.446534404147768432e-02 -8.412087929579805876e-03 9.991389973804063462e-01
2.346142131508264367e-02 3.513089940371575542e-02 -7.757084902959216974e-03 9.990771788259256159e-01
2.252072744201717366e-02 3.506437687575982010e-02 -7.952057470315862867e-03 9.990996302130162876e-01
2.308123551241215293e-02 3.540577950477814123e-02 -7.581687419178314603e-03 9.990776773408349687e-01
2.563355189382167387e-02 3.647655882272150818e-02 -7.206783965664279902e-03 9.989797014647653350e-01
2.662416064965609369e-02 3.645918890677787155e-02 -6.636290462532306277e-03 9.989583781433829524e-01
2.852441061926402552e-02 3.752440460750406520e-02 -6.357400454594322285e-03 9.988682898746640282e-01
2.859598611495873036e-02 3.821014788979286425e-02 -6.088994266866475449e-03 9.988419185863053329e-01
3.015059024958612055e-02 3.906599774309565259e-02 -5.749581493529991316e-03 9.987651035356548412e-01
3.111682379305644869e-02 3.940732336380818601e-02 -5.692432296329836411e-03 9.987223850284341342e-01
3.064758334751413460e-02 3.981299345912450716e-02 -5.106023371670249597e-03 9.987239757370947046e-01
3.204676208740928761e-02 4.098625767543229853e-02 -5.018350110748749995e-03 9.986330396515239460e-01
3.006533324096457085e-02 4.045356960965393323e-02 -4.984689949488078052e-03 9.987165450261921151e-01
3.062846249985032299e-02 4.130004733425791941e-02 -4.799776264015113113e-03 9.986656925732949608e-01
3.100510052299625119e-02 4.251979151347887870e-02 -4.133834472463556418e-03 9.986058594279143552e-01
3.047349762680205687e-02 4.280008379853324912e-02 -3.809899035004465310e-03 9.986115378056529268e-01
3.041140156505141301e-02 4.365031213215073147e-02 -3.660687911455052634e-03 9.985771859348830937e-01
2.842555083993367898e-02 4.321066576714774343e-02 -3.311459135020688744e-03 9.986560271994573412e-01
2.756088852559724495e-02 4.454150116118753278e-02 -3.426200515120266660e-03 9.986214063638020333e-01
2.789382038031846395e-02 4.516216760831650440e-02 -3.222694197206918236e-03 9.985849626564683446e-01
2.639350132215488240e-02 4.583326615811381816e-02 -3.245871005513019728e-03 9.985950926790360116e-01
2.549588159101826706e-02 4.600387441859892651e-02 -3.175344091134009710e-03 9.986107954304707102e-01
2.396624904034870551e-02 4.651248523795969980e-02 -3.232910524793922158e-03 9.986249325514876540e-01
2.107063817845633222e-02 4.626656599336079895e-02 -3.095412790061106891e-03 9.987020834551181281e-01
2.050535723001922772e-02 4.683204724354916165e-02 -2.911115947374324532e-03 9.986880469294644458e-01
2.237477836585101063e-02 4.711407164401529291e-02 -2.504579582428741354e-03 9.986357497242510650e-01
2.266354234404890228e-02 4.730430334103218754e-02 -2.521189518779622628e-03 9.986202032490878455e-01
2.049313440948295414e-02 4.703937220837934446e-02 -2.432834509020452129e-03 9.986798336907420914e-01
2.247091714111256258e-02 4.689836695051161769e-02 -2.094592936580482161e-03 9.986446884356029452e-01
2.168456297041704631e-02 4.561725753693396390e-02 -1.965166583798698581e-03 9.987216747742531098e-01
2.106401756038677603e-02 4.496557099419788012e-02 -2.112443381127109780e-03 9.987642074946133652e-01
2.015816252520883506e-02 4.350670342374936272e-02 -1.774526888093540125e-03 9.988481697911493207e-01
1.594519500739720319e-02 4.071476144114427598e-02 -2.268477208093555922e-03 9.990409966403397402e-01
1.612665901300102539e-02 3.889944748787937945e-02 -1.516678194360422541e-03 9.991118373542928754e-01
1.454938824241186479e-02 3.695806095399289254e-02 -1.969250424733739145e-03 9.992089566677518908e-01
1.601744497642369411e-02 3.728714545318695395e-02 -1.862714764405891572e-03 9.991744795250160349e-01
1.452609049335515379e-02 3.724573616454661396e-02 -2.179712810161214907e-03 9.991981768821464049e-01
1.452609049335515379e-02 3.724573616454661396e-02 -2.179712810161214907e-03 9.991981768821464049e-01
1.389987118596953605e-02 3.797912494540640893e-02 -2.143052004558607289e-03 9.991795569253307807e-01
1.926952620281114845e-02 3.884743515996235547e-02 -1.527550370492373024e-03 9.990581708445597231e-01
1.863139881700285813e-02 3.957899026761986516e-02 -1.757805371034017834e-03 9.990411826485408042e-01
1.763745071735474748e-02 3.974417283918535437e-02 -1.611170716778510120e-03 9.990529141073776209e-01
1.672925877790697527e-02 4.036835937048628697e-02 -1.678478015585779153e-03 9.990433975428837376e-01
1.423809901592667029e-02 4.090667844808200393e-02 -1.927617582173552597e-03 9.990596601230653517e-01
1.320329845240140500e-02 4.094271188531684036e-02 -2.309765922216309476e-03 9.990715851403428882e-01
1.305874612055435077e-02 4.155048839198123567e-02 -2.173001665618066233e-03 9.990486995777072554e-01
1.101666350444986502e-02 4.100237367306669434e-02 -2.614231138803724003e-03 9.990948925272098435e-01
8.713937503728631448e-03 4.074902240455426095e-02 -2.981389637997741530e-03 9.991269667975540836e-01
7.092729740687943145e-03 4.065836648248091767e-02 -3.425923896906572872e-03 9.991420587009909315e-01
5.869372318510496928e-03 3.990616228670054721e-02 -3.054585929867125425e-03 9.991815241410998416e-01
4.817771033972464804e-03 4.068676969633052559e-02 -3.858303690697442376e-03 9.991528858721133721e-01
5.707915835400650603e-03 4.077778664117229224e-02 -3.733427984374992643e-03 9.991449611187300794e-01
2.937272354311536594e-03 4.032623368427502158e-02 -4.148491168336787029e-03 9.991736372267755462e-01
2.441797431099702702e-03 4.032184811892334381e-02 -4.201784267264726050e-03 9.991749252250835545e-01
2.295181034892994614e-03 4.034018423496753963e-02 -4.298791011660352962e-03 9.991741199989839783e-01
2.221239110387550949e-03 4.031097891510585646e-02 -4.268906709952178039e-03 9.991755939329293179e-01
4.649485146898996624e-04 4.023624396772926270e-02 -4.383783586495788170e-03 9.991804696528625573e-01
1.259702158443216143e-03 4.044886994672691055e-02 -4.553246796708572755e-03 9.991704409229253958e-01
3.826139978848878032e-04 4.081947843714349433e-02 -4.285346110951399751e-03 9.991572747047171577e-01
1.314901090856705019e-03 4.136393528237729267e-02 -4.214686060910519290e-03 9.991343915182204771e-01
2.204933935772141699e-03 4.186271279807721180e-02 -4.288096140007051880e-03 9.991117373822703263e-01
1.488563174329657303e-03 4.175766727174923948e-02 -4.132700853663983688e-03 9.991181122306571627e-01
1.339255528901423008e-03 4.260846813708697722e-02 -4.873027312588533444e-03 9.990790651607358575e-01
1.110605551836164624e-03 4.279574892646451079e-02 -4.834952873655549814e-03 9.990715257977482722e-01
1.797494156136894171e-03 4.436890254736789579e-02 -5.568541587251481587e-03 9.989980784996995711e-01
8.866638079670975149e-04 4.413994572771066244e-02 -5.228896868036986278e-03 9.990112800444196361e-01
1.428209404991542851e-03 4.501571309860991771e-02 -5.349525870918142231e-03 9.989709346948366653e-01
2.459681457859241426e-03 4.506367665244196546e-02 -5.190425406519570857e-03 9.989676043284834162e-01
4.606959658003181336e-03 4.448711513105789439e-02 -5.206359587782637480e-03 9.989857688325035623e-01
5.827519089886505112e-03 4.373282461441975466e-02 -5.393322354199346809e-03 9.990117077124197609e-01
8.858939521616038260e-03 4.185986076299632458e-02 -5.360163751891134677e-03 9.990698373447213232e-01
1.159024133925980714e-02 4.013211174592295344e-02 -5.209186751940608935e-03 9.991135792720935438e-01
1.231913087401902487e-02 3.892841234352562713e-02 -4.912681222064040239e-03 9.991539837733379725e-01
1.231913087401902487e-02 3.892841234352562713e-02 -4.912681222064040239e-03 9.991539837733379725e-01
9.833129943130685877e-03 3.657006917040520055e-02 -4.428174595588228041e-03 9.992729010966645564e-01
8.333106110920552104e-03 3.607359002679474264e-02 -4.726809357059063958e-03 9.993032136035713275e-01
6.303860826338752305e-03 3.662943734757406755e-02 -4.801108815510319108e-03 9.992975007536164522e-01
5.117450839716135118e-03 3.667747697389057981e-02 -4.816766720317886170e-03 9.993024432763560894e-01
3.314725453853138801e-03 3.765398959186997546e-02 -4.638949945743414856e-03 9.992745717801398975e-01
2.211370405740743783e-03 3.742070997911726288e-02 -4.771592362864624480e-03 9.992857610373071520e-01
1.554170123044961924e-03 3.756286622496961269e-02 -4.729576516524628717e-03 9.992818655125129679e-01
1.186828098382014572e-03 3.799617843203560719e-02 -4.724076794807255397e-03 9.992660131126559486e-01
1.433683980363685030e-03 3.822416451273996651e-02 -4.464934068267048528e-03 9.992581859366044261e-01
3.177777354955600188e-03 3.923525014074657341e-02 -4.449080856864349662e-03 9.992150431999132776e-01
2.973349834364352913e-03 3.912562633597634759e-02 -4.344605349678877515e-03 9.992204306152550064e-01
3.628213789618056628e-03 3.977056770605320868e-02 -4.210197272643306093e-03 9.991933808067188227e-01
6.759000309520271643e-03 4.094388699652583286e-02 -3.723234623295940647e-03 9.991316487612488251e-01
8.724119248639054455e-03 4.173778097132436332e-02 -3.704648848579942914e-03 9.990836416235799877e-01
9.233975323959888598e-03 4.174898857776945110e-02 -3.001488394468820094e-03 9.990809510344332844e-01
9.700664947030004231e-03 4.255003674420008292e-02 -3.183824387389709749e-03 9.990421686470111196e-01
1.132283025014402603e-02 4.309055232515800193e-02 -2.654863154680536103e-03 9.990034782307163352e-01
1.105096805562915188e-02 4.316445670614893482e-02 -2.520045199471757525e-03 9.990036812517204545e-01
1.297367345087778630e-02 4.393598119183873829e-02 -2.470188232274835548e-03 9.989470514116338684e-01
1.294332388518931905e-02 4.407078651479114095e-02 -2.428602636957026811e-03 9.989416089201623716e-01
1.334137123084361103e-02 4.410904590694737781e-02 -1.963480793117774233e-03 9.989357059521072335e-01
1.467837810418290249e-02 4.494205461024373960e-02 -2.153348536191381900e-03 9.988794321807423771e-01
1.415728519633107675e-02 4.467315148684107562e-02 -1.891322934687830358e-03 9.988995463557185372e-01
1.359193289580420440e-02 4.471584979491197848e-02 -1.656088473777336378e-03 9.989059062335360339e-01
1.330062963468638462e-02 4.507482861271571578e-02 -1.793034069275926999e-03 9.988934568339516984e-01
1.423108166819532158e-02 4.572377701095869940e-02 -1.643917788745322258e-03 9.988513953860750361e-01
1.402112184475272187e-02 4.586014044381167554e-02 -1.549326949341424441e-03 9.988482643758723745e-01
1.329564102768352254e-02 4.570441097550270726e-02 -1.438423631851693018e-03 9.988654882838332583e-01
1.325884981831904758e-02 4.634463731355559224e-02 -1.422664763219152074e-03 9.988364998931216210e-01
1.278817235012327455e-02 4.659606924650495918e-02 -1.373844316105571339e-03 9.988310074935167204e-01
1.302320541910438612e-02 4.712479605521682074e-02 -1.544839663842194864e-03 9.988029150877459905e-01
1.302320541910438612e-02 4.712479605521682074e-02 -1.544839663842194864e-03 9.988029150877459905e-01
1.392742847145206700e-02 4.754945179344717554e-02 -1.399591732337975795e-03 9.987708032943785064e-01
1.283420845665265118e-02 4.757483694957605896e-02 -1.439696660018816802e-03 9.987841835231671128e-01
1.391825488715897445e-02 4.816042612389810629e-02 -1.136069624682843615e-03 9.987419911479984425e-01
1.345754085621417816e-02 4.809833577658004233e-02 -1.156258371752016392e-03 9.987512742200654881e-01
1.290563033189947272e-02 4.793663543489609657e-02 -1.231444272640404118e-03 9.987662425382235476e-01
1.078784919043223982e-02 4.656765416621880954e-02 -7.605415027038221407e-04 9.988565950485198686e-01
7.610901326815814640e-03 4.490634501813359908e-02 -1.720211435803819817e-03 9.989607275717710122e-01
5.869602769332290387e-03 4.355240917943808965e-02 -1.740314403817458389e-03 9.990323852227078749e-01
2.084439962720166170e-03 3.954867581466239845e-02 -1.898089523851310577e-03 9.992136681448607893e-01
2.118509935986696326e-03 3.860413867140252003e-02 -1.825130462486103345e-03 9.992506698981418189e-01
2.748168139517918537e-03 3.711172923603395235e-02 -1.767424877840539704e-03 9.993057806969243284e-01
3.199310007228420901e-03 3.630867555654997830e-02 -1.875293777121469704e-03 9.993337419341230543e-01
5.152628684390598256e-03 3.512628818819545778e-02 -1.708106067913540494e-03 9.993681387103660052e-01
5.460374716818067187e-03 3.439247220891342854e-02 -1.576057849617342257e-03 9.993922444190598275e-01
8.433940263330167580e-03 3.380450283166201719e-02 -1.379175550585846075e-03 9.993919261804847798e-01
9.879544087236430405e-03 3.366763761150465273e-02 -1.298216634881577255e-03 9.993834096180793658e-01
1.163459804048376858e-02 3.272726465325544176e-02 -1.120756963913193717e-03 9.993959706645709762e-01
1.357912092032477307e-02 3.216302955298450117e-02 -8.853614223226344195e-04 9.993899955173440874e-01
1.334236038655750925e-02 3.151798157467428085e-02 -9.938803339283560408e-04 9.994136333163839980e-01
1.485104950782989257e-02 3.174298945637359093e-02 -9.865990193891733227e-04 9.993852388199775394e-01
1.559288211812507978e-02 3.231286011709974537e-02 -8.638170292768069039e-04 9.993557899559311064e-01
1.641816349053321078e-02 3.312700151850391656e-02 -1.137402546515311119e-03 9.993156418236625038e-01
1.627817186847328734e-02 3.373719931359534657e-02 -1.355770128646821560e-03 9.992972452631166957e-01
1.587519885225277191e-02 3.402626443370630055e-02 -1.462343698094569844e-03 9.992937770951031418e-01
1.551218919954127674e-02 3.466374326156995700e-02 -1.492698059162501922e-03 9.992775233846891147e-01
1.340182368466748437e-02 3.571864838023973421e-02 -1.646335198706587281e-03 9.992706634642225527e-01
1.319730689776661692e-02 3.603960572348380298e-02 -1.556163429432929268e-03 9.992620058149528361e-01
1.081863813824116873e-02 3.685638159035298927e-02 -2.199662903880134166e-03 9.992595887395874232e-01
9.323304062794458141e-03 3.754215617662147453e-02 -2.856893094421673711e-03 9.992474671835850364e-01
8.203238181599594586e-03 3.768398560824614413e-02 -3.146854154811314953e-03 9.992510802700900197e-01
6.125393271702352267e-03 3.809890738926823700e-02 -3.631260012218174692e-03 9.992486010817001052e-01
6.305738680539446812e-03 3.852225224001216281e-02 -4.033648726126123560e-03 9.992297050328337038e-01
5.507238197581825270e-03 3.925181819092606744e-02 -4.387325596840302086e-03 9.992045418582968797e-01
5.029448679741427806e-03 3.956333711107860862e-02 -4.639077558552699015e-03 9.991936378710679634e-01
4.678732673566439286e-03 4.043526861092250346e-02 -4.892283513255052917e-03 9.991592285891963687e-01
4.587709726729323999e-03 4.082177299631604278e-02 -5.141541857803398098e-03 9.991426826616032209e-01
4.444508273805448592e-03 4.112875474931278197e-02 -5.261104778958774174e-03 9.991301179803758759e-01
4.308166913017240363e-03 4.188224348270803976e-02 -5.458824811254709385e-03 9.990983528213750464e-01
4.399731803262014670e-03 4.189443122347184800e-02 -5.492957845960547841e-03 9.990972557297030932e-01
5.086826217163743606e-03 4.265407485953794792e-02 -5.787176288158436994e-03 9.990601897220823258e-01
4.562978372415565052e-03 4.259192212874208378e-02 -5.957695322827786036e-03 9.990643689293460250e-01
4.616178147234736850e-03 4.306752090943865435e-02 -6.195060195883080219e-03 9.990422917830843463e-01
4.975693945951482726e-03 4.357633611402048079e-02 -6.363141979159233838e-03 9.990174452054314536e-01
5.397976863418103149e-03 4.383391297456341873e-02 -6.401214086570242850e-03 9.990037409225944742e-01
6.285165547983840272e-03 4.429091978190075052e-02 -5.449221379336279154e-03 9.989840424677797204e-01
6.170986022339151195e-03 4.436628212011513306e-02 -5.618389669938809831e-03 9.989804731023861351e-01
6.633807724845679384e-03 4.504629892019934578e-02 -5.735560046980013420e-03 9.989464084221982842e-01
6.247429332388546031e-03 4.488163027231343444e-02 -5.859201229122778555e-03 9.989555939338810031e-01
6.560703819537022641e-03 4.517941436218128604e-02 -6.014564315999070682e-03 9.989392387424629316e-01
5.775555158257530269e-03 4.519363971880450970e-02 -6.762730363244756973e-03 9.989386584618771270e-01
6.360281651657370174e-03 4.553572778969462026e-02 -6.297333939057098151e-03 9.989226135678551666e-01
7.738652765929362846e-03 4.585106261898753283e-02 -6.224811496416366580e-03 9.988989163233246149e-01
6.976526410658458882e-03 4.658687439000252367e-02 -5.781251465687688336e-03 9.988731492763743836e-01
7.324960927801562292e-03 4.686693943831066189e-02 -5.954860890024800575e-03 9.988565335256472943e-01
5.667687181764938416e-03 4.710309064091140752e-02 -6.191275052194060262e-03 9.988547663636150320e-01
6.368242557056322597e-03 4.701336779832247098e-02 -7.329813148034818905e-03 9.988470666594606584e-01
7.502717852954477774e-03 4.755773498215230821e-02 -6.642921083120549054e-03 9.988182230354378799e-01
8.718433647838154041e-03 4.751972022212389013e-02 -6.776655482265261932e-03 9.988092620942269351e-01
9.392455301277427560e-03 4.700745064580920396e-02 -6.689089531229831451e-03 9.988279819110188473e-01
1.003750910018444756e-02 4.551689334833691758e-02 -6.532403890599198550e-03 9.988917801896208815e-01
1.085772041661784391e-02 4.484605231109341922e-02 -6.401579503948809022e-03 9.989143913666075347e-01
1.232697039280998205e-02 4.338674651423586603e-02 -7.416852080328879653e-03 9.989547669104256178e-01
1.331507814405075152e-02 4.220330824244075685e-02 -6.496253694925266213e-03 9.989991932706164812e-01
1.455121047186952975e-02 4.103668122473756036e-02 -6.503329113130756900e-03 9.990305099336601602e-01
1.409440447552038657e-02 4.021559632515216837e-02 -6.527025077618025389e-03 9.990702935821528241e-01
1.247050841147506924e-02 3.897470275792536826e-02 -7.246942333132395941e-03 9.991360972318590328e-01
1.275160154649437882e-02 3.716692952218744045e-02 -6.997629749823344042e-03 9.992032071534682203e-01
1.091058901353741083e-02 3.599523839548873089e-02 -7.145420930252639226e-03 9.992668536582003380e-01
6.612727196057340169e-03 3.507334646055663280e-02 -6.702311659629198344e-03 9.993403880688028762e-01
6.612727196057340169e-03 3.507334646055663280e-02 -6.702311659629198344e-03 9.993403880688028762e-01
5.579428259313921890e-03 3.528323132681119439e-02 -6.208850039967165994e-03 9.993424907150796344e-01
5.579428259313921890e-03 3.528323132681119439e-02 -6.208850039967165994e-03 9.993424907150796344e-01
2.546553367035528283e-03 3.565073483060811343e-02 -7.036616698127239923e-03 9.993362928451213767e-01
1.491413160992531399e-03 3.629950765558387360e-02 -6.737049195105776316e-03 9.993171336462155496e-01
3.260409465824540536e-03 3.678879912442754863e-02 -6.787373743571843178e-03 9.992946940451363780e-01
3.499271162857522585e-03 3.689744331101770664e-02 -6.911499126767779201e-03 9.992890297397744037e-01
3.589042623879257470e-03 3.616667406687654185e-02 -7.340894885798945196e-03 9.993123644397982064e-01
6.070273650627325615e-03 3.723284770363528146e-02 -6.808523366152324091e-03 9.992649852963212398e-01
8.234323228371467560e-03 3.897712800462314192e-02 -5.476327737171784137e-03 9.991911675190073838e-01
1.005707328385875912e-02 3.949862237638530199e-02 -5.228263587746868890e-03 9.991553329523832350e-01
1.120386284308694767e-02 3.944487496991120473e-02 -5.565980140830720235e-03 9.991434307250752767e-01
1.120386284308694767e-02 3.944487496991120473e-02 -5.565980140830720235e-03 9.991434307250752767e-01
1.274376534312029845e-02 4.083842633869739364e-02 -5.078216115386137257e-03 9.990715845724688071e-01
1.303470886494347176e-02 4.091326702482228628e-02 -4.972263472302792565e-03 9.990653019408309854e-01
1.411510991082803347e-02 4.147119115774235143e-02 -4.801639090418309899e-03 9.990284521665079298e-01
1.333151890798476950e-02 4.141940334862253409e-02 -4.708735853444149903e-03 9.990418066510092787e-01
1.434804988734969880e-02 4.180107944972574069e-02 -4.337854609884832235e-03 9.990135065346471555e-01
1.518229525084652080e-02 4.221657370632578982e-02 -4.172245592250009225e-03 9.989844098794197214e-01
1.359710462718476467e-02 4.237497508724870354e-02 -3.776725578544875075e-03 9.990021103961777005e-01
1.350184595161781423e-02 4.269060007381410282e-02 -3.681313543842890720e-03 9.989903206497190435e-01
1.307240497067600413e-02 4.291302342671023118e-02 -3.425986085608932492e-03 9.989874109657250756e-01
1.301164986070038783e-02 4.315112204537453755e-02 -3.477323360929200635e-03 9.989777704515607759e-01
1.377254528525865412e-02 4.335577664359183819e-02 -2.873513930521425386e-03 9.989606281258974763e-01
1.165346924677525264e-02 4.397177763496971231e-02 -3.013501468716680079e-03 9.989602585864131301e-01
1.150142206273645912e-02 4.415672703429332491e-02 -2.886035363433596488e-03 9.989542389659472610e-01
1.093944965002982724e-02 4.416280136255981009e-02 -2.818333630053259688e-03 9.989604759011816437e-01
1.171555214252282748e-02 4.463507164599554017e-02 -2.700809056642301288e-03 9.989310095535087752e-01
9.914939245038991919e-03 4.461666471459117822e-02 -2.552473196112118713e-03 9.989517165960005718e-01
1.026736009128651449e-02 4.474484435805365506e-02 -2.503917942824094873e-03 9.989425462032663905e-01
1.126184139775339779e-02 4.515608297839866087e-02 -2.245216026645280999e-03 9.989139392877514068e-01
1.126448600642525333e-02 4.526606883314612806e-02 -2.059310102346461561e-03 9.989093320263388032e-01
1.125867534168555235e-02 4.544508271555112999e-02 -2.062459637700882545e-03 9.989012628617355283e-01
1.358705397219565729e-02 4.623345724791071837e-02 -1.638301885701377901e-03 9.988369112934271099e-01
1.391972356263205743e-02 4.641985137673253908e-02 -1.674654262771525055e-03 9.988236251847480984e-01
1.235668753792372627e-02 4.625620931794701546e-02 -1.366088643056858525e-03 9.988522459175049883e-01
1.081734030518488078e-02 4.574383678681449850e-02 -1.334174930837158041e-03 9.988937413569057844e-01
1.021206265639686313e-02 4.509737591126354583e-02 -1.313357219341228146e-03 9.989295348296768351e-01
7.522707981155051307e-03 4.314582535097784971e-02 -1.374754701662228920e-03 9.990395170707330186e-01
6.359920307225668326e-03 4.096584427052932936e-02 -1.302913283732608967e-03 9.991394564493305541e-01
6.105649475670065288e-03 4.028217621639632734e-02 -1.381641543513829071e-03 9.991687336933621211e-01
5.885497384295243148e-03 3.908934102059722498e-02 -1.572012086374257375e-03 9.992171501315993964e-01
5.368160580012224306e-03 3.786859760713136291e-02 -1.225447155264355577e-03 9.992675569868793017e-01
4.874717781035405387e-03 3.630199086622391130e-02 -1.127447996637530271e-03 9.993283401598890281e-01
7.461027883603270697e-03 3.606168834815098173e-02 -1.104576513209827625e-03 9.993211033532352072e-01
9.567966313633522596e-03 3.556612961162175512e-02 -8.750825970150211955e-04 9.993211389115708165e-01
1.030890618919648796e-02 3.512651307256415417e-02 -7.218251978422373250e-04 9.993294419263994977e-01
1.069348243795193061e-02 3.427177747087156723e-02 -6.336116297730873736e-04 9.993551386962690186e-01
1.190567487656431223e-02 3.379003415571788654e-02 -5.682097040738002050e-04 9.993578766564163995e-01
1.244772835425045354e-02 3.332898760840563579e-02 -5.381157189465720150e-04 9.993667710481926036e-01
1.297000159472178754e-02 3.349661109219879973e-02 -8.740622418965676580e-04 9.993542875873241416e-01
1.337811417325535622e-02 3.331952014973382781e-02 -7.773332725166943839e-04 9.993549076234840012e-01
1.495096692739088066e-02 3.330058798693004418e-02 -9.262295869449383833e-04 9.993331183976708054e-01
1.655457830267421937e-02 3.398261267347089942e-02 -8.972608110275888220e-04 9.992849057681910674e-01
1.714561432434089094e-02 3.382352041906466072e-02 -1.175013621896997800e-03 9.992800491948643504e-01
1.606985475161352289e-02 3.471223206713230924e-02 -1.454796111418475094e-03 9.992670835574710697e-01
1.569522032186894747e-02 3.566405214333287499e-02 -1.013276285429623750e-03 9.992400656073269216e-01
1.436022195566775440e-02 3.565525643273108336e-02 -1.972406578749336548e-03 9.992590236402112414e-01
1.480894546425231585e-02 3.657550264392345901e-02 -1.882883933100647439e-03 9.992193865656708862e-01
1.319589096216743432e-02 3.681948829313354266e-02 -2.630158499657728449e-03 9.992313425877978883e-01
1.136363601923379846e-02 3.794215774738858571e-02 -1.956379594479524479e-03 9.992134071462297484e-01
9.684921748580370415e-03 3.760161377751777140e-02 -3.185465662647294412e-03 9.992407986769566985e-01
7.983539712586583056e-03 3.742034503316588046e-02 -3.365392349632766351e-03 9.992620552215466523e-01
7.763352439852524468e-03 3.838141895050169866e-02 -3.683892370805371026e-03 9.992262136149356877e-01
7.601922579442829328e-03 3.870370866604166266e-02 -4.094092431809565232e-03 9.992134267091040689e-01
7.505025504320243790e-03 3.903051974306988303e-02 -4.328025893993385498e-03 9.992004610250269092e-01
7.689714238879554430e-03 3.950823389113267137e-02 -4.452999081202650526e-03 9.991797328553611024e-01
7.789837481519717305e-03 3.992238067107475169e-02 -4.792474914055662449e-03 9.991609250454921431e-01
6.757846172198789594e-03 4.099205893459546834e-02 -4.646812270809231975e-03 9.991258127759163887e-01
8.121392320992336725e-03 4.131855759354789021e-02 -4.764251840376159883e-03 9.991016573350074426e-01
9.002970075300178315e-03 4.078194958299518474e-02 -5.472238206266449162e-03 9.991125230558604020e-01
8.232980872798606811e-03 4.125074140945200751e-02 -5.408935617857350484e-03 9.991002641249778771e-01
8.340407395327155762e-03 4.128632449765023277e-02 -5.688244760530257980e-03 9.990963521530338287e-01
8.464593467626227094e-03 4.137958424589967266e-02 -5.780232052124627262e-03 9.990909215794566700e-01
9.474706557184140246e-03 4.188833033001167910e-02 -5.914316366040436868e-03 9.990598673651852613e-01
1.167738306221102404e-02 4.273139794543799608e-02 -6.725625145335377246e-03 9.989957118630947708e-01
8.576499405787580202e-03 4.194896759315510509e-02 -5.965683699788454884e-03 9.990651322080082997e-01
9.182707720105039856e-03 4.166761198769822899e-02 -5.714948675171938400e-03 9.990729839965696302e-01
1.024308784843253224e-02 4.263880618084547186e-02 -6.168419874058825823e-03 9.990189997968301761e-01
9.030483402105979329e-03 4.257730244391346591e-02 -6.291901335620025612e-03 9.990325498519588843e-01
8.347951432209874817e-03 4.245006310778916270e-02 -6.361184483424787810e-03 9.990434621081297761e-01
9.769178307344694723e-03 4.280527901084589526e-02 -6.352366211762792980e-03 9.990154746987228718e-01
9.257399300365103806e-03 4.223690040475361340e-02 -6.115402378387420172e-03 9.990460182875176010e-01
1.000600789759413696e-02 4.287789739357113911e-02 -6.712718378813612753e-03 9.990076601973713055e-01
1.032113965611855706e-02 4.316965449041545999e-02 -6.857969673607721035e-03 9.989909024907749346e-01
1.175722113481101304e-02 4.359757964823758603e-02 -7.113892166456629862e-03 9.989546593005343977e-01
1.130527945712316538e-02 4.371457737662905879e-02 -7.120377977943302510e-03 9.989547169910307778e-01
9.642199607716041287e-03 4.348264228994610375e-02 -7.595873749942892890e-03 9.989787738026191244e-01
9.201938883199199323e-03 4.417741869507717245e-02 -7.475730498549191388e-03 9.989533489866996296e-01
8.014370347037339665e-03 4.436440263962143637e-02 -7.986300011655027634e-03 9.989513444900577355e-01
8.322397551137885804e-03 4.338332229610641910e-02 -7.773007227373070205e-03 9.989935962778722089e-01
1.144813303857320462e-02 4.367537898827067444e-02 -8.113727648996852185e-03 9.989472303098897443e-01
1.312580155182173705e-02 4.333783351014874885e-02 -8.187658231254167293e-03 9.989406928206283620e-01
1.452566189402588331e-02 4.206120255977899292e-02 -8.248910520430884075e-03 9.989753830105082555e-01
1.452566189402588331e-02 4.206120255977899292e-02 -8.248910520430884075e-03 9.989753830105082555e-01
1.405567478327180916e-02 3.936635809523052199e-02 -7.921266497823683042e-03 9.990945808049283006e-01
1.695267624861477446e-02 3.862393503555164309e-02 -8.442299198873324390e-03 9.990743345690629162e-01
1.508230218547655654e-02 3.726873746044199326e-02 -7.783809168358312575e-03 9.991611369962911660e-01
1.526509664247027893e-02 3.689930517198997811e-02 -7.726711467020243480e-03 9.991725156509388972e-01
1.101448151321321629e-02 3.593373133422237548e-02 -8.116458557241931424e-03 9.992605122038414889e-01
9.285895636180071036e-03 3.567463931464348592e-02 -8.020731405288188121e-03 9.992881266780508920e-01
5.639165851860478661e-03 3.565854697445195592e-02 -8.087026801848713059e-03 9.993153995779672227e-01
6.213728198228588885e-03 3.612055494825590352e-02 -8.123978691849678690e-03 9.992950995888667531e-01
3.316398266009569322e-03 3.561323835835782103e-02 -8.103779199297245564e-03 9.993272874883688539e-01
4.713550920026640320e-03 3.576744314302154198e-02 -8.046161212657037404e-03 9.993166323735811485e-01
2.345294745571281300e-03 3.625682216729098073e-02 -8.711174073140291046e-03 9.993017851906166316e-01
1.396095795242270621e-02 3.980297739147551500e-02 -8.971360553206856464e-03 9.990697319675182486e-01
8.073869894255887233e-03 3.756566258568390382e-02 -8.472524168979495701e-03 9.992256251486124619e-01
8.073869894255887233e-03 3.756566258568390382e-02 -8.472524168979495701e-03 9.992256251486124619e-01
1.128367731377686971e-02 3.872541886338547873e-02 -7.935921759863535235e-03 9.991546635561260326e-01
1.211364590209178770e-02 3.910936066155999008e-02 -8.214051537006460124e-03 9.991277430083453925e-01
1.257109023061674623e-02 3.903819276171038161e-02 -7.328821577260663869e-03 9.991317608657038774e-01
1.257109023061674623e-02 3.903819276171038161e-02 -7.328821577260663869e-03 9.991317608657038774e-01
1.252504494163268235e-02 4.047616621044945046e-02 -7.839741400193800738e-03 9.990712395384486744e-01
1.307595336016209760e-02 4.097449276124770501e-02 -7.570308602655387818e-03 9.990459452969827625e-01
1.257058200712710475e-02 4.047754418000429344e-02 -6.854942194437010916e-03 9.990778541498499532e-01
1.242879389738657352e-02 4.063185407030638074e-02 -6.923943770729152486e-03 9.990728884919886088e-01
1.377191898472557643e-02 4.183972673007594484e-02 -7.045481348439741609e-03 9.990045709140672470e-01
1.366913176365668406e-02 4.222682949355024279e-02 -6.789722445268178870e-03 9.989914661181379385e-01
1.430927000990855034e-02 4.286229799457293849e-02 -6.683950075181016928e-03 9.989561516972607080e-01
1.431103458124577399e-02 4.288688984982880897e-02 -6.529312675353097020e-03 9.989560936518734335e-01
2.125916424779327601e-02 4.514483183636519570e-02 -7.166876249108268711e-03 9.987285056404375805e-01
2.127704168265241030e-02 4.584725672491821863e-02 -7.375765310203397963e-03 9.986946052893862502e-01
2.133423615207079294e-02 4.642027223309375811e-02 -7.156077089069945267e-03 9.986685131986030584e-01
2.095996176444417727e-02 4.676298639265981383e-02 -6.756656000888122682e-03 9.986632318785740869e-01
2.178862241886181036e-02 4.666242780022039627e-02 -6.245333431531891431e-03 9.986535282945765424e-01
1.892703473001295517e-02 4.716556557692731799e-02 -6.581929978725695358e-03 9.986860642754021855e-01
1.993101608427617216e-02 4.788691898287638499e-02 -6.437504956144160517e-03 9.986331439112741126e-01
1.993101608427617216e-02 4.788691898287638499e-02 -6.437504956144160517e-03 9.986331439112741126e-01
1.126754216075548203e-02 4.473729855748747458e-02 -5.131812858314051262e-03 9.989220595763320665e-01
1.147118245208487465e-02 4.494912872360162792e-02 -5.031874343085915996e-03 9.989107407775409397e-01
1.264300999061885623e-02 4.598682575756518620e-02 -5.442825397735977927e-03 9.988472064369056103e-01
1.232094027230161253e-02 4.555171793727379875e-02 -4.870426295240675406e-03 9.988741233866618163e-01
1.302592333607655549e-02 4.678962578954518753e-02 -5.200653515421712648e-03 9.988062922522712439e-01
1.268689335713883530e-02 4.642413292531629571e-02 -4.520363732900874003e-03 9.988310212096936924e-01
1.356504907029497907e-02 4.620997829358516190e-02 -4.283604535547306906e-03 9.988304551233957440e-01
1.244555124792192866e-02 4.621306099421965824e-02 -4.534161193349679243e-03 9.988437828959805254e-01
9.089427162824671030e-03 4.472094063854004792e-02 -4.600113466123670336e-03 9.989475755705875537e-01
2.371617298617000828e-03 4.225396984729077460e-02 -5.378565561302907881e-03 9.990896098428989625e-01
5.495216491166657509e-03 4.190384566889279738e-02 -5.110598387046562385e-03 9.990934651462790583e-01
3.993181727329395657e-03 4.007950898867906203e-02 -4.878083401504772210e-03 9.991766068925187483e-01
6.276261336090018439e-04 3.883849489458309628e-02 -5.098853171197508839e-03 9.992322948624601242e-01
6.276261336090018439e-04 3.883849489458309628e-02 -5.098853171197508839e-03 9.992322948624601242e-01
6.276261336090018439e-04 3.883849489458309628e-02 -5.098853171197508839e-03 9.992322948624601242e-01
1.313651098443813052e-02 4.216336140575296931e-02 -5.868436506350604986e-03 9.990071293474810377e-01
1.571746838667666124e-02 3.895628818352860762e-02 -5.645593836303656500e-03 9.991013442432710168e-01
7.170082473345143828e-03 3.441097127724201954e-02 -4.228859492097323571e-03 9.993730993580317579e-01
1.040072386651249951e-02 3.394164810438243113e-02 -4.541940462316979357e-03 9.993593749216783673e-01
5.828533322086815009e-03 3.156540173610639100e-02 -4.542589272112039153e-03 9.994743711047604506e-01
1.131954560537912040e-02 3.196252069213081221e-02 -4.063129534017768767e-03 9.994167079535356546e-01
1.183741057498078481e-02 3.176898080449429979e-02 -3.916883179430533275e-03 9.994174631232344286e-01
3.739222401088009105e-03 3.039976495759146372e-02 -5.410947780127001346e-03 9.995161800343600467e-01
9.424292082301851878e-03 3.206295244227954505e-02 -4.561803156222730624e-03 9.994310079997495988e-01
9.732222709963253560e-03 3.251193872493499115e-02 -4.495392676904270447e-03 9.994138527787926884e-01
4.804140043912047756e-03 3.291419513531262941e-02 -5.667207070070462947e-03 9.994305672537027174e-01
3.609756851994872211e-03 3.308232086642772657e-02 -5.760537491787692636e-03 9.994295102253915042e-01
4.251607528895299214e-03 3.472936403861070359e-02 -6.560549386357609689e-03 9.993661762830694517e-01
5.611382930088289200e-03 3.563602145799689425e-02 -5.152650528936172578e-03 9.993357976920389518e-01
2.838523268607723218e-03 3.647065712141069060e-02 -5.404096906117151523e-03 9.993160809730901040e-01
2.152223061627112793e-04 3.664807092414481410e-02 -5.995884524519316805e-03 9.993102230767313410e-01
2.152223061627112793e-04 3.664807092414481410e-02 -5.995884524519316805e-03 9.993102230767313410e-01
-3.724547874321099388e-03 3.766768218075716018e-02 -6.519979875475356672e-03 9.992621094210891730e-01
-3.916734610643393330e-03 3.839916698135591167e-02 -6.940999649555829910e-03 9.992306969308902831e-01
-2.050706886564124427e-03 4.003522722938790412e-02 -6.369262108053982095e-03 9.991758642412034153e-01
-1.177592331323785773e-03 4.042529737850268645e-02 -6.536332125706628866e-03 9.991604900968129588e-01
-2.304452360170887708e-03 4.073951487077772521e-02 -6.844510310761576892e-03 9.991437004285316226e-01
-2.414621350447409848e-03 4.088763569124242298e-02 -6.946072473379262188e-03 9.991366888111500311e-01
2.416272966780898951e-03 4.196692229591607315e-02 -6.626292188397550804e-03 9.990941053323217913e-01
-4.399590135896238804e-03 4.048619820121868162e-02 -7.687397250588917999e-03 9.991408385634927836e-01
-1.163154244368222500e-03 4.190449252557068571e-02 -7.341877344766312846e-03 9.990939682609603079e-01
-8.186015749960290529e-04 4.256733793749638978e-02 -7.840274865819335873e-03 9.990625014093987843e-01
-3.664528593340248041e-04 4.229526808479821404e-02 -7.497223372010116196e-03 9.990769578223928082e-01
-3.025025857595187335e-03 4.147631039094292621e-02 -8.074533081111803096e-03 9.991022804550279135e-01
1.049969144479563285e-03 4.246552403895038907e-02 -7.404373287445325039e-03 9.990699435420491437e-01
3.951160154974898801e-03 4.315846176521082739e-02 -7.230769623861590598e-03 9.990342594136285559e-01
7.802389616020866982e-03 4.390148893372903399e-02 -6.918980999821290785e-03 9.989814361076013727e-01
1.228652347780152289e-02 4.595610284611680724e-02 -8.115236756934473064e-03 9.988349317501894475e-01
1.305758138574276452e-02 4.629701492717257227e-02 -8.207545746778508941e-03 9.988086514292927598e-01
1.392700135717227054e-02 4.696813710015398935e-02 -8.753983108816483505e-03 9.987609326111374086e-01
1.347352159634112104e-02 4.650853973125652907e-02 -8.192652329815142132e-03 9.987934222829373265e-01
1.407883704002595333e-02 4.659503859237327378e-02 -8.287353044575274802e-03 9.987802603704631910e-01
1.545001772678539567e-02 4.657625585264266177e-02 -8.376007374443231179e-03 9.987601272795457730e-01
2.404375025558826151e-03 4.281689967077184633e-02 -8.113816397194386146e-03 9.990470950194451083e-01
1.445249451914724622e-03 4.264352785751096553e-02 -8.289060326283787319e-03 9.990549195438630514e-01
5.948152639482463463e-03 4.391652071255162937e-02 -7.465866234777834148e-03 9.989895993102460015e-01
1.750740499264334931e-03 4.302555948350045983e-02 -8.465931542828732809e-03 9.990365679703362423e-01
1.454798992250134473e-03 4.283622992969492171e-02 -8.563328654421340294e-03 9.990443485489814979e-01
1.839913345365995012e-03 4.303561061477589184e-02 -8.490155679864237054e-03 9.990357692267213263e-01
4.493781844014245290e-03 4.479314796636568730e-02 -7.923079044034539442e-03 9.989547560517761937e-01
2.148882406853376472e-03 4.492361832644568148e-02 -8.204164869265947319e-03 9.989544246359086666e-01
6.523047289719956926e-03 4.538457222882443659e-02 -7.886462744249001303e-03 9.989171608111687695e-01
4.200289395951129802e-03 4.406508014593979450e-02 -8.611973577786695422e-03 9.989827126591419582e-01
4.200289395951129802e-03 4.406508014593979450e-02 -8.611973577786695422e-03 9.989827126591419582e-01
4.200289395951129802e-03 4.406508014593979450e-02 -8.611973577786695422e-03 9.989827126591419582e-01
1.775235782339765200e-02 4.443459363148343638e-02 -9.200146088060598068e-03 9.988121835422680839e-01
2.046654407623177060e-02 4.318234068709900231e-02 -9.084646866982419924e-03 9.988162369613647895e-01
2.075788733716470158e-02 4.235511371140898706e-02 -9.110837112526484760e-03 9.988454070089626269e-01
2.102175900537107608e-02 4.074491369684749703e-02 -8.925413714434747570e-03 9.989085416824619035e-01
2.040147120161682828e-02 3.990949952716334875e-02 -9.000765862900014444e-03 9.989544524322329089e-01
2.006579767987990565e-02 3.944614295281793914e-02 -9.163320812054651793e-03 9.989781775000450281e-01
1.483959387474356913e-02 3.963558943309395538e-02 -8.983732674542820387e-03 9.990636111135047237e-01
1.206256134170470562e-02 3.995221255577740410e-02 -9.093578533933692129e-03 9.990873946533520567e-01
1.031351382649184356e-02 4.137548757399023974e-02 -9.228391545687136821e-03 9.990478152971683512e-01
1.049665286125569912e-02 4.189827084948597596e-02 -9.406848489854050324e-03 9.990224553932821605e-01
1.088482040471588572e-02 4.193113834500730025e-02 -9.341706919180582311e-03 9.990175337969224856e-01
1.260160829187239977e-02 4.255037516965345934e-02 -9.532100229387212298e-03 9.989693709551844547e-01
1.342671849304707260e-02 4.270886297833461492e-02 -9.541619382938335003e-03 9.989517674808716663e-01
1.854856113710625157e-02 4.329887432203918807e-02 -9.545416545565304015e-03 9.988443539336642196e-01
1.598707652680091823e-02 4.347436857998279724e-02 -9.586761727513449724e-03 9.988806168207879921e-01
1.649642464590097765e-02 4.401837450858098882e-02 -9.669709215147453962e-03 9.988477098152745981e-01
1.710587675803854416e-02 4.470168209609244603e-02 -9.552856776837719346e-03 9.988082356115812743e-01
1.733126644877496653e-02 4.492808883410681631e-02 -9.655243781208707951e-03 9.987932069775613542e-01
2.134749966447148026e-02 4.551691313273988071e-02 -9.809089092543601257e-03 9.986872767028308617e-01
1.983105940068454268e-02 4.553586773172449420e-02 -9.702463008400191713e-03 9.987187171794349450e-01
2.005475275014407394e-02 4.557781046042178735e-02 -9.718718172730674704e-03 9.987121790600350657e-01
2.122592389194053603e-02 4.641177708838472443e-02 -1.014329609059383061e-02 9.986453427753269052e-01
2.064380388248308190e-02 4.562475385882568124e-02 -9.688938438791946592e-03 9.986983226522975210e-01
2.088882686735099234e-02 4.590899953704034864e-02 -9.555653959408803161e-03 9.986814858357102587e-01
2.195877813004756818e-02 4.622812184040955841e-02 -9.542550969303774736e-03 9.986439368138886330e-01
2.259682947704909003e-02 4.642811956045576893e-02 -9.243375721603006370e-03 9.986232387727288495e-01
2.049431498046092731e-02 4.649535371241191734e-02 -9.174616046392218213e-03 9.986661061421082675e-01
2.049431498046092731e-02 4.649535371241191734e-02 -9.174616046392218213e-03 9.986661061421082675e-01
2.049431498046092731e-02 4.649535371241191734e-02 -9.174616046392218213e-03 9.986661061421082675e-01
2.095038462946655772e-02 4.698125108518980825e-02 -8.672394449311468176e-03 9.986383895108695841e-01
1.955352594206931707e-02 4.916492515481407644e-02 -7.671700765395804075e-03 9.985697846245502607e-01
1.913438458114841145e-02 4.924154068926308442e-02 -7.633695897372268745e-03 9.985744202032189598e-01
1.836751577448876224e-02 4.951560721650295760e-02 -7.367066863809966504e-03 9.985772705865476606e-01
1.810025257077041080e-02 4.990509752322385556e-02 -7.159951217789548884e-03 9.985642679350341666e-01
1.802212870970658354e-02 5.014022216630942275e-02 -6.983183158870499667e-03 9.985551542858579488e-01
1.711151775922727797e-02 5.073304352457894129e-02 -7.098849924322950602e-03 9.985404150981875837e-01
1.785736206852478816e-02 5.033878108445681565e-02 -6.944956724635934983e-03 9.985483910732507740e-01
1.851416344054408400e-02 5.097630138968437669e-02 -6.670971140245848287e-03 9.985059542099741225e-01
1.889445548785912213e-02 5.141120091258969543e-02 -6.644218303579901147e-03 9.984767109630935389e-01
2.004959046488503233e-02 5.209483107312762318e-02 -6.592787897455066985e-03 9.984190891831905557e-01
2.124047518946271113e-02 5.243859852390325704e-02 -6.679157090566770032e-03 9.983758933683917203e-01
1.907617032951583816e-02 5.241651311353576898e-02 -6.461936508378028632e-03 9.984221813717579774e-01
1.952705252245471104e-02 5.164602566542536577e-02 -6.579068435357063316e-03 9.984528522225145641e-01
1.707498596365239138e-02 5.088294342319193281e-02 -6.567497629251270279e-03 9.985370493365898215e-01
1.291659856185477587e-02 4.849102151570336416e-02 -6.399718137392884816e-03 9.987195932401233822e-01
1.228281988854780862e-02 4.728900810727245524e-02 -6.198365595305900880e-03 9.987864948585172264e-01
9.291368650115372496e-03 4.582435616202174683e-02 -6.196357453040575967e-03 9.988870827101820060e-01
8.050895612640459817e-03 4.366110813962456594e-02 -6.702726728850904106e-03 9.989914735222982234e-01
8.359916861005282918e-03 4.158200057305411895e-02 -6.607050669849931328e-03 9.990782731597488420e-01
9.794684599875626285e-03 4.018630058163136232e-02 -6.393323789557611367e-03 9.991237414905491665e-01
1.029295515210099619e-02 3.989569065110982332e-02 -6.387489561891219851e-03 9.991304163715588604e-01
1.307380349599105568e-02 3.901420857122206431e-02 -6.200759152918498308e-03 9.991338838101914144e-01
1.572486503183419954e-02 3.872889000320983016e-02 -5.955692222159649461e-03 9.991082681216310046e-01
1.710415042215462575e-02 3.894855987479837328e-02 -5.853699767403945479e-03 9.990776706147769248e-01
2.001205363726088482e-02 3.918414816862791916e-02 -5.917304261048314008e-03 9.990140668438061144e-01
2.057483921070530491e-02 3.890608683251622207e-02 -5.718074450926094281e-03 9.990146625667754021e-01
2.069176693480952872e-02 3.823372409282213558e-02 -5.702503316281538545e-03 9.990382948511219441e-01
2.256385799078468660e-02 3.878548177308555750e-02 -5.999465367964320305e-03 9.989747570041497271e-01
2.274138731357817217e-02 3.868413829751267408e-02 -6.172550796409432931e-03 9.989736064400793758e-01
2.211652456822004245e-02 3.820783824182431843e-02 -6.235016156741378032e-03 9.990055780682284281e-01
2.312980425689443661e-02 3.898411074221405648e-02 -6.431952151956770412e-03 9.989513908375079465e-01
2.246344184892050747e-02 3.922293563842534775e-02 -6.651397659047111888e-03 9.989558118402361853e-01
2.145238037236353243e-02 3.943699780957218154e-02 -6.561430310672075779e-03 9.989702028651332721e-01
1.987683924481315964e-02 3.988945733094191592e-02 -6.807705580315013758e-03 9.989831818405205954e-01
1.794446907007336486e-02 3.941914792096209291e-02 -6.542608035062827745e-03 9.990401999354571183e-01
1.749990364099583001e-02 4.014536842678830680e-02 -7.153019450532402228e-03 9.990149834107462379e-01
1.642386155540244766e-02 4.051695887802486684e-02 -7.321023598286568144e-03 9.990170346036942872e-01
1.571820285060276240e-02 4.061030976089895217e-02 -7.744598021694235057e-03 9.990214021940438949e-01
1.497742208653488928e-02 4.051331613343946147e-02 -7.983713404796071583e-03 9.990348384134478676e-01
1.312638412029933088e-02 4.052340902120397242e-02 -7.873127211464410816e-03 9.990613420752194607e-01
1.355976174603930329e-02 4.081904346656604204e-02 -8.648826983779283814e-03 9.990371045880477308e-01
1.299292651921256196e-02 4.108193890474466647e-02 -8.672587701300693563e-03 9.990336552783677382e-01
2.394415985351886281e-02 3.803522835777115030e-02 -1.148956597795966657e-02 9.989234147252328277e-01
2.333060211231791081e-02 3.911659580093465594e-02 -1.103180355757695831e-02 9.989013335902050539e-01
2.384967382461215119e-02 3.923021715697407041e-02 -1.140585626296919224e-02 9.988804180497207197e-01
2.400408820606911645e-02 3.954983265294096523e-02 -1.152185339602040080e-02 9.988627840603734320e-01
2.386597118779194837e-02 3.983464166982129268e-02 -1.168123470614138362e-02 9.988529248583299935e-01
2.438632601693284385e-02 4.041221575702828167e-02 -1.197631314932248031e-02 9.988136602211409310e-01
2.278683388527246584e-02 4.092393992967582883e-02 -1.180601202214589564e-02 9.988326233269767540e-01
2.459480636427147440e-02 4.113412450792234415e-02 -1.236979012278753391e-02 9.987742826050283185e-01
2.516703906882841735e-02 4.167914289264366273e-02 -1.209284990667479527e-02 9.987408233237377031e-01
2.516703906882841735e-02 4.167914289264366273e-02 -1.209284990667479527e-02 9.987408233237377031e-01
2.700515302804698536e-02 4.172741221322713578e-02 -1.204297353722164066e-02 9.986913995666033550e-01
2.485981108782533977e-02 4.230309520498865689e-02 -1.226838117264326782e-02 9.987201433595690458e-01
2.425313620646203996e-02 4.207500604724959126e-02 -1.212072420185163028e-02 9.987464980139341142e-01
2.756766587976500205e-02 4.235267272101721214e-02 -1.225142997244651338e-02 9.986471736178690328e-01
2.664512881127204316e-02 4.269677371561014095e-02 -1.136640476374698588e-02 9.986680266573350062e-01
3.022533310130674777e-02 4.252487084436105264e-02 -1.127224699881582484e-02 9.985744844758367433e-01
3.063448021149233272e-02 4.290839721360767411e-02 -1.143634695668941346e-02 9.985437436782713672e-01
3.016350151292502765e-02 4.272151811049785392e-02 -1.151740174293749107e-02 9.985651628831770932e-01
3.060081586581112414e-02 4.230405043243470192e-02 -1.160074393593196924e-02 9.985686657038111980e-01
2.931089381949512213e-02 4.298371106414673737e-02 -1.283576894114780813e-02 9.985632254005480934e-01
2.949600917430689195e-02 4.244747053355895500e-02 -1.301651947806214439e-02 9.985783734433513192e-01
2.950921816213439991e-02 4.277983623653907469e-02 -1.296492410043295976e-02 9.985644708270490222e-01
2.937306916505861426e-02 4.266410976450676212e-02 -1.348638381711328264e-02 9.985665295799596164e-01
2.935354148949404982e-02 4.353246174550422232e-02 -1.382026267543556494e-02 9.985250596334489526e-01
2.668500786368535257e-02 4.371111270090874412e-02 -1.370621929439999089e-02 9.985937054350069175e-01
2.797864179949163463e-02 4.339522784499359742e-02 -1.466394264952351062e-02 9.985584702907027710e-01
2.514235896979646195e-02 4.476958810216300627e-02 -1.434586392514106655e-02 9.985778597359536990e-01
2.798942923625235071e-02 4.451785760383809160e-02 -1.427376589148159243e-02 9.985144024062289070e-01
2.980087865018275772e-02 4.417923519937874688e-02 -1.404302425692501195e-02 9.984802933851997242e-01
3.066970696458475379e-02 4.283993977234904632e-02 -1.409317951022478338e-02 9.985116378522088665e-01
3.131677637287174493e-02 4.218976289066009300e-02 -1.423420588928540897e-02 9.985172361093938020e-01
3.272120444199685951e-02 4.134423372016874515e-02 -1.395798184435720693e-02 9.985114680667367404e-01
3.269272111047007157e-02 4.041924997213681287e-02 -1.402569084881119359e-02 9.985493228750879080e-01
3.337518873331304231e-02 3.952447682471468132e-02 -1.366637878121782466e-02 9.985675453366971155e-01
3.316768915287408165e-02 3.787073880497323491e-02 -1.359236195839129933e-02 9.986395542111358159e-01
3.304528674239252256e-02 3.766400656178482687e-02 -1.398199549291875669e-02 9.986460511291590514e-01
3.136708984388308918e-02 3.709560184762015350e-02 -1.373450428068312759e-02 9.987248797293739599e-01
2.764743604832525792e-02 3.678479802579543573e-02 -1.375022721530739546e-02 9.988460487811335886e-01
2.709276152158143422e-02 3.744328528214072027e-02 -1.395060245480561623e-02 9.988340018999968262e-01
2.528867014806454594e-02 3.790337973200824662e-02 -1.402211931774972192e-02 9.988629521295063762e-01
2.434370586243242082e-02 3.803915971997454126e-02 -1.438081816655680661e-02 9.988761676912419896e-01
2.402360847724658785e-02 3.839955164960907885e-02 -1.381886923983613978e-02 9.988780603866386221e-01
2.369843120809533160e-02 3.888681872667728440e-02 -1.390655764076044985e-02 9.988657604213782015e-01
2.539017098203568204e-02 3.920830812096359752e-02 -1.393029117288458255e-02 9.988112908751248797e-01
2.641347996289524283e-02 3.962051167815228842e-02 -1.376711617907304397e-02 9.987707492927108133e-01
2.653272247805917722e-02 4.024085026550491134e-02 -1.396148164409560105e-02 9.987400891313581441e-01
2.691939288173668399e-02 4.024728958894768782e-02 -1.346257011317255822e-02 9.987363321585782661e-01
2.894818380518770704e-02 4.086248002157820414e-02 -1.326569019615341308e-02 9.986572394192548829e-01
2.964357690333372861e-02 4.140002893908268505e-02 -1.302780059434250313e-02 9.986178309863555924e-01
3.133515849267196063e-02 4.177861708039577737e-02 -1.315730056674952603e-02 9.985487171084268532e-01
2.891707215757899699e-02 4.274628184952027760e-02 -1.248348032275536403e-02 9.985893655777163813e-01
2.895266257535966323e-02 4.288265157601103827e-02 -1.240608876111760385e-02 9.985834519384242380e-01
3.329540847264542136e-02 4.315148705607183693e-02 -1.203074466234137392e-02 9.984410979734152924e-01
2.962300586507566127e-02 4.256832278018687216e-02 -1.236194912254006545e-02 9.985777874723086311e-01
3.146838133691375744e-02 4.291461434906126277e-02 -1.179338037013904876e-02 9.985133915129787985e-01
2.924440490543829194e-02 4.325899326756417473e-02 -1.141947889639051764e-02 9.985704881403908439e-01
3.177238229130360109e-02 4.332138733664209901e-02 -1.096891726227738374e-02 9.984955963732926598e-01
3.248959350719191064e-02 4.417423111374468164e-02 -1.095102923215063133e-02 9.984353452167062937e-01
3.266633264927776975e-02 4.442197169294868908e-02 -1.125302386120156060e-02 9.984152285477905231e-01
3.153942463593350370e-02 4.443798045762772930e-02 -1.021429369630752829e-02 9.984619165450264733e-01
3.279054552052133864e-02 4.468295316300514158e-02 -1.061817824755093356e-02 9.984064643780120596e-01
3.279054552052133864e-02 4.468295316300514158e-02 -1.061817824755093356e-02 9.984064643780120596e-01
3.370070562701259903e-02 4.503971432564573413e-02 -1.087616200367876387e-02 9.983573486852167500e-01
3.196816726712389811e-02 4.580699086428997868e-02 -1.022862492376457738e-02 9.983862634780734657e-01
3.196816726712389811e-02 4.580699086428997868e-02 -1.022862492376457738e-02 9.983862634780734657e-01
3.232630448068780221e-02 4.571368227087641012e-02 -1.007412452586155596e-02 9.983805793918953952e-01
3.057292641145477677e-02 4.634137367883747749e-02 -9.474884067035506743e-03 9.984127402172482402e-01
3.019582255831770173e-02 4.583925164358193527e-02 -9.327642911608625964e-03 9.984487820546913417e-01
3.019582255831770173e-02 4.583925164358193527e-02 -9.327642911608625964e-03 9.984487820546913417e-01
3.132045385415592464e-02 4.807059441079374745e-02 -9.820786252084811110e-03 9.983044622161886261e-01
3.087686068617996257e-02 4.838699309898277651e-02 -9.509666666910679411e-03 9.983060075011517265e-01
3.166248929900211673e-02 4.928789332061118272e-02 -9.654981805215347504e-03 9.982359298631500177e-01
3.043281049732065452e-02 4.879783102675002565e-02 -1.011685042428580976e-02 9.982936767654153609e-01
2.817531761878543095e-02 4.865909091174524387e-02 -9.640045989277784555e-03 9.983714308122242365e-01
2.658385830098537392e-02 4.659011777253421055e-02 -1.018806101662769054e-02 9.985083188519242592e-01
1.916458586531891856e-02 4.276504143604026309e-02 -1.057256958301843602e-02 9.988453787508839721e-01
1.793178054696804163e-02 4.185103334139917558e-02 -9.671563341997627475e-03 9.989161141543339006e-01
1.623653683371232767e-02 3.795737925256784800e-02 -1.053245617588076562e-02 9.990919275015824885e-01
1.482450341646111489e-02 3.569022515725895489e-02 -1.124774909409494150e-02 9.991896366891501735e-01
1.250589483343633040e-02 3.630802996273513328e-02 -9.948289160397695910e-03 9.992128707624924333e-01
1.840777224143363630e-02 3.367851645442578035e-02 -1.092068465411775990e-02 9.992035078487373490e-01
1.941065048226732134e-02 3.409752025924781688e-02 -1.016508159050210670e-02 9.991782908351661829e-01
1.996021808768458361e-02 3.269992588251264404e-02 -1.047750802142289467e-02 9.992109518849516814e-01
2.384300266423231701e-02 3.338811592733131883e-02 -1.031741053324394634e-02 9.991047472505898419e-01
2.534083024382228697e-02 3.289011117155225816e-02 -9.241394155283348677e-03 9.990949301961968843e-01
3.154293938965155308e-02 3.171867082609247657e-02 -1.001242423255534197e-02 9.989488076256330951e-01
3.154293938965155308e-02 3.171867082609247657e-02 -1.001242423255534197e-02 9.989488076256330951e-01
3.154293938965155308e-02 3.171867082609247657e-02 -1.001242423255534197e-02 9.989488076256330951e-01
3.504794646660416152e-02 3.307477785283119420e-02 -8.980911141496260297e-03 9.987977992334227118e-01
3.542945084633870173e-02 3.297829939694145451e-02 -1.052657241579999133e-02 9.987724350695644793e-01
3.371672226439891007e-02 3.347801117213693861e-02 -1.039990148353185651e-02 9.988164233015176530e-01
3.424538808960433250e-02 3.387765203451673784e-02 -1.053228602161930191e-02 9.987835746739027742e-01
3.177344355872788878e-02 3.479218600420969781e-02 -9.627947661575677468e-03 9.988429579775265355e-01
3.059190876646260618e-02 3.574098362948621710e-02 -1.084053863346232452e-02 9.988339200935046902e-01
3.059190876646260618e-02 3.574098362948621710e-02 -1.084053863346232452e-02 9.988339200935046902e-01
2.893523877852627324e-02 3.585918564030551176e-02 -1.095994702535772226e-02 9.988777454339671236e-01
2.615048300964045377e-02 3.621875826503901524e-02 -1.161790870237293730e-02 9.989341209436608526e-01
2.253591068400465428e-02 3.690065999374053662e-02 -1.211564028600416523e-02 9.989913339374517642e-01
2.223739880250554662e-02 3.670447429004249779e-02 -1.193401534737164107e-02 9.990074368788646186e-01
2.323451843847073803e-02 3.747565010859429252e-02 -1.241389836029732803e-02 9.989502629907911491e-01
2.431227570804507521e-02 3.768643282985242871e-02 -1.237905380355660417e-02 9.989171162100415335e-01
2.133643708367499725e-02 3.885922272245738440e-02 -1.211476897286357587e-02 9.989434166331520037e-01
2.302396022573707443e-02 3.816357176521239375e-02 -1.310722587488529108e-02 9.989202368935720111e-01
2.405739967904364437e-02 3.850190934366761603e-02 -1.326896278480323328e-02 9.988807632166065709e-01
2.371601448219939900e-02 3.913049044711772173e-02 -1.345496938407496519e-02 9.988620120784060807e-01
2.426719684813839414e-02 3.900047883614839173e-02 -1.364676129683157699e-02 9.988512560505654614e-01
2.426719684813839414e-02 3.900047883614839173e-02 -1.364676129683157699e-02 9.988512560505654614e-01
2.540515964937062332e-02 3.983230733383248678e-02 -1.378672172004814268e-02 9.987882115142664441e-01
