-6.335303903872333345e-03 2.567110313963804832e-02 -5.133763818394021343e-03 9.996371856114080190e-01
-5.506847780974111380e-03 2.600299669057796331e-02 -6.385514746955777733e-03 9.996263021709880237e-01
-7.326434007357840623e-03 2.628744643654989596e-02 -5.586914867248602042e-03 9.996119646677141812e-01
-8.677673901969964326e-03 2.551090919479654523e-02 -5.629361168047905713e-03 9.996210290807939769e-01
-8.353255261244332125e-03 2.570179351879924717e-02 -6.101459392179780887e-03 9.996161328878916397e-01
-1.038775426952828936e-02 2.582018149380023095e-02 -6.392603466698798705e-03 9.995921905506168770e-01
-1.337882896772322333e-02 2.692102533312772453e-02 -4.776731392949585403e-03 9.995366167218012743e-01
-1.418112015347703682e-02 2.767552708031750450e-02 -4.452908310731430383e-03 9.995064445212924475e-01
-1.221322381952856355e-02 2.841110555689228823e-02 -4.508303857582313286e-03 9.995115414247586205e-01
-1.363594783681057118e-02 2.759844516528548938e-02 -4.496222677197597717e-03 9.995159682229631803e-01
-1.647374682041766875e-02 2.599401332463174841e-02 -4.709400804374335239e-03 9.995152567525117382e-01
-1.592857962632882041e-02 2.502998130455019038e-02 -3.916079657647063804e-03 9.995521220562220144e-01
-1.756699362907642933e-02 2.341587756600485223e-02 -3.263650951429842347e-03 9.995661288754822404e-01
-1.979817276878174589e-02 2.169813260963922644e-02 -3.509237996371717024e-03 9.995623585574623382e-01
-1.859323404353499520e-02 2.126117906313296918e-02 -3.319312755271303442e-03 9.995955362422745960e-01
-1.893237734081647250e-02 1.763583799421725856e-02 -2.386269138654008738e-03 9.996623670150160956e-01
-2.086292336765455113e-02 1.612762774518898198e-02 -2.730307539686505081e-03 9.996485299707126293e-01
-1.869789727251481778e-02 1.561984503960630287e-02 -2.181281943664320922e-03 9.997007807777322785e-01
-2.095971534407009909e-02 1.356796627020923941e-02 -2.285318320049959783e-03 9.996856395608382240e-01
-2.130242313421724584e-02 1.148398271687872153e-02 -1.641142123220760800e-03 9.997057724961383451e-01
-1.965377168298297270e-02 1.034864737066763622e-02 -1.376536031131576085e-03 9.997523392844779311e-01
-2.121727923630125148e-02 8.760224461566929258e-03 -1.613335482940164017e-03 9.997352062810488382e-01
-1.905987229323171522e-02 7.923757827522014477e-03 1.879102635646349474e-03 9.997851790776562941e-01
-2.060766988307740841e-02 5.042976129081778482e-03 -1.215676886396777978e-03 9.997741817347853832e-01
-1.359839215174871163e-02 4.992490637756813975e-03 3.601978450074544078e-03 9.998885860531484537e-01
-1.638753612927488709e-02 5.561223274347391714e-03 2.147813391446922176e-04 9.998502264460817912e-01
-1.719210583513323259e-02 3.851879702758786387e-03 2.592153798596727194e-03 9.998414250561903360e-01
-1.748931618076262490e-02 3.276166924611046208e-03 1.544116118034274086e-03 9.998404904059574605e-01
-1.943354043257371558e-02 1.292533045575905253e-03 -8.659009908375461123e-05 9.998103116925411982e-01
-1.899718256317812007e-02 2.675402902153181488e-03 1.182780785295862004e-03 9.998152580870059980e-01
-1.780454260191751195e-02 2.228606678331115400e-03 1.727263212565653183e-06 9.998390028259681594e-01
-1.721130797081784139e-02 1.702514827004298183e-04 -1.094455779742172126e-04 9.998518539833948227e-01
-1.556771406451366857e-02 6.574766845644191941e-04 1.198672690060984284e-03 9.998778811369901653e-01
-1.382341076709082094e-02 9.269007252269763786e-04 4.503510869545193076e-04 9.999039210612729045e-01
-1.361399847136379043e-02 1.208676327336410039e-03 5.718805694349851469e-04 9.999064311723231402e-01
-1.247447771172654866e-02 1.551819837892508866e-04 1.037129074265453078e-03 9.999216407737432366e-01
-1.268266496628648980e-02 2.451863307444439245e-04 2.271496806418202253e-04 9.999195159091749385e-01
-1.034567609728806459e-02 8.123495290225810561e-05 1.466241452789253212e-03 9.999454037711131837e-01
-1.185678753764221778e-02 -1.054329801654899264e-03 1.699544181132603806e-03 9.999277056505300187e-01
-1.193877190857955267e-02 -1.213809789016003730e-03 1.623894690724406566e-03 9.999266749902937512e-01
-1.006647439104881372e-02 -1.513642012853130608e-03 2.135787067679486683e-03 9.999459052342746235e-01
-1.056189037626322977e-02 -3.055630354816487107e-03 1.318115454689491482e-03 9.999386842034179157e-01
-1.056189037626322977e-02 -3.055630354816487107e-03 1.318115454689491482e-03 9.999386842034179157e-01
-1.053596520068062967e-02 -3.683326753391843490e-03 1.398548540830144016e-03 9.999367333003107428e-01
-1.038703397414971960e-02 -4.367583653290618186e-03 1.772811953504087323e-03 9.999349433218287508e-01
-1.035826670831861696e-02 -4.803049429754881194e-03 1.748297783277264665e-03 9.999332880156733827e-01
-6.780286052573629429e-03 -4.789268574078560901e-03 2.129478974328053754e-03 9.999632772991559060e-01
-9.901459107933762230e-03 -5.715646211986244972e-03 1.874578915700970570e-03 9.999328869728218994e-01
-9.276218899623486086e-03 -6.068362246696376756e-03 1.952014082869150740e-03 9.999366561855753677e-01
-8.266920200287932591e-03 -6.512602670852378137e-03 1.359199303927268289e-03 9.999436967220234340e-01
-7.171307233654849837e-03 -6.365638226963840803e-03 3.870427498381140679e-03 9.999465339674435960e-01
-8.499616839416999220e-03 -6.927300089329056255e-03 2.129466602046302132e-03 9.999376152535948137e-01
-7.913512082461738109e-03 -7.678870933718255458e-03 2.748092792261261526e-03 9.999354275420534455e-01
-6.546243633611544509e-03 -7.538392494697820564e-03 2.893372824477809767e-03 9.999459724038013420e-01
-6.546243633611544509e-03 -7.538392494697820564e-03 2.893372824477809767e-03 9.999459724038013420e-01
-6.607778314021455456e-03 -8.090462425806842564e-03 3.361076700742271234e-03 9.999397906108653533e-01
-4.705147779232658235e-03 -7.912277054899524709e-03 3.716103662289021482e-03 9.999507228007554760e-01
-6.394413212632993511e-03 -8.431494101056244417e-03 3.350364636912430121e-03 9.999383963243384521e-01
-5.600919034356041659e-03 -8.216560548252137622e-03 3.306631736683557886e-03 9.999450905051163740e-01
-5.233727185098884654e-03 -8.676159267498803618e-03 3.429660723989050308e-03 9.999427832568398289e-01
-4.369985074475722306e-03 -8.660158673149301323e-03 3.674985387878337926e-03 9.999461982349868716e-01
-4.369985074475722306e-03 -8.660158673149301323e-03 3.674985387878337926e-03 9.999461982349868716e-01
-3.253054422243574755e-03 -8.353167634917410198e-03 4.434190931003611190e-03 9.999499888385300350e-01
-3.112828928158319075e-03 -7.962545326150677338e-03 3.999367961264642737e-03 9.999554556198508859e-01
-2.838276730209577953e-03 -8.185567287276648146e-03 4.259935296725738015e-03 9.999533957263488926e-01
-1.234025587178370301e-03 -7.691888846946009009e-03 4.923155353493279159e-03 9.999575363825115026e-01
-2.516242813457142380e-04 -8.347072013284639533e-03 5.211771553846353787e-03 9.999515490819026464e-01
-2.479826854400819271e-03 -8.173473494386313681e-03 6.410944797678630631e-03 9.999429706621323355e-01
-5.051060878710325434e-03 -9.197131595238793034e-03 6.337013032617340100e-03 9.999248680877198536e-01
-5.392343383853374396e-03 -9.112245588715863973e-03 5.719434853970071543e-03 9.999275862171783658e-01
-5.909945071981850817e-03 -9.162633101814102177e-03 5.377018884778356385e-03 9.999261004553289256e-01
-7.944394962905719157e-03 -8.793404352757190970e-03 5.122209256020598782e-03 9.999166593276160864e-01
-9.818441974740608341e-03 -8.576050631272072802e-03 5.247043535154627923e-03 9.999012541680797339e-01
-1.075513849763479191e-02 -7.473150890844808963e-03 5.118262915766414248e-03 9.999011363111778294e-01
-1.245925979060314749e-02 -6.798351094460011214e-03 4.564393665684260241e-03 9.998888516121836600e-01
-1.336246275772598816e-02 -6.816770634630921373e-03 4.902569139597840082e-03 9.998754627667361117e-01
-1.549321355235558535e-02 -5.260573881393913742e-03 4.657967907486492039e-03 9.998552845443345882e-01
-1.669764295435238050e-02 -4.297506140312075743e-03 4.453022295535240434e-03 9.998414328048115252e-01
-1.972378160821220555e-02 -2.371604521729517041e-03 3.745584070512622370e-03 9.997956383836823502e-01
-2.076400551854927154e-02 -1.283127411360402781e-03 3.257749167595857219e-03 9.997782737833589284e-01
-2.267617782787183928e-02 1.762411412225139843e-03 3.398022479337368517e-03 9.997355341830972408e-01
-2.424145288079143298e-02 2.919241204485669653e-03 3.400252787024396917e-03 9.996960879557360569e-01
-2.467796103974736338e-02 6.500648858763118272e-03 2.547959896532431441e-03 9.996710697542974255e-01
-2.454083166180729553e-02 1.004521995246378252e-02 3.080684347579792405e-03 9.996436117544112987e-01
-2.645567541904839462e-02 1.361999971171565758e-02 1.980442705371714823e-03 9.995552364390202227e-01
-2.707685981702417574e-02 1.541114899408851588e-02 1.835327314771700120e-03 9.995128672122129965e-01
-2.685958455322476346e-02 1.891753583047920892e-02 1.221032751712289787e-03 9.994594532219653882e-01
-2.538447755177529463e-02 1.975696815311465265e-02 1.149352329713265557e-03 9.994818505095740546e-01
-2.449646639701959228e-02 2.152608235493263036e-02 5.403599264333791433e-04 9.994679879434149594e-01
-2.191889027615908161e-02 2.273258987825415092e-02 7.639330115976418522e-04 9.995009794956895011e-01
-2.051390559513097470e-02 2.412814709643318692e-02 5.064275238783600124e-04 9.994982519875110771e-01
-1.820960096073177478e-02 2.561507663599811579e-02 2.127571857940832665e-05 9.995060169049142518e-01
-1.738063327753540388e-02 2.600806340604650685e-02 2.894928294293463034e-04 9.995105854460174521e-01
-1.775141631528227848e-02 2.627707034416126505e-02 -1.505359037695899900e-04 9.994970635934211645e-01
-1.823782303607205529e-02 2.671663985810329711e-02 -6.911435945128137272e-04 9.994764255779768902e-01
-1.792184434678353519e-02 2.673383178502915583e-02 -4.365161347906962568e-04 9.994818253409931685e-01
-1.802752243066977830e-02 2.697923620519272064e-02 -1.223287308539814343e-03 9.994726773739024406e-01
-2.049411012953215525e-02 2.621819737823965352e-02 -1.850402817656261181e-03 9.994444324651804434e-01
-2.244486126871117829e-02 2.565686892055728252e-02 -1.941224359461168588e-03 9.994169224742034396e-01
-2.445223819230885401e-02 2.565112414209391734e-02 -2.197812799829266129e-03 9.993694399452739408e-01
-2.522664079499848874e-02 2.595092826925248300e-02 -2.764455124583902520e-03 9.993410447409976083e-01
-2.556164046173389076e-02 2.692813462440614425e-02 -2.972379818153080260e-03 9.993060807684358560e-01
-2.810070571963846700e-02 2.660540235226818706e-02 -2.967137674081223031e-03 9.992465656672306906e-01
-2.891042403902940525e-02 2.733974906467032118e-02 -3.563351080253078246e-03 9.992016953708812155e-01
-2.691782707686182774e-02 2.859623482508393336e-02 -3.225665223421568095e-03 9.992233389103535313e-01
-2.708484725258623188e-02 2.904792497313576916e-02 -3.552342746704875882e-03 9.992046887225205509e-01
-2.826626432977464784e-02 2.823738071011719711e-02 -3.802926296883000698e-03 9.991942785980371111e-01
-2.419158579699256378e-02 3.071536995534631526e-02 -3.541795257119448488e-03 9.992290973102663232e-01
-2.169207745400476145e-02 3.121399289246516023e-02 -3.228738205421374883e-03 9.992720929121554629e-01
-1.944258376623368353e-02 3.212988794284501320e-02 -2.784538452875913016e-03 9.992906997380081036e-01
-2.195049764817167195e-02 3.159307772101516143e-02 -3.867382350543544650e-03 9.992522686723639413e-01
-1.399219393846461851e-02 3.444239751665406635e-02 -2.412342123021398669e-03 9.993058192403238005e-01
-1.357349201985811465e-02 3.540228071698038603e-02 -2.353963733977887732e-03 9.992781883385437602e-01
-1.357349201985811465e-02 3.540228071698038603e-02 -2.353963733977887732e-03 9.992781883385437602e-01
-7.333436346212137552e-03 3.733685537888104672e-02 -1.661973946508215087e-03 9.992744456776495587e-01
-6.422474936866842850e-03 3.778111263770165401e-02 -1.898850428296450926e-03 9.992635957096573929e-01
-5.677564637251350174e-03 3.876193613259877602e-02 -1.302759680329944195e-03 9.992314948920782980e-01
-4.602999354052211139e-03 3.899949909432413875e-02 -1.506496851280306843e-03 9.992274925834334631e-01
-3.368646079829251162e-03 3.946355723330697424e-02 -9.629606620531975386e-04 9.992148680743525579e-01
-2.368040259902635513e-03 3.988923490271541195e-02 -6.151106889085985541e-04 9.992011123707998932e-01
-1.644258220068562119e-03 4.062719940337377461e-02 -5.378023409981524531e-06 9.991730215806575721e-01
-1.685901799754972816e-03 4.105871591027793893e-02 6.518089710417640644e-04 9.991551004363566912e-01
-1.276901309534601067e-03 4.119788638408541231e-02 1.262871976936593083e-03 9.991493926510187640e-01
-2.736380235145092262e-03 4.152826396157826422e-02 1.342560237685561358e-03 9.991326804021347652e-01
-5.145455370893142755e-03 4.086969536855771662e-02 2.191261816398177697e-03 9.991488330880237134e-01
-9.762193529715192455e-03 3.883451696965451588e-02 2.384904823432806940e-03 9.991951221349137935e-01
-9.762193529715192455e-03 3.883451696965451588e-02 2.384904823432806940e-03 9.991951221349137935e-01
-1.568739788719735948e-02 3.560738775947072665e-02 2.394057181742793340e-03 9.992398550771911525e-01
-1.953571843656782409e-02 3.198579895323408473e-02 2.489082343544197964e-03 9.992942854032427213e-01
-2.126329260359733492e-02 3.048098834581163680e-02 2.617070078375268935e-03 9.993057253320033473e-01
-2.106868254845394375e-02 2.859462703675463846e-02 2.668495405022001943e-03 9.993654672103567949e-01
-1.830307082613610511e-02 2.733453138423107276e-02 2.937156641889925122e-03 9.994544482382371475e-01
-1.343601711761166842e-02 2.698845735600065646e-02 3.751866164523501995e-03 9.995384035212664386e-01
-1.185686038988028636e-02 2.674078675539007244e-02 3.653659002749639131e-03 9.995654035436046803e-01
-8.002415826610721414e-03 2.627246210190079326e-02 3.890630759423240829e-03 9.996152170051915142e-01
-6.470000298256155941e-03 2.647887541285932206e-02 4.860727611828231758e-03 9.996166172988995013e-01
-4.520050560802943429e-03 2.578348268199266713e-02 4.632181652846722834e-03 9.996465995824975748e-01
-4.151385732822011031e-03 2.531468850761661726e-02 5.243753076338448886e-03 9.996571590280010078e-01
-4.221566929749384633e-03 2.625826327483716735e-02 4.937990796986260582e-03 9.996340821667376586e-01
-4.221566929749384633e-03 2.625826327483716735e-02 4.937990796986260582e-03 9.996340821667376586e-01
-4.601528163461847919e-03 2.563595095020526626e-02 4.843132468697991001e-03 9.996490224200342833e-01
-4.841902337073962850e-03 2.558493135797182405e-02 4.907664935311786304e-03 9.996488794041880066e-01
-5.895645145835173503e-03 2.606271473920953458e-02 4.363852355939090363e-03 9.996333993326516065e-01
-5.543427035263392109e-03 2.575430386987002940e-02 4.763060710575026287e-03 9.996415855203056866e-01
-5.866652564410809734e-03 2.591953731872842503e-02 4.504416294527631252e-03 9.996366690986866477e-01
-5.589105653632568671e-03 2.579216114907223467e-02 4.705215513553135352e-03 9.996406290603757627e-01
-8.438721751118236775e-03 2.576310314180317237e-02 4.314688862321459581e-03 9.996231459663853514e-01
-8.599300762014712440e-03 2.577285678234485927e-02 4.412479605122909647e-03 9.996210991687878300e-01
-9.521186102081437980e-03 2.568295967619638881e-02 3.757882622142140038e-03 9.996177323935778736e-01
-1.064610452321277517e-02 2.550973485929115131e-02 4.298669418140179353e-03 9.996086410826604540e-01
-1.188862923804436325e-02 2.554080055643047353e-02 4.102068630183658242e-03 9.995946683705002611e-01
-1.036499625287391931e-02 2.579607139465418114e-02 4.118877136545466729e-03 9.996050041913625561e-01
-1.380315193902031425e-02 2.523263344231193792e-02 3.442981515980228068e-03 9.995803785010962672e-01
-1.177764721038618116e-02 2.515211239626116008e-02 3.566911665011166660e-03 9.996078908298831056e-01
-1.268384256714850944e-02 2.484772901935223752e-02 4.066229274378777708e-03 9.996025091404087126e-01
-1.230419368536458252e-02 2.530493252995077297e-02 3.956209557575879159e-03 9.995962262900677242e-01
-1.005112915887110270e-02 2.643051057111907645e-02 5.095510189588033784e-03 9.995871341156254974e-01
-1.023122034399763861e-02 2.698841050357189686e-02 4.766744752344237099e-03 9.995720214037752127e-01
-8.831089058629063709e-03 2.751235098745400190e-02 4.479355247338411873e-03 9.995724174794690109e-01
-1.040760448305276878e-02 2.814172723327437384e-02 4.416575920530517105e-03 9.995400036088553097e-01
-9.282736678142819442e-03 2.788484222087422165e-02 4.716018789081196858e-03 9.995569146080989231e-01
-8.955189142982248121e-03 2.852163216779503990e-02 4.302358432630467959e-03 9.995438013402992983e-01
-8.647765102445475680e-03 2.897923049000155835e-02 4.738059152646639446e-03 9.995313757728701010e-01
-8.376694572463297753e-03 2.937172721062235314e-02 4.792411381301845893e-03 9.995219684538488858e-01
-8.579886796506844965e-03 3.026103066884194143e-02 4.695468270204727033e-03 9.994941761426837656e-01
-7.514541943604551716e-03 3.089684743387340407e-02 4.640542836065996921e-03 9.994835575637112113e-01
-7.105858549579488308e-03 3.142131120363765573e-02 4.190565235449379006e-03 9.994721842750426966e-01
-8.057596767903026092e-03 3.132206585327764609e-02 4.487991076468147988e-03 9.994667884732870711e-01
-7.700048179535837721e-03 3.237916945928823870e-02 3.789701905005819337e-03 9.994388109347319693e-01
-7.170754175720309501e-03 3.275050923219005594e-02 3.592810943995991720e-03 9.994313764031547143e-01
-6.927483662504313466e-03 3.239819019867219707e-02 3.561645023791612345e-03 9.994446867769526399e-01
-5.761436297643918181e-03 3.223688219593756621e-02 3.768734659435535837e-03 9.994565452870576294e-01
-4.530526339250603302e-03 3.216552167045454852e-02 3.613777983510865939e-03 9.994657543685240286e-01
-5.053023984546749919e-03 3.092436786574812371e-02 3.551941824638581678e-03 9.995026433831928347e-01
-3.845545420131389874e-03 3.060510843293770544e-02 3.098158883224741769e-03 9.995193547549563462e-01
-4.414885857108766243e-03 3.066427330199277684e-02 2.816397023357066279e-03 9.995160223996092386e-01
-7.376466613827184320e-03 3.137927030410214008e-02 3.389828309082914756e-03 9.994745810672286401e-01
-7.731110542418846189e-03 3.102188102915401022e-02 3.100215313264843234e-03 9.994839976168730100e-01
-9.162288871222260336e-03 3.149640847574933927e-02 2.627796248490650317e-03 9.994584150441906401e-01
-1.041013876988656009e-02 3.277985852439175424e-02 2.576562482084918549e-03 9.994050586282263726e-01
-1.037705791709276314e-02 3.333153023977639129e-02 2.600259918093940879e-03 9.993870943779584737e-01
-9.114549940815045229e-03 3.404988226006621516e-02 2.857591226746081584e-03 9.993744867014731081e-01
-9.114549940815045229e-03 3.404988226006621516e-02 2.857591226746081584e-03 9.993744867014731081e-01
-9.114549940815045229e-03 3.404988226006621516e-02 2.857591226746081584e-03 9.993744867014731081e-01
-9.114549940815045229e-03 3.404988226006621516e-02 2.857591226746081584e-03 9.993744867014731081e-01
-9.114549940815045229e-03 3.404988226006621516e-02 2.857591226746081584e-03 9.993744867014731081e-01
-9.114549940815045229e-03 3.404988226006621516e-02 2.857591226746081584e-03 9.993744867014731081e-01
-9.114549940815045229e-03 3.404988226006621516e-02 2.857591226746081584e-03 9.993744867014731081e-01
-9.114549940815045229e-03 3.404988226006621516e-02 2.857591226746081584e-03 9.993744867014731081e-01
-9.114549940815045229e-03 3.404988226006621516e-02 2.857591226746081584e-03 9.993744867014731081e-01
-9.114549940815045229e-03 3.404988226006621516e-02 2.857591226746081584e-03 9.993744867014731081e-01
-9.114549940815045229e-03 3.404988226006621516e-02 2.857591226746081584e-03 9.993744867014731081e-01
-9.114549940815045229e-03 3.404988226006621516e-02 2.857591226746081584e-03 9.993744867014731081e-01
-9.114549940815045229e-03 3.404988226006621516e-02 2.857591226746081584e-03 9.993744867014731081e-01
-9.114549940815045229e-03 3.404988226006621516e-02 2.857591226746081584e-03 9.993744867014731081e-01
-9.114549940815045229e-03 3.404988226006621516e-02 2.857591226746081584e-03 9.993744867014731081e-01
-9.114549940815045229e-03 3.404988226006621516e-02 2.857591226746081584e-03 9.993744867014731081e-01
-9.114549940815045229e-03 3.404988226006621516e-02 2.857591226746081584e-03 9.993744867014731081e-01
-9.114549940815045229e-03 3.404988226006621516e-02 2.857591226746081584e-03 9.993744867014731081e-01
-9.114549940815045229e-03 3.404988226006621516e-02 2.857591226746081584e-03 9.993744867014731081e-01
-9.114549940815045229e-03 3.404988226006621516e-02 2.857591226746081584e-03 9.993744867014731081e-01
-9.114549940815045229e-03 3.404988226006621516e-02 2.857591226746081584e-03 9.993744867014731081e-01
-9.114549940815045229e-03 3.404988226006621516e-02 2.857591226746081584e-03 9.993744867014731081e-01
-9.114549940815045229e-03 3.404988226006621516e-02 2.857591226746081584e-03 9.993744867014731081e-01
-9.114549940815045229e-03 3.404988226006621516e-02 2.857591226746081584e-03 9.993744867014731081e-01
-9.114549940815045229e-03 3.404988226006621516e-02 2.857591226746081584e-03 9.993744867014731081e-01
-9.114549940815045229e-03 3.404988226006621516e-02 2.857591226746081584e-03 9.993744867014731081e-01
-9.114549940815045229e-03 3.404988226006621516e-02 2.857591226746081584e-03 9.993744867014731081e-01
-9.114549940815045229e-03 3.404988226006621516e-02 2.857591226746081584e-03 9.993744867014731081e-01
-9.114549940815045229e-03 3.404988226006621516e-02 2.857591226746081584e-03 9.993744867014731081e-01
-9.114549940815045229e-03 3.404988226006621516e-02 2.857591226746081584e-03 9.993744867014731081e-01
-9.114549940815045229e-03 3.404988226006621516e-02 2.857591226746081584e-03 9.993744867014731081e-01
-9.114549940815045229e-03 3.404988226006621516e-02 2.857591226746081584e-03 9.993744867014731081e-01
-9.114549940815045229e-03 3.404988226006621516e-02 2.857591226746081584e-03 9.993744867014731081e-01
-9.114549940815045229e-03 3.404988226006621516e-02 2.857591226746081584e-03 9.993744867014731081e-01
-9.114549940815045229e-03 3.404988226006621516e-02 2.857591226746081584e-03 9.993744867014731081e-01
-9.114549940815045229e-03 3.404988226006621516e-02 2.857591226746081584e-03 9.993744867014731081e-01
-9.114549940815045229e-03 3.404988226006621516e-02 2.857591226746081584e-03 9.993744867014731081e-01
-9.114549940815045229e-03 3.404988226006621516e-02 2.857591226746081584e-03 9.993744867014731081e-01
-9.114549940815045229e-03 3.404988226006621516e-02 2.857591226746081584e-03 9.993744867014731081e-01
-9.114549940815045229e-03 3.404988226006621516e-02 2.857591226746081584e-03 9.993744867014731081e-01
-9.114549940815045229e-03 3.404988226006621516e-02 2.857591226746081584e-03 9.993744867014731081e-01
-9.114549940815045229e-03 3.404988226006621516e-02 2.857591226746081584e-03 9.993744867014731081e-01
-9.114549940815045229e-03 3.404988226006621516e-02 2.857591226746081584e-03 9.993744867014731081e-01
-9.114549940815045229e-03 3.404988226006621516e-02 2.857591226746081584e-03 9.993744867014731081e-01
-9.114549940815045229e-03 3.404988226006621516e-02 2.857591226746081584e-03 9.993744867014731081e-01
-9.114549940815045229e-03 3.404988226006621516e-02 2.857591226746081584e-03 9.993744867014731081e-01
-9.114549940815045229e-03 3.404988226006621516e-02 2.857591226746081584e-03 9.993744867014731081e-01
-9.114549940815045229e-03 3.404988226006621516e-02 2.857591226746081584e-03 9.993744867014731081e-01
-9.114549940815045229e-03 3.404988226006621516e-02 2.857591226746081584e-03 9.993744867014731081e-01
-9.114549940815045229e-03 3.404988226006621516e-02 2.857591226746081584e-03 9.993744867014731081e-01
-9.114549940815045229e-03 3.404988226006621516e-02 2.857591226746081584e-03 9.993744867014731081e-01
-9.114549940815045229e-03 3.404988226006621516e-02 2.857591226746081584e-03 9.993744867014731081e-01
-9.114549940815045229e-03 3.404988226006621516e-02 2.857591226746081584e-03 9.993744867014731081e-01
-9.114549940815045229e-03 3.404988226006621516e-02 2.857591226746081584e-03 9.993744867014731081e-01
-9.114549940815045229e-03 3.404988226006621516e-02 2.857591226746081584e-03 9.993744867014731081e-01
-9.114549940815045229e-03 3.404988226006621516e-02 2.857591226746081584e-03 9.993744867014731081e-01
-9.114549940815045229e-03 3.404988226006621516e-02 2.857591226746081584e-03 9.993744867014731081e-01
-9.114549940815045229e-03 3.404988226006621516e-02 2.857591226746081584e-03 9.993744867014731081e-01
-9.114549940815045229e-03 3.404988226006621516e-02 2.857591226746081584e-03 9.993744867014731081e-01
-9.114549940815045229e-03 3.404988226006621516e-02 2.857591226746081584e-03 9.993744867014731081e-01
-9.114549940815045229e-03 3.404988226006621516e-02 2.857591226746081584e-03 9.993744867014731081e-01
-9.114549940815045229e-03 3.404988226006621516e-02 2.857591226746081584e-03 9.993744867014731081e-01
-9.114549940815045229e-03 3.404988226006621516e-02 2.857591226746081584e-03 9.993744867014731081e-01
-9.114549940815045229e-03 3.404988226006621516e-02 2.857591226746081584e-03 9.993744867014731081e-01
-9.114549940815045229e-03 3.404988226006621516e-02 2.857591226746081584e-03 9.993744867014731081e-01
-9.061895892144540901e-03 3.468433848681689441e-02 2.414686702441394203e-03 9.993543155431415803e-01
1.283989703877458626e-03 3.611956664986239185e-02 6.512348906172557399e-03 9.993254312721110422e-01
1.960873067372801153e-04 3.683700950762847787e-02 6.388185338804968673e-03 9.993008492783242991e-01
-8.388387402796066653e-05 3.582375582351896709e-02 6.665881975451610347e-03 9.993358882276178745e-01
4.368522056081297492e-04 3.662991610621851163e-02 6.603832702052322978e-03 9.993069837641710418e-01
5.887082130097496657e-04 3.648501350435826712e-02 6.400769527267171494e-03 9.993135280589798830e-01
3.695933675204003807e-04 3.747198300231913137e-02 6.218700864736066355e-03 9.992782603710398392e-01
-6.539299819698131139e-04 3.822273675512420643e-02 6.122317124902196608e-03 9.992502749579553756e-01
2.406223167043587165e-04 3.915644998387520642e-02 6.240297867309191164e-03 9.992135773737707005e-01
-1.187195773641688336e-05 3.991919180795262811e-02 6.218416657183414506e-03 9.991835613533351923e-01
2.089005309270790083e-03 4.080382243232147377e-02 6.233569788558167117e-03 9.991455483258786519e-01
3.724570522746944220e-03 4.077927539911329474e-02 6.424406339686577171e-03 9.991405833392651425e-01
6.771155397257566308e-03 4.058595933439430870e-02 6.240885666683191994e-03 9.991336160422130686e-01
8.820188193601252724e-03 4.016034576549469548e-02 6.659880413749388016e-03 9.991321218443034446e-01
1.264058272980917060e-02 3.781900615339539584e-02 6.381666028937767361e-03 9.991842736855476304e-01
1.200008730790840493e-02 3.642370025030908232e-02 6.451300457529279310e-03 9.992435602429895480e-01
1.302103535640668740e-02 3.604148374974586871e-02 6.293736339863849165e-03 9.992456419570957538e-01
1.297768270783648988e-02 3.542968110675635829e-02 6.294072472338637335e-03 9.992680831988587364e-01
1.339720004126516463e-02 3.316659813429523318e-02 6.248663676046235273e-03 9.993405055342829968e-01
1.302683284032950077e-02 3.240616839632895485e-02 6.195031591112538406e-03 9.993706837103057961e-01
1.111003906031674329e-02 3.057753708646932314e-02 6.373965290261554908e-03 9.994503258413007796e-01
1.120983782236867864e-02 3.036247042743254673e-02 6.438848118623770149e-03 9.994553522596418826e-01
8.165470700373312490e-03 2.946237119849924244e-02 6.358120904233042700e-03 9.995123151168125997e-01
4.975566560446772167e-03 2.892257454410004577e-02 6.640258898441247191e-03 9.995472151834076113e-01
4.975566560446772167e-03 2.892257454410004577e-02 6.640258898441247191e-03 9.995472151834076113e-01
3.488632230826558579e-03 3.053355282031194537e-02 6.333187900498612848e-03 9.995075899303338396e-01
2.556990216765738910e-03 3.182190207385333230e-02 6.593801228685873886e-03 9.994685338392550467e-01
3.020105662233170569e-03 3.227233167067560665e-02 6.703696915451771987e-03 9.994520678942000469e-01
5.167849213248754993e-03 3.354596555133062402e-02 6.645344852112217669e-03 9.994017214921808723e-01
7.715160342261496475e-03 3.403411445199070601e-02 7.001363243313424127e-03 9.993663673884053411e-01
9.376485387679515601e-03 3.554355186640409392e-02 7.145226353271522460e-03 9.992985956073666687e-01
1.140999017976763313e-02 3.623736757298613026e-02 7.129154405983170219e-03 9.992526409637022544e-01
1.359522016403043494e-02 3.744912833881772901e-02 7.340715692280307125e-03 9.991790863846577997e-01
1.473146478943573867e-02 3.805933213951632338e-02 7.641700507075300554e-03 9.991376659878316024e-01
1.591202621856580707e-02 3.902245105633225797e-02 7.767815383394647590e-03 9.990814365102302919e-01
1.567864596023927151e-02 4.019945967524139741e-02 7.605466958988178761e-03 9.990397091082054981e-01
1.793902527504174019e-02 4.107314871123488031e-02 8.500303553014293065e-03 9.989589244141287017e-01
1.745615489704426329e-02 4.114128200174160116e-02 8.720005782688541873e-03 9.989627816243272784e-01
1.876555086292785307e-02 4.109404823596467249e-02 8.981272935559279566e-03 9.989386718096602280e-01
1.973016373743075383e-02 4.298911964185477691e-02 9.114976428544927303e-03 9.988391128885670822e-01
2.088405718236629668e-02 4.284380556404103479e-02 9.306898287540738696e-03 9.988201270121961350e-01
1.929149566729869078e-02 4.344433569933323774e-02 9.831205487891136324e-03 9.988211928514618698e-01
1.955582104202919017e-02 4.408540661425006807e-02 9.904385846983242148e-03 9.987872395700810868e-01
1.955582104202919017e-02 4.408540661425006807e-02 9.904385846983242148e-03 9.987872395700810868e-01
2.071543256086312915e-02 4.480007754753721760e-02 1.030921494788010137e-02 9.987279629572356487e-01
2.057333698198089353e-02 4.501483795497975698e-02 1.046174658245086278e-02 9.987196573752603612e-01
2.148323783392985450e-02 4.581714623709900319e-02 1.058950715554384144e-02 9.986626667404072677e-01
2.127437027401961334e-02 4.560286160487987683e-02 1.077331946774300053e-02 9.986749800463292637e-01
2.127437027401961334e-02 4.560286160487987683e-02 1.077331946774300053e-02 9.986749800463292637e-01
2.153808045670690258e-02 4.687977237143131637e-02 1.088732688566385054e-02 9.986089645831985884e-01
2.288570648085081968e-02 4.697026709161448293e-02 1.097117130358554217e-02 9.985738189279960153e-01
2.154274657026431991e-02 4.739609537037579173e-02 1.061554483588425871e-02 9.985874175162077204e-01
2.444551049366856799e-02 4.668428243463278865e-02 1.134816570966832097e-02 9.985460499773124443e-01
2.444551049366856799e-02 4.668428243463278865e-02 1.134816570966832097e-02 9.985460499773124443e-01
2.509050411834395228e-02 4.770060798836568694e-02 1.085707677768428005e-02 9.984874773798974035e-01
2.544986909436722927e-02 4.737920539202654380e-02 1.080617723861740896e-02 9.984942371355918223e-01
2.520722548090638046e-02 4.720503385673075619e-02 1.087973912794781318e-02 9.985078426525489936e-01
2.389074654797134628e-02 4.554490737265738665e-02 1.072816659847413909e-02 9.986189463870751570e-01
2.006497290545647752e-02 4.325145792659158828e-02 1.044868534407615221e-02 9.988080562470990076e-01
1.846691107406312968e-02 4.181429615261274269e-02 1.032267094307696455e-02 9.989013866730014346e-01
1.672283908361526031e-02 3.904778866978900198e-02 1.030291557222894235e-02 9.990442766883230741e-01
1.255488034072066265e-02 3.665010027730369185e-02 1.026396047090766955e-02 9.991965753768101699e-01
1.247014102018574773e-02 3.563194529483090789e-02 1.003182349206136782e-02 9.992368200656274180e-01
1.104043608744125632e-02 3.410855048288325558e-02 1.013038123976184833e-02 9.993058045117584332e-01
1.194063978918899309e-02 3.301377742302406826e-02 1.029078001458724398e-02 9.993305816737418912e-01
1.449710343999170009e-02 3.265482941957358748e-02 1.060969097770360359e-02 9.993052239254963665e-01
1.398780389952341240e-02 3.142189272667018224e-02 1.067618397080168612e-02 9.993513021432272048e-01
1.579720510289644650e-02 3.119259655550245258e-02 1.118122123800574172e-02 9.993259981220790067e-01
1.756328759809641996e-02 3.090780271108436311e-02 1.108903297295754480e-02 9.993063954603933485e-01
1.891904165094744975e-02 3.090326476886415957e-02 1.154729842535479750e-02 9.992765973386502631e-01
1.942559628938660479e-02 3.116029269686014166e-02 1.148814809814852934e-02 9.992595782984132757e-01
2.062027289983501058e-02 3.112037001257863394e-02 1.164915574985181737e-02 9.992350194454416856e-01
2.045401695325216318e-02 3.137363594001275902e-02 1.152991788466319577e-02 9.992318995868539888e-01
2.204023787321615982e-02 3.043052770157571654e-02 1.185555447337709352e-02 9.992235269079809967e-01
2.174486616140450593e-02 3.138247694400844723e-02 1.141565203957902765e-02 9.992056764375354394e-01
2.331923739804598814e-02 3.089256313006169888e-02 1.161714139746041104e-02 9.991831187205777454e-01
2.324572775165845845e-02 3.102109627690648880e-02 1.163245067611776151e-02 9.991806712593785944e-01
2.354748056811497084e-02 3.145543360702741237e-02 1.136555289438780265e-02 9.991630978288245091e-01
2.280216981558293859e-02 3.186299087666358276e-02 1.109612484618292469e-02 9.991704994031264109e-01
2.206270336192344556e-02 3.219039252080154595e-02 1.100741173881687220e-02 9.991775881376306900e-01
2.063341349056130661e-02 3.265653719675556954e-02 1.072188401886529745e-02 9.991961038900875058e-01
1.958915863065741753e-02 3.267043050159115780e-02 1.063127401893560961e-02 9.992176358770485933e-01
1.814504058493252026e-02 3.316474652295723496e-02 1.026566903424752479e-02 9.992324419921114753e-01
1.717839134265703935e-02 3.314933830622532329e-02 9.989365851305926844e-03 9.992528392807431548e-01
1.643437616523330674e-02 3.291911877293066807e-02 9.714028259341419419e-03 9.992756779559133218e-01
1.408273603632287548e-02 3.322507694678691198e-02 9.106993633794557494e-03 9.993071767352446066e-01
1.287532608337371709e-02 3.420096555314301734e-02 8.468445365661707303e-03 9.992961549843811797e-01
1.097665164661250012e-02 3.382260016439860711e-02 8.398586324190679062e-03 9.993322813681659866e-01
1.145694873525051651e-02 3.456716789925276534e-02 7.756884443458343312e-03 9.993065995843486427e-01
1.226202121583238290e-02 3.505359076208101887e-02 7.860038621327666147e-03 9.992792944934155708e-01
1.014694971672896497e-02 3.494493490110253675e-02 7.292181592679435921e-03 9.993111202342458421e-01
1.003711390510225385e-02 3.638197610489347228e-02 6.885477968076947689e-03 9.992638282016967910e-01
1.203810870549786201e-02 3.632389998288309413e-02 7.403684368182417500e-03 9.992401331444832335e-01
1.159811615688017584e-02 3.595097246457247542e-02 7.231099327796195082e-03 9.992600875062381816e-01
1.174461667731030272e-02 3.699089456694917843e-02 6.958041979163587763e-03 9.992223593125086900e-01
1.152027869218945517e-02 3.731391984638314507e-02 6.956869029952007961e-03 9.992129685596820021e-01
1.187760902884271372e-02 3.775097168295686589e-02 6.906983743352049405e-03 9.991927142029807252e-01
1.100883521813418933e-02 3.813651915002237019e-02 6.682279461899234309e-03 9.991895508838416484e-01
1.306090375344305492e-02 3.882748440535757628e-02 6.563812412665454357e-03 9.991390071529118178e-01
1.306090375344305492e-02 3.882748440535757628e-02 6.563812412665454357e-03 9.991390071529118178e-01
1.306090375344305492e-02 3.882748440535757628e-02 6.563812412665454357e-03 9.991390071529118178e-01
1.306090375344305492e-02 3.882748440535757628e-02 6.563812412665454357e-03 9.991390071529118178e-01
1.306090375344305492e-02 3.882748440535757628e-02 6.563812412665454357e-03 9.991390071529118178e-01
1.306090375344305492e-02 3.882748440535757628e-02 6.563812412665454357e-03 9.991390071529118178e-01
1.306090375344305492e-02 3.882748440535757628e-02 6.563812412665454357e-03 9.991390071529118178e-01
1.306090375344305492e-02 3.882748440535757628e-02 6.563812412665454357e-03 9.991390071529118178e-01
1.306090375344305492e-02 3.882748440535757628e-02 6.563812412665454357e-03 9.991390071529118178e-01
1.306090375344305492e-02 3.882748440535757628e-02 6.563812412665454357e-03 9.991390071529118178e-01
1.306090375344305492e-02 3.882748440535757628e-02 6.563812412665454357e-03 9.991390071529118178e-01
1.306090375344305492e-02 3.882748440535757628e-02 6.563812412665454357e-03 9.991390071529118178e-01
1.306090375344305492e-02 3.882748440535757628e-02 6.563812412665454357e-03 9.991390071529118178e-01
1.306090375344305492e-02 3.882748440535757628e-02 6.563812412665454357e-03 9.991390071529118178e-01
1.306090375344305492e-02 3.882748440535757628e-02 6.563812412665454357e-03 9.991390071529118178e-01
1.306090375344305492e-02 3.882748440535757628e-02 6.563812412665454357e-03 9.991390071529118178e-01
1.306090375344305492e-02 3.882748440535757628e-02 6.563812412665454357e-03 9.991390071529118178e-01
1.306090375344305492e-02 3.882748440535757628e-02 6.563812412665454357e-03 9.991390071529118178e-01
1.306090375344305492e-02 3.882748440535757628e-02 6.563812412665454357e-03 9.991390071529118178e-01
1.306090375344305492e-02 3.882748440535757628e-02 6.563812412665454357e-03 9.991390071529118178e-01
1.306090375344305492e-02 3.882748440535757628e-02 6.563812412665454357e-03 9.991390071529118178e-01
1.306090375344305492e-02 3.882748440535757628e-02 6.563812412665454357e-03 9.991390071529118178e-01
1.306090375344305492e-02 3.882748440535757628e-02 6.563812412665454357e-03 9.991390071529118178e-01
1.306090375344305492e-02 3.882748440535757628e-02 6.563812412665454357e-03 9.991390071529118178e-01
1.306090375344305492e-02 3.882748440535757628e-02 6.563812412665454357e-03 9.991390071529118178e-01
1.306090375344305492e-02 3.882748440535757628e-02 6.563812412665454357e-03 9.991390071529118178e-01
1.306090375344305492e-02 3.882748440535757628e-02 6.563812412665454357e-03 9.991390071529118178e-01
1.306090375344305492e-02 3.882748440535757628e-02 6.563812412665454357e-03 9.991390071529118178e-01
1.306090375344305492e-02 3.882748440535757628e-02 6.563812412665454357e-03 9.991390071529118178e-01
1.306090375344305492e-02 3.882748440535757628e-02 6.563812412665454357e-03 9.991390071529118178e-01
1.306090375344305492e-02 3.882748440535757628e-02 6.563812412665454357e-03 9.991390071529118178e-01
1.306090375344305492e-02 3.882748440535757628e-02 6.563812412665454357e-03 9.991390071529118178e-01
1.306090375344305492e-02 3.882748440535757628e-02 6.563812412665454357e-03 9.991390071529118178e-01
1.306090375344305492e-02 3.882748440535757628e-02 6.563812412665454357e-03 9.991390071529118178e-01
1.306090375344305492e-02 3.882748440535757628e-02 6.563812412665454357e-03 9.991390071529118178e-01
1.306090375344305492e-02 3.882748440535757628e-02 6.563812412665454357e-03 9.991390071529118178e-01
1.306090375344305492e-02 3.882748440535757628e-02 6.563812412665454357e-03 9.991390071529118178e-01
1.306090375344305492e-02 3.882748440535757628e-02 6.563812412665454357e-03 9.991390071529118178e-01
1.306090375344305492e-02 3.882748440535757628e-02 6.563812412665454357e-03 9.991390071529118178e-01
1.306090375344305492e-02 3.882748440535757628e-02 6.563812412665454357e-03 9.991390071529118178e-01
1.306090375344305492e-02 3.882748440535757628e-02 6.563812412665454357e-03 9.991390071529118178e-01
1.306090375344305492e-02 3.882748440535757628e-02 6.563812412665454357e-03 9.991390071529118178e-01
1.306090375344305492e-02 3.882748440535757628e-02 6.563812412665454357e-03 9.991390071529118178e-01
1.306090375344305492e-02 3.882748440535757628e-02 6.563812412665454357e-03 9.991390071529118178e-01
1.306090375344305492e-02 3.882748440535757628e-02 6.563812412665454357e-03 9.991390071529118178e-01
1.306090375344305492e-02 3.882748440535757628e-02 6.563812412665454357e-03 9.991390071529118178e-01
1.306090375344305492e-02 3.882748440535757628e-02 6.563812412665454357e-03 9.991390071529118178e-01
1.306090375344305492e-02 3.882748440535757628e-02 6.563812412665454357e-03 9.991390071529118178e-01
1.306090375344305492e-02 3.882748440535757628e-02 6.563812412665454357e-03 9.991390071529118178e-01
1.306090375344305492e-02 3.882748440535757628e-02 6.563812412665454357e-03 9.991390071529118178e-01
1.306090375344305492e-02 3.882748440535757628e-02 6.563812412665454357e-03 9.991390071529118178e-01
1.306090375344305492e-02 3.882748440535757628e-02 6.563812412665454357e-03 9.991390071529118178e-01
1.306090375344305492e-02 3.882748440535757628e-02 6.563812412665454357e-03 9.991390071529118178e-01
1.306090375344305492e-02 3.882748440535757628e-02 6.563812412665454357e-03 9.991390071529118178e-01
1.306090375344305492e-02 3.882748440535757628e-02 6.563812412665454357e-03 9.991390071529118178e-01
1.306090375344305492e-02 3.882748440535757628e-02 6.563812412665454357e-03 9.991390071529118178e-01
1.306090375344305492e-02 3.882748440535757628e-02 6.563812412665454357e-03 9.991390071529118178e-01
1.306090375344305492e-02 3.882748440535757628e-02 6.563812412665454357e-03 9.991390071529118178e-01
1.306090375344305492e-02 3.882748440535757628e-02 6.563812412665454357e-03 9.991390071529118178e-01
1.306090375344305492e-02 3.882748440535757628e-02 6.563812412665454357e-03 9.991390071529118178e-01
1.306090375344305492e-02 3.882748440535757628e-02 6.563812412665454357e-03 9.991390071529118178e-01
1.306090375344305492e-02 3.882748440535757628e-02 6.563812412665454357e-03 9.991390071529118178e-01
1.306090375344305492e-02 3.882748440535757628e-02 6.563812412665454357e-03 9.991390071529118178e-01
1.306090375344305492e-02 3.882748440535757628e-02 6.563812412665454357e-03 9.991390071529118178e-01
1.306090375344305492e-02 3.882748440535757628e-02 6.563812412665454357e-03 9.991390071529118178e-01
1.306090375344305492e-02 3.882748440535757628e-02 6.563812412665454357e-03 9.991390071529118178e-01
1.754388015785703862e-03 4.181052260532937964e-02 1.087263195101437728e-02 9.990648568519548967e-01
1.263990505300101829e-04 3.938868305849043544e-02 1.075910053680228032e-02 9.991660309607391932e-01
-1.280690932980448667e-03 3.689959472954600778e-02 1.061972896619238493e-02 9.992617280253528467e-01
-1.726838437932306809e-04 3.634230981596307808e-02 1.070326627654897243e-02 9.992820656794276779e-01
3.257854574222995131e-04 3.556548692848050808e-02 1.069992935464327694e-02 9.993100127163649926e-01
3.257854574222995131e-04 3.556548692848050808e-02 1.069992935464327694e-02 9.993100127163649926e-01
3.698411650375260998e-03 3.339926661050247186e-02 1.094957947375231264e-02 9.993752635774476589e-01
4.622957752233559751e-03 3.307570052233073377e-02 1.098888094007410832e-02 9.993817442760614123e-01
5.605575406036461192e-03 3.231119236507071224e-02 1.104617348858660808e-02 9.994010938675096378e-01
6.661453689207672176e-03 3.247060909306685728e-02 1.118063371594201286e-02 9.993879517032321358e-01
7.400953522634860782e-03 3.274785353192572607e-02 1.103761236413129156e-02 9.993752924148698868e-01
8.216101486517272609e-03 3.333010639047787743e-02 1.098792439081215308e-02 9.993502214949194773e-01
8.498288068875682610e-03 3.463239636909046237e-02 1.084858574444793299e-02 9.993051007620135096e-01
9.317784483352603564e-03 3.612030255895200964e-02 1.099105661715398322e-02 9.992435635568588381e-01
7.788999209947055843e-03 3.743596228090809164e-02 1.089584279794852950e-02 9.992092677858489536e-01
7.450472835639525108e-03 3.784171697661566081e-02 1.089085441706170304e-02 9.991966193902247495e-01
5.172826421581731490e-03 3.911218332638471962e-02 1.041122443701834356e-02 9.991671959126647851e-01
5.326543225415497455e-03 3.909262565101771086e-02 1.062033475834339540e-02 9.991649528714455775e-01
2.501968085489536704e-03 3.976482271155788728e-02 1.028005855722623901e-02 9.991530510519784913e-01
2.819851079484247697e-03 3.948417618172846838e-02 1.035620523871437146e-02 9.991625479791531594e-01
1.239190072791681793e-03 3.957315101494780080e-02 1.014200693696893849e-02 9.991644358272576687e-01
7.119559429322738298e-04 3.968895378491476417e-02 1.005869288219769613e-02 9.991611995887830222e-01
-2.769740462263392522e-04 3.981351279782498198e-02 9.753655867860002576e-03 9.991594836067395624e-01
-2.833291383816236079e-05 3.984011314707130297e-02 9.699747531220215269e-03 9.991589860875521589e-01
1.904831877380885763e-05 4.001315342244521345e-02 9.644355283381856464e-03 9.991526077639598657e-01
3.844478052480916229e-04 4.012620504757817563e-02 9.562123382190888810e-03 9.991487905536334813e-01
8.810204909825538125e-04 3.999208066735866762e-02 9.490366185998418136e-03 9.991545377149851914e-01
7.124366962484697877e-04 4.038312331602182670e-02 9.486450014234546271e-03 9.991389808486726976e-01
2.231730441893288799e-03 4.046830040664085859e-02 9.498704898181572695e-03 9.991331796345719329e-01
2.335001299389300854e-03 4.038919352312197314e-02 9.512211334485886488e-03 9.991360160914087851e-01
3.862397356832302907e-03 3.995568209820092587e-02 9.830460194726419951e-03 9.991456287284078419e-01
3.908706796331126547e-03 4.037613086818262614e-02 9.532694597648418144e-03 9.991314316950516972e-01
4.867497332368443674e-03 4.024503350340107727e-02 9.752675838091870789e-03 9.991303869175567343e-01
5.433292992941256283e-03 3.996880770093812901e-02 9.870873925576407679e-03 9.991373977517625793e-01
5.238267640476500404e-03 3.945588443918142396e-02 1.018749459555492315e-02 9.991556478793053309e-01
6.568801155127312018e-03 4.008729413450379947e-02 9.977332508501026223e-03 9.991247732572609008e-01
7.124749230976942099e-03 4.024106079635672573e-02 1.003843042294558230e-02 9.991141700972033801e-01
6.944201891721539163e-03 4.040251462745749617e-02 1.010006354997093972e-02 9.991083042334057973e-01
6.563321192085644698e-03 4.000571820532397571e-02 1.013769843518624696e-02 9.991264646661317528e-01
7.588044964336493857e-03 4.032124350232758891e-02 1.014737330543847606e-02 9.991064256179345016e-01
7.588044964336493857e-03 4.032124350232758891e-02 1.014737330543847606e-02 9.991064256179345016e-01
7.409706020626944875e-03 3.979539570032287338e-02 1.014632899908484744e-02 9.991288579285381166e-01
6.949234706918963785e-03 4.041322052009137938e-02 9.838335502707398414e-03 9.991104477977992282e-01
7.631429544562231583e-03 3.936118142484430760e-02 1.017144984765437112e-02 9.991441338905732161e-01
8.277282176633314267e-03 3.914977745060656961e-02 9.844512243977358856e-03 9.991505727887136645e-01
9.120989581929824994e-03 3.943346981557855485e-02 9.818738569688428841e-03 9.991323242595299137e-01
7.459231003765198417e-03 3.975417300449817642e-02 9.676737221699061378e-03 9.991347888840139690e-01
8.279854883834467105e-03 3.989034591598492746e-02 9.683339456573326898e-03 9.991228339112135926e-01
8.279854883834467105e-03 3.989034591598492746e-02 9.683339456573326898e-03 9.991228339112135926e-01
7.105208080057098113e-03 4.021348106714193321e-02 9.394782431247850757e-03 9.991216792871984165e-01
5.966862211341312366e-03 4.159849787427600393e-02 8.937623614689686746e-03 9.990766138860807111e-01
7.108307885202771667e-03 4.200989415575630964e-02 8.859408325399617881e-03 9.990526270603342640e-01
7.863324464780021422e-03 4.114670128671172461e-02 9.100272445021258955e-03 9.990807285414978756e-01
8.888025909553037840e-03 4.082917294401679220e-02 9.033727047567016374e-03 9.990857687945359222e-01
9.839966368107548253e-03 4.021294775168201413e-02 9.106629826867022534e-03 9.991011776532903177e-01
9.552528468262502792e-03 3.991636693130796998e-02 9.075334780252805947e-03 9.991161449748946488e-01
9.617279136281174992e-03 3.938314620125204363e-02 9.034086196848128275e-03 9.991370581776524151e-01
9.033196421725833355e-03 3.887358217896721285e-02 9.081281796436291992e-03 9.991620370550091668e-01
9.136736007568374215e-03 3.787189680540584136e-02 9.128239351807633170e-03 9.991991366758804505e-01
8.690086627478960796e-03 3.721431929857946241e-02 9.110114911207424504e-03 9.992279933227726785e-01
6.777413952985571893e-03 3.688244449692064386e-02 8.862187833275190704e-03 9.992573310088094241e-01
5.968152155066024263e-03 3.585799754349729140e-02 9.173061995593024404e-03 9.992969729292937586e-01
4.959792447613711915e-03 3.613358415670437501e-02 9.073451794977906160e-03 9.992934689206125487e-01
3.731254076487052623e-03 3.616912993363485124e-02 9.001287384844196618e-03 9.992981780270971948e-01
2.997870591290181016e-03 3.634255027112124475e-02 8.785775453147230685e-03 9.992962733651096219e-01
2.719695337947023069e-03 3.643306116646902182e-02 8.679356872711312121e-03 9.992947033160864967e-01
3.039023462133335143e-03 3.664755993977508036e-02 8.642596299843393823e-03 9.992862583944879251e-01
2.479755751477498871e-03 3.719868609336604570e-02 8.424749971705211560e-03 9.992692991142351211e-01
3.620648458868797742e-03 3.689656681829098228e-02 8.588664605179967965e-03 9.992756221894240065e-01
3.943870114584769986e-03 3.701954365657656593e-02 8.558007249804527178e-03 9.992701135268133861e-01
5.249346985141472091e-03 3.719188384101931866e-02 8.776071986105074205e-03 9.992558174427009776e-01
5.249346985141472091e-03 3.719188384101931866e-02 8.776071986105074205e-03 9.992558174427009776e-01
6.685881856908635484e-03 3.813824121684892404e-02 8.723181767412612614e-03 9.992120293714110701e-01
8.212797355392549570e-03 3.876405708118857429e-02 9.023535660282270762e-03 9.991738955969542424e-01
7.719269828910542593e-03 3.921151899033156751e-02 9.051752014768068427e-03 9.991601150152273902e-01
8.699550641559502043e-03 3.958590579027169987e-02 9.161160319243357233e-03 9.991363005231087557e-01
8.998074089084267743e-03 3.998968950548698054e-02 9.305795070127546517e-03 9.991162402713985591e-01
8.726543553226683014e-03 4.008901151779718092e-02 9.532970315095550332e-03 9.991125267306536495e-01
8.798444293051804060e-03 4.027400555634010754e-02 9.821376410719598674e-03 9.991016627049866816e-01
9.331730499514235416e-03 4.067479793804010257e-02 1.013658650636320782e-02 9.990774390569447938e-01
9.273618994202382712e-03 4.106084780893132918e-02 1.020090288804724639e-02 9.990615338147249558e-01
9.273618994202382712e-03 4.106084780893132918e-02 1.020090288804724639e-02 9.990615338147249558e-01
1.298547107451594740e-02 4.198232941039577865e-02 1.134762406352260444e-02 9.989695155440745378e-01
1.398139390353010485e-02 4.290072504632976708e-02 1.087112590637051394e-02 9.989223528565879251e-01
1.322955791609384604e-02 4.266704945631123042e-02 1.145911809167776858e-02 9.989360291332965991e-01
1.320560919406392301e-02 4.293914778099004043e-02 1.145802876345352467e-02 9.989246993895545268e-01
1.456203337289745450e-02 4.316462003923538654e-02 1.174932603404196460e-02 9.988927450425600929e-01
1.445998184520177164e-02 4.337047339820197800e-02 1.197904023301490581e-02 9.988825824677033394e-01
1.366266404981535815e-02 4.371258965975109712e-02 1.227149917428100451e-02 9.988753432857955250e-01
1.355222895846577152e-02 4.394299295696526414e-02 1.241513696920894423e-02 9.988649632629413855e-01
1.396703656591471825e-02 4.451294230005459901e-02 1.227387861566186719e-02 9.988357581510017846e-01
1.364131860049760080e-02 4.477535151591011814e-02 1.269606087033176879e-02 9.988232538151298190e-01
1.406794717060800767e-02 4.516647885418517000e-02 1.304022706150569609e-02 9.987952916030911066e-01
1.437369904154162104e-02 4.566069028966612819e-02 1.291824330116713576e-02 9.987700521782510998e-01
1.517546179314471257e-02 4.713666438221927185e-02 1.278840365306328948e-02 9.986912921229909035e-01
1.420788852164415507e-02 4.593549701205371094e-02 1.335093114140896778e-02 9.987541332358377266e-01
1.430029766835508483e-02 4.640436646768732881e-02 1.355364058376362126e-02 9.987284090713827167e-01
1.341519095064204296e-02 4.639083842542536529e-02 1.344686279192200407e-02 9.987427619978025417e-01
1.061811092966735356e-02 4.549717896888175184e-02 1.336174160031158679e-02 9.988186653680263261e-01
6.941957743313896013e-03 4.402749504462315916e-02 1.323492494053536347e-02 9.989185280415036061e-01
5.201428006502272806e-03 4.244282904325000216e-02 1.339540155319648464e-02 9.989955528563314591e-01
2.837157818739375215e-03 3.983590696083242483e-02 1.349101795710285802e-02 9.991111266954245673e-01
1.633352046638105511e-03 3.837628907632902736e-02 1.315206771174499446e-02 9.991754679297963904e-01
1.807585159465625391e-03 3.744500483111432021e-02 1.310890384317476946e-02 9.992110692386867443e-01
3.550981762572015012e-03 3.606450172251896708e-02 1.336982359978005838e-02 9.992537165609838290e-01
4.456374819205517583e-03 3.541234693723348953e-02 1.362721750667017853e-02 9.992699361788554002e-01
6.915480713343404202e-03 3.488419010014523480e-02 1.390818102542151768e-02 9.992706499783351459e-01
1.001223314602772176e-02 3.473001449442573302e-02 1.368638410760603802e-02 9.992528529710114071e-01
8.793137005913692628e-03 3.358441978364064967e-02 1.404500363589747218e-02 9.992985066346588008e-01
1.171131431512787043e-02 3.306952114453010072e-02 1.439425088139110846e-02 9.992807700690770067e-01
1.448599337182632577e-02 3.375564512355429259e-02 1.430493235144353684e-02 9.992227385967278330e-01
1.506026090804520046e-02 3.337885730569870729e-02 1.404013571645572160e-02 9.992306615668932190e-01
1.521649134251377988e-02 3.250256974068323201e-02 1.416684367708905858e-02 9.992553937266008823e-01
1.609154526971973836e-02 3.296480775665551477e-02 1.430977343579079714e-02 9.992245063070739342e-01
1.522190143821296367e-02 3.253847674561437253e-02 1.415330277100183658e-02 9.992543346257513059e-01
1.560959517993079464e-02 3.254838141775154986e-02 1.405485438123576028e-02 9.992494205521089690e-01
1.479915519934345280e-02 3.346326302801740094e-02 1.387297140860214301e-02 9.992340745276853120e-01
1.480966906357221273e-02 3.425349709382260327e-02 1.358696977553332935e-02 9.992110717417965748e-01
1.457065309198090144e-02 3.440917654636246187e-02 1.375907116558102404e-02 9.992068817810128012e-01
1.370722015114762826e-02 3.465483324112271502e-02 1.359891508451717412e-02 9.992128022384831887e-01
1.256898558458772845e-02 3.501520440775490739e-02 1.307503298768571132e-02 9.992221972984930423e-01
1.065562920953723111e-02 3.524912914344407316e-02 1.267111671866765626e-02 9.992414119029893182e-01
1.077381227689401186e-02 3.542421012316357420e-02 1.244675047046645520e-02 9.992367730967962602e-01
1.017859280038400926e-02 3.584823562373227329e-02 1.190011346106550558e-02 9.992345508192174153e-01
8.857726366109401270e-03 3.592286199995855384e-02 1.155226419494508917e-02 9.992485345805243169e-01
8.766880064374068041e-03 3.590004171965532898e-02 1.150002253854814048e-02 9.992507584686022293e-01
7.789066276794199412e-03 3.634117329615997594e-02 1.106698002848800766e-02 9.992478028612539198e-01
7.481880545178251282e-03 3.640103865526815585e-02 1.092454186823895758e-02 9.992495385204310798e-01
7.373726111131804865e-03 3.690160618791758079e-02 1.083179016435064333e-02 9.992329918221402041e-01
7.859854780354350035e-03 3.719653287076981479e-02 1.064897055883454700e-02 9.992203160721175870e-01
6.897484457187052706e-03 3.736420563461537170e-02 1.046027857250054170e-02 9.992231599686042243e-01
6.845503656312445541e-03 3.775522555663139712e-02 9.985158114648813935e-03 9.992136801707054428e-01
6.769312306945860641e-03 3.789871989110767114e-02 1.012548069235678222e-02 9.992073548979987230e-01
7.240193547280215740e-03 3.803920623541290347e-02 1.007502330011200882e-02 9.991992255260608857e-01
7.682019953062763258e-03 3.840458065247018271e-02 9.892630238066883394e-03 9.991837721967473662e-01
7.523818901969523201e-03 3.832864462031616154e-02 9.891636911784332589e-03 9.991879015830332778e-01
7.979282228217074446e-03 3.855261855086242889e-02 9.588231026163521881e-03 9.991787089824237800e-01
8.977583854469639926e-03 3.879892350983645682e-02 9.633668565173475473e-03 9.991602669004558956e-01
9.648668650870365418e-03 3.910073438524350187e-02 9.552716257597812163e-03 9.991430234835763091e-01
9.433856396933592778e-03 3.929752943579730567e-02 9.547263253492879742e-03 9.991374061149413954e-01
9.637196082602486266e-03 3.956950315188735579e-02 9.124266704727596392e-03 9.991286837185084924e-01
9.682874392573325578e-03 3.934231812126845473e-02 9.146727821208769718e-03 9.991370082819008847e-01
9.911367381673696908e-03 3.929467669033954308e-02 9.402484735364631183e-03 9.991342684850862410e-01
1.032833906562645801e-02 3.922567231858647280e-02 9.253664231247873267e-03 9.991341460192398882e-01
1.106837910271705853e-02 3.974151573129303811e-02 8.917537388295143988e-03 9.991088931834939402e-01
1.153735525180464745e-02 3.979007374389797319e-02 8.996683433044615902e-03 9.991009454266642775e-01
1.115182618103554429e-02 3.971504657265577387e-02 8.692953472418555455e-03 9.991109970411126140e-01
1.363380906106194390e-02 4.052637111570073225e-02 8.246432495361203166e-03 9.990514145156786929e-01
1.033892132699790189e-02 3.964751330414711950e-02 8.665967316385789210e-03 9.991226563365795954e-01
9.417569704384455911e-03 3.923499129967600307e-02 8.731122407581504152e-03 9.991474827772330869e-01
9.527401824474318257e-03 4.024142629137116012e-02 8.143784675046377569e-03 9.991113726685717511e-01
9.124083370459223907e-03 4.051575098489024196e-02 8.257034196830669720e-03 9.991031210095641102e-01
8.850327232496946889e-03 4.116848105405057634e-02 8.317790799281788577e-03 9.990783964393381567e-01
9.481899781841244754e-03 4.125029357026025606e-02 7.692830719201665564e-03 9.990742350858720089e-01
1.192366418302725356e-02 4.044709745784694221e-02 7.714342279339714455e-03 9.990807512222839026e-01
1.262186149956329682e-02 4.005212203939173543e-02 7.232819612089364143e-03 9.990916887117451406e-01
1.352433376765063699e-02 3.965510297521710609e-02 7.661909465915148210e-03 9.990925184123351510e-01
1.345969410526549372e-02 3.778264698385282172e-02 8.193315035334637619e-03 9.991617375631525189e-01
1.572113416056725513e-02 3.654444243130446773e-02 8.191297903950796322e-03 9.991747856640195158e-01
1.671289429377589147e-02 3.672731953312689812e-02 7.645085131217435603e-03 9.991563120140777299e-01
1.680613643999171944e-02 3.537605150518385172e-02 7.644978938137412562e-03 9.992035043247688986e-01
1.436286353904851071e-02 3.490584455639195172e-02 7.755479887256129697e-03 9.992572955442867721e-01
9.640285251624920726e-03 3.379240229593086925e-02 7.885635437390983021e-03 9.993512671734028352e-01
8.700426721735534871e-03 3.415275181235873786e-02 7.944891111802781375e-03 9.993471723198724677e-01
5.370150608273864187e-03 3.387927726862779987e-02 8.276306821182393553e-03 9.993772354819783210e-01
5.090025281511904691e-03 3.450679252430516319e-02 7.800396053538237451e-03 9.993610592442183638e-01
3.183527876242262140e-03 3.443428176840619692e-02 8.032082839870150273e-03 9.993696168258311419e-01
2.690262489503970900e-03 3.546368562069999314e-02 7.584927162507180444e-03 9.993385604337867711e-01
2.690262489503970900e-03 3.546368562069999314e-02 7.584927162507180444e-03 9.993385604337867711e-01
3.594341203452356553e-03 3.534323627126238071e-02 7.867215770526550869e-03 9.993378023857633075e-01
3.521774426394000054e-03 3.563124242698660626e-02 8.007300301499513037e-03 9.993267207524677564e-01
5.660037913288407281e-03 3.627685664110624764e-02 8.415918384914075970e-03 9.992903111512686509e-01
7.152658952837132218e-03 3.748064175437659795e-02 8.319582671110293051e-03 9.992371217622787460e-01
7.778262009702761361e-03 3.804880506742130269e-02 8.691475314867844193e-03 9.992078088815663506e-01
8.549628787814974804e-03 3.842827577471610162e-02 8.648049022719359047e-03 9.991873611674007005e-01
9.817829168880725516e-03 3.979106279757432807e-02 9.229151770704355912e-03 9.991171624536551166e-01
9.817829168880725516e-03 3.979106279757432807e-02 9.229151770704355912e-03 9.991171624536551166e-01
1.031076394766330256e-02 4.102867040220806172e-02 9.320625343195075574e-03 9.990612905598206250e-01
1.150452761578262678e-02 4.105492566456762221e-02 9.800049263632005028e-03 9.990425906624026409e-01
1.169623001788470951e-02 4.111774474388090600e-02 1.001327085125138482e-02 9.990356668695093978e-01
1.262098673243261006e-02 4.202831908441965331e-02 1.028301526870688612e-02 9.989837789903405207e-01
1.293382900107063228e-02 4.225474882060697990e-02 1.061270340114839859e-02 9.989667776237595165e-01
1.379024248858975489e-02 4.303043821551325726e-02 1.050763132077946367e-02 9.989233205222077805e-01
1.172640268511422439e-02 4.321577235292051872e-02 1.016756642769098967e-02 9.989451982430996857e-01
1.185813989461786434e-02 4.342234623085713952e-02 1.039056874624642510e-02 9.989323903283829909e-01
1.444267490360911545e-02 4.416850195794851108e-02 1.136497663584297955e-02 9.988550394739399430e-01
1.377326843758273044e-02 4.543010128209161447e-02 1.128460278129806392e-02 9.988088209032365272e-01
1.511624385542889408e-02 4.490309203938374488e-02 1.172394585791913801e-02 9.988081700659674489e-01
1.474508306616469609e-02 4.533457878174375344e-02 1.195038152142394346e-02 9.987915432529183013e-01
1.494512368033282766e-02 4.609792309749811967e-02 1.198700397818591029e-02 9.987531909835901667e-01
1.476013644983898039e-02 4.664877770457508122e-02 1.226245388563110446e-02 9.987270208296930019e-01
1.468567455222547814e-02 4.637175028823244116e-02 1.242421359975281851e-02 9.987390202923783766e-01
1.456167228152738073e-02 4.688666649082581100e-02 1.244392862904760214e-02 9.987165498008023778e-01
1.456167228152738073e-02 4.688666649082581100e-02 1.244392862904760214e-02 9.987165498008023778e-01
1.452022115700188180e-02 4.696600595624464414e-02 1.238697185249149242e-02 9.987141334688297567e-01
1.509885503536425796e-02 4.770696108134817037e-02 1.281544790322129874e-02 9.986650262906194842e-01
1.537271459628512110e-02 4.829866698763204264e-02 1.305543236910780384e-02 9.986292976369233187e-01
1.471822745597842381e-02 4.778287347739329505e-02 1.305398140448166613e-02 9.986639897144028444e-01
1.410071361276802812e-02 4.759653409126743395e-02 1.274239610272464435e-02 9.986858220479906123e-01
1.410071361276802812e-02 4.759653409126743395e-02 1.274239610272464435e-02 9.986858220479906123e-01
1.410071361276802812e-02 4.759653409126743395e-02 1.274239610272464435e-02 9.986858220479906123e-01
4.136936240042231663e-03 4.053131757394379947e-02 1.255920000297169881e-02 9.990907689242011225e-01
2.196217965318598801e-03 3.655500500746795833e-02 1.270672489494580060e-02 9.992484412687352435e-01
2.402325851649775301e-03 3.520939712483181494e-02 1.261395740457013984e-02 9.992974608509741508e-01
4.914454178010827824e-03 3.336126183275339718e-02 1.292681687613512174e-02 9.993476731120704004e-01
6.114038024755273810e-03 3.332804602243757269e-02 1.278208404124256056e-02 9.993440239551747428e-01
7.014310288936467797e-03 3.254472902863459610e-02 1.297433067376997824e-02 9.993614495302443057e-01
9.240068939847299531e-03 3.277454230259634060e-02 1.290921595546329695e-02 9.993366813272979154e-01
1.008604037052688793e-02 3.236603899695197906e-02 1.299710986438245945e-02 9.993406758680770663e-01
1.358538379354961093e-02 3.110800239223373426e-02 1.302540539582821254e-02 9.993388155918997429e-01
1.486973489365686976e-02 3.033178214067601408e-02 1.302561651345277190e-02 9.993443887323365526e-01
1.723495576242457805e-02 3.083550328396467491e-02 1.266487829295606486e-02 9.992956163693086369e-01
1.838892812939714461e-02 3.074922770906755171e-02 1.234202085077235750e-02 9.992817454746518724e-01
2.092619446113658244e-02 3.149975848842453269e-02 1.232927596852527799e-02 9.992086111291463846e-01
2.055222153553481340e-02 3.190933934589122029e-02 1.270415580508627018e-02 9.991986812830285780e-01
1.945826719887160799e-02 3.194011574327951936e-02 1.249862565113125414e-02 9.992221921078194846e-01
2.045982144544563827e-02 3.282008580317138241e-02 1.220041198800506620e-02 9.991773554387709533e-01
1.631991350945037611e-02 3.258736219799732159e-02 1.251108260143624432e-02 9.992573227453280804e-01
1.599526252463793694e-02 3.285944205169721855e-02 1.208040768416475744e-02 9.992589616285677545e-01
1.391649505896397181e-02 3.341127754234339553e-02 1.217618772813722564e-02 9.992706130726909386e-01
1.282022780142173454e-02 3.398890751885839945e-02 1.206331847858607524e-02 9.992671676143864978e-01
1.002935317173282367e-02 3.361366038131156919e-02 1.199233141727222909e-02 9.993126227051797317e-01
1.012065438029506256e-02 3.401050990812681807e-02 1.183604008833113314e-02 9.993001379594277367e-01
9.519713759003697526e-03 3.413778608114894503e-02 1.148016280879946872e-02 9.993058553182343484e-01
9.633485690260916792e-03 3.417087311590567833e-02 1.177730807895700609e-02 9.993001763225930478e-01
8.351068066581587152e-03 3.453476232201659057e-02 1.116469173184670566e-02 9.993062391039305714e-01
7.597209744265223837e-03 3.434890629533967482e-02 1.111463591051412708e-02 9.993192182225819620e-01
7.362756162987129684e-03 3.442827671365491365e-02 1.098762368780748476e-02 9.993196464144530333e-01
7.491591987884974047e-03 3.531775030817468214e-02 1.058809805527232209e-02 9.992919617120056275e-01
8.658042622942231994e-03 3.511525292214362493e-02 1.097239665171233919e-02 9.992855266748692511e-01
9.291425279616426225e-03 3.533759202047567077e-02 1.069781405123781948e-02 9.992749775617284502e-01
9.026228375610617985e-03 3.541322623297791378e-02 1.068556418383625681e-02 9.992748617508380171e-01
9.031588391260449503e-03 3.614587078974858259e-02 1.034407371446641188e-02 9.992521736653723341e-01
1.007876122897133353e-02 3.594202282675474508e-02 1.054132632674200862e-02 9.992474518388744231e-01
9.532520431027808119e-03 3.600621853016558460e-02 1.083921352352453828e-02 9.992473140977570223e-01
9.692598518086766382e-03 3.650374382488341674e-02 1.054365590144751459e-02 9.992308850015427790e-01
1.000810850900622079e-02 3.667665174095637720e-02 1.070679610845244947e-02 9.992197083215665909e-01
9.801148492557261449e-03 3.704405518478084969e-02 1.086217471196401947e-02 9.992065295144045844e-01
9.946060488508648087e-03 3.719540972760188025e-02 1.070033586049244298e-02 9.992012210703244968e-01
1.013756136466896669e-02 3.754128099205527452e-02 1.067047561937736061e-02 9.991866807664668837e-01
1.072119825144442727e-02 3.781637980825112294e-02 1.085708201741084240e-02 9.991682046063709022e-01
1.072423214378349574e-02 3.842145541587412699e-02 1.045041663044967220e-02 9.991494239606518724e-01
1.160291998363858351e-02 3.850030793853878586e-02 1.043807509349704843e-02 9.991366999189017495e-01
1.073869680602911568e-02 3.869077446908363027e-02 1.015347184570045136e-02 9.991419375501007227e-01
9.920497994719775642e-03 3.824308731674495171e-02 1.007149196411966444e-02 9.991684617929237344e-01
1.121782456274151955e-02 3.826667581809357205e-02 1.032347442879687736e-02 9.991512637281857456e-01
1.125821076379170116e-02 3.858562162136695839e-02 1.019900868488137803e-02 9.991398214045602577e-01
1.125821076379170116e-02 3.858562162136695839e-02 1.019900868488137803e-02 9.991398214045602577e-01
8.900516557381178348e-03 3.938522564149104371e-02 8.875179108160163519e-03 9.991450425248471490e-01
1.129670972216974094e-02 3.921499178116342327e-02 9.588946102082536102e-03 9.991209240535940950e-01
8.640792338229300040e-03 3.906464578966867274e-02 9.059956323968498815e-03 9.991582494022172023e-01
9.957106801090536211e-03 3.977103997715931288e-02 8.793269178289349688e-03 9.991205126612330290e-01
9.792626428347135994e-03 3.985866044568228683e-02 9.169731253001457000e-03 9.991152624616733702e-01
1.009614473386495105e-02 4.062711763655516700e-02 8.646534219969559051e-03 9.990859535695821858e-01
1.120884999094381475e-02 3.935203023286167751e-02 8.918857056368370562e-03 9.991227318939553959e-01
1.217807065836023703e-02 3.890393275468365802e-02 8.706207011557328540e-03 9.991308125419469111e-01
1.400845132935561038e-02 3.767783220591947729e-02 8.880571506164225415e-03 9.991522805365253834e-01
1.434659743930518337e-02 3.655015212206290387e-02 8.592113243215113161e-03 9.991918920366520407e-01
1.434659743930518337e-02 3.655015212206290387e-02 8.592113243215113161e-03 9.991918920366520407e-01
1.802283849713200506e-02 3.690715110766661783e-02 8.751570289963858662e-03 9.991178356465677535e-01
1.320640411526151532e-02 3.537784305148310160e-02 8.616603522666391526e-03 9.992495950737745325e-01
1.348129840110613535e-02 3.472349394357297087e-02 8.663132144603895302e-03 9.992684742866734249e-01
1.057570775769647690e-02 3.317997204304472952e-02 8.813281130495965662e-03 9.993545766825513432e-01
9.392603071421827890e-03 3.394023978520693124e-02 8.428911296111805951e-03 9.993441812434932237e-01
8.775411526568580728e-03 3.333104116257103178e-02 8.567188548225098885e-03 9.993691195589032850e-01
5.280634213109835530e-03 3.405751023341988676e-02 8.402613636150371712e-03 9.993706004196288850e-01
3.484249923132440741e-03 3.339022873674163394e-02 8.265709916379534311e-03 9.994021366131651263e-01
2.465310153612929305e-03 3.369446478730305644e-02 7.923955361602104050e-03 9.993977267434477341e-01
1.621189273327188884e-03 3.406494091234414656e-02 7.534745892183739892e-03 9.993899034662692138e-01
4.908263553214295936e-03 3.474089938297891811e-02 8.335541575206828480e-03 9.993495372519076714e-01
6.581446625499964669e-03 3.496171903398195835e-02 8.249319632720334208e-03 9.993329332550298094e-01
6.691556422930075056e-03 3.568620129429028731e-02 8.166213634264882226e-03 9.993072755988028355e-01
7.946624803342156040e-03 3.527878895647553609e-02 8.335556358723864023e-03 9.993111510956884658e-01
8.756743974980954470e-03 3.551447649911326776e-02 8.417344879986797188e-03 9.992953465813407821e-01
1.015423364266239067e-02 3.625390231858225537e-02 8.379604343829760368e-03 9.992558873165801048e-01
1.015423364266239067e-02 3.625390231858225537e-02 8.379604343829760368e-03 9.992558873165801048e-01
1.115848174325916563e-02 3.684181029545295638e-02 8.612356548647594201e-03 9.992216954280057628e-01
1.115430560740642008e-02 3.720867907980983380e-02 8.919415301298758494e-03 9.992054541976016502e-01
1.123498031910699635e-02 3.734390587570470682e-02 9.224143687433690453e-03 9.991967389280298484e-01
1.336588815606174277e-02 3.811411712735017498e-02 9.170589313725675470e-03 9.991419155460555812e-01
1.021108477080701418e-02 3.745101239688341382e-02 8.904830051332864038e-03 9.992066149801095420e-01
1.045958482466226303e-02 3.785144379110711582e-02 9.251835724294384805e-03 9.991858029535622965e-01
1.027682259704977043e-02 3.843256244243656305e-02 9.127251444762320143e-03 9.991666619450836340e-01
1.357306777342721406e-02 3.881607116591421353e-02 9.772035256181491047e-03 9.991063966252106132e-01
1.270420212600754765e-02 3.872650293124700605e-02 1.006534460469440256e-02 9.991183864072598064e-01
1.272129762185337902e-02 3.917216132420500013e-02 1.050295776462871825e-02 9.990962907759197709e-01
1.014001660301683608e-02 3.865756279617076768e-02 9.901572934203302367e-03 9.991520063310583843e-01
1.089736645953427556e-02 3.954380233159213859e-02 1.031236416703459717e-02 9.991051947851602444e-01
9.703229015731291984e-03 4.005335963565848784e-02 1.016045836198339707e-02 9.990987642943210956e-01
1.225365024988426740e-02 4.070974481896703218e-02 1.081107333609685264e-02 9.990373793936089264e-01
1.219469896851177806e-02 4.062438052608773748e-02 1.137192426551230165e-02 9.990353489053520608e-01
9.064194349495508299e-03 4.089113637562418607e-02 1.082284916908373210e-02 9.990638724739114851e-01
1.118512669349091583e-02 4.089017385051001152e-02 1.143767547321669110e-02 9.990355680370419655e-01
9.699438402767273856e-03 4.126157149146849473e-02 1.136224333429425998e-02 9.990366875341154529e-01
8.019703091860589869e-03 4.140572462025447764e-02 1.139227053146943391e-02 9.990452775040418176e-01
8.679311386106910650e-03 4.160155677726916357e-02 1.187551789380433126e-02 9.990260017148325788e-01
9.394673429743614912e-03 4.220676069405183278e-02 1.197526588096112753e-02 9.989929541643143285e-01
1.015111319675262441e-02 4.241970932909267661e-02 1.242744743725210550e-02 9.989710114470271574e-01
1.046079662541186776e-02 4.296147486942342858e-02 1.258588398213030153e-02 9.989426805054402170e-01
1.028368005584489632e-02 4.309052446267779696e-02 1.240553702953117211e-02 9.989412171279395958e-01
7.858081907550095238e-03 4.235949231167335238e-02 1.213128128172137610e-02 9.989978758607523934e-01
5.181903698487786564e-03 4.086581577625377631e-02 1.209827460569345634e-02 9.990779572818960785e-01
8.368533964761162933e-04 3.849231374626017887e-02 1.214587273910329446e-02 9.991847272823268788e-01
8.368533964761162933e-04 3.849231374626017887e-02 1.214587273910329446e-02 9.991847272823268788e-01
1.287671628847898231e-03 3.654287862807620996e-02 1.216375505455996424e-02 9.992572256362836081e-01
-8.707355394381137296e-04 3.545217559576403082e-02 1.199404850113944265e-02 9.992990182451395587e-01
-1.244879344648006699e-03 3.446426723244548629e-02 1.216414550017489056e-02 9.993311253652606974e-01
1.436157578748806229e-03 3.255900289287014249e-02 1.230486415181564555e-02 9.993930353470733552e-01
2.048036123475800805e-03 3.173979676242883602e-02 1.230096098716292399e-02 9.994183694571102672e-01
6.698775806549860448e-03 3.205132339230781779e-02 1.220581706983543853e-02 9.993892420379324459e-01
7.613464720109559131e-03 3.069473342626347079e-02 1.264874215721961161e-02 9.994197705752505545e-01
5.596024395104118483e-03 2.995786548406466701e-02 1.235338807529804198e-02 9.994591560487448012e-01
6.084876246035236802e-03 2.978509709389718860e-02 1.243609535434912414e-02 9.994604373383245699e-01
1.295774843778208993e-02 3.078239716900014675e-02 1.260648728210561620e-02 9.993626054933010261e-01
1.166473067728077129e-02 3.032063180705939220e-02 1.257771125473206367e-02 9.993930130457385763e-01
1.258146083410031750e-02 3.107700480577030994e-02 1.247569979021427924e-02 9.993599369247931907e-01
1.361249381150703500e-02 3.166014403514173792e-02 1.243769871634905523e-02 9.993285940783177557e-01
1.598686512015868796e-02 3.321026502468434755e-02 1.226495787354373902e-02 9.992452498005583994e-01
1.473228323731180268e-02 3.339780482949174234e-02 1.221028136472196782e-02 9.992589531708890860e-01
1.203797294582572251e-02 3.270625838298189120e-02 1.246728222199064602e-02 9.993147425831055974e-01
8.921610914447625218e-03 3.325338207548362429e-02 1.164299909756592866e-02 9.993393107504814354e-01
9.806538124589312885e-03 3.397111827422229918e-02 1.158449790517868290e-02 9.993075574323926347e-01
8.675841749586452045e-03 3.347896067434030093e-02 1.155882964129589796e-02 9.993349200440388991e-01
4.685500378208389514e-03 3.320337124982487148e-02 1.111455411133617857e-02 9.993758296610731895e-01
3.356245047666365534e-03 3.338769929899408628e-02 1.088819465074086258e-02 9.993775284505588274e-01
4.206024555951100308e-03 3.371832675208325664e-02 1.106577202608545647e-02 9.993612622510146259e-01
6.134679976523277692e-03 3.350498094908185842e-02 1.105791799597073341e-02 9.993585464700753818e-01
2.228677826351643451e-03 3.367210226550129692e-02 1.039794701628002707e-02 9.993763581464265577e-01
1.457625607901736481e-03 3.367770522542999634e-02 1.045783064522955511e-02 9.993769665529279589e-01
5.635621440996046484e-03 3.498024140204614163e-02 1.081928595894227421e-02 9.993135471581314766e-01
5.109428867533107044e-03 3.497467997790727756e-02 1.050692616679327340e-02 9.993199037343428737e-01
4.968629424277613491e-03 3.566879698875630167e-02 1.040210995762223291e-02 9.992971758948629990e-01
3.667041781813526469e-03 3.560563945343508258e-02 9.871209078845503623e-03 9.993104374892739505e-01
5.222127433949536046e-03 3.567208200427725989e-02 1.026174375198886900e-02 9.992972173311163164e-01
6.852298966540556514e-03 3.567366616243455857e-02 1.046289229080394484e-02 9.992852262624096760e-01
6.184281340108326724e-03 3.626551419085007749e-02 9.907828956498151984e-03 9.992739374516621531e-01
6.565196249466278069e-03 3.632065550951325827e-02 9.795064119705253550e-03 9.992706164500465560e-01
7.499471554455547188e-03 3.640160515770065469e-02 9.594883227626270494e-03 9.992630380856659666e-01
8.061191349205425530e-03 3.696840397884373214e-02 9.654889678677176790e-03 9.992372778307367920e-01
1.028501319512910295e-02 3.715825580143639756e-02 9.794890628556174664e-03 9.992084580541468197e-01
7.363630263907743230e-03 3.699693340821404164e-02 9.252109470157915752e-03 9.992454164708872710e-01
7.671985153750921806e-03 3.788735043871712532e-02 1.000517077640672436e-02 9.992024749160050012e-01
8.688020891711606755e-03 3.756127502328297091e-02 9.583000287130296474e-03 9.992106059370603477e-01
9.173931450234366902e-03 3.757014442552393529e-02 9.223516050172519964e-03 9.992093123971893531e-01
8.038309750126896788e-03 3.684588295126080965e-02 9.602324965922264671e-03 9.992424940129157607e-01
8.038309750126896788e-03 3.684588295126080965e-02 9.602324965922264671e-03 9.992424940129157607e-01
9.678765539834710552e-03 3.782666261097877847e-02 9.273001324117907326e-03 9.991944137853169261e-01
9.247893125284645591e-03 3.799967124068130003e-02 9.255609474097523104e-03 9.991920912175028535e-01
9.473060899403105972e-03 3.795704114553171554e-02 9.240950307549056914e-03 9.991917378471891764e-01
1.023931594314210491e-02 3.877339604014575641e-02 8.840878960564430011e-03 9.991564537287117576e-01
7.698191205095366967e-03 3.897830989709657329e-02 8.432741811811885618e-03 9.991748185754437683e-01
7.570355538200321949e-03 3.903808209173006277e-02 8.203383998687863166e-03 9.991753711709444596e-01
8.693131905779661120e-03 3.974998427076752855e-02 8.352893192578982398e-03 9.991369262435734200e-01
6.997959347758384366e-03 4.004788202292339921e-02 8.121014519359452330e-03 9.991402528342162581e-01
9.483512825741566635e-03 4.076008711917368521e-02 8.174778317331612976e-03 9.990905120568326359e-01
1.014514309984493844e-02 4.004013888724863857e-02 7.821444694151254151e-03 9.991159534069455894e-01
9.190745733363810815e-03 3.969182803012324956e-02 8.743661514160363385e-03 9.991314414849618020e-01
1.112309191484816759e-02 3.841334344481102392e-02 8.922646849096408858e-03 9.991601864790505827e-01
1.315734139677790862e-02 3.881111953050995350e-02 8.682156472505539804e-03 9.991222155107672975e-01
1.296194162139040380e-02 3.626001890453425802e-02 9.279335044012399294e-03 9.992152385945619608e-01
1.509685725957993566e-02 3.638097311114058680e-02 8.579744654602164400e-03 9.991871184508095416e-01
1.435314454301518834e-02 3.472441939084444651e-02 8.790457916772785943e-03 9.992551875218409485e-01
1.435314454301518834e-02 3.472441939084444651e-02 8.790457916772785943e-03 9.992551875218409485e-01
1.190398437235770483e-02 3.312322902571104843e-02 8.693620638699724179e-03 9.993425677990322997e-01
9.960097096025445629e-03 3.292825273776771311e-02 8.935626605256555277e-03 9.993681409844157315e-01
3.164285932809568925e-03 3.255570023109915362e-02 8.790110427500320150e-03 9.994262592285989566e-01
2.544220921908133849e-03 3.314042719955617028e-02 8.772496574030078098e-03 9.994089665040984949e-01
1.338173634420985591e-03 3.458633151258122540e-02 8.630554593955166651e-03 9.993635517124019874e-01
6.197833169661073850e-04 3.478203804044345537e-02 8.569024234203418550e-03 9.993579926743303421e-01
-9.351195783552321847e-04 3.592444821012207717e-02 8.143181924762682433e-03 9.993208934873285543e-01
1.828742576689811310e-03 3.643540046456628101e-02 8.220800999494690467e-03 9.993005232283738160e-01
3.192258176871420189e-03 3.747441200866847427e-02 8.075101043686866084e-03 9.992598614351879682e-01
4.289866485577508576e-03 3.786998628749832507e-02 8.293294317620531972e-03 9.992390517055875776e-01
5.411950743023944896e-03 3.877257180583272567e-02 8.547565088951479886e-03 9.991968462699263309e-01
5.085215386575351292e-03 3.930631530249302508e-02 8.570830528470217008e-03 9.991775092674300973e-01
4.593535840680200086e-03 3.938516272331748364e-02 8.867010153135257769e-03 9.991742012865836298e-01
5.115246004309591255e-03 3.991875576458975283e-02 9.282131095104454582e-03 9.991467205765406367e-01
7.220341880667575235e-03 4.124773481897674177e-02 9.547081105606380208e-03 9.990772464017948495e-01
6.484436783700421938e-03 4.112854093757220553e-02 9.866610721416580604e-03 9.990841031629003055e-01
8.298359659149047787e-03 4.198217202633463402e-02 1.040385280837406029e-02 9.990297264374370378e-01
8.728744788298924487e-03 4.252778973641316990e-02 1.027422512627298307e-02 9.990043225194829013e-01
9.490433814874726232e-03 4.286151115767701525e-02 1.103122804581886662e-02 9.989750419980907292e-01
8.921363477032033529e-03 4.325126464201171916e-02 1.105126331984447423e-02 9.989632660711869061e-01
9.875379725369230061e-03 4.355557190497433978e-02 1.107718655026192212e-02 9.989407815128187318e-01
1.117317007844922244e-02 4.408310140861318449e-02 1.162372607923950647e-02 9.988977572467718780e-01
1.026542273263122279e-02 4.440490733355238057e-02 1.163404549428231384e-02 9.988931245565043637e-01
1.108073064561029657e-02 4.511508231072209468e-02 1.150703402839556994e-02 9.988540608739224780e-01
1.003205406837779506e-02 4.464280960777645274e-02 1.207664055077497731e-02 9.988796384922962179e-01
1.030885223660142798e-02 4.504770164467922222e-02 1.214403034755230995e-02 9.988578250527017088e-01
1.043947918580884031e-02 4.537209399345500105e-02 1.221721510167041343e-02 9.988408932438327392e-01
1.005174897024253659e-02 4.619675397685565899e-02 1.299910254332424693e-02 9.987971994342541571e-01
1.105559628502675480e-02 4.716734484259279409e-02 1.237597583881096773e-02 9.987491429750113836e-01
9.538384306375127103e-03 4.670627601819544311e-02 1.317886365859600832e-02 9.987761814130352578e-01
1.000124788879092237e-02 4.709353235464985854e-02 1.321519151533907289e-02 9.987529889638586678e-01
1.003504187468384247e-02 4.762815821226346058e-02 1.325258220953422390e-02 9.987268022560826797e-01
1.052025312993449396e-02 4.782559062642792458e-02 1.334294343638680116e-02 9.987111709677473081e-01
1.042800175430573691e-02 4.789831725324788375e-02 1.344931262202709796e-02 9.987072263550086371e-01
1.206069621614218670e-02 4.857885103720136627e-02 1.303831779970297811e-02 9.986614226591720156e-01
1.035152408677435243e-02 4.787061728589488835e-02 1.352490679391898931e-02 9.987083292162752812e-01
7.546740832619273573e-03 4.694254753645579759e-02 1.341873499430904122e-02 9.987789452550275282e-01
4.620595428157568338e-03 4.474114075752625569e-02 1.318939609536237158e-02 9.989008560674298431e-01
4.745561475576860690e-04 4.186982092540613570e-02 1.282060824134118038e-02 9.990407023222124261e-01
-1.418798010132931310e-04 4.077166235015626528e-02 1.322310367758264792e-02 9.990809781736708084e-01
-1.753876189558629776e-03 3.931840610812520342e-02 1.318069183097938558e-02 9.991382568104801853e-01
-3.187442288354035494e-03 3.711670632922460522e-02 1.289079359817238771e-02 9.992227067893012515e-01
-3.918157099380736516e-03 3.502100996268434768e-02 1.207254637453746178e-02 9.993059744293401048e-01
-2.908014959780119094e-03 3.433646979185848297e-02 1.271403683381126283e-02 9.993252241180621276e-01
-7.737030579309617196e-04 3.312181017885566792e-02 1.283666523376962749e-02 9.993685842069132130e-01
1.436800209038656840e-03 3.222356808460402622e-02 1.282526619175715366e-02 9.993973633205996965e-01
5.463168147627010460e-03 3.127852259320820782e-02 1.314967465685376070e-02 9.994092724577833264e-01
6.028520363793213321e-03 3.037888666083134875e-02 1.390474305409920321e-02 9.994235530084686348e-01
7.918717654651684021e-03 3.001031991490546447e-02 1.386984036871616484e-02 9.994219840174906055e-01
1.014495571939941221e-02 3.069024438053911605e-02 1.357905364435871114e-02 9.993852100543803019e-01
9.660462556811258428e-03 3.023440578872941403e-02 1.371534036863414005e-02 9.994020440285098505e-01
1.054808444702937283e-02 3.057813028020364698e-02 1.358840234051574523e-02 9.993843460775726495e-01
1.408711634970940055e-02 3.207772373445347269e-02 1.332641309323847820e-02 9.992972428196899015e-01
1.166557684521367377e-02 3.144277002294074835e-02 1.350716283732391818e-02 9.993461978124692502e-01
1.272842672674242941e-02 3.206578799073609570e-02 1.362339663877657620e-02 9.993118509542543437e-01
1.218282866825382005e-02 3.268325845620796005e-02 1.330098881092174265e-02 9.993029905884283082e-01
1.184354789626533393e-02 3.299157029027431631e-02 1.332343746939077499e-02 9.992966389801428706e-01
1.266510447252884065e-02 3.427762945333839156e-02 1.248732237729101129e-02 9.992540748116093274e-01
7.584000720211321600e-03 3.290077638664229420e-02 1.277951087903301391e-02 9.993481405135673512e-01
7.530464476918997951e-03 3.323462568079876139e-02 1.217722895816549314e-02 9.993450189276571471e-01
6.773056651642983886e-03 3.336728660153933518e-02 1.233157349050075825e-02 9.993441260064986897e-01
5.786497153592909046e-03 3.359130902911378752e-02 1.172494817806808004e-02 9.993501218284929211e-01
4.026116276743447325e-03 3.338773798312159174e-02 1.141838757315506367e-02 9.993691358878989961e-01
2.814876150024566998e-03 3.330978665331652683e-02 1.135528032527978459e-02 9.993766017843848104e-01
2.740235078557805813e-03 3.374877308351627997e-02 1.070272072636665496e-02 9.993692826959036379e-01
1.981091407271409668e-03 3.380117427863321700e-02 1.093815490565973672e-02 9.993667558316523536e-01
2.637972213112634891e-03 3.436012652127531236e-02 1.038201428814384923e-02 9.993521084119278974e-01
3.423362677777284490e-03 3.464846600312265074e-02 1.034066844970318172e-02 9.993401998156684618e-01
2.006759632450872376e-03 3.421340858685853470e-02 1.051406738397296821e-02 9.993572284101874814e-01
2.803103373548282949e-03 3.477513541475472231e-02 1.023487292437389590e-02 9.993388213937176578e-01
4.392262680357643563e-03 3.507675791472845278e-02 9.894505760291069305e-03 9.993259867723334189e-01
6.233695579339107104e-03 3.557411571045458742e-02 1.029986547940599587e-02 9.992945191993947152e-01
4.648375202653532573e-03 3.549174174276190780e-02 1.007421360288418208e-02 9.993083803793121334e-01
4.212669575041313660e-03 3.562507083879497966e-02 1.014477672707273480e-02 9.993048540099964683e-01
5.615924004463096995e-03 3.654752145918903350e-02 1.017102302997155081e-02 9.992643746092872981e-01
6.463849404692983795e-03 3.684734410419294309e-02 1.037013146746062348e-02 9.992461920151051169e-01
6.841514553841332100e-03 3.724883903577811545e-02 9.411954386305420098e-03 9.992382762803506679e-01
6.179186950639165184e-03 3.738304121136195451e-02 1.006366818504312970e-02 9.992312287259040859e-01
8.276523558651362189e-03 3.828575184409603593e-02 9.402824460478142327e-03 9.991883142109303506e-01
8.108849174901787069e-03 3.854288430878199251e-02 9.917371744010999857e-03 9.991748287321442490e-01
7.708158530418040763e-03 3.820331548690578116e-02 9.229009941437358450e-03 9.991976362829221303e-01
7.282283667096059454e-03 3.878954236110710579e-02 1.004147928070841210e-02 9.991704101112397485e-01
6.875772191516280746e-03 3.842447653352840109e-02 8.694314647665639731e-03 9.992000261472685496e-01
8.457163065001365582e-03 3.914977931364466840e-02 9.698900105357757123e-03 9.991504904214035809e-01
9.501640761654025005e-03 3.894767175671922516e-02 9.100845943708225916e-03 9.991546288191214265e-01
1.900640219597922453e-02 4.210716270489337637e-02 8.497906273269817748e-03 9.988961553202010402e-01
1.381322474040841061e-02 4.203987332536990307e-02 7.189305880647969479e-03 9.989945734357180696e-01
1.237545334142170841e-02 4.153340274966080270e-02 6.706177261206379241e-03 9.990379631411261396e-01
1.157854226481623387e-02 4.222498057761469442e-02 6.875786216754426090e-03 9.990173731913492006e-01
1.064862745349611818e-02 4.241693379434464256e-02 6.160011533918367810e-03 9.990242563215093741e-01
1.300570747856617977e-02 4.286511346555526430e-02 6.568406187628896518e-03 9.989746191273938258e-01
1.120660129614511544e-02 4.334515331924854165e-02 5.720668153101135002e-03 9.989809226041317380e-01
1.072105021260897836e-02 4.257814604531181407e-02 5.994876846145618526e-03 9.990176284797392947e-01
1.323522873591867141e-02 4.247445650492567837e-02 5.860757890929678415e-03 9.989926930572931019e-01
1.841242310570299912e-02 4.208261613866878109e-02 7.011044098643573474e-03 9.989198573233735168e-01
2.935635056419199501e-02 4.131252048537183141e-02 7.334997755701714098e-03 9.986879783699320612e-01
1.691356406426391609e-02 4.034026631820334524e-02 5.576773740307660807e-03 9.990272738312352407e-01
1.894736628539949244e-02 3.934581405178814995e-02 5.933163866606703044e-03 9.990283788731835202e-01
2.291793494972215947e-02 3.753845248219967595e-02 5.896408739327525968e-03 9.990149474391565310e-01
2.368909531410068672e-02 3.659587562978795783e-02 6.134643477229294664e-03 9.990304974321333464e-01
2.420491262290144774e-02 3.552245236963303548e-02 5.638178294244176533e-03 9.990598022781655985e-01
2.993637352773554500e-02 3.470661411098630716e-02 6.587356040829755316e-03 9.989273603307451399e-01
5.971010858970352865e-03 2.950946031580276366e-02 6.845836240784350900e-03 9.995232229955223202e-01
2.263541171016295300e-03 2.852072480022433895e-02 7.092008014867192886e-03 9.995654796262994912e-01
2.103177552264801076e-03 2.966532117958516068e-02 7.445240451316143850e-03 9.995299464038672754e-01
