-1.673141418682632109e+00 3.564646010717825164e-01 3.742567376176954008e-01
-1.673193310773380071e+00 3.564241202776818329e-01 3.742457469308739793e-01
-1.673193310773380071e+00 3.564241202776818329e-01 3.742457469308739793e-01
-1.672623821221455254e+00 3.559995602528558400e-01 3.743813142718078746e-01
-1.671804836093474078e+00 3.554491364954643906e-01 3.749111153721635947e-01
-1.671942615532719278e+00 3.555890242298064829e-01 3.753208583426382861e-01
-1.672100563640739557e+00 3.557508367892172063e-01 3.755447512268001997e-01
-1.672214784503244900e+00 3.557786519018109606e-01 3.758500805370994513e-01
-1.672358635279864503e+00 3.557782425824050354e-01 3.766367841320383825e-01
-1.672975181975649761e+00 3.559852774183942525e-01 3.776412803476912883e-01
-1.673479544812346731e+00 3.561897541012444823e-01 3.781341028419956674e-01
-1.674091687590812505e+00 3.565057018688134183e-01 3.786669269721724129e-01
-1.674169057944895345e+00 3.565617733345047280e-01 3.795428228956548855e-01
-1.674110016388728583e+00 3.563973286074043068e-01 3.805726079981761600e-01
-1.674006183855031749e+00 3.559889531025563492e-01 3.829557753969864420e-01
-1.673743958110305075e+00 3.558947953007707277e-01 3.842327785956116681e-01
-1.673202113241053501e+00 3.555520077536170054e-01 3.848104787669017757e-01
-1.672681749246706095e+00 3.551531192216462185e-01 3.856205865497874807e-01
-1.672452642450988236e+00 3.548863072445149758e-01 3.875122641939581225e-01
-1.672340171840448475e+00 3.548247158186303984e-01 3.882208439272365474e-01
-1.671731149709836162e+00 3.542022409095664792e-01 3.893337878962087606e-01
-1.671647443431885760e+00 3.537784538528715994e-01 3.899391446963550445e-01
-1.670559033800653070e+00 3.528500225330199469e-01 3.913592744398334267e-01
-1.669348144785218091e+00 3.522697304993216427e-01 3.918852157701244732e-01
-1.669009415154312892e+00 3.523178489393442026e-01 3.921462165406600642e-01
-1.668531375148927687e+00 3.522183258576005449e-01 3.927512969039631541e-01
-1.667506843768652436e+00 3.517855962570872741e-01 3.933916432019494147e-01
-1.666932755665507360e+00 3.516105983358406850e-01 3.936852566046208368e-01
-1.665747746084343284e+00 3.513971727427431246e-01 3.944630463428991929e-01
-1.664561833648875222e+00 3.511197583852128656e-01 3.950316021710894576e-01
-1.663868950524780788e+00 3.510214927113715078e-01 3.953101356631535390e-01
-1.663112770913858895e+00 3.508579108680753289e-01 3.956298502954732621e-01
-1.661138547726914716e+00 3.504959881677895961e-01 3.964041168303221729e-01
-1.660078621631680740e+00 3.502974401537649052e-01 3.967539917907678682e-01
-1.658135584363613857e+00 3.495350097469627215e-01 3.979518782157424051e-01
-1.657232747153669195e+00 3.494565152834118726e-01 3.982017458818728484e-01
-1.655586702455633441e+00 3.496194869833726959e-01 3.980019919212155477e-01
-1.653711694913394092e+00 3.491855856300863370e-01 3.985528387160016672e-01
-1.652789964370686038e+00 3.488589592357960179e-01 3.989389339558302439e-01
-1.650754261018506197e+00 3.487452819349052269e-01 3.991773754223606474e-01
-1.648623988754678527e+00 3.488106086842168718e-01 3.994897112401664119e-01
-1.647570591879316426e+00 3.486408535427356625e-01 3.997380726699936160e-01
-1.646456991735892883e+00 3.484317019367225154e-01 3.998622451839387582e-01
-1.644252321498556269e+00 3.479182394485218488e-01 4.006245448016071409e-01
-1.642110537721436003e+00 3.479842405326883381e-01 4.015651194498133236e-01
-1.639780207010756330e+00 3.480531689584356880e-01 4.021491699073812542e-01
-1.638539986776357260e+00 3.477125715235373504e-01 4.019132428388026979e-01
-1.637137630128832511e+00 3.472143941423202484e-01 4.016472655235632239e-01
-1.634594915741533816e+00 3.469860868983802304e-01 4.019834702742426380e-01
-1.633322062941407138e+00 3.469665173287014848e-01 4.022052513316382027e-01
-1.630603637378907678e+00 3.465009435551245631e-01 4.025569030097027046e-01
-1.627812427500389569e+00 3.460615411799288776e-01 4.029641567944252101e-01
-1.626326688626548167e+00 3.458564309456472752e-01 4.032330985238766763e-01
-1.624937419748105683e+00 3.457294231828090258e-01 4.035749905198882104e-01
-1.623401896762964869e+00 3.457718153621208157e-01 4.042216736268210431e-01
-1.619440604828800589e+00 3.454103040094291255e-01 4.047902055893443096e-01
-1.616099169374028754e+00 3.451536184831553999e-01 4.047548113376931989e-01
-1.612897783775935734e+00 3.453136010320007609e-01 4.057207727837118805e-01
-1.609680089671755132e+00 3.454480025314465852e-01 4.066718096982079311e-01
-1.608089293236393269e+00 3.449821856514245777e-01 4.063407823179275846e-01
-1.606373476339642892e+00 3.444543668544935433e-01 4.061178153261030266e-01
-1.603061680737575045e+00 3.443065166443280423e-01 4.066751376287788267e-01
-1.599696967323841035e+00 3.442803975266432448e-01 4.073277759744557969e-01
-1.598005003826122872e+00 3.442390151408618593e-01 4.078474969146822504e-01
-1.596320498443913216e+00 3.445569851477068846e-01 4.086618505774780585e-01
-1.592694483135773220e+00 3.451976916620282942e-01 4.098069219387233675e-01
-1.589038939443247367e+00 3.446649242367431643e-01 4.097356436420221959e-01
-1.587307285124427425e+00 3.445215682252065204e-01 4.096102323676676926e-01
-1.583544163668793026e+00 3.448417499252173779e-01 4.101342527602150900e-01
-1.579904027301443747e+00 3.454107895819077956e-01 4.109014232361901664e-01
-1.578012169868216796e+00 3.456485357542348757e-01 4.112569889953691105e-01
-1.574096938717385541e+00 3.460908436006330802e-01 4.120114195266330048e-01
-1.570294891680392046e+00 3.466143846598976341e-01 4.127281008967638165e-01
-1.568467977642753697e+00 3.469794445460029908e-01 4.130144973115804641e-01
-1.566541362444779706e+00 3.472500004426748998e-01 4.132667851299385298e-01
-1.566541362444779706e+00 3.472500004426748998e-01 4.132667851299385298e-01
-1.559114617923825108e+00 3.484205896121894686e-01 4.140567202536602487e-01
-1.556451902142952148e+00 3.488298934507476634e-01 4.143504350549384041e-01
-1.550287547640062158e+00 3.503139713627818064e-01 4.149042210019600052e-01
-1.548053213656545024e+00 3.503540771048720970e-01 4.150384151273858180e-01
-1.543657087478125911e+00 3.508457974728081408e-01 4.152206884641278517e-01
-1.541448962759303321e+00 3.513608759264681969e-01 4.151666655565047215e-01
-1.537015234411024833e+00 3.521516492900748641e-01 4.149665113607362565e-01
-1.534796976420942372e+00 3.525229800420843218e-01 4.148107344256131146e-01
-1.530237970560093475e+00 3.529048160373393084e-01 4.143330465141825680e-01
-1.527926595440533886e+00 3.531787881706503485e-01 4.141744973159044996e-01
-1.520973490984271370e+00 3.543118925351492199e-01 4.138166890645420537e-01
-1.520973490984271370e+00 3.543118925351492199e-01 4.138166890645420537e-01
-1.516306860488217723e+00 3.548844970187818859e-01 4.135964336005829578e-01
-1.513981140152926841e+00 3.549830056531662059e-01 4.135590322429925081e-01
-1.509637430504825018e+00 3.551934022058003126e-01 4.138295122792149394e-01
-1.507461519394234672e+00 3.551139476680160167e-01 4.141656717707381530e-01
-1.505335626813956829e+00 3.551919376774789749e-01 4.149843740776235634e-01
-1.499918228343701587e+00 3.554167919647108764e-01 4.163698629739174262e-01
-1.495238225300357549e+00 3.554078732143499120e-01 4.171902712077328879e-01
-1.493287891908648080e+00 3.556034118498196950e-01 4.176528148039595489e-01
-1.489573804338462315e+00 3.557447960492736705e-01 4.181747696214505039e-01
-1.487628215504893880e+00 3.557524324094035184e-01 4.184431329392045429e-01
-1.483913722191924522e+00 3.563181586401810708e-01 4.191537012586005195e-01
-1.480077931234868416e+00 3.569682949867913901e-01 4.198513818752649396e-01
-1.478172941522447159e+00 3.573394135380142944e-01 4.201699555707126832e-01
-1.474183143290889619e+00 3.580586307133826751e-01 4.207873443634582156e-01
-1.472101406241786314e+00 3.583503575957183718e-01 4.210650915780537185e-01
-1.468085522667204712e+00 3.589135237749863094e-01 4.215251745304046116e-01
-1.463947734049570570e+00 3.596365497037958825e-01 4.221727109365887021e-01
-1.459767164485123558e+00 3.599986367979997048e-01 4.225804655290373857e-01
-1.457650928878712948e+00 3.601468207127329624e-01 4.227529265378306977e-01
-1.455413348020391906e+00 3.604124935989255207e-01 4.230722508486349787e-01
-1.451119118623064752e+00 3.604871504877462662e-01 4.231664044502139177e-01
-1.449065643815669047e+00 3.603593057836598779e-01 4.229836993373212728e-01
-1.442824410992500361e+00 3.605346456282196854e-01 4.227382233524845656e-01
-1.440652842400400813e+00 3.604169088286729994e-01 4.225987825516503982e-01
-1.436153097073324503e+00 3.602051600405714038e-01 4.222548476386867033e-01
-1.433952423806071019e+00 3.604748161847068921e-01 4.222141603205993299e-01
-1.429484180463786336e+00 3.605956768198249063e-01 4.217498509949577645e-01
-1.427245016690056323e+00 3.606769445606665125e-01 4.214214059294671966e-01
-1.422905482286236145e+00 3.613753568074453693e-01 4.209724167088835234e-01
-1.420759161062399967e+00 3.614195207237122509e-01 4.203349525762527517e-01
-1.416291352345881549e+00 3.613159866444480284e-01 4.191436812442044246e-01
-1.414105942094473933e+00 3.616983424980013129e-01 4.188199981558259344e-01
-1.409510548979624689e+00 3.627207803314023149e-01 4.183623558103648499e-01
-1.402524051644379988e+00 3.629832994281753655e-01 4.167744858697108867e-01
-1.400215014326028573e+00 3.634108811215806534e-01 4.164192428695828729e-01
-1.397845597286067720e+00 3.642636542944408529e-01 4.163958507531391184e-01
-1.393120608748348976e+00 3.649201749049701404e-01 4.158652412631383966e-01
-1.390771461582785529e+00 3.652207086043130491e-01 4.156747614453297768e-01
-1.386114774407900763e+00 3.661706392433476398e-01 4.151061109463177745e-01
-1.381607629173136509e+00 3.671790946477620499e-01 4.148734521396926223e-01
-1.377290704031321367e+00 3.674857032048401972e-01 4.143420934326020877e-01
-1.375208488127140249e+00 3.679826289991793842e-01 4.142775702251080272e-01
-1.371002828225312387e+00 3.695234701363914742e-01 4.147188203498632930e-01
-1.368872428227237315e+00 3.699440954262547820e-01 4.147667908827570304e-01
-1.366728317932501824e+00 3.702167192621214631e-01 4.147546523989229517e-01
-1.362341534235963936e+00 3.705695550156795082e-01 4.148113076510513419e-01
-1.357849091933693630e+00 3.710262004610528908e-01 4.153173754543714180e-01
-1.355571875340559673e+00 3.712406793037522079e-01 4.156877671020997589e-01
-1.350944158046430310e+00 3.713750266036837666e-01 4.162534393545483935e-01
-1.348652583936360116e+00 3.713631654033597296e-01 4.164706210316473367e-01
-1.344085918595323115e+00 3.713280352716208377e-01 4.170181606012238751e-01
-1.341778703521053551e+00 3.713335412734374841e-01 4.172959234464552747e-01
-1.336755808654246591e+00 3.718161386557796710e-01 4.187311375805544689e-01
-1.332335253744048487e+00 3.717054706384628204e-01 4.186488007833859548e-01
-1.325527055846703162e+00 3.718383673291065228e-01 4.186194391387058067e-01
-1.323204191316677436e+00 3.719567771648764620e-01 4.186988690931752188e-01
-1.318587480729442207e+00 3.721530354479512526e-01 4.186316347983424224e-01
-1.316261107737399128e+00 3.720822670331151993e-01 4.185282055236430043e-01
-1.309344458315484738e+00 3.725815783536760573e-01 4.183698240912439026e-01
-1.306865908114699160e+00 3.726714980042550862e-01 4.183337967655921252e-01
-1.302033241441163725e+00 3.729596251369666216e-01 4.184768924703997639e-01
-1.297649150908438909e+00 3.727322488193363093e-01 4.174893764953470088e-01
-1.295163451406782240e+00 3.731743397401772744e-01 4.179738322258724770e-01
-1.290450752065172679e+00 3.736998431044278868e-01 4.182779207678302136e-01
-1.288269563191793976e+00 3.732626163526044927e-01 4.172821344827614132e-01
-1.283570495321212812e+00 3.729919632716143241e-01 4.160221160596118128e-01
-1.281135557659290436e+00 3.731435358315953188e-01 4.159111888972748527e-01
-1.278711825884979669e+00 3.730758079492907942e-01 4.156238341275749759e-01
-1.271019459020968023e+00 3.739284802533883734e-01 4.161044699379257139e-01
-1.268755960754211598e+00 3.735419358993620764e-01 4.150688800698825176e-01
-1.263934941498955355e+00 3.730684380915391674e-01 4.135896393239945068e-01
-1.261442224325727723e+00 3.731890856792384192e-01 4.135248193808517270e-01
-1.256450465604213917e+00 3.735859116082203002e-01 4.133212687114808936e-01
-1.253990073034647379e+00 3.736904904979469477e-01 4.130975115803668940e-01
-1.249095069590351326e+00 3.735487442564149885e-01 4.125026289121529466e-01
-1.244373064051882416e+00 3.733649728739670270e-01 4.120546095677110054e-01
-1.242016507087053911e+00 3.733826988657097945e-01 4.121414463401494865e-01
-1.237306522630943206e+00 3.732769980923846265e-01 4.122336120647451807e-01
-1.232658774891465692e+00 3.731110308695859135e-01 4.123095837733327107e-01
-1.230303653195167435e+00 3.731254001737382975e-01 4.125357327560483789e-01
-1.227951105885549454e+00 3.730599886885743732e-01 4.129044815874621799e-01
-1.220889290104415714e+00 3.733688125864602081e-01 4.141234765450179101e-01
-1.220889290104415714e+00 3.733688125864602081e-01 4.141234765450179101e-01
-1.218442782039895533e+00 3.732034661642718576e-01 4.140658491372112282e-01
-1.211832701790029221e+00 3.729777272208026351e-01 4.145377469580545648e-01
-1.206151482906623995e+00 3.727568262264216448e-01 4.153455881516250336e-01
-1.201321856783637676e+00 3.725774992877217140e-01 4.159713524847987731e-01
-1.198928419847892224e+00 3.725408550742026481e-01 4.163098020870237281e-01
-1.196470415258460873e+00 3.724463956172460732e-01 4.166279744762670934e-01
-1.191604316332260716e+00 3.722384950051242924e-01 4.171147599868521016e-01
-1.189191122260050859e+00 3.722075573476033017e-01 4.173661486204464088e-01
-1.184340610017076356e+00 3.720839150084414015e-01 4.178770779623084408e-01
-1.179519593079410456e+00 3.718117174216494791e-01 4.181196813080044761e-01
-1.174604831270788852e+00 3.717158994839067643e-01 4.184451067554947334e-01
-1.169917814713703708e+00 3.715880707552980944e-01 4.189341747085297829e-01
-1.167458053618651403e+00 3.715596917663376852e-01 4.189024646607227842e-01
-1.162419261528227832e+00 3.713919649914070864e-01 4.184895540577762141e-01
-1.159995296719544600e+00 3.712957102384559782e-01 4.184614848038730184e-01
-1.157554141380293888e+00 3.711836516077991477e-01 4.183093839196850849e-01
-1.152693458372619384e+00 3.711963703779363466e-01 4.181050102493526488e-01
-1.147795891410942293e+00 3.713431561100309364e-01 4.183603110038610629e-01
-1.145229126595542768e+00 3.712826793926434221e-01 4.183789776468906929e-01
-1.140145040440817992e+00 3.709774116423046331e-01 4.175227063274031813e-01
-1.135108677642264752e+00 3.707215759416384038e-01 4.169652021813350373e-01
-1.132558620947584416e+00 3.706331984683786662e-01 4.166375144802296759e-01
-1.127313219304213909e+00 3.705198819228361917e-01 4.160738350616552950e-01
-1.122285439206826441e+00 3.703194245688590236e-01 4.153128243537143049e-01
-1.119748566853019822e+00 3.700703003756078968e-01 4.144921078561257799e-01
-1.117106589494466062e+00 3.700218917215858383e-01 4.142537338217591181e-01
-1.111737231382051050e+00 3.697248671134889531e-01 4.135454402346513403e-01
-1.106302451681470123e+00 3.691610901412236689e-01 4.120240245829125403e-01
-1.103606685796583831e+00 3.690801366250481830e-01 4.116026002613729640e-01
-1.100836179191205355e+00 3.691377805398687317e-01 4.112313185091636125e-01
-1.100836179191205355e+00 3.691377805398687317e-01 4.112313185091636125e-01
-1.100836179191205355e+00 3.691377805398687317e-01 4.112313185091636125e-01
-1.087783638801020247e+00 3.694272372956503570e-01 4.102174293176071851e-01
-1.080381418384990688e+00 3.697854013095591696e-01 4.101764155288439850e-01
-1.077985479828440729e+00 3.700255309991799524e-01 4.103814604418767331e-01
-1.073002012557231488e+00 3.699070430739217485e-01 4.105539307671245419e-01
-1.070553570049955772e+00 3.699738195400257834e-01 4.107358034922721224e-01
-1.065668656139558745e+00 3.699003388606533771e-01 4.109916645333989704e-01
-1.063214225212971931e+00 3.696537045856905235e-01 4.110919225360131213e-01
-1.058151725991007597e+00 3.693357818260438186e-01 4.117322374426232168e-01
-1.052935048859026557e+00 3.686935127054802863e-01 4.121632976965560191e-01
-1.050327138518777792e+00 3.683873274984700852e-01 4.123940900534022180e-01
-1.045094107704440889e+00 3.680996931991047938e-01 4.133270703683913361e-01
-1.040002102271369688e+00 3.678936977770435601e-01 4.140502055921382318e-01
-1.035062236362240817e+00 3.678172574055269539e-01 4.150437273974366681e-01
-1.032546297814405101e+00 3.678486631462434819e-01 4.153993991831942401e-01
-1.030077339824378102e+00 3.678699692254115416e-01 4.156503245526755874e-01
-1.027661493717057395e+00 3.678323132383679028e-01 4.157606084902152332e-01
-1.020238578685566333e+00 3.679211190054477165e-01 4.162651321289908557e-01
-1.017778628343604552e+00 3.678879669961932497e-01 4.164004216868493202e-01
-1.012923834589761540e+00 3.678074122008145319e-01 4.167664141256812727e-01
-1.010548937354021071e+00 3.678172839080282031e-01 4.170835102608367873e-01
-1.005580244706636650e+00 3.676770705280863472e-01 4.169809388345407930e-01
-1.005580244706636650e+00 3.676770705280863472e-01 4.169809388345407930e-01
-1.005580244706636650e+00 3.676770705280863472e-01 4.169809388345407930e-01
-1.005580244706636650e+00 3.676770705280863472e-01 4.169809388345407930e-01
-1.005580244706636650e+00 3.676770705280863472e-01 4.169809388345407930e-01
-1.005580244706636650e+00 3.676770705280863472e-01 4.169809388345407930e-01
-1.005580244706636650e+00 3.676770705280863472e-01 4.169809388345407930e-01
-1.005580244706636650e+00 3.676770705280863472e-01 4.169809388345407930e-01
-1.005580244706636650e+00 3.676770705280863472e-01 4.169809388345407930e-01
-1.005580244706636650e+00 3.676770705280863472e-01 4.169809388345407930e-01
-1.005580244706636650e+00 3.676770705280863472e-01 4.169809388345407930e-01
-1.005580244706636650e+00 3.676770705280863472e-01 4.169809388345407930e-01
-1.005580244706636650e+00 3.676770705280863472e-01 4.169809388345407930e-01
-1.005580244706636650e+00 3.676770705280863472e-01 4.169809388345407930e-01
-1.005580244706636650e+00 3.676770705280863472e-01 4.169809388345407930e-01
-1.005580244706636650e+00 3.676770705280863472e-01 4.169809388345407930e-01
-1.005580244706636650e+00 3.676770705280863472e-01 4.169809388345407930e-01
-1.005580244706636650e+00 3.676770705280863472e-01 4.169809388345407930e-01
-1.005580244706636650e+00 3.676770705280863472e-01 4.169809388345407930e-01
-1.005580244706636650e+00 3.676770705280863472e-01 4.169809388345407930e-01
-1.005580244706636650e+00 3.676770705280863472e-01 4.169809388345407930e-01
-1.005580244706636650e+00 3.676770705280863472e-01 4.169809388345407930e-01
-1.005580244706636650e+00 3.676770705280863472e-01 4.169809388345407930e-01
-1.005580244706636650e+00 3.676770705280863472e-01 4.169809388345407930e-01
-1.005580244706636650e+00 3.676770705280863472e-01 4.169809388345407930e-01
-1.005580244706636650e+00 3.676770705280863472e-01 4.169809388345407930e-01
-1.005580244706636650e+00 3.676770705280863472e-01 4.169809388345407930e-01
-1.005580244706636650e+00 3.676770705280863472e-01 4.169809388345407930e-01
-1.005580244706636650e+00 3.676770705280863472e-01 4.169809388345407930e-01
-1.005580244706636650e+00 3.676770705280863472e-01 4.169809388345407930e-01
-1.005580244706636650e+00 3.676770705280863472e-01 4.169809388345407930e-01
-1.005580244706636650e+00 3.676770705280863472e-01 4.169809388345407930e-01
-1.005580244706636650e+00 3.676770705280863472e-01 4.169809388345407930e-01
-1.005580244706636650e+00 3.676770705280863472e-01 4.169809388345407930e-01
-1.005580244706636650e+00 3.676770705280863472e-01 4.169809388345407930e-01
-1.005580244706636650e+00 3.676770705280863472e-01 4.169809388345407930e-01
-1.005580244706636650e+00 3.676770705280863472e-01 4.169809388345407930e-01
-1.005580244706636650e+00 3.676770705280863472e-01 4.169809388345407930e-01
-1.005580244706636650e+00 3.676770705280863472e-01 4.169809388345407930e-01
-1.005580244706636650e+00 3.676770705280863472e-01 4.169809388345407930e-01
-1.005580244706636650e+00 3.676770705280863472e-01 4.169809388345407930e-01
-1.005580244706636650e+00 3.676770705280863472e-01 4.169809388345407930e-01
-1.005580244706636650e+00 3.676770705280863472e-01 4.169809388345407930e-01
-1.005580244706636650e+00 3.676770705280863472e-01 4.169809388345407930e-01
-1.005580244706636650e+00 3.676770705280863472e-01 4.169809388345407930e-01
-1.005580244706636650e+00 3.676770705280863472e-01 4.169809388345407930e-01
-1.005580244706636650e+00 3.676770705280863472e-01 4.169809388345407930e-01
-1.005580244706636650e+00 3.676770705280863472e-01 4.169809388345407930e-01
-1.005580244706636650e+00 3.676770705280863472e-01 4.169809388345407930e-01
-1.005580244706636650e+00 3.676770705280863472e-01 4.169809388345407930e-01
-1.005580244706636650e+00 3.676770705280863472e-01 4.169809388345407930e-01
-1.005580244706636650e+00 3.676770705280863472e-01 4.169809388345407930e-01
-1.005580244706636650e+00 3.676770705280863472e-01 4.169809388345407930e-01
-1.005580244706636650e+00 3.676770705280863472e-01 4.169809388345407930e-01
-1.005580244706636650e+00 3.676770705280863472e-01 4.169809388345407930e-01
-1.005580244706636650e+00 3.676770705280863472e-01 4.169809388345407930e-01
-1.005580244706636650e+00 3.676770705280863472e-01 4.169809388345407930e-01
-1.005580244706636650e+00 3.676770705280863472e-01 4.169809388345407930e-01
-1.005580244706636650e+00 3.676770705280863472e-01 4.169809388345407930e-01
-1.005580244706636650e+00 3.676770705280863472e-01 4.169809388345407930e-01
-1.005580244706636650e+00 3.676770705280863472e-01 4.169809388345407930e-01
-1.005580244706636650e+00 3.676770705280863472e-01 4.169809388345407930e-01
-1.005580244706636650e+00 3.676770705280863472e-01 4.169809388345407930e-01
-1.005580244706636650e+00 3.676770705280863472e-01 4.169809388345407930e-01
-1.005580244706636650e+00 3.676770705280863472e-01 4.169809388345407930e-01
-1.005580244706636650e+00 3.676770705280863472e-01 4.169809388345407930e-01
-1.005580244706636650e+00 3.676770705280863472e-01 4.169809388345407930e-01
-1.005580244706636650e+00 3.676770705280863472e-01 4.169809388345407930e-01
-1.005580244706636650e+00 3.676770705280863472e-01 4.169809388345407930e-01
-1.005580244706636650e+00 3.676770705280863472e-01 4.169809388345407930e-01
-1.005580244706636650e+00 3.676770705280863472e-01 4.169809388345407930e-01
-1.005580244706636650e+00 3.676770705280863472e-01 4.169809388345407930e-01
-1.005580244706636650e+00 3.676770705280863472e-01 4.169809388345407930e-01
-1.005580244706636650e+00 3.676770705280863472e-01 4.169809388345407930e-01
-1.005580244706636650e+00 3.676770705280863472e-01 4.169809388345407930e-01
-1.005580244706636650e+00 3.676770705280863472e-01 4.169809388345407930e-01
-1.003085717065440585e+00 3.675877231805220191e-01 4.168437322418915292e-01
-9.000239504956056846e-01 3.633152925811773959e-01 4.131249071010889562e-01
-6.913410658656945484e-01 3.544640166935589254e-01 4.058998619861912127e-01
-6.888036277032943966e-01 3.542119931199456673e-01 4.057541028028103236e-01
-6.836430057809952388e-01 3.537577563979785178e-01 4.056326086835342348e-01
-6.784154556452298701e-01 3.533574418310552190e-01 4.058990152609736057e-01
-6.758447482735959744e-01 3.531651738017497766e-01 4.062013968130694375e-01
-6.732526032849741604e-01 3.529383496922573471e-01 4.063243576734570928e-01
-6.680214438355339679e-01 3.526108359651332624e-01 4.065493355802497488e-01
-6.653814146483331138e-01 3.525361011650851029e-01 4.068595515201894885e-01
-6.577179815215418168e-01 3.521488789458432911e-01 4.077724602167940304e-01
-6.551839858393649907e-01 3.521062364055700389e-01 4.081289840213518927e-01
-6.525923809642601991e-01 3.520451849229824237e-01 4.083345480825002483e-01
-6.475963743052974841e-01 3.522067047777844295e-01 4.087709446314330419e-01
-6.426608316250159714e-01 3.525295105148305019e-01 4.093207515509552641e-01
-6.377481044000902211e-01 3.526153855078531518e-01 4.097744949412004400e-01
-6.353007380087368761e-01 3.526451718948505065e-01 4.099483252697240232e-01
-6.328826611029283455e-01 3.527244255375789339e-01 4.101037001674509019e-01
-6.280981976136031930e-01 3.528705992807790182e-01 4.102440988829486601e-01
-6.232088016842064482e-01 3.529505036327003631e-01 4.104228424096876271e-01
-6.183814978586460454e-01 3.528427706336383918e-01 4.104200617435279641e-01
-6.159869614471850108e-01 3.528433383102377863e-01 4.105289586384445188e-01
-6.159869614471850108e-01 3.528433383102377863e-01 4.105289586384445188e-01
-6.111738107978531565e-01 3.528326052882277963e-01 4.106116564544655123e-01
-6.039210808622154092e-01 3.525839518076827050e-01 4.104813907904861781e-01
-6.015550641796404419e-01 3.524576690630534803e-01 4.103267076284887738e-01
-5.968135073588484163e-01 3.523036935565618255e-01 4.102152451269014399e-01
-5.944062924207488274e-01 3.522806283457335930e-01 4.101598987020416143e-01
-5.895968113685624568e-01 3.521687495502980325e-01 4.098837696406636422e-01
-5.848425568093564841e-01 3.521003676426598950e-01 4.096325116252572673e-01
-5.824351478366722734e-01 3.520406103536897202e-01 4.094724157960243360e-01
-5.775513742742487411e-01 3.518498079375195764e-01 4.090942636666844434e-01
-5.750458709689856285e-01 3.518435472451598156e-01 4.089949515689691451e-01
-5.701826002705220331e-01 3.518257373510058628e-01 4.086366064560648104e-01
-5.603798080455270059e-01 3.517074950007041401e-01 4.075757795532587435e-01
-5.579220822140166236e-01 3.516589755682337781e-01 4.072710635155857295e-01
-5.554455944996036232e-01 3.515913095320397086e-01 4.068976965370071364e-01
-5.505548876537409431e-01 3.516516779689977112e-01 4.064611473463596303e-01
-5.480363899518218007e-01 3.516661320305671801e-01 4.062644904694185932e-01
-5.429271917929580082e-01 3.516811102590795546e-01 4.057580757927818915e-01
-5.379900256506526812e-01 3.516846346472800033e-01 4.050648683557841467e-01
-5.328515650137893855e-01 3.517113467950143679e-01 4.045087691463592483e-01
-5.303063962283625088e-01 3.517890393952718964e-01 4.042859093880747379e-01
-5.252004479548477711e-01 3.518792442431222245e-01 4.036022407418570213e-01
-5.225923063333107743e-01 3.518899902174186245e-01 4.031830632455252195e-01
-5.172976306931064139e-01 3.520353599048857696e-01 4.024708729785069217e-01
-5.146303222360026908e-01 3.520892717276773998e-01 4.021317747488591943e-01
-5.093551923270741577e-01 3.520977018805662162e-01 4.014828638892722346e-01
-5.067862166247032452e-01 3.520474400876186238e-01 4.014301150540590113e-01
-5.042773365787862616e-01 3.519321364511378558e-01 4.013490413111950872e-01
-5.018138952577473333e-01 3.517858460100182216e-01 4.015182652725223234e-01
-4.985388488948406249e-01 3.515847284810166840e-01 4.015643532215246170e-01
-4.903105195354859891e-01 3.512502161607295448e-01 4.022618265000995619e-01
-4.903105195354859891e-01 3.512502161607295448e-01 4.022618265000995619e-01
-4.870483004615808187e-01 3.511327364867776191e-01 4.026069070932094540e-01
-4.838093289318780577e-01 3.509889489158402598e-01 4.029805373375646704e-01
-4.838093289318780577e-01 3.509889489158402598e-01 4.029805373375646704e-01
-4.706447360378555600e-01 3.508240376410569072e-01 4.045126686408142547e-01
-4.673328465094410689e-01 3.508968008331665445e-01 4.049302777729713032e-01
-4.598025310653615083e-01 3.510555866343952336e-01 4.058312790589383434e-01
-4.572681625842799913e-01 3.510398862234483386e-01 4.060321437917431275e-01
-4.521434741985619898e-01 3.509548118695056118e-01 4.065425658802366282e-01
-4.496362922075569646e-01 3.509049551513563903e-01 4.068066080817300811e-01
-4.446972229114380948e-01 3.506591368264511677e-01 4.072421768872299674e-01
-4.422727081981314701e-01 3.504963245587766063e-01 4.074039421569572994e-01
-4.374000515152154378e-01 3.501875431465603650e-01 4.078843099777316183e-01
-4.324782666242237283e-01 3.498780612574952098e-01 4.081999835721569214e-01
-4.276102084293285088e-01 3.495690537876807724e-01 4.083753472689952702e-01
-4.276102084293285088e-01 3.495690537876807724e-01 4.083753472689952702e-01
-4.225983236703523827e-01 3.491643278051224653e-01 4.086629485306744192e-01
-4.175660372948268306e-01 3.489037982487695477e-01 4.087776608382213128e-01
-4.126722767571906481e-01 3.486189530761842348e-01 4.087080287232177644e-01
-4.126722767571906481e-01 3.486189530761842348e-01 4.087080287232177644e-01
-4.078737127775854954e-01 3.483925713370230048e-01 4.087156757897555392e-01
-4.054540426905546835e-01 3.483720432165536285e-01 4.087802241538679437e-01
-3.982076248945907726e-01 3.479390774788440055e-01 4.084283293344380672e-01
-3.933192759934282523e-01 3.476604245513564284e-01 4.082813185849750726e-01
-3.933192759934282523e-01 3.476604245513564284e-01 4.082813185849750726e-01
-3.908704574240204344e-01 3.475011827487068383e-01 4.080969844019363135e-01
-3.843945376965746674e-01 3.471580080956559455e-01 4.075260948152784612e-01
-3.786816035213070308e-01 3.469617703261583253e-01 4.070943852764218329e-01
-3.738302384124836952e-01 3.467412023540910604e-01 4.064373858386211014e-01
-3.714260091146888709e-01 3.466317582581927570e-01 4.060564302027482864e-01
-3.665261807733000698e-01 3.464473048662322641e-01 4.053793750343424040e-01
-3.640504445003449607e-01 3.463352099554877217e-01 4.049805278413334264e-01
-3.591324194849869200e-01 3.461133159676978988e-01 4.041931888081949920e-01
-3.566535458729440666e-01 3.459519886443713221e-01 4.037607562138466610e-01
-3.516494989472659927e-01 3.455833637949125570e-01 4.027926667888573897e-01
-3.466509502040950874e-01 3.452855745529748721e-01 4.017820263322783303e-01
-3.416311697150347104e-01 3.449637621532550269e-01 4.008056487816142877e-01
-3.390445582501067090e-01 3.448102557159821724e-01 4.003670757215308518e-01
-3.339022346398444197e-01 3.444969548162364892e-01 3.993964172611593755e-01
-3.289435310904312293e-01 3.443511750447212916e-01 3.984251830650679116e-01
-3.264872162678065237e-01 3.443545482333238983e-01 3.981015377782404219e-01
-3.217147526651543132e-01 3.444871067621232963e-01 3.978116724627631662e-01
-3.194148088733478330e-01 3.446103961964050444e-01 3.977876416488278499e-01
-3.170682946718283435e-01 3.447622743859020678e-01 3.976751793365863596e-01
-3.124935354935662324e-01 3.450522524999088403e-01 3.976651591305077060e-01
-3.079306109662018343e-01 3.452366419269063402e-01 3.980179099219436356e-01
-3.056486669633809439e-01 3.452265270288465970e-01 3.981330720916418375e-01
-3.010440080320325174e-01 3.450424071174815199e-01 3.982516698228136809e-01
-3.010440080320325174e-01 3.450424071174815199e-01 3.982516698228136809e-01
-2.962397953382631122e-01 3.447197260278835329e-01 3.985471815320792421e-01
-2.938324553203991440e-01 3.445664402258394876e-01 3.986977868741264919e-01
-2.906654482422801333e-01 3.443750901983344548e-01 3.989582514054198503e-01
-2.817843407270435030e-01 3.438089414200420912e-01 3.994298093171591013e-01
-2.792924861967398531e-01 3.437117818361052901e-01 3.995288921498850732e-01
-2.690523429693408852e-01 3.431931778889467100e-01 4.000086726047440422e-01
-2.664742893080064845e-01 3.430428500267212466e-01 4.001112174649659181e-01
-2.638678731301088987e-01 3.429260181412372432e-01 4.002675213965332102e-01
-2.613068126335644226e-01 3.428362773304399203e-01 4.004002890216649124e-01
-2.544329648950813261e-01 3.426743756746948311e-01 4.007834711446712772e-01
-2.485564639102486595e-01 3.427791196190949630e-01 4.011366892106124071e-01
-2.460941291708332035e-01 3.428670288682968414e-01 4.013188762409450883e-01
-2.411188626149501635e-01 3.430391099356266960e-01 4.017719273028897975e-01
-2.362083950243941965e-01 3.432414989869663757e-01 4.020285858648025012e-01
-2.338170620507954711e-01 3.433367654721726780e-01 4.020703542734415104e-01
-2.288835028008601447e-01 3.435561984499859167e-01 4.023267909550585220e-01
-2.240802549251649234e-01 3.437171131224365794e-01 4.024768780183017869e-01
-2.216724249711310157e-01 3.437810478963372884e-01 4.024896961458649391e-01
-2.193187600918486135e-01 3.438370262387515086e-01 4.024855790454692217e-01
-2.145712698812577701e-01 3.439546275905171480e-01 4.024189257030226230e-01
-2.097625848032689533e-01 3.440325459586526802e-01 4.024732849818880576e-01
-2.049146986928078451e-01 3.441376900453680943e-01 4.021329290701909365e-01
-2.001180382773892763e-01 3.440699305520797391e-01 4.020078916083744680e-01
-1.977197800241466685e-01 3.440036672386617145e-01 4.019791230637465018e-01
-1.953000507004704900e-01 3.439165825681304578e-01 4.019186770650677865e-01
-1.904935315479936164e-01 3.438686531309954053e-01 4.015526000084447267e-01
-1.881274956634099160e-01 3.438898823474872413e-01 4.013935152465318845e-01
-1.857556859152904305e-01 3.439098141328134628e-01 4.011821063969763790e-01
-1.793723556877156733e-01 3.439544752213740675e-01 4.005833590668063104e-01
-1.761428266022201650e-01 3.439282065616396378e-01 4.003187703105276496e-01
-1.711663449838170259e-01 3.439245861043242480e-01 3.999698263985832503e-01
-1.687476629018776764e-01 3.439596458007780910e-01 3.997022463550642390e-01
-1.639499930838005104e-01 3.439991334002352463e-01 3.990734540328169100e-01
-1.614922615171124898e-01 3.440574410464714572e-01 3.988746123247841613e-01
-1.565772907087589205e-01 3.441257401617379141e-01 3.982773838280760925e-01
-1.541107603732649045e-01 3.441366028651204334e-01 3.978598132239347107e-01
-1.492100756730616873e-01 3.442602199006525310e-01 3.971138017900663897e-01
-1.443575457867067868e-01 3.444504077962037836e-01 3.963976555694190829e-01
-1.394210285266146709e-01 3.445840336605702769e-01 3.956722668751495586e-01
-1.369178670577027301e-01 3.446516914943296150e-01 3.952670048010310522e-01
-1.318438211890936851e-01 3.448056944063329632e-01 3.944717481861007569e-01
-1.292910405295320808e-01 3.448921815027368720e-01 3.941037159983191707e-01
-1.242440296731673194e-01 3.450252275475904074e-01 3.933267552808310530e-01
-1.217172521689998677e-01 3.450101626683861888e-01 3.929193358328927355e-01
-1.166724308100299812e-01 3.448256098635328892e-01 3.923665726882993310e-01
-1.142201902902012095e-01 3.446982662019159593e-01 3.922534289656064432e-01
-1.094167053355364350e-01 3.444295983363130920e-01 3.923759075974924126e-01
-1.046627167819210169e-01 3.440411193164203407e-01 3.926851109356218616e-01
-9.998211491398574513e-02 3.436503740045087629e-01 3.931176843491116513e-01
-9.770361810219403698e-02 3.435204384327926186e-01 3.933464458601456659e-01
-9.318661128844925312e-02 3.433969552796464764e-01 3.939828621872955017e-01
-9.089653312009930708e-02 3.433222371298698117e-01 3.942882099117722694e-01
-8.622442089663444331e-02 3.431140919510601850e-01 3.946053691071464975e-01
-8.387677047303515598e-02 3.430725784385397215e-01 3.948970336155886995e-01
-7.915289244871932806e-02 3.429899999138863453e-01 3.956671405578584544e-01
-7.676937776799079571e-02 3.429635298092177376e-01 3.958174664339775273e-01
-7.190252410138446570e-02 3.430544720319985141e-01 3.965188053570092297e-01
-6.701972237875851446e-02 3.432045778656719892e-01 3.972796991583155135e-01
-6.196602929433981527e-02 3.433245610442633988e-01 3.979666330169168154e-01
-5.948392933724725579e-02 3.433428752913244009e-01 3.982771061145791158e-01
-5.454160129567427878e-02 3.432456743458209281e-01 3.988220378813370770e-01
-5.206904613577682112e-02 3.431378810587140116e-01 3.990885443905641816e-01
-4.464047382955757537e-02 3.426192178644311692e-01 3.997186746006436975e-01
-4.212580175043714736e-02 3.423765851145482153e-01 3.999042465505450172e-01
-3.961238851892441570e-02 3.421489646189440070e-01 4.000885613963923726e-01
-3.472581852588832452e-02 3.417406155963524927e-01 4.003448175844498413e-01
-2.996875567962836717e-02 3.413333124508663996e-01 4.005019999920865770e-01
-2.752937842016022971e-02 3.411097493771828582e-01 4.005997536359033884e-01
-2.509262054617177398e-02 3.409157194281839942e-01 4.006430308278411401e-01
-2.259414282208639310e-02 3.407393175391034146e-01 4.006866853873317647e-01
-1.524301197809491831e-02 3.402142327039484049e-01 4.006600596775006240e-01
-1.039829791195114733e-02 3.399299548175157004e-01 4.007200061416104075e-01
-7.966421568064532485e-03 3.397695995121832735e-01 4.007077239924045076e-01
-5.570787956802575325e-03 3.395783447949609068e-01 4.005589290869642216e-01
-7.261236728370911234e-04 3.392375131991367532e-01 4.003065109338884708e-01
4.188731539773329557e-03 3.389326332978948031e-01 4.000859320388930884e-01
8.947093038318814848e-03 3.386854647078069713e-01 3.997441374061054820e-01
1.134671800759168812e-02 3.385374165922550027e-01 3.995065581347330141e-01
1.134671800759168812e-02 3.385374165922550027e-01 3.995065581347330141e-01
1.873893838260988487e-02 3.380602911863899163e-01 3.987046472150677090e-01
2.118344169823377712e-02 3.378891210407899970e-01 3.984260515221331733e-01
2.360199413847908698e-02 3.377669876315074760e-01 3.981423805424229023e-01
2.907278271964461314e-02 3.374593647699161703e-01 3.973951974023751665e-01
3.223197531566254076e-02 3.372169561665943616e-01 3.969144278883457444e-01
3.807105207039820916e-02 3.367773023356552264e-01 3.958911754001913641e-01
4.072221547787971407e-02 3.365807867665825959e-01 3.955245303735155371e-01
4.840584820450277714e-02 3.358896905510611042e-01 3.943576686291576650e-01
4.840584820450277714e-02 3.358896905510611042e-01 3.943576686291576650e-01
5.099085705495531862e-02 3.356335075097026110e-01 3.939783668229955849e-01
6.118725433864052876e-02 3.344318602697440301e-01 3.920843276260085331e-01
6.361671907703600470e-02 3.341077598549967997e-01 3.916071621589842788e-01
6.635019305432005021e-02 3.338511224706297020e-01 3.911322989771847114e-01
7.178835561442524493e-02 3.333897924677911573e-01 3.902866650738742171e-01
7.430139834519729203e-02 3.331923280221042449e-01 3.900926541441117612e-01
7.920264389108089276e-02 3.329794609464866162e-01 3.899017176005864505e-01
8.148800734506095322e-02 3.329664846734234351e-01 3.898584702154334058e-01
8.839077469825067090e-02 3.329875692791362529e-01 3.901963356584235987e-01
8.839077469825067090e-02 3.329875692791362529e-01 3.901963356584235987e-01
9.310443518241133531e-02 3.328026953296938650e-01 3.904749951696212529e-01
9.780367498654686520e-02 3.325123344210339504e-01 3.907822799541429415e-01
1.001498453354270485e-01 3.322998661607615145e-01 3.908766607932405712e-01
1.049535555380559648e-01 3.317647206017728112e-01 3.911028074997816573e-01
1.098024699065605625e-01 3.312103127325827234e-01 3.913788891649212509e-01
1.146646731665438151e-01 3.307024827887906082e-01 3.916256070570499626e-01
1.171889803538206792e-01 3.304761305181706521e-01 3.918808899836591086e-01
1.196274573746853725e-01 3.302071656949231437e-01 3.920616332221131817e-01
1.243698158265949122e-01 3.295182135332015982e-01 3.922211487437429200e-01
1.293567899007021238e-01 3.290084971185325280e-01 3.924765715803065769e-01
1.320035936918280417e-01 3.288544649590230406e-01 3.925526192862268671e-01
1.372666855481014248e-01 3.286217849934192081e-01 3.926194614581762776e-01
1.421118805921327277e-01 3.284333506239265899e-01 3.927938796172953939e-01
1.445301498774522742e-01 3.283404721025992568e-01 3.929988322244629684e-01
1.493366912020936133e-01 3.282520821975492553e-01 3.932669023290961130e-01
1.518099065419799276e-01 3.281874406848698800e-01 3.933104629811859931e-01
1.571707293369039860e-01 3.280910612427162532e-01 3.936188773608882974e-01
1.622542418914596496e-01 3.280308245403906198e-01 3.938938748627190956e-01
1.647391561968132301e-01 3.280012756147427933e-01 3.940827671453145387e-01
1.694830865048089219e-01 3.279960107586469831e-01 3.942626843238614676e-01
1.742290464964380836e-01 3.281150527855322685e-01 3.944592810504348179e-01
1.766824524538411489e-01 3.280925404335002793e-01 3.947830201725127663e-01
1.815504034686333534e-01 3.280181106290816495e-01 3.949632160147100723e-01
1.839172104687788467e-01 3.280321715201186539e-01 3.949710579915641784e-01
1.886824751041704384e-01 3.280950034706969221e-01 3.950870915787100257e-01
1.936754556522548854e-01 3.281123839338874748e-01 3.951648843181355675e-01
1.962281040780592123e-01 3.280278994586383057e-01 3.950945340957204843e-01
1.987276334832007996e-01 3.279508858665643456e-01 3.950504145864865979e-01
2.034351246230129417e-01 3.277822039659255560e-01 3.948524822476637830e-01
2.079283570040598994e-01 3.276410986383908042e-01 3.947341747106468679e-01
2.102088169179888444e-01 3.275724994396406742e-01 3.946381745582280276e-01
2.149918831401926023e-01 3.274199063365190177e-01 3.943196128121908561e-01
2.197571659830192259e-01 3.273055685432391670e-01 3.939999309763179136e-01
2.221484104952118621e-01 3.272466617889743801e-01 3.938329659209679479e-01
2.267864223253626133e-01 3.271718348123498488e-01 3.934057840780958992e-01
2.315360952051757071e-01 3.270238045104754687e-01 3.928551885065452165e-01
2.339474856762601140e-01 3.270097197779449072e-01 3.926445179204133273e-01
2.363533338148393337e-01 3.269519156111631020e-01 3.924016513211804336e-01
2.411957075198988276e-01 3.268774971878863345e-01 3.918427530357022626e-01
2.459826206263585335e-01 3.267494291359536729e-01 3.911409535354192224e-01
2.484016877094382403e-01 3.266504853681731491e-01 3.908074206756961821e-01
2.484016877094382403e-01 3.266504853681731491e-01 3.908074206756961821e-01
2.576580805166492905e-01 3.264362799448627950e-01 3.898404448319561233e-01
2.610233665839942763e-01 3.263699435548516603e-01 3.894899383319322395e-01
2.659713955715022338e-01 3.263066383505875412e-01 3.887153216744317907e-01
2.684777460158636608e-01 3.262514981254849844e-01 3.882904676709161285e-01
2.735807582402772220e-01 3.262887023014232057e-01 3.876482059705459449e-01
2.787714599542559513e-01 3.263451090117275299e-01 3.869544918365899200e-01
2.813972537953610131e-01 3.263658096168203238e-01 3.865840997196232642e-01
2.865940379579313135e-01 3.264395779525822161e-01 3.858618513041599529e-01
2.891691069787782342e-01 3.264355012865073347e-01 3.855582775166507270e-01
2.917442459827439549e-01 3.264075033147326166e-01 3.853350985756189839e-01
2.977047755478061108e-01 3.261364591179978234e-01 3.852808964642531198e-01
3.010289657420886500e-01 3.259310517832707532e-01 3.853763215590998437e-01
3.067229247130808800e-01 3.256301439443164969e-01 3.856778450893022514e-01
3.091929499537452442e-01 3.254759325582990415e-01 3.859279186175225140e-01
3.140443770954985392e-01 3.252457926548162903e-01 3.865005848854546899e-01
3.164365179941786566e-01 3.251379325323002778e-01 3.867411840045520410e-01
3.238556604852282361e-01 3.248141122444090922e-01 3.876463770571042522e-01
3.263048297129642616e-01 3.247534476629909683e-01 3.879449086769150012e-01
3.263048297129642616e-01 3.247534476629909683e-01 3.879449086769150012e-01
3.312704616178295258e-01 3.247570841320964186e-01 3.886458820351781362e-01
3.386519587750585480e-01 3.247673478380086465e-01 3.896714041512991944e-01
3.435087496207631652e-01 3.246387871251725787e-01 3.904064928169939108e-01
3.459769111068611847e-01 3.245406007071311993e-01 3.907477489069163257e-01
3.509678489219505981e-01 3.242484469688950988e-01 3.915057505009656991e-01
3.533856822416273080e-01 3.240938560534749602e-01 3.916796614044965041e-01
3.581848583139623510e-01 3.237978215452390618e-01 3.920137713317440875e-01
3.605069988165694461e-01 3.236469569648885991e-01 3.923874189684544156e-01
3.629237800553426485e-01 3.233613725605566924e-01 3.927175858441571688e-01
3.653691225161961320e-01 3.231896546110652468e-01 3.929751895194676381e-01
3.718865625546838305e-01 3.227791979108280973e-01 3.933201103648454877e-01
3.774765479203633922e-01 3.225333786085171073e-01 3.935240396732150314e-01
3.822649792103587352e-01 3.222927151194356354e-01 3.936503347945594644e-01
3.846658887103303059e-01 3.221205496660953238e-01 3.936316447357954829e-01
3.894598992484634703e-01 3.218260712393195555e-01 3.934860414066257972e-01
3.918480007426753953e-01 3.216946660035451822e-01 3.934274355334479445e-01
3.942694446104175743e-01 3.215546702130360202e-01 3.934454616277976990e-01
4.014433808455146746e-01 3.210944005091163067e-01 3.930525708660154161e-01
4.014433808455146746e-01 3.210944005091163067e-01 3.930525708660154161e-01
4.062436162139248519e-01 3.207033860667771741e-01 3.927515503822623932e-01
4.135552668484256400e-01 3.202691020972630587e-01 3.921926626750950051e-01
4.160139665712488388e-01 3.201019669697416359e-01 3.919744362321728737e-01
4.208895579248837504e-01 3.197362243272446891e-01 3.913669379736088860e-01
4.208895579248837504e-01 3.197362243272446891e-01 3.913669379736088860e-01
4.283207842478278238e-01 3.193565842060271387e-01 3.905703049723717735e-01
4.307756071116043972e-01 3.192251719085014705e-01 3.902316296898532544e-01
4.356644254482994749e-01 3.188579355012966521e-01 3.893638187778276638e-01
4.406075558606203924e-01 3.185084970090250045e-01 3.885175506582048133e-01
4.431177860403634483e-01 3.183316534860937685e-01 3.880980982096088328e-01
4.456695516343946450e-01 3.181618152492218798e-01 3.877092473336118950e-01
4.508060547431201326e-01 3.178299535491164174e-01 3.869357113119598068e-01
4.559368671802659922e-01 3.173435000808793593e-01 3.859494883722405234e-01
4.610827760391995045e-01 3.168475604418981018e-01 3.848913271163176830e-01
4.636755624887307636e-01 3.166023951741160913e-01 3.843338211266159599e-01
4.663214081110001463e-01 3.163466552808013588e-01 3.838836782766540390e-01
4.714676781276261330e-01 3.160586470092743849e-01 3.830874680122501319e-01
4.740522058568754638e-01 3.160152895263184103e-01 3.828460355833884776e-01
4.766080965415963600e-01 3.159703253050896721e-01 3.825139515774728105e-01
4.852463485562787948e-01 3.161267543871243979e-01 3.820262663238348511e-01
4.883865138197800992e-01 3.161379621589756606e-01 3.821664016110412065e-01
4.907085620015692595e-01 3.160984234180758690e-01 3.822617888631313354e-01
4.953320526898739584e-01 3.157681630372440318e-01 3.826588624846901654e-01
4.953320526898739584e-01 3.157681630372440318e-01 3.826588624846901654e-01
5.024898412815227422e-01 3.152380248410195374e-01 3.832751619024279410e-01
5.048561047258116607e-01 3.149611153348284009e-01 3.833591064503053536e-01
5.096596185579244098e-01 3.143588562190907099e-01 3.834584222455618141e-01
5.146401032424424704e-01 3.138909676072088595e-01 3.838544763097578860e-01
5.146401032424424704e-01 3.138909676072088595e-01 3.838544763097578860e-01
5.219400682982561213e-01 3.133305660929636693e-01 3.842456158759691709e-01
5.271229824714250833e-01 3.128397482778017547e-01 3.843895671003272341e-01
5.296225255081932204e-01 3.126528079870190546e-01 3.844279849456339049e-01
5.346101553062120315e-01 3.124153386531067778e-01 3.846330516929515886e-01
5.395615258564735450e-01 3.123251328194218135e-01 3.850609590372243707e-01
5.421177957664621294e-01 3.122470659787013880e-01 3.852148701802809994e-01
5.473570245590256844e-01 3.120052566167913488e-01 3.854314167748175146e-01
5.499566028318100264e-01 3.119209075120448760e-01 3.855652003511501613e-01
5.550331867876091563e-01 3.119439213566645441e-01 3.859145138623095717e-01
5.575706409020085852e-01 3.120272784110146858e-01 3.860288881278404194e-01
5.624718403347905848e-01 3.123093381253860268e-01 3.862429524252531943e-01
5.649107559728692163e-01 3.123875382459473937e-01 3.864589459334274446e-01
5.649107559728692163e-01 3.123875382459473937e-01 3.864589459334274446e-01
5.739679065197419439e-01 3.124308367147431986e-01 3.867539113539634199e-01
5.772675928283000912e-01 3.124276443057086294e-01 3.868233930265391196e-01
5.819419838866225492e-01 3.126856781343415603e-01 3.868510973649240681e-01
5.868846905664358848e-01 3.124446112281132337e-01 3.870695275920608136e-01
5.894074067793569904e-01 3.122558936179563038e-01 3.871387822327920780e-01
5.942720485376716821e-01 3.122540972333813225e-01 3.869177813930911869e-01
5.966397764755475563e-01 3.122988520666507561e-01 3.867938677352559251e-01
6.013514440204557054e-01 3.123102472181402689e-01 3.865884798507294162e-01
6.037779754426738643e-01 3.122368472963557018e-01 3.864578013381233523e-01
6.084853778805321411e-01 3.122363733259941321e-01 3.861371751740162450e-01
6.131291864222475629e-01 3.122040004116347078e-01 3.859207635677127657e-01
6.177922123848810232e-01 3.121573861425943619e-01 3.855815423126166541e-01
6.201122842346120656e-01 3.121176912860550434e-01 3.853915524231367185e-01
6.224522607669963348e-01 3.120907101158515440e-01 3.850716219653613770e-01
6.271622867743785745e-01 3.120118202577261690e-01 3.845751429187470594e-01
6.318776593109244333e-01 3.119171971539210220e-01 3.841250480407955026e-01
6.341640814821638550e-01 3.119588329047283115e-01 3.838498973835809958e-01
6.365572780597649194e-01 3.119128220373907356e-01 3.835520578778472967e-01
6.389602201635605772e-01 3.119217234034237229e-01 3.833151568399760789e-01
6.389602201635605772e-01 3.119217234034237229e-01 3.833151568399760789e-01
6.389602201635605772e-01 3.119217234034237229e-01 3.833151568399760789e-01
6.413484864762676319e-01 3.119199254007855582e-01 3.830718880339690768e-01
6.470175837880676184e-01 3.118734144526817964e-01 3.823925160134190593e-01
6.470175837880676184e-01 3.118734144526817964e-01 3.823925160134190593e-01
6.535201927598031091e-01 3.117761403801584397e-01 3.815620769296379500e-01
6.535201927598031091e-01 3.117761403801584397e-01 3.815620769296379500e-01
6.677049857087462570e-01 3.115059878934458015e-01 3.798985527724657585e-01
6.736717741883301303e-01 3.114678333432596147e-01 3.791226914337483267e-01
6.839751383021955844e-01 3.115553951891346096e-01 3.777813726879966083e-01
6.865374929283922789e-01 3.115347953745988829e-01 3.775850607147189786e-01
6.914680502686733066e-01 3.113141267100725251e-01 3.776339110521530484e-01
6.962820983569920630e-01 3.110469022307832954e-01 3.776465988110220273e-01
6.986325173184688708e-01 3.109300680430027164e-01 3.777050899820589835e-01
7.009005431792277863e-01 3.107871634033754216e-01 3.779016969590773822e-01
7.054369609685595677e-01 3.104543030247239876e-01 3.785177299885105207e-01
7.098420085162692184e-01 3.101765281147053632e-01 3.791005097360029552e-01
7.141309927150744086e-01 3.098798723289519219e-01 3.797155746776658125e-01
7.141309927150744086e-01 3.098798723289519219e-01 3.797155746776658125e-01
7.183898542798616838e-01 3.095277941996819049e-01 3.807215539061196141e-01
7.250239207261554020e-01 3.092333572080042114e-01 3.815361566082381417e-01
7.272689818498140335e-01 3.091625766603516845e-01 3.819277792685052964e-01
7.295454946247655892e-01 3.091260976024107765e-01 3.823145096270476051e-01
7.341832390782165874e-01 3.090037854699447251e-01 3.832145346867593672e-01
7.365246931345542647e-01 3.089407032615536508e-01 3.835704833507634914e-01
7.412921271933198275e-01 3.087593108341158965e-01 3.840505885820979515e-01
7.460047455790407289e-01 3.085158016604592768e-01 3.846129279495706932e-01
7.483324751540688657e-01 3.083445930052364781e-01 3.848289063136186572e-01
7.506775327491364003e-01 3.081430312639042435e-01 3.850398353529455031e-01
7.576602275240637008e-01 3.074686099810028939e-01 3.855364921459295546e-01
7.600847636210693592e-01 3.071851114912710901e-01 3.857149000195354560e-01
7.648081311422770812e-01 3.065804348750402197e-01 3.858974056839130640e-01
7.693373768956734970e-01 3.061712266605637334e-01 3.861001826212416832e-01
7.715855360508642180e-01 3.059530528789985993e-01 3.861686813599994883e-01
7.739238554783266499e-01 3.056221721847663941e-01 3.862640410454217799e-01
7.787516659201964009e-01 3.051048380307624930e-01 3.862810117245129016e-01
7.811087615262657380e-01 3.049291469012569422e-01 3.861575600625223315e-01
7.811087615262657380e-01 3.049291469012569422e-01 3.861575600625223315e-01
7.926938645535281935e-01 3.038754658598666336e-01 3.859127860444550029e-01
7.926938645535281935e-01 3.038754658598666336e-01 3.859127860444550029e-01
7.973858733458425441e-01 3.034390845359599687e-01 3.856881286090877436e-01
8.020244214364876667e-01 3.030277796409081570e-01 3.853445244268353109e-01
8.042776931744363145e-01 3.028245657004547398e-01 3.851111080505239537e-01
8.090224388582507586e-01 3.024420006704190977e-01 3.846992026435208656e-01
8.114922480183212050e-01 3.023885378455596906e-01 3.843569404566801184e-01
8.163603655307475337e-01 3.021010793818884044e-01 3.837019857916645904e-01
8.187383165935225859e-01 3.017717048811617286e-01 3.835043920180249977e-01
8.210132982670900192e-01 3.014681280855415202e-01 3.832368556068050935e-01
8.257472596303893075e-01 3.011238575280574814e-01 3.825575511755719971e-01
8.330936483674394877e-01 3.004250908488888538e-01 3.814624629235552344e-01
8.356187818748640472e-01 3.002697068977993045e-01 3.809821308529092176e-01
8.405010786067471651e-01 2.998705113078076745e-01 3.801718364179165199e-01
8.429617303029529607e-01 2.996444502662590215e-01 3.797106222699415667e-01
8.479669244436390807e-01 2.991127562033087384e-01 3.787216555729480127e-01
8.504934818266202123e-01 2.988477011694137819e-01 3.782815260489217346e-01
8.555134903569138194e-01 2.982319665393638464e-01 3.775294754845209821e-01
8.606049567949481949e-01 2.976225591998484243e-01 3.764266958877054980e-01
8.631581924107244452e-01 2.974215407707792580e-01 3.759146061443238152e-01
8.682284709099302722e-01 2.972429093640862052e-01 3.750834223548782376e-01
8.706777079965655197e-01 2.972488795904911774e-01 3.749113302358385580e-01
8.753292321501359163e-01 2.970897826628646210e-01 3.748270002628862896e-01
8.799299452663637000e-01 2.970238899606692518e-01 3.749077306743390237e-01
8.823087977533718984e-01 2.970733572544869139e-01 3.749852832733250318e-01
8.869272987995368007e-01 2.968827102742589985e-01 3.751779443173278716e-01
8.915226321193050474e-01 2.966113688986062313e-01 3.755097392813392387e-01
8.963016757685690061e-01 2.961226098165193332e-01 3.757125154104427045e-01
8.963016757685690061e-01 2.961226098165193332e-01 3.757125154104427045e-01
9.010532123945885763e-01 2.955839091127951956e-01 3.759660149914098026e-01
9.058695739740123543e-01 2.948998769724469615e-01 3.761925863551269789e-01
9.107997800331939509e-01 2.941546961283950656e-01 3.762663828422309065e-01
9.132954291170936045e-01 2.938356923175880486e-01 3.763705674793380584e-01
9.181589007303641026e-01 2.932904067538113502e-01 3.764968135415660555e-01
9.231753393573338684e-01 2.928410611265428454e-01 3.766793807498336477e-01
9.257550137654803057e-01 2.926746612201207021e-01 3.767594724086943403e-01
9.307978263664079543e-01 2.924743685595115328e-01 3.768164243728228113e-01
9.332719098461592644e-01 2.922743086499386966e-01 3.768628819822623655e-01
9.357774084997174668e-01 2.921113774735420443e-01 3.768542313846426905e-01
9.433138253202940637e-01 2.918295513998089841e-01 3.772084290011198382e-01
9.458211245235025322e-01 2.918092569439144079e-01 3.773061652497391449e-01
9.507709647859529101e-01 2.918450238751806869e-01 3.775007411821120762e-01
9.532553899636563299e-01 2.919174087442185095e-01 3.775697875094320421e-01
9.582629273509054579e-01 2.918804023594470665e-01 3.779516729342959902e-01
9.607398262493175300e-01 2.918314900870872530e-01 3.781667407688756866e-01
9.656344472679809776e-01 2.917538487048731977e-01 3.785402126975413450e-01
9.680798429924366566e-01 2.917286174783513264e-01 3.786786134073080179e-01
9.728584929663955938e-01 2.916416427862973393e-01 3.790029154536135314e-01
9.777223251169443463e-01 2.914960862293299315e-01 3.792479448999481750e-01
9.801303986731494389e-01 2.914577702887838906e-01 3.791577263750233184e-01
9.825348717324540182e-01 2.914337067606483922e-01 3.791501633657773374e-01
9.849266690980336136e-01 2.913486798874684314e-01 3.793222246789108576e-01
9.913208921755757297e-01 2.910682815619057284e-01 3.793738623374124375e-01
9.969171223141253257e-01 2.908766430005983450e-01 3.791309381235651310e-01
9.992636807414402300e-01 2.908511672363090494e-01 3.789399705192059153e-01
1.004015313637903306e+00 2.905964919050617046e-01 3.788113021428404226e-01
1.006455643006648693e+00 2.904493837041806081e-01 3.788290405303709196e-01
1.011275178494907001e+00 2.902754169489943359e-01 3.786138598641828334e-01
1.016021700604182065e+00 2.900816255927063381e-01 3.783835221738814925e-01
1.018414511006521250e+00 2.899928114527977052e-01 3.782063740553561759e-01
1.023406530633178990e+00 2.896840577848152631e-01 3.772480268406585013e-01
1.028342018597965035e+00 2.894778371513915816e-01 3.765700980338737569e-01
1.030761697049009662e+00 2.894016496671107941e-01 3.763433854283996238e-01
1.035589406757958519e+00 2.892317940400266907e-01 3.758608276685767580e-01
1.040478425556927489e+00 2.890178333572981928e-01 3.754097764142764193e-01
1.042920995329361444e+00 2.889352585826933661e-01 3.751631218616833241e-01
1.045309411214187412e+00 2.888451805496524694e-01 3.748577682200405770e-01
1.047789241368040969e+00 2.887686977444925418e-01 3.745939807056309911e-01
1.047789241368040969e+00 2.887686977444925418e-01 3.745939807056309911e-01
1.047789241368040969e+00 2.887686977444925418e-01 3.745939807056309911e-01
1.054497704084750298e+00 2.885321853296221595e-01 3.738391462644737873e-01
1.054497704084750298e+00 2.885321853296221595e-01 3.738391462644737873e-01
1.066194559270817743e+00 2.884495387390794696e-01 3.732318349880947572e-01
1.075945958257684687e+00 2.886574974885884326e-01 3.729409623587101041e-01
1.078539169261584219e+00 2.886077204090560233e-01 3.726238283963043685e-01
1.083597381098407864e+00 2.884718823328916160e-01 3.721214698349299965e-01
1.088548006052275197e+00 2.882512649806403537e-01 3.719449663144397400e-01
1.091023641571907232e+00 2.881022920658081188e-01 3.719677542170957141e-01
1.095705700455985587e+00 2.877772805640800846e-01 3.721457436167147081e-01
1.097954699987901961e+00 2.875851770911825311e-01 3.723253002803736944e-01
1.100150185536476366e+00 2.873540262742016460e-01 3.725255439443827532e-01
1.106378984547082389e+00 2.869822523487267074e-01 3.732703393642512468e-01
1.109463050812010687e+00 2.868146549194629524e-01 3.736844963671502873e-01
1.113744739910539572e+00 2.864344953241393932e-01 3.742367560288657469e-01
1.115659458943192739e+00 2.861931353717359072e-01 3.744391219424434425e-01
1.119813378712631424e+00 2.857486841237857900e-01 3.751306425644999054e-01
1.122174251284971946e+00 2.856194427760138654e-01 3.755462715000555951e-01
1.124503212482463432e+00 2.855089810298844233e-01 3.758231931582373120e-01
1.127667388538327709e+00 2.854026744382684444e-01 3.762747226370454223e-01
1.130900865751170103e+00 2.852990730571929867e-01 3.767372466026008837e-01
1.130900865751170103e+00 2.852990730571929867e-01 3.767372466026008837e-01
1.143242461288465295e+00 2.847790597106129584e-01 3.780143529147789172e-01
1.146682329883283780e+00 2.845699112113511120e-01 3.783101957426908690e-01
1.151320824707192658e+00 2.841064331864014414e-01 3.784594894278398014e-01
1.153647690642272350e+00 2.838661656181104553e-01 3.785190597472856133e-01
1.158418528037609585e+00 2.833138430364982585e-01 3.787573958447971734e-01
1.160774913340353320e+00 2.830518225553960154e-01 3.788629076345512159e-01
1.165513479407861430e+00 2.826498796475219177e-01 3.789088778370647281e-01
1.170165341154867811e+00 2.821952698797572934e-01 3.788937446145856924e-01
1.172411211602630843e+00 2.819252294318419505e-01 3.788284189032666838e-01
1.176862025298618830e+00 2.812622905209195556e-01 3.787337234566806599e-01
1.181360585034757937e+00 2.805880866131442164e-01 3.787022366101107096e-01
1.185832776786273302e+00 2.800199954288748461e-01 3.785873450312253752e-01
1.188064837607597513e+00 2.797782948293547345e-01 3.784577139139750912e-01
1.190373764333906514e+00 2.795300132575613827e-01 3.783829883571877550e-01
1.194872449840284290e+00 2.789326465596274063e-01 3.781503281519614790e-01
1.199465859242309973e+00 2.784480711785382590e-01 3.778317679526097539e-01
1.204084785583608541e+00 2.779860680167319242e-01 3.774523585393052549e-01
1.206312537301117205e+00 2.777627189404008323e-01 3.771445604938309382e-01
1.208613593967432509e+00 2.775256159790098209e-01 3.768815682122956812e-01
1.210935308575520564e+00 2.773014250899133448e-01 3.766121984476819007e-01
1.213276327296929802e+00 2.771051111555510871e-01 3.763289863732680596e-01
1.218702219736422343e+00 2.766214704292516702e-01 3.755752868591464289e-01
1.224864104967926304e+00 2.754336130695454465e-01 3.729196372408694060e-01
1.229494954653366445e+00 2.745769554477304197e-01 3.711707414590706966e-01
1.231941852979877572e+00 2.743188213296327560e-01 3.708295712570227609e-01
1.234342280229157929e+00 2.740266934269091070e-01 3.704494371690159049e-01
1.239372594531918725e+00 2.736585245541187095e-01 3.707442169374797203e-01
1.244276868537129932e+00 2.735226151107605919e-01 3.715463255232865913e-01
1.246658829398168633e+00 2.730691108239712839e-01 3.708691080995092371e-01
1.251669315981372987e+00 2.723210010177904983e-01 3.698664157406708064e-01
1.256619555127579169e+00 2.716451010673053834e-01 3.690232142885653266e-01
1.259109661799631574e+00 2.714062715847339602e-01 3.687056935564476667e-01
1.263835190615393289e+00 2.710538895094108391e-01 3.683079217651035187e-01
1.266101193877396502e+00 2.709295035575137178e-01 3.682438307196657101e-01
1.270629294890627925e+00 2.708462277180769817e-01 3.683320376877845526e-01
1.272838002697898707e+00 2.708322759933791124e-01 3.684446145458969424e-01
1.277234217638201441e+00 2.706442881490574437e-01 3.687681543894542058e-01
1.279474122636240274e+00 2.705447179151005410e-01 3.689276903255187534e-01
1.286339130425202981e+00 2.700547032238895251e-01 3.695432057343573939e-01
1.286339130425202981e+00 2.700547032238895251e-01 3.695432057343573939e-01
1.288702383182248612e+00 2.698864690348992679e-01 3.697170511433257589e-01
1.294922160261608335e+00 2.691028359802686287e-01 3.700554893002353518e-01
1.300410861343985092e+00 2.683646908695403455e-01 3.702974881412559593e-01
1.305216897410007570e+00 2.676432537490649466e-01 3.705924956598263265e-01
1.307637470991651174e+00 2.673269274748154012e-01 3.707535644039511302e-01
1.309996469708567535e+00 2.670550335270889253e-01 3.707885132119229654e-01
1.314919785260316720e+00 2.666028067875146901e-01 3.710343102356195022e-01
1.317406548828754298e+00 2.664252758092642837e-01 3.711705126079910544e-01
1.322347444153600504e+00 2.661173663900971431e-01 3.713845389884741222e-01
1.327237959508193121e+00 2.657328433644605137e-01 3.714110095999832994e-01
1.332201603784678445e+00 2.654706172424778909e-01 3.715575572676732552e-01
1.337290423904058834e+00 2.652950887505744482e-01 3.720156072732797581e-01
1.339748517226063917e+00 2.652053392815932331e-01 3.720724595874811413e-01
1.344577147530383598e+00 2.651654100015223281e-01 3.721688710186064064e-01
1.347058400360604979e+00 2.651674480270662659e-01 3.723561810109720094e-01
1.352098844057246785e+00 2.651784626308793524e-01 3.727721271424033755e-01
1.354533572837998578e+00 2.651953220759024621e-01 3.728743200029437377e-01
1.361836761275559526e+00 2.651534034195446310e-01 3.731582724586725019e-01
1.366716399251309833e+00 2.651174624945791813e-01 3.733664896647218567e-01
1.371569725647294069e+00 2.650154272486210938e-01 3.734011814067584867e-01
1.373978619649572464e+00 2.649889860401635211e-01 3.733991316588834986e-01
1.378844081144390943e+00 2.647090050160557095e-01 3.730464746594961412e-01
1.381232937063312960e+00 2.645005848957603933e-01 3.727211474720418805e-01
1.385916610194401599e+00 2.643272667480391358e-01 3.723610696238346396e-01
1.388361366754911730e+00 2.643344086630432521e-01 3.724280380419671133e-01
1.393204515186858394e+00 2.642471653372868712e-01 3.723350053331373477e-01
1.398026980453134671e+00 2.639988928552048364e-01 3.719825618074588114e-01
1.398026980453134671e+00 2.639988928552048364e-01 3.719825618074588114e-01
1.402747537998492389e+00 2.637829039759116978e-01 3.716962264022736218e-01
1.407394478233174873e+00 2.636189319022658184e-01 3.711247279474571004e-01
1.414623808713137310e+00 2.636084680591530005e-01 3.706559278463410489e-01
1.416987414971561110e+00 2.634976769724624579e-01 3.703778879415738912e-01
1.421787609936959074e+00 2.634395328464360642e-01 3.699108389162909516e-01
1.424222536048006971e+00 2.634916877450257378e-01 3.697045129624612070e-01
1.426637813673307109e+00 2.634248066969867019e-01 3.694151430699217364e-01
1.431514794270867919e+00 2.633454295760092045e-01 3.688853845091389916e-01
1.436379239305675570e+00 2.634578675438041251e-01 3.682144261206087288e-01
1.438614952910099332e+00 2.632258577278703826e-01 3.673307297290012707e-01
1.443482474306049923e+00 2.627573676806646552e-01 3.662447307442232569e-01
1.446199865789173922e+00 2.627900028275795274e-01 3.663599559806973716e-01
1.448752936615422371e+00 2.628297475159000474e-01 3.661690111219249033e-01
1.456183098355404715e+00 2.636183105944431837e-01 3.656088113794432326e-01
1.458742598284399783e+00 2.636641499505038566e-01 3.651472610377682892e-01
1.463829994872859031e+00 2.637117528352002638e-01 3.642479177279049907e-01
1.471573886066343873e+00 2.634493674535373642e-01 3.626642803522435177e-01
1.474163214991408566e+00 2.634543081044052326e-01 3.626430469122047251e-01
1.479274892214891279e+00 2.637199572811292358e-01 3.626961769696527282e-01
1.486385062418553060e+00 2.627909227730746422e-01 3.611194715092372887e-01
1.488638231862788208e+00 2.622236596941787123e-01 3.605020318119293021e-01
1.491025560757384349e+00 2.620588081514675927e-01 3.606800529163147750e-01
1.495677786483980753e+00 2.617650095747633965e-01 3.611110556087324674e-01
1.498050684775121377e+00 2.616900538015879962e-01 3.613878898523409378e-01
1.503036807642596173e+00 2.622869033877579525e-01 3.634699379220587279e-01
1.507913584899395198e+00 2.625551059137294918e-01 3.648894544920250338e-01
1.510298687189965294e+00 2.625062477354897505e-01 3.652285443719486269e-01
1.515034672049687892e+00 2.621516297479273283e-01 3.656376785927052397e-01
1.519864161728538221e+00 2.620401381529127716e-01 3.662331141802449563e-01
1.522326916030117161e+00 2.620736830287201946e-01 3.666575322983526286e-01
1.524846560865301681e+00 2.621304324919096485e-01 3.668980244866872908e-01
1.529987416863548999e+00 2.623601072341425477e-01 3.673943623283956184e-01
1.534975480160907679e+00 2.622701910382632673e-01 3.679696617058867414e-01
1.540056652473901666e+00 2.622209423802267514e-01 3.686196607302251183e-01
1.542619108061176192e+00 2.620637288526018183e-01 3.688816690722238611e-01
1.547557015325023544e+00 2.616366394190178801e-01 3.692895362211255916e-01
1.550062417008783777e+00 2.615354521318842829e-01 3.694950107422815266e-01
