-1.625470511187216971e+00 3.654179483165102549e-01 3.788873981776509359e-01
-1.625553977577647080e+00 3.654047086980427572e-01 3.788614230869365995e-01
-1.625578694715656525e+00 3.655418599221793574e-01 3.787211545642303889e-01
-1.625445446298555252e+00 3.655889599608829754e-01 3.788809050136168199e-01
-1.625650697013660606e+00 3.656827063402623423e-01 3.789586363597524654e-01
-1.625745688340924922e+00 3.657631595081045073e-01 3.790299862422106258e-01
-1.625679809862929703e+00 3.658743341730618659e-01 3.794529488256358496e-01
-1.625700146604698970e+00 3.658789040452276597e-01 3.797192908022084534e-01
-1.625900430467503099e+00 3.658951356097945307e-01 3.799305043220456701e-01
-1.626305973271983119e+00 3.658665327087178287e-01 3.808490607067508416e-01
-1.626527244484488266e+00 3.656406612972511461e-01 3.822860513769735791e-01
-1.626647001597059328e+00 3.656751642730284857e-01 3.834644853184933089e-01
-1.626654403980259511e+00 3.655649033136105786e-01 3.847745600790870579e-01
-1.626692678505653467e+00 3.656620973490313786e-01 3.853811993105336065e-01
-1.626761379733107971e+00 3.658205450860617103e-01 3.858687024441181945e-01
-1.626476544330210716e+00 3.654014198357699583e-01 3.878317726886583161e-01
-1.626373992994858630e+00 3.654414895925237605e-01 3.882989708766860781e-01
-1.626138354228015670e+00 3.651537632471863470e-01 3.890149020439830352e-01
-1.625913625115559036e+00 3.649042772240876364e-01 3.902789664517147816e-01
-1.625275921589996342e+00 3.645658314509632736e-01 3.912713628178585701e-01
-1.624906502190931468e+00 3.645122252548256836e-01 3.918028835500141360e-01
-1.624685460563674910e+00 3.644590320229954550e-01 3.923248272794745972e-01
-1.623851240307725208e+00 3.639618200057958552e-01 3.932372776519340585e-01
-1.623013399687939229e+00 3.636405193935975944e-01 3.941030209820589603e-01
-1.622243471544135174e+00 3.631838766635677729e-01 3.949517880113196933e-01
-1.621673223572550837e+00 3.628844515369245016e-01 3.953601923011342834e-01
-1.620272837116296438e+00 3.628306480653520349e-01 3.958928560414600728e-01
-1.619665383601990749e+00 3.626925694207316919e-01 3.961928419098197374e-01
-1.618486766378470554e+00 3.626188982959974716e-01 3.966124041823304580e-01
-1.616915184156269669e+00 3.623704263820519134e-01 3.971063588698803271e-01
-1.616045819597540012e+00 3.621459270974149436e-01 3.975596103399382519e-01
-1.614514660930944201e+00 3.619137819536189515e-01 3.978282723019862521e-01
-1.612951577340337783e+00 3.616780122368434269e-01 3.981348903191233024e-01
-1.612005665235322072e+00 3.615065559875829115e-01 3.984521972693295666e-01
-1.610155377842314550e+00 3.613035324576154839e-01 3.988014980828396006e-01
-1.609237644427866210e+00 3.611322051506853370e-01 3.989974461277372431e-01
-1.607130091412600104e+00 3.608937942301522761e-01 3.995424953449725480e-01
-1.606105620273525547e+00 3.607936803834640993e-01 3.998134029798126043e-01
-1.604048327926673734e+00 3.604931493613435234e-01 4.001591930347386805e-01
-1.603103882489512744e+00 3.603984783955869187e-01 4.003246278616412468e-01
-1.601009979918105453e+00 3.601177351331335541e-01 4.008211997024543338e-01
-1.597451366467742773e+00 3.602452327729996351e-01 4.012252123623740729e-01
-1.597451366467742773e+00 3.602452327729996351e-01 4.012252123623740729e-01
-1.595036623482411153e+00 3.598874717751252006e-01 4.017230258933521814e-01
-1.592661984426590349e+00 3.597836766869910163e-01 4.022449827961267488e-01
-1.591374131247776047e+00 3.597025985646256641e-01 4.024820006689110441e-01
-1.588769964777796417e+00 3.594166321267109332e-01 4.030064147471442704e-01
-1.587534335814686726e+00 3.593964260874035754e-01 4.032629619396462806e-01
-1.584775574017823763e+00 3.592909614566581755e-01 4.036714332096001945e-01
-1.582085341970299153e+00 3.592320851479675059e-01 4.040551449259149885e-01
-1.580644821443224046e+00 3.591155156904851098e-01 4.043105679071330449e-01
-1.579168335958454294e+00 3.590190839582651505e-01 4.045981475849700360e-01
-1.576347086799910313e+00 3.589453096437409396e-01 4.050713493714663826e-01
-1.573425374200842164e+00 3.589862762026201359e-01 4.054407470138126079e-01
-1.573425374200842164e+00 3.589862762026201359e-01 4.054407470138126079e-01
-1.567851697101579456e+00 3.586503017699491647e-01 4.066263169287290813e-01
-1.565807454108633756e+00 3.585771430649557501e-01 4.070206822064426078e-01
-1.564070194146667037e+00 3.586957217960247690e-01 4.072014054159035501e-01
-1.562504913772205128e+00 3.587329075138045997e-01 4.074855363310775358e-01
-1.557323169804550433e+00 3.587125114263813863e-01 4.082791485052492675e-01
-1.553976659399775251e+00 3.588326722836452931e-01 4.087927572626561812e-01
-1.553976659399775251e+00 3.588326722836452931e-01 4.087927572626561812e-01
-1.548841263921042044e+00 3.590753607665190805e-01 4.097398680418457007e-01
-1.547090112954068175e+00 3.590965563141048089e-01 4.100424472189337921e-01
-1.543471172430463056e+00 3.591520326022401011e-01 4.106981564866840628e-01
-1.541761950679906512e+00 3.594284517542245538e-01 4.109472864294545502e-01
-1.538104044063118847e+00 3.597672371658359736e-01 4.117492944499759888e-01
-1.536133802970729434e+00 3.597896781933798138e-01 4.121855774610572176e-01
-1.532465216530004559e+00 3.601477716723046618e-01 4.129164425566463903e-01
-1.528697850688839788e+00 3.608758652377745957e-01 4.135934272680987789e-01
-1.526834303544047700e+00 3.612827724232814952e-01 4.139366227820330257e-01
-1.522964756670830200e+00 3.620029169970180316e-01 4.146910114829793770e-01
-1.518949044254683356e+00 3.626488546040415595e-01 4.154017630414466034e-01
-1.516890305173341780e+00 3.630013801663527495e-01 4.157245207600401837e-01
-1.512665963399587143e+00 3.637825374414009327e-01 4.161370876820725817e-01
-1.510530433131436867e+00 3.641835681643934564e-01 4.163369018069640326e-01
-1.506195103772996591e+00 3.648537436410956292e-01 4.167924191512379917e-01
-1.503993193257266547e+00 3.653183083284313182e-01 4.169693722622564991e-01
-1.499475527189199076e+00 3.661579744350670906e-01 4.171127529340231677e-01
-1.497197053918038590e+00 3.664919736731682143e-01 4.171316782769416420e-01
-1.492548902009565692e+00 3.672688103305294938e-01 4.171160895347207909e-01
-1.490200852085115768e+00 3.676210762347396077e-01 4.171087436215338284e-01
-1.485349990991106539e+00 3.682337950936768745e-01 4.170192944547533864e-01
-1.480521978393209537e+00 3.687513783552618940e-01 4.168697846629216830e-01
-1.475637333330086731e+00 3.694969526175445051e-01 4.167546937515346217e-01
-1.473075481818488575e+00 3.697390981168833246e-01 4.165970925474807851e-01
-1.468072144517924116e+00 3.701059894089371860e-01 4.165446891395425677e-01
-1.465596634335733173e+00 3.702815996834980528e-01 4.165740009312545178e-01
-1.460825099292611506e+00 3.705944837134290126e-01 4.168577565523443607e-01
-1.458483366113200175e+00 3.706475240991350950e-01 4.171194529875614787e-01
-1.453811170093850746e+00 3.708164065697646117e-01 4.177234086471182106e-01
-1.449245557933815265e+00 3.710041915182000216e-01 4.183926805487765410e-01
-1.444766089674254905e+00 3.711847677512132293e-01 4.190230488903078365e-01
-1.442523852049006239e+00 3.713281239495671571e-01 4.193106978822782605e-01
-1.438211440021256671e+00 3.718645941175677261e-01 4.198775109989070220e-01
-1.436087813121569745e+00 3.720966096182261040e-01 4.201148906260715465e-01
-1.431863938188924656e+00 3.724711860875231650e-01 4.205623961462938709e-01
-1.427653853638262360e+00 3.730528182319315378e-01 4.209435673328137950e-01
-1.425530596529739569e+00 3.733503928730472210e-01 4.211145026844976824e-01
-1.421352971699889833e+00 3.739355126925409389e-01 4.214159775036030453e-01
-1.419252640503553708e+00 3.742943769561785650e-01 4.216359291049778246e-01
-1.414893729462964211e+00 3.750964581501183837e-01 4.219052460148662309e-01
-1.412705580787425141e+00 3.754338193409295088e-01 4.220529309146916486e-01
-1.408299907692223130e+00 3.760511898190558866e-01 4.223716487747850579e-01
-1.403986784945837840e+00 3.766665365396217879e-01 4.226065230927082972e-01
-1.401793702466293645e+00 3.769573221598374602e-01 4.226834600816762322e-01
-1.399530961539969143e+00 3.771393212203019707e-01 4.226496864211544136e-01
-1.395079395589812643e+00 3.774977576133184409e-01 4.225642691889465175e-01
-1.390652058232138666e+00 3.777327091370923928e-01 4.225694116068322570e-01
-1.388455856664465138e+00 3.777952000242613129e-01 4.225106752155118883e-01
-1.386288579065243054e+00 3.780850728388618909e-01 4.224228015351937371e-01
-1.379479839660557650e+00 3.781530587333389870e-01 4.221470167689803654e-01
-1.377184744092442514e+00 3.782138541174588364e-01 4.220284841973176437e-01
-1.377184744092442514e+00 3.782138541174588364e-01 4.220284841973176437e-01
-1.368927885195500904e+00 3.788089183693639783e-01 4.211603817149327522e-01
-1.365949595050301335e+00 3.791330180378394421e-01 4.208620058044729717e-01
-1.361427140774313260e+00 3.793623092444494138e-01 4.201150126038116772e-01
-1.359145703783696035e+00 3.795354648855150947e-01 4.197673111096815735e-01
-1.354598260948905564e+00 3.801247837288532772e-01 4.190838449628698781e-01
-1.352296273865441600e+00 3.804051295168809355e-01 4.186903452758599098e-01
-1.347625633141094070e+00 3.810830969396117318e-01 4.177306915932760267e-01
-1.342903737486206284e+00 3.818076445271603725e-01 4.168859700663403167e-01
-1.340486644112241832e+00 3.821748348428568032e-01 4.163766883255046736e-01
-1.335619227854760949e+00 3.831804348455319364e-01 4.154499311056545352e-01
-1.330827288537671294e+00 3.844623222338612312e-01 4.146022471940289389e-01
-1.326162234894148417e+00 3.858412014804052936e-01 4.140517096538322006e-01
-1.326162234894148417e+00 3.858412014804052936e-01 4.140517096538322006e-01
-1.321678824618189418e+00 3.873809857999543915e-01 4.139648393121002634e-01
-1.317469453306000071e+00 3.889414758075715461e-01 4.141473605831217375e-01
-1.315312865386058405e+00 3.895616276093163410e-01 4.142790229341752894e-01
-1.310943105685565380e+00 3.906832132678905722e-01 4.146413542140018338e-01
-1.306545226303718499e+00 3.914317880685418971e-01 4.151961878528510619e-01
-1.301934993285168263e+00 3.917634031598762334e-01 4.158592212800906740e-01
-1.299612929158494357e+00 3.918565481282628160e-01 4.162470003050946499e-01
-1.294954877913436997e+00 3.920098095762221124e-01 4.171217049292335055e-01
-1.292598406733975969e+00 3.921141691020418318e-01 4.175824355341997141e-01
-1.288150751987758413e+00 3.925625748122291703e-01 4.183263346811959549e-01
-1.285942608929810271e+00 3.927250480251167075e-01 4.186581923833692098e-01
-1.278822523665261279e+00 3.933789151734961020e-01 4.196798090669853210e-01
-1.278822523665261279e+00 3.933789151734961020e-01 4.196798090669853210e-01
-1.274257813495585756e+00 3.939643340971918373e-01 4.201883761965827802e-01
-1.269728366793247520e+00 3.945673577784256647e-01 4.205270129996088180e-01
-1.265140958403971672e+00 3.955644822107480252e-01 4.209452180386983322e-01
-1.262839348795055328e+00 3.960190160100463541e-01 4.210996381889979823e-01
-1.260565493611638610e+00 3.963487211250653619e-01 4.211989518821370737e-01
-1.256009951406198866e+00 3.970910913282236776e-01 4.214249886052026106e-01
-1.251310633322305632e+00 3.977259516948132845e-01 4.216164945330336256e-01
-1.249002272126402913e+00 3.980696868520079978e-01 4.215718975790130330e-01
-1.244480099066964884e+00 3.986743754017874619e-01 4.216288168215176491e-01
-1.239832278915363295e+00 3.991511496984072038e-01 4.216639520444120937e-01
-1.237555029387802152e+00 3.994004695421159989e-01 4.216186650779396583e-01
-1.235302143270153197e+00 3.997615677128874556e-01 4.215829639412826957e-01
-1.228420712644684887e+00 4.006806055749176365e-01 4.214041704108607567e-01
-1.226164570307225699e+00 4.010564834009017754e-01 4.212594479549163218e-01
-1.221503236097664535e+00 4.014880326468315275e-01 4.210310901583235177e-01
-1.219145040245740219e+00 4.016158918699654912e-01 4.209017462797339793e-01
-1.214395499109085286e+00 4.017835050223024784e-01 4.207383331790808256e-01
-1.212001378416444064e+00 4.018743378472202643e-01 4.206814346479270661e-01
-1.207063321992455585e+00 4.019429397109643420e-01 4.205354135362552315e-01
-1.202087745988647649e+00 4.022156759481019250e-01 4.203653953459194348e-01
-1.199656251565607290e+00 4.023198129325675221e-01 4.201790405993814925e-01
-1.194886877398456448e+00 4.025266857001494891e-01 4.197846932189333025e-01
-1.192458945749561572e+00 4.026486876694168604e-01 4.196353207896512671e-01
-1.189997920471175918e+00 4.027895302416789058e-01 4.194841209461380727e-01
-1.182473976485061584e+00 4.031431600269764215e-01 4.190377016159043677e-01
-1.180094106155592959e+00 4.032669782828087190e-01 4.188081682062680944e-01
-1.175258409745012722e+00 4.036204131405879969e-01 4.184541711038960443e-01
-1.172693876108642508e+00 4.035837365531620979e-01 4.183172664117067452e-01
-1.167603455491032394e+00 4.035792917200932695e-01 4.182347554399497014e-01
-1.162695625517530251e+00 4.036686178675508163e-01 4.182094814289252227e-01
-1.160236696514132193e+00 4.036795145446672173e-01 4.182042637224610004e-01
-1.155345619723369355e+00 4.036580916245096629e-01 4.182257552987113103e-01
-1.152890538933008191e+00 4.035905162688571135e-01 4.182499140251310088e-01
-1.147997074241595028e+00 4.035513639938446140e-01 4.183557775250058564e-01
-1.143135911013813066e+00 4.035594957127455751e-01 4.184669101933984336e-01
-1.140684751910391093e+00 4.036084642365215802e-01 4.185288894155846373e-01
-1.135704994810845525e+00 4.038983567282214970e-01 4.188257849844941871e-01
-1.133180145396632810e+00 4.040371894301086342e-01 4.189727886859944128e-01
-1.130609259534606004e+00 4.042453810756811983e-01 4.191517989718505088e-01
-1.123114029311440554e+00 4.048896022233262060e-01 4.198634139453415459e-01
-1.120659397624989451e+00 4.050226164355330560e-01 4.200465528455795683e-01
-1.118118633292237707e+00 4.050455079741904219e-01 4.203081402603371375e-01
-1.118118633292237707e+00 4.050455079741904219e-01 4.203081402603371375e-01
-1.118118633292237707e+00 4.050455079741904219e-01 4.203081402603371375e-01
-1.118118633292237707e+00 4.050455079741904219e-01 4.203081402603371375e-01
-1.118118633292237707e+00 4.050455079741904219e-01 4.203081402603371375e-01
-1.118118633292237707e+00 4.050455079741904219e-01 4.203081402603371375e-01
-1.118118633292237707e+00 4.050455079741904219e-01 4.203081402603371375e-01
-1.118118633292237707e+00 4.050455079741904219e-01 4.203081402603371375e-01
-1.118118633292237707e+00 4.050455079741904219e-01 4.203081402603371375e-01
-1.118118633292237707e+00 4.050455079741904219e-01 4.203081402603371375e-01
-1.118118633292237707e+00 4.050455079741904219e-01 4.203081402603371375e-01
-1.118118633292237707e+00 4.050455079741904219e-01 4.203081402603371375e-01
-1.118118633292237707e+00 4.050455079741904219e-01 4.203081402603371375e-01
-1.118118633292237707e+00 4.050455079741904219e-01 4.203081402603371375e-01
-1.118118633292237707e+00 4.050455079741904219e-01 4.203081402603371375e-01
-1.118118633292237707e+00 4.050455079741904219e-01 4.203081402603371375e-01
-1.118118633292237707e+00 4.050455079741904219e-01 4.203081402603371375e-01
-1.118118633292237707e+00 4.050455079741904219e-01 4.203081402603371375e-01
-1.118118633292237707e+00 4.050455079741904219e-01 4.203081402603371375e-01
-1.118118633292237707e+00 4.050455079741904219e-01 4.203081402603371375e-01
-1.118118633292237707e+00 4.050455079741904219e-01 4.203081402603371375e-01
-1.118118633292237707e+00 4.050455079741904219e-01 4.203081402603371375e-01
-1.118118633292237707e+00 4.050455079741904219e-01 4.203081402603371375e-01
-1.118118633292237707e+00 4.050455079741904219e-01 4.203081402603371375e-01
-1.118118633292237707e+00 4.050455079741904219e-01 4.203081402603371375e-01
-1.118118633292237707e+00 4.050455079741904219e-01 4.203081402603371375e-01
-1.118118633292237707e+00 4.050455079741904219e-01 4.203081402603371375e-01
-1.118118633292237707e+00 4.050455079741904219e-01 4.203081402603371375e-01
-1.118118633292237707e+00 4.050455079741904219e-01 4.203081402603371375e-01
-1.118118633292237707e+00 4.050455079741904219e-01 4.203081402603371375e-01
-1.118118633292237707e+00 4.050455079741904219e-01 4.203081402603371375e-01
-1.118118633292237707e+00 4.050455079741904219e-01 4.203081402603371375e-01
-1.118118633292237707e+00 4.050455079741904219e-01 4.203081402603371375e-01
-1.118118633292237707e+00 4.050455079741904219e-01 4.203081402603371375e-01
-1.118118633292237707e+00 4.050455079741904219e-01 4.203081402603371375e-01
-1.118118633292237707e+00 4.050455079741904219e-01 4.203081402603371375e-01
-1.118118633292237707e+00 4.050455079741904219e-01 4.203081402603371375e-01
-1.118118633292237707e+00 4.050455079741904219e-01 4.203081402603371375e-01
-1.118118633292237707e+00 4.050455079741904219e-01 4.203081402603371375e-01
-1.118118633292237707e+00 4.050455079741904219e-01 4.203081402603371375e-01
-1.118118633292237707e+00 4.050455079741904219e-01 4.203081402603371375e-01
-1.118118633292237707e+00 4.050455079741904219e-01 4.203081402603371375e-01
-1.118118633292237707e+00 4.050455079741904219e-01 4.203081402603371375e-01
-1.118118633292237707e+00 4.050455079741904219e-01 4.203081402603371375e-01
-1.118118633292237707e+00 4.050455079741904219e-01 4.203081402603371375e-01
-1.118118633292237707e+00 4.050455079741904219e-01 4.203081402603371375e-01
-1.118118633292237707e+00 4.050455079741904219e-01 4.203081402603371375e-01
-1.118118633292237707e+00 4.050455079741904219e-01 4.203081402603371375e-01
-1.118118633292237707e+00 4.050455079741904219e-01 4.203081402603371375e-01
-1.118118633292237707e+00 4.050455079741904219e-01 4.203081402603371375e-01
-1.118118633292237707e+00 4.050455079741904219e-01 4.203081402603371375e-01
-1.118118633292237707e+00 4.050455079741904219e-01 4.203081402603371375e-01
-1.118118633292237707e+00 4.050455079741904219e-01 4.203081402603371375e-01
-1.118118633292237707e+00 4.050455079741904219e-01 4.203081402603371375e-01
-1.118118633292237707e+00 4.050455079741904219e-01 4.203081402603371375e-01
-1.118118633292237707e+00 4.050455079741904219e-01 4.203081402603371375e-01
-1.118118633292237707e+00 4.050455079741904219e-01 4.203081402603371375e-01
-1.118118633292237707e+00 4.050455079741904219e-01 4.203081402603371375e-01
-1.118118633292237707e+00 4.050455079741904219e-01 4.203081402603371375e-01
-1.118118633292237707e+00 4.050455079741904219e-01 4.203081402603371375e-01
-1.118118633292237707e+00 4.050455079741904219e-01 4.203081402603371375e-01
-1.118118633292237707e+00 4.050455079741904219e-01 4.203081402603371375e-01
-1.118118633292237707e+00 4.050455079741904219e-01 4.203081402603371375e-01
-1.118118633292237707e+00 4.050455079741904219e-01 4.203081402603371375e-01
-1.118118633292237707e+00 4.050455079741904219e-01 4.203081402603371375e-01
-1.115570718298383390e+00 4.050765534279597291e-01 4.205368803101062758e-01
-9.426122898153653784e-01 4.102889267731112954e-01 4.159355316574785411e-01
-8.538932597718981166e-01 4.131092801539382187e-01 4.132850605817135481e-01
-8.492185740700874952e-01 4.133101498665870399e-01 4.128841989323187578e-01
-8.468735375039663227e-01 4.133903977207879499e-01 4.126610835683328649e-01
-8.421925868975748131e-01 4.137186855840606081e-01 4.122938061349789018e-01
-8.374288784149713782e-01 4.140370983524458981e-01 4.116770513021871247e-01
-8.349471425232642963e-01 4.142031350650676180e-01 4.113949106946134249e-01
-8.299691885954648685e-01 4.145591828858339878e-01 4.107631094484202050e-01
-8.274655049561520093e-01 4.146562142461605593e-01 4.103387962204693151e-01
-8.224168734910183298e-01 4.147344714459000881e-01 4.098083644349871379e-01
-8.198917622125200255e-01 4.147038963891647723e-01 4.097229967693504227e-01
-8.149316626579521383e-01 4.143524971522539180e-01 4.097925562346530493e-01
-8.126093766302492361e-01 4.141622515855268305e-01 4.099443551661322571e-01
-8.057445850446759428e-01 4.133389052311466361e-01 4.108444771904943282e-01
-8.034988012189261397e-01 4.131046212345961255e-01 4.111638940017076083e-01
-8.012892226225498682e-01 4.128882418733794690e-01 4.114591035550553277e-01
-7.967847517880327635e-01 4.126668397683889711e-01 4.121906965852517590e-01
-7.923514475732179596e-01 4.125649567536061046e-01 4.128560333608523036e-01
-7.901566345570461003e-01 4.124588085716514030e-01 4.131128510268071707e-01
-7.879028604323616847e-01 4.123836547954535803e-01 4.133577458613388877e-01
-7.857128899217739049e-01 4.123964127602504637e-01 4.136849874750770928e-01
-7.787567686908283271e-01 4.123879947767001286e-01 4.145853557877088313e-01
-7.739206262021904870e-01 4.126566994023049273e-01 4.150803462760505047e-01
-7.739206262021904870e-01 4.126566994023049273e-01 4.150803462760505047e-01
-7.691233367498592211e-01 4.127932854424456455e-01 4.156916069885197018e-01
-7.617493856595488610e-01 4.127543598822193682e-01 4.164598069725661267e-01
-7.592475820068645964e-01 4.126141927127632836e-01 4.166383042521223379e-01
-7.543591055917523436e-01 4.121740958429975232e-01 4.169746274752457182e-01
-7.518493219211955791e-01 4.119062431339214903e-01 4.170499868467543170e-01
-7.469791494576449864e-01 4.113195692137786019e-01 4.173024548344945739e-01
-7.445628783754596469e-01 4.110102447020394512e-01 4.174440619034368583e-01
-7.372213085575533009e-01 4.101088837509792029e-01 4.175753645340178899e-01
-7.347881559400453177e-01 4.098852987163311146e-01 4.176164987683742558e-01
-7.323470393079777319e-01 4.096379287215425880e-01 4.175979612511276917e-01
-7.299102702352234795e-01 4.094106227489448524e-01 4.176064641134717981e-01
-7.227001207211913858e-01 4.087000599743675355e-01 4.173035612419865314e-01
-7.202742052310791010e-01 4.085513771848943709e-01 4.171887224701542607e-01
-7.178253353309137497e-01 4.083627612610576385e-01 4.170026585377009098e-01
-7.129592699612018469e-01 4.079490907262143806e-01 4.167087850163810892e-01
-7.105688530493221577e-01 4.077547525443440679e-01 4.165281717770901171e-01
-7.058078951915663923e-01 4.073379751695119233e-01 4.160599336000176951e-01
-7.009951665443413527e-01 4.069134269978409435e-01 4.155140114813576924e-01
-7.009951665443413527e-01 4.069134269978409435e-01 4.155140114813576924e-01
-6.961410848313507316e-01 4.064800967333946358e-01 4.148981051750451066e-01
-6.937052769088483117e-01 4.062727726570272702e-01 4.145737051206792589e-01
-6.848077909796200791e-01 4.053018072324090504e-01 4.130788695622094053e-01
-6.789754379318480026e-01 4.046011104074751508e-01 4.120159915240428905e-01
-6.789754379318480026e-01 4.046011104074751508e-01 4.120159915240428905e-01
-6.741344398232943513e-01 4.040060011951853713e-01 4.112423931652019471e-01
-6.692481277712031273e-01 4.032492166955665702e-01 4.102910080244281943e-01
-6.667008719343362477e-01 4.028736887268655753e-01 4.098884548815086015e-01
-6.614933415666396366e-01 4.020634821479180943e-01 4.090023619724026949e-01
-6.614933415666396366e-01 4.020634821479180943e-01 4.090023619724026949e-01
-6.538867826312650955e-01 4.007396715407410270e-01 4.075659574056541556e-01
-6.486715789678410005e-01 3.997964551620647455e-01 4.065472614530399875e-01
-6.461144743841861215e-01 3.994493885347985551e-01 4.061550082839824327e-01
-6.411185543778338269e-01 3.989505021386134942e-01 4.056346376688209077e-01
-6.362960427218853354e-01 3.986053823729392431e-01 4.055001476366540958e-01
-6.339660856215810769e-01 3.985032295709243222e-01 4.055532181461830588e-01
-6.294315496961789824e-01 3.983837207004459202e-01 4.058518147078901128e-01
-6.249088176032769892e-01 3.982038690234422362e-01 4.061392759329075508e-01
-6.226577157542859675e-01 3.980841173855501069e-01 4.063461091938340708e-01
-6.180619183758119251e-01 3.978128784106877980e-01 4.066773906688864182e-01
-6.157275685768213158e-01 3.976193695879719492e-01 4.067583376710578458e-01
-6.111253768345124016e-01 3.971517704915760727e-01 4.068733093709885340e-01
-6.063657419533324822e-01 3.965096060879293449e-01 4.070645598768812823e-01
-6.038798756446484006e-01 3.961540177924520179e-01 4.072130095195257704e-01
-5.990054390437946630e-01 3.954239030545584899e-01 4.074449686952713590e-01
-5.965886907481984247e-01 3.950425377461315724e-01 4.075616859644308754e-01
-5.916797187806667191e-01 3.943462658209961336e-01 4.078588486535320579e-01
-5.892028291461408607e-01 3.940090886924580427e-01 4.080004091654153564e-01
-5.843370395314138044e-01 3.934476496470020179e-01 4.082464213512834172e-01
-5.794359238177679838e-01 3.929654152856281724e-01 4.084145015813227531e-01
-5.769445744832251144e-01 3.927320601838666936e-01 4.085015525250293988e-01
-5.720034684563856109e-01 3.923423831181623300e-01 4.087741681038897790e-01
-5.670299006178335377e-01 3.919234526691569021e-01 4.091150602758157895e-01
-5.645191403224263382e-01 3.917962057043764545e-01 4.093374086428728242e-01
-5.594772421797183926e-01 3.915735835165954359e-01 4.098016186348091283e-01
-5.570065374807943170e-01 3.915419102196757151e-01 4.100720935567975234e-01
-5.519767991035101629e-01 3.914574607319470378e-01 4.105674061813570086e-01
-5.494856322440831997e-01 3.914198214652640506e-01 4.107751501870553490e-01
-5.445702593483408016e-01 3.913754828921158779e-01 4.111802323709482510e-01
-5.421219591216462907e-01 3.913251141210380979e-01 4.113373171760855707e-01
-5.372075528940102318e-01 3.913496125553803662e-01 4.115020778015353597e-01
-5.323099687486371190e-01 3.913847943713759658e-01 4.117306073006105072e-01
-5.275324684649493889e-01 3.913188333686046794e-01 4.119591472385750741e-01
-5.250969529249265300e-01 3.911931557728713371e-01 4.120065183790760921e-01
-5.202608457703554734e-01 3.910224796917534107e-01 4.120689504877349529e-01
-5.178765982629167652e-01 3.909572330503233162e-01 4.121451109606503183e-01
-5.130718077037988989e-01 3.907460955708019767e-01 4.120610866720940679e-01
-5.082266269330798503e-01 3.906213768672753273e-01 4.120537825454336778e-01
-5.058401359457227464e-01 3.905443863288987072e-01 4.120571442794667139e-01
-5.034942475016132013e-01 3.904523875177881020e-01 4.119544668301370338e-01
-4.986735989233699318e-01 3.902060005879745552e-01 4.116693717267992936e-01
-4.963143136266643940e-01 3.901476304801572148e-01 4.115491922114441481e-01
-4.914855960611984043e-01 3.900166051643756404e-01 4.112815934801997697e-01
-4.865803467222156176e-01 3.897934041299288555e-01 4.108613878746142367e-01
-4.817524829156117350e-01 3.897002661414982749e-01 4.104611310784566092e-01
-4.817524829156117350e-01 3.897002661414982749e-01 4.104611310784566092e-01
-4.817524829156117350e-01 3.897002661414982749e-01 4.104611310784566092e-01
-4.817524829156117350e-01 3.897002661414982749e-01 4.104611310784566092e-01
-4.817524829156117350e-01 3.897002661414982749e-01 4.104611310784566092e-01
-4.817524829156117350e-01 3.897002661414982749e-01 4.104611310784566092e-01
-4.817524829156117350e-01 3.897002661414982749e-01 4.104611310784566092e-01
-4.817524829156117350e-01 3.897002661414982749e-01 4.104611310784566092e-01
-4.817524829156117350e-01 3.897002661414982749e-01 4.104611310784566092e-01
-4.817524829156117350e-01 3.897002661414982749e-01 4.104611310784566092e-01
-4.817524829156117350e-01 3.897002661414982749e-01 4.104611310784566092e-01
-4.817524829156117350e-01 3.897002661414982749e-01 4.104611310784566092e-01
-4.817524829156117350e-01 3.897002661414982749e-01 4.104611310784566092e-01
-4.817524829156117350e-01 3.897002661414982749e-01 4.104611310784566092e-01
-4.817524829156117350e-01 3.897002661414982749e-01 4.104611310784566092e-01
-4.817524829156117350e-01 3.897002661414982749e-01 4.104611310784566092e-01
-4.817524829156117350e-01 3.897002661414982749e-01 4.104611310784566092e-01
-4.817524829156117350e-01 3.897002661414982749e-01 4.104611310784566092e-01
-4.817524829156117350e-01 3.897002661414982749e-01 4.104611310784566092e-01
-4.817524829156117350e-01 3.897002661414982749e-01 4.104611310784566092e-01
-4.817524829156117350e-01 3.897002661414982749e-01 4.104611310784566092e-01
-4.817524829156117350e-01 3.897002661414982749e-01 4.104611310784566092e-01
-4.817524829156117350e-01 3.897002661414982749e-01 4.104611310784566092e-01
-4.817524829156117350e-01 3.897002661414982749e-01 4.104611310784566092e-01
-4.817524829156117350e-01 3.897002661414982749e-01 4.104611310784566092e-01
-4.817524829156117350e-01 3.897002661414982749e-01 4.104611310784566092e-01
-4.817524829156117350e-01 3.897002661414982749e-01 4.104611310784566092e-01
-4.817524829156117350e-01 3.897002661414982749e-01 4.104611310784566092e-01
-4.817524829156117350e-01 3.897002661414982749e-01 4.104611310784566092e-01
-4.817524829156117350e-01 3.897002661414982749e-01 4.104611310784566092e-01
-4.817524829156117350e-01 3.897002661414982749e-01 4.104611310784566092e-01
-4.817524829156117350e-01 3.897002661414982749e-01 4.104611310784566092e-01
-4.817524829156117350e-01 3.897002661414982749e-01 4.104611310784566092e-01
-4.817524829156117350e-01 3.897002661414982749e-01 4.104611310784566092e-01
-4.817524829156117350e-01 3.897002661414982749e-01 4.104611310784566092e-01
-4.817524829156117350e-01 3.897002661414982749e-01 4.104611310784566092e-01
-4.817524829156117350e-01 3.897002661414982749e-01 4.104611310784566092e-01
-4.817524829156117350e-01 3.897002661414982749e-01 4.104611310784566092e-01
-4.817524829156117350e-01 3.897002661414982749e-01 4.104611310784566092e-01
-4.817524829156117350e-01 3.897002661414982749e-01 4.104611310784566092e-01
-4.817524829156117350e-01 3.897002661414982749e-01 4.104611310784566092e-01
-4.817524829156117350e-01 3.897002661414982749e-01 4.104611310784566092e-01
-4.817524829156117350e-01 3.897002661414982749e-01 4.104611310784566092e-01
-4.817524829156117350e-01 3.897002661414982749e-01 4.104611310784566092e-01
-4.817524829156117350e-01 3.897002661414982749e-01 4.104611310784566092e-01
-4.817524829156117350e-01 3.897002661414982749e-01 4.104611310784566092e-01
-4.817524829156117350e-01 3.897002661414982749e-01 4.104611310784566092e-01
-4.817524829156117350e-01 3.897002661414982749e-01 4.104611310784566092e-01
-4.817524829156117350e-01 3.897002661414982749e-01 4.104611310784566092e-01
-4.817524829156117350e-01 3.897002661414982749e-01 4.104611310784566092e-01
-4.817524829156117350e-01 3.897002661414982749e-01 4.104611310784566092e-01
-4.817524829156117350e-01 3.897002661414982749e-01 4.104611310784566092e-01
-4.817524829156117350e-01 3.897002661414982749e-01 4.104611310784566092e-01
-4.817524829156117350e-01 3.897002661414982749e-01 4.104611310784566092e-01
-4.817524829156117350e-01 3.897002661414982749e-01 4.104611310784566092e-01
-4.817524829156117350e-01 3.897002661414982749e-01 4.104611310784566092e-01
-4.817524829156117350e-01 3.897002661414982749e-01 4.104611310784566092e-01
-4.817524829156117350e-01 3.897002661414982749e-01 4.104611310784566092e-01
-4.817524829156117350e-01 3.897002661414982749e-01 4.104611310784566092e-01
-4.817524829156117350e-01 3.897002661414982749e-01 4.104611310784566092e-01
-4.817524829156117350e-01 3.897002661414982749e-01 4.104611310784566092e-01
-4.817524829156117350e-01 3.897002661414982749e-01 4.104611310784566092e-01
-4.817524829156117350e-01 3.897002661414982749e-01 4.104611310784566092e-01
-4.817524829156117350e-01 3.897002661414982749e-01 4.104611310784566092e-01
-4.817524829156117350e-01 3.897002661414982749e-01 4.104611310784566092e-01
-4.817524829156117350e-01 3.897002661414982749e-01 4.104611310784566092e-01
-3.896334440781308306e-01 3.872174550202598931e-01 4.063480938188989144e-01
-2.102034083334702042e-01 3.824123149012437772e-01 3.988089733544613047e-01
-2.052715825651058035e-01 3.824024664371850624e-01 3.989654510105432594e-01
-2.028208440266728863e-01 3.823290526393776645e-01 3.990192217204090452e-01
-2.003446567004261158e-01 3.821763752680122916e-01 3.990152458332757446e-01
-2.003446567004261158e-01 3.821763752680122916e-01 3.990152458332757446e-01
-1.909645860180532173e-01 3.815535190246808206e-01 3.991335856070516996e-01
-1.874988494512408455e-01 3.813052975994047356e-01 3.991710764638471964e-01
-1.823115180198461027e-01 3.809629010342632793e-01 3.992125700042845615e-01
-1.797263453057807714e-01 3.808411629354160333e-01 3.992139526357855184e-01
-1.771045784928476363e-01 3.807255613975025210e-01 3.992465273031261530e-01
-1.717669876166853238e-01 3.805218717570270637e-01 3.993305632128120175e-01
-1.664328178307013795e-01 3.803642150421282508e-01 3.993631951336510388e-01
-1.610656135686768520e-01 3.802334835549928127e-01 3.994915392725086889e-01
-1.558870405912912982e-01 3.801825750057814535e-01 3.998050398340167177e-01
-1.533689408712689273e-01 3.802063029845897391e-01 4.000201551004052281e-01
-1.483098256879339105e-01 3.803288132339153749e-01 4.005151069225074689e-01
-1.458159307309454533e-01 3.804065209764368460e-01 4.007387579800542055e-01
-1.409309910158759171e-01 3.805575544895070661e-01 4.011779636059027432e-01
-1.385094424568953653e-01 3.806290191349090413e-01 4.013731614462486830e-01
-1.337181323850969439e-01 3.807856925264833658e-01 4.016851097154124917e-01
-1.289050387365928696e-01 3.809541152005316289e-01 4.020589897227957454e-01
-1.241558690440290186e-01 3.810253081192061519e-01 4.022931385788486303e-01
-1.217593930061042773e-01 3.810246817008664522e-01 4.023939250982009330e-01
-1.169710065363219337e-01 3.809902473550306201e-01 4.025528518752866658e-01
-1.145968953926054246e-01 3.809673966993774585e-01 4.026194677221743845e-01
-1.099100776275406116e-01 3.809008907293085500e-01 4.026672236554701412e-01
-1.075192302395835825e-01 3.808683039010183902e-01 4.027283168288832149e-01
-1.027502430747402884e-01 3.807857846850653538e-01 4.026698659766347888e-01
-1.004010928124178664e-01 3.807191422836424533e-01 4.025634516330994783e-01
-9.555984472449012557e-02 3.806121298830492106e-01 4.024280430849878076e-01
-9.077537742380790975e-02 3.805568414340396166e-01 4.023156996576480182e-01
-8.843084403571799257e-02 3.805091254304620030e-01 4.022224402722119896e-01
-8.369285260250121372e-02 3.803969388243205185e-01 4.018743557462390870e-01
-7.889952034580716145e-02 3.804246390714979831e-01 4.016102641564894826e-01
-7.648868157104384002e-02 3.804111057442001176e-01 4.014720527390150950e-01
-7.163856420893947863e-02 3.802955312857887460e-01 4.010107093788940480e-01
-6.687739009575037474e-02 3.802996807823975089e-01 4.006125575149672713e-01
-6.448086420600800117e-02 3.803017043263627328e-01 4.004349855690069182e-01
-5.962671262767860192e-02 3.803042067946870719e-01 4.000628366567423599e-01
-5.962671262767860192e-02 3.803042067946870719e-01 4.000628366567423599e-01
-5.477150709107946741e-02 3.803433569848825857e-01 3.996133903860356051e-01
-4.983788833216060143e-02 3.803848763768776231e-01 3.991970800864899083e-01
-4.479056118211880572e-02 3.804257715748767255e-01 3.987769916007398718e-01
-3.974655660715564059e-02 3.804495027977599086e-01 3.982343810660912142e-01
-3.723120981023261139e-02 3.804533489600660512e-01 3.979269103276706909e-01
-3.205183984049161244e-02 3.805579775904919804e-01 3.974267415317126462e-01
-2.946135675997497635e-02 3.806136625413840124e-01 3.971389427419366180e-01
-2.946135675997497635e-02 3.806136625413840124e-01 3.971389427419366180e-01
-2.689556864048342141e-02 3.807091997681037454e-01 3.969052726437491962e-01
-1.639240055019220918e-02 3.809097258104821027e-01 3.956257630065000974e-01
-8.471104284922365349e-03 3.809698149394492028e-01 3.950905075777847442e-01
-5.868185557408614646e-03 3.808989713652068398e-01 3.950729814024488418e-01
-3.330446515649603673e-03 3.808318207087547091e-01 3.951399097420125184e-01
1.660357662339403267e-03 3.806708095796211277e-01 3.953098489006028338e-01
4.169324915622120951e-03 3.805891713230489803e-01 3.954956246233439776e-01
9.026794143659831737e-03 3.804529630908135007e-01 3.959714493898969234e-01
1.134748618730935243e-02 3.804092004306517949e-01 3.962253373857410610e-01
1.606754136582550993e-02 3.803255827713490356e-01 3.968325173306410658e-01
1.844804229431544484e-02 3.802503212757489259e-01 3.971267647953441449e-01
2.317613630920579634e-02 3.801769952421246157e-01 3.977485968815247519e-01
2.802256881219188436e-02 3.802137714439242089e-01 3.983448265702626001e-01
3.038581121759344195e-02 3.802156131797498340e-01 3.986191023531499011e-01
3.511067450101786752e-02 3.801936416494104409e-01 3.992630676934995071e-01
3.993832340238547690e-02 3.801297480914754279e-01 3.998092714012025928e-01
4.477571804452452203e-02 3.800173644193960421e-01 4.002707022529815584e-01
4.718004296342274279e-02 3.799208867783389620e-01 4.004911793375708351e-01
5.196474177297036312e-02 3.797170253214818825e-01 4.009299561736576756e-01
5.436185693945875391e-02 3.796077863851698986e-01 4.011002523168550882e-01
5.676434766625102629e-02 3.794695813037141652e-01 4.012366871973385152e-01
6.149665653897769951e-02 3.791780055114628567e-01 4.014131918957460909e-01
6.149665653897769951e-02 3.791780055114628567e-01 4.014131918957460909e-01
6.702565932213769284e-02 3.789252833633713347e-01 4.016642931336699140e-01
7.348280474983759358e-02 3.784635338229462853e-01 4.016737328030013376e-01
7.826455128342608980e-02 3.782864942422100030e-01 4.016975662544328696e-01
8.065855825065565421e-02 3.781863740665671880e-01 4.016647133918045398e-01
8.546761427814247858e-02 3.779403711698016699e-01 4.015099825186702054e-01
8.786186040212773385e-02 3.778530562596132403e-01 4.014486005319750639e-01
9.260693566686439837e-02 3.777349182750462386e-01 4.013520325656005916e-01
9.740220216516888574e-02 3.775775160020928278e-01 4.011074266649615749e-01
1.021886935316221462e-01 3.773669773394885407e-01 4.008345070440455515e-01
1.021886935316221462e-01 3.773669773394885407e-01 4.008345070440455515e-01
1.093767293310831112e-01 3.770176122419420239e-01 4.003148551970227009e-01
1.117323236289540916e-01 3.769444527644097431e-01 4.002345787643185604e-01
1.165108178992295129e-01 3.766587363506475605e-01 3.998321659025593222e-01
1.189062318518184364e-01 3.764706870092749402e-01 3.994600320625324441e-01
1.238527029129525697e-01 3.762688768021260621e-01 3.987796008634426626e-01
1.263671954359450456e-01 3.761549500826884551e-01 3.984367263072637888e-01
1.313048792804757392e-01 3.758688791584089972e-01 3.976483016759021494e-01
1.337592963746458141e-01 3.757509087362027600e-01 3.972546540922381464e-01
1.385350436301376054e-01 3.756166771064553545e-01 3.965767641951393196e-01
1.435649793230263094e-01 3.753591064959402868e-01 3.957403508473408271e-01
1.486855768906738540e-01 3.750586949854275431e-01 3.947964337333168539e-01
1.512503289209693458e-01 3.749249220181274378e-01 3.943084946922087441e-01
1.565149706222477566e-01 3.746946879305275147e-01 3.934402870424191789e-01
1.591833342901909920e-01 3.745432587954818371e-01 3.928986338425084490e-01
1.618493329902826461e-01 3.744126177543665723e-01 3.923745508690347217e-01
1.668999476318564767e-01 3.742064997139681881e-01 3.913211471986622891e-01
1.719258152564513420e-01 3.741959076696208530e-01 3.906291231211507231e-01
1.768558278449164634e-01 3.743460141517451767e-01 3.903735114518638305e-01
1.792688896035350143e-01 3.744795275496400344e-01 3.903744585575080750e-01
1.839943054623310592e-01 3.746767620634481877e-01 3.904668839277666281e-01
1.886048264381224027e-01 3.747612967919864424e-01 3.907306942795365501e-01
1.909347348005533684e-01 3.747282821518808649e-01 3.908746856323682684e-01
1.956322965446140039e-01 3.745644641939202546e-01 3.912054320034081822e-01
1.980087198555221806e-01 3.744455777540195984e-01 3.913662871385520381e-01
2.027969646205123322e-01 3.741554054750618197e-01 3.916903127929919348e-01
2.076925345664448752e-01 3.738880155756170165e-01 3.920818763483379099e-01
2.101888360259061006e-01 3.737465588626682211e-01 3.922195830396927319e-01
2.151152494093859779e-01 3.734089222507985806e-01 3.923602986281353733e-01
2.176924271807037792e-01 3.732753006346740676e-01 3.925279310387957965e-01
2.227558189563963176e-01 3.731302077041595555e-01 3.928582979183455892e-01
2.277791717099489077e-01 3.729248502906064022e-01 3.929616908870717795e-01
2.303376488286882628e-01 3.728707005109461181e-01 3.930688720284609694e-01
2.354397493335198821e-01 3.728199804932635364e-01 3.932618543821365664e-01
2.380175568117636475e-01 3.728055084993573964e-01 3.933672123818363620e-01
2.431903872709100245e-01 3.729159980716229561e-01 3.937429526835710680e-01
2.483652474434638879e-01 3.730301621280712188e-01 3.941460813500812232e-01
2.509571171681223012e-01 3.730956392057894200e-01 3.943740133005694259e-01
2.534845510822130721e-01 3.731705221902606451e-01 3.945092156769915981e-01
2.586997470900336271e-01 3.733774178131877286e-01 3.949430897311426714e-01
2.635811881047349647e-01 3.735622242144486793e-01 3.951743073614999435e-01
2.660448877897483855e-01 3.736441702708044321e-01 3.952994308747173058e-01
2.710816136213944905e-01 3.737875826343545760e-01 3.955261658168423011e-01
2.759135398209659473e-01 3.739742737544162754e-01 3.956605691423503712e-01
2.783454463728705086e-01 3.740579075920751895e-01 3.956909345379312493e-01
2.832859034238150442e-01 3.741753846821999629e-01 3.957094960158894503e-01
2.857730050935866628e-01 3.742426631648157476e-01 3.957315799821804481e-01
2.905880664798300428e-01 3.743267737920734639e-01 3.956877318714112635e-01
2.929682676696121479e-01 3.743318369062333395e-01 3.956912610315309609e-01
2.978130929873982757e-01 3.743960158807025373e-01 3.956122612172184860e-01
3.027273750998134560e-01 3.745218128297276849e-01 3.954164649918943120e-01
3.051584860260616594e-01 3.745840551418370690e-01 3.953276026699635848e-01
3.099639646144420890e-01 3.746136409992233962e-01 3.950933648573093926e-01
3.148050796167426446e-01 3.746657409196043620e-01 3.948342446174076814e-01
3.172808803897596008e-01 3.746832448330548182e-01 3.947004697035284559e-01
3.197691727038198262e-01 3.746965836693829655e-01 3.945595762925853123e-01
3.246170404691202660e-01 3.747325180274332368e-01 3.942353282899867528e-01
3.294429817988947518e-01 3.747537590655459216e-01 3.938543498176900748e-01
3.318848905432847940e-01 3.747674065420607548e-01 3.936272262835971425e-01
3.368310611835137469e-01 3.748603828147740735e-01 3.931610921520226620e-01
3.417367358582263925e-01 3.749373714578165817e-01 3.926488299653206893e-01
3.441392423350042584e-01 3.749761324290516451e-01 3.924116471073074708e-01
3.491431173296805635e-01 3.750180995314454369e-01 3.919408198741066718e-01
3.542689044749041671e-01 3.750635612786230588e-01 3.914794157570934408e-01
3.567786253395967555e-01 3.751175863412159472e-01 3.912113075087466640e-01
3.618167743634095324e-01 3.752393445081831924e-01 3.906382736090225904e-01
3.644385157109730766e-01 3.752981217654021706e-01 3.904312826338320885e-01
3.694722711304960217e-01 3.754371410849502433e-01 3.898072628679947194e-01
3.719023441736974966e-01 3.755210421835666335e-01 3.893750125065594814e-01
3.771193767587148749e-01 3.756853624853824236e-01 3.886432472699336005e-01
3.798225470992638297e-01 3.757807308618463238e-01 3.883094973297824826e-01
3.851975590625940082e-01 3.759611081217085204e-01 3.878026784195690579e-01
3.904726972668361440e-01 3.760477650141738626e-01 3.875131873907967650e-01
3.958056002860598777e-01 3.759611558181237823e-01 3.875780687186048956e-01
3.984755195456000654e-01 3.758775915876679252e-01 3.876946699343600811e-01
4.010180244120243320e-01 3.758149623123644978e-01 3.878456755415328194e-01
4.059202975821142867e-01 3.756205836067392223e-01 3.881619679541308265e-01
4.107388487003194033e-01 3.754792733460647347e-01 3.886134303362150932e-01
4.133322901399787419e-01 3.754338372927885081e-01 3.889821470349402732e-01
4.185198836928187838e-01 3.753121718153946684e-01 3.896622917387585483e-01
4.235930050855287177e-01 3.754559130115855958e-01 3.903714067467937143e-01
4.286839709262622589e-01 3.756479034239885162e-01 3.909514049222745369e-01
4.312713085634528043e-01 3.757858874273682370e-01 3.912283390046872311e-01
4.362830668920144039e-01 3.760697216637873819e-01 3.917808247963692203e-01
4.387751070201542092e-01 3.761647741668509570e-01 3.920273360030351872e-01
4.439477575575418444e-01 3.762674341089078389e-01 3.925875733971829762e-01
4.465179163019030728e-01 3.763087591013834499e-01 3.928943081256607295e-01
4.465179163019030728e-01 3.763087591013834499e-01 3.928943081256607295e-01
4.490974522746895015e-01 3.762994572816682481e-01 3.931084896757880420e-01
4.524361851249898980e-01 3.762666644099540991e-01 3.933408621457585852e-01
4.609684433455394914e-01 3.759765598771118711e-01 3.939021076162365631e-01
4.670396638669593314e-01 3.757764794605414349e-01 3.942325495044439743e-01
4.722331806323017411e-01 3.755880775180792663e-01 3.943847668237494553e-01
4.748427137875887993e-01 3.754867440375068699e-01 3.944754694933466643e-01
4.823817245502688422e-01 3.752069579880497052e-01 3.944959488306383211e-01
4.823817245502688422e-01 3.752069579880497052e-01 3.944959488306383211e-01
4.900269841930564585e-01 3.749826754365118142e-01 3.944699674340537143e-01
4.925599840975429244e-01 3.748874523173573725e-01 3.944151820058551250e-01
4.951502084613264576e-01 3.748032680729189714e-01 3.943451807997762071e-01
5.001933249551768768e-01 3.746184772324394063e-01 3.941027414502011883e-01
5.052021163271480653e-01 3.744527795397264991e-01 3.938005306277905238e-01
5.077228034055639716e-01 3.743503517761688215e-01 3.935806181604558640e-01
5.128734010592563841e-01 3.741838592507337746e-01 3.930127989579231818e-01
5.154624807074564830e-01 3.741374767276373081e-01 3.927000978042730628e-01
5.204705898929644636e-01 3.739073116169582822e-01 3.922317893107688525e-01
5.254509629647888813e-01 3.737460890550850512e-01 3.917115642732101888e-01
5.279983449940083284e-01 3.736715773848732769e-01 3.913756708447826416e-01
5.331854201899198786e-01 3.734626470272076060e-01 3.906011911307256668e-01
5.357828525130313713e-01 3.733681210860324562e-01 3.901980775526695533e-01
5.409073934574220033e-01 3.732154803364974849e-01 3.892974288807419248e-01
5.434856108423555821e-01 3.731532787035887755e-01 3.888442774079937658e-01
5.461383528927149511e-01 3.730264459681709721e-01 3.883879210254956860e-01
5.461383528927149511e-01 3.730264459681709721e-01 3.883879210254956860e-01
5.487156972369510166e-01 3.729620520378267856e-01 3.879126043697446180e-01
5.531581766368636188e-01 3.727315880536068993e-01 3.870477298288053092e-01
5.674750742751363264e-01 3.720441009964270407e-01 3.841815163859816362e-01
5.701501740679614239e-01 3.719611840522507595e-01 3.836873361974378893e-01
5.728188274798823310e-01 3.719223741927308313e-01 3.833386734943372565e-01
5.728188274798823310e-01 3.719223741927308313e-01 3.833386734943372565e-01
5.728188274798823310e-01 3.719223741927308313e-01 3.833386734943372565e-01
5.819605787507620143e-01 3.722807383314132856e-01 3.829989844411024746e-01
5.944873162091055541e-01 3.729283106619161736e-01 3.834172063237729633e-01
5.968583968251276461e-01 3.729563641643345306e-01 3.835883309116854267e-01
6.042185618165933914e-01 3.726267710915925346e-01 3.840063308721002322e-01
6.066182132570726582e-01 3.725081303085120976e-01 3.841147252252906652e-01
6.090658969537871004e-01 3.723689121188726303e-01 3.842475700972229902e-01
6.140235568392723442e-01 3.720510018733000912e-01 3.844673884134913733e-01
6.164700891856788045e-01 3.718930551759417891e-01 3.845205550777618386e-01
6.237712735982858803e-01 3.714392569796193810e-01 3.848436061879274561e-01
6.261310073633215012e-01 3.712736254434028660e-01 3.848723353591989582e-01
6.310135880118717955e-01 3.709744069144852996e-01 3.852068465840532419e-01
6.334374571929494158e-01 3.708393837874428001e-01 3.853214806571968465e-01
6.383551333456476407e-01 3.706464232386695312e-01 3.857664558213304007e-01
6.408496198058898363e-01 3.705762895821789193e-01 3.861082173441467980e-01
6.456662743935107640e-01 3.705147642533439534e-01 3.865413420040479942e-01
6.481184620750672920e-01 3.705618274347770580e-01 3.868280665213214009e-01
6.530533339101032286e-01 3.707427067333077808e-01 3.874893697288793737e-01
6.553743896064888608e-01 3.708783227711421326e-01 3.877469423103311330e-01
6.601768920071154900e-01 3.712422106922734777e-01 3.883271439497767430e-01
6.649589607907206990e-01 3.715193706278842600e-01 3.887520495365275330e-01
6.697226989311749756e-01 3.717378131337263913e-01 3.893282663095655183e-01
6.720845735682026145e-01 3.718607037180861608e-01 3.895022715906386601e-01
6.743624248401117738e-01 3.718988534733071449e-01 3.895266609423357895e-01
6.766895222945756849e-01 3.719488782753507805e-01 3.896809827694571737e-01
6.836924767974048578e-01 3.721460114518415074e-01 3.899871440060398431e-01
6.859933840136188676e-01 3.721760823516861993e-01 3.900754043577201458e-01
6.905427177914159609e-01 3.722281663949091879e-01 3.901655744108712964e-01
6.929166606998373723e-01 3.722431585869878101e-01 3.902288108174691850e-01
6.998650682951961244e-01 3.721140524199876842e-01 3.901110253309257869e-01
7.020787627944788944e-01 3.721387578718430844e-01 3.899992542989282329e-01
7.066561564326718781e-01 3.720919102466793693e-01 3.897976342674055461e-01
7.090830304327560007e-01 3.720739413756405933e-01 3.897595834646373492e-01
7.137154274518486829e-01 3.720635709637096222e-01 3.895204568391101851e-01
7.160000561815730302e-01 3.720380405994395123e-01 3.893114013645961879e-01
7.183007816737075890e-01 3.720505026605857579e-01 3.891208097351412931e-01
7.229968142391717256e-01 3.720551181805020202e-01 3.888018082632248573e-01
7.275095352044007591e-01 3.721053137559446888e-01 3.883544400786725914e-01
7.322556569117310010e-01 3.721538851767669520e-01 3.879280904854455203e-01
7.346898306248026422e-01 3.721765569125710660e-01 3.877230939728159020e-01
7.394518555660916093e-01 3.722198964781591735e-01 3.873090440785568189e-01
7.442305080395682504e-01 3.722832282820409122e-01 3.868799469110913991e-01
7.465990896134330201e-01 3.722923455720834052e-01 3.865977087635875664e-01
7.513764108520083473e-01 3.723215251597122299e-01 3.860753686620073122e-01
7.538183292603340968e-01 3.724079674316488897e-01 3.858843811695390480e-01
7.586866222157347961e-01 3.724575668205202805e-01 3.853119386782813960e-01
7.635698783992087568e-01 3.724754375799084194e-01 3.846910184496243890e-01
7.635698783992087568e-01 3.724754375799084194e-01 3.846910184496243890e-01
7.685447706135750678e-01 3.726945673212069821e-01 3.839294412716222071e-01
7.735419093225881504e-01 3.727876776266412229e-01 3.833989527146968168e-01
7.760757863854613747e-01 3.728252606965978821e-01 3.830237977008640327e-01
7.785719834358085789e-01 3.729025258020044475e-01 3.826522226080193434e-01
7.811383164494097864e-01 3.729867334622131714e-01 3.823426958646620744e-01
7.879496442516747967e-01 3.730068472272576874e-01 3.818641306450635264e-01
7.937243383544420050e-01 3.730173873352451985e-01 3.815689300860088951e-01
7.961481348751657805e-01 3.729667643931951493e-01 3.815471932008221989e-01
8.034337611855805195e-01 3.726323510509166881e-01 3.818456047988876279e-01
8.082485242829734462e-01 3.725526681662027495e-01 3.822505750758492526e-01
8.082485242829734462e-01 3.725526681662027495e-01 3.822505750758492526e-01
8.130690589314224503e-01 3.724949725492776587e-01 3.827742476083954015e-01
8.177960348905281007e-01 3.724988071547867818e-01 3.832809078495922339e-01
8.201110085589847776e-01 3.724931843803416243e-01 3.833756517150551657e-01
8.247430551814657340e-01 3.725504609360024699e-01 3.838199644998300242e-01
8.271138827132050730e-01 3.726145748500750976e-01 3.841068839118831901e-01
8.318486175980810415e-01 3.727766621135774616e-01 3.846385744938297657e-01
8.366417440740709921e-01 3.728712213542355047e-01 3.851593507266617422e-01
8.390621301209707505e-01 3.729383489543547370e-01 3.853386107840045538e-01
8.437535357599209584e-01 3.731371546722110355e-01 3.856548113801566702e-01
8.461734447193931530e-01 3.731680820631155804e-01 3.859089579588251828e-01
8.510413776717530299e-01 3.729836661330908076e-01 3.863854126565384739e-01
8.557009734227053466e-01 3.726821213532018895e-01 3.868637370045902024e-01
8.605300192966430783e-01 3.724478845296092522e-01 3.871835540085862837e-01
8.628174498075636967e-01 3.723444781069460419e-01 3.872349543210270584e-01
8.651361207703486267e-01 3.722781346022402960e-01 3.872468159066894122e-01
8.723705758289040935e-01 3.718668179474134416e-01 3.873539543858114387e-01
8.723705758289040935e-01 3.718668179474134416e-01 3.873539543858114387e-01
8.770986685386374937e-01 3.716881319037448894e-01 3.872681513951826693e-01
8.817523008714124311e-01 3.716565322169693708e-01 3.872616199630901646e-01
8.841090171974698153e-01 3.715969487749428701e-01 3.872120668472235350e-01
8.888834242837436728e-01 3.714119130796487145e-01 3.870515708803839994e-01
8.936491152092860268e-01 3.712879361933568156e-01 3.868167277475760280e-01
8.984367747526746939e-01 3.712867233701023228e-01 3.864213418860811267e-01
9.008189609871489756e-01 3.712017496171018949e-01 3.862608674309871981e-01
9.055761076394163167e-01 3.709596955721751743e-01 3.861315894741738086e-01
9.079176887506180682e-01 3.708554397693208382e-01 3.859978594921643635e-01
9.126007604126279427e-01 3.707346465474315456e-01 3.854418268419114169e-01
9.149588787169614656e-01 3.707847056589089196e-01 3.851186608898828911e-01
9.198767817982774764e-01 3.707576802651330605e-01 3.844543724435979248e-01
9.246741160825712180e-01 3.706828490020256939e-01 3.838248677593106839e-01
9.270708549325572534e-01 3.706062806779094054e-01 3.835551476279851491e-01
9.318838941657282549e-01 3.703551295251205633e-01 3.829558543492673772e-01
9.343327983263775005e-01 3.703867731895496007e-01 3.825315137505695962e-01
9.392828502542949209e-01 3.703006322024083308e-01 3.816729468055338748e-01
9.442194558624886769e-01 3.701329346181760904e-01 3.808787138883069634e-01
9.468049753015269632e-01 3.701282424911654378e-01 3.804496698726529402e-01
9.519208898138377117e-01 3.700533004627644673e-01 3.795123831429093597e-01
9.544314889816952752e-01 3.699692725057917575e-01 3.791194486105208261e-01
9.595401743205426159e-01 3.697211424691801973e-01 3.782479468593656913e-01
9.648287155566478424e-01 3.694372488029916135e-01 3.772090092620762336e-01
9.674561930793380560e-01 3.693645748583376798e-01 3.767719120773297403e-01
9.725532231666170757e-01 3.694348156992420251e-01 3.762272848773715594e-01
9.774013755341811605e-01 3.696354364878168819e-01 3.760424235344641541e-01
9.821601669078608987e-01 3.699058357502036376e-01 3.760551584879769926e-01
9.821601669078608987e-01 3.699058357502036376e-01 3.760551584879769926e-01
9.866819730831916102e-01 3.701451626978320419e-01 3.762520940856682872e-01
9.890333338731508439e-01 3.701839785094979685e-01 3.764366546318820284e-01
9.913601197216282968e-01 3.702459721307664320e-01 3.765771409846884188e-01
9.969346023512288824e-01 3.701216942980221081e-01 3.769633908208830375e-01
1.000147343952214385e+00 3.699411938941896127e-01 3.771598739821589996e-01
1.005898035674181790e+00 3.696032218844562123e-01 3.775443506572130348e-01
1.010859875769700045e+00 3.693992816127742440e-01 3.777524213919872809e-01
1.013290866664244394e+00 3.693635623375608468e-01 3.776995493585136865e-01
1.015843277709520764e+00 3.693151746431975191e-01 3.777390987025305291e-01
1.023474336583899857e+00 3.689777945593288311e-01 3.780734786276760406e-01
1.026043806060594088e+00 3.689507271087977269e-01 3.781886712774751302e-01
1.031265176148864704e+00 3.687970540543858422e-01 3.782609283685431922e-01
1.033844990079898940e+00 3.687409665479652321e-01 3.783902461007467855e-01
1.038952933715013183e+00 3.687209889878064750e-01 3.788626869179271273e-01
1.041591599933756163e+00 3.687752213905968190e-01 3.791477084336835057e-01
1.046678920790842682e+00 3.689408991679627436e-01 3.793657841852359214e-01
1.051742685450608672e+00 3.691949519533567758e-01 3.796692730446237229e-01
1.056772570358938568e+00 3.694148517348068705e-01 3.802616900403564815e-01
1.059238685047554585e+00 3.694862765844191266e-01 3.805734308285851908e-01
1.064134481733845616e+00 3.697952812372385378e-01 3.808444474265472168e-01
1.068966576641117383e+00 3.701763472609085892e-01 3.809669277500051798e-01
1.071273388500681101e+00 3.702567977065786553e-01 3.810961219531308064e-01
1.073715061593465192e+00 3.702600472848040503e-01 3.812478555949747605e-01
1.078670164676966303e+00 3.704130149690270657e-01 3.813948382179273011e-01
1.081000929475615546e+00 3.705645081738509483e-01 3.813969140949435843e-01
1.085852411458215760e+00 3.705059721256901972e-01 3.815693772541747242e-01
1.088351977778502455e+00 3.704393391551597525e-01 3.815659456264396399e-01
1.093204478311376571e+00 3.705706977958564963e-01 3.815381652326740314e-01
1.097952474879951623e+00 3.706696491137768112e-01 3.813734320849823112e-01
1.102711954563622365e+00 3.706806314861221252e-01 3.811934783531539805e-01
1.105047623267212842e+00 3.706698068418677328e-01 3.811384695631908626e-01
1.109870139652764154e+00 3.705530596362138773e-01 3.809799494277644749e-01
1.112216247205883857e+00 3.705728684214539825e-01 3.808463332453578820e-01
1.117052593621293832e+00 3.704889689117438767e-01 3.805508042196615870e-01
1.121988302583360131e+00 3.704439772150854293e-01 3.802191053940863208e-01
1.124448544399577310e+00 3.703801667046073276e-01 3.800436022411144421e-01
1.126863538906206053e+00 3.703822033967341110e-01 3.797931794460130961e-01
1.134134923466722844e+00 3.706116808077994373e-01 3.791717008718019644e-01
1.136550015706667027e+00 3.706016610040581138e-01 3.790158007398197748e-01
1.139030137268495446e+00 3.705401228547843817e-01 3.788714437487363806e-01
1.146283004362476987e+00 3.708529025167790483e-01 3.780164285079329334e-01
1.146283004362476987e+00 3.708529025167790483e-01 3.780164285079329334e-01
1.151319361930868146e+00 3.709795756475055550e-01 3.775514452153098111e-01
1.156243716532502575e+00 3.708807122125354350e-01 3.771877662540630283e-01
1.158724118937219272e+00 3.709603165297544192e-01 3.769276061018732582e-01
1.164000775420779954e+00 3.709870136232661930e-01 3.764259009909250997e-01
1.169220097239350720e+00 3.712181052611820964e-01 3.757844659437653556e-01
1.171823115574542440e+00 3.713551153313124353e-01 3.754323905810270645e-01
1.174507061901484128e+00 3.713221595686706511e-01 3.751512027552919015e-01
1.179732611761880046e+00 3.714516493239928274e-01 3.745951393076681901e-01
1.184858014774907931e+00 3.715109878114703501e-01 3.740962715338259637e-01
1.187493153666532075e+00 3.713432795944782705e-01 3.740318216302965793e-01
1.192705243863522613e+00 3.713907369902032518e-01 3.739823466377721894e-01
1.197710912318179721e+00 3.714819440643095660e-01 3.743073189214628504e-01
1.200251828404063525e+00 3.712885971872197932e-01 3.745386239012505891e-01
1.205261714768610437e+00 3.710911780704069796e-01 3.750197432513008300e-01
1.210066325972350310e+00 3.709139780083559046e-01 3.754209868918505499e-01
1.215109908861703447e+00 3.705351533833071698e-01 3.760590448435017219e-01
1.215109908861703447e+00 3.705351533833071698e-01 3.760590448435017219e-01
1.222344495792271113e+00 3.705269364979256186e-01 3.768621331500194849e-01
1.224961547225608349e+00 3.705538740579140122e-01 3.772173251629312718e-01
1.230106470288558462e+00 3.706003456705077581e-01 3.776204916925330890e-01
1.232655821398820351e+00 3.706705280394024249e-01 3.777984981005009235e-01
1.235267050341367190e+00 3.707101313082803995e-01 3.780968157552943021e-01
1.242990511721478120e+00 3.706622395969771944e-01 3.788239845513434734e-01
1.245591546842678810e+00 3.706602736744281645e-01 3.790202621278068174e-01
1.250748382057028429e+00 3.703589003654277345e-01 3.793974809777204138e-01
1.255851071787622120e+00 3.700926607227596477e-01 3.796907537047299330e-01
1.260708300020388917e+00 3.698288988777715391e-01 3.800240165040328355e-01
1.263212688262304928e+00 3.697151506314060310e-01 3.801449605866072945e-01
1.265801444981919710e+00 3.695119604776078148e-01 3.802225979552434909e-01
1.270861514422026106e+00 3.692937079986184368e-01 3.803834909625448679e-01
1.273341880844509610e+00 3.692349898567104383e-01 3.804321259145396761e-01
1.278525907134496098e+00 3.688987718182661912e-01 3.804620228478633459e-01
1.281002628444866787e+00 3.687592709182327955e-01 3.804493308820972031e-01
1.285870468748199213e+00 3.685773281977475779e-01 3.803915143806659849e-01
1.291094230383552421e+00 3.682271075420556206e-01 3.802666489661854499e-01
1.295972434376943205e+00 3.679850466643992957e-01 3.800342054390152269e-01
1.298378598382060156e+00 3.678980993398350274e-01 3.798963285523847544e-01
1.303505542203401424e+00 3.675978017188285540e-01 3.796323313084828399e-01
1.305969421849435763e+00 3.674757477627415558e-01 3.794421414733308850e-01
1.311123359405012456e+00 3.671563703949375923e-01 3.789028363173766456e-01
1.313817055027149960e+00 3.669384255880110413e-01 3.786589988112651906e-01
1.316292094932850487e+00 3.668416004576076084e-01 3.783931734249773582e-01
1.321188670671213039e+00 3.666767397963794917e-01 3.777392604864270309e-01
1.326235270823415968e+00 3.663940280627293045e-01 3.770239782703225240e-01
1.331376721178622935e+00 3.661052179409374219e-01 3.762390892536364717e-01
1.334015339378362697e+00 3.658911910077407015e-01 3.757193840387683670e-01
1.339144964275559957e+00 3.655684010914152515e-01 3.747694976166964231e-01
1.344328420294592874e+00 3.653699106991885048e-01 3.738947628767111953e-01
1.346993185532117110e+00 3.651984546752770622e-01 3.733975465292490581e-01
1.352259406512095197e+00 3.647740261619888957e-01 3.723167129766192796e-01
1.354929918318725113e+00 3.645435731801237034e-01 3.717654153955102236e-01
1.360397581705812486e+00 3.640182217254739339e-01 3.706861109844310498e-01
1.363048502929415706e+00 3.638618195748235529e-01 3.702149215834927842e-01
1.368232657063356283e+00 3.638039613169270492e-01 3.694099957118582855e-01
1.373322657122676427e+00 3.638216243210567469e-01 3.690058330777851170e-01
1.378030678779596618e+00 3.640233940872674157e-01 3.690644484903781164e-01
1.380380468970470176e+00 3.641028282601255772e-01 3.691983576725983429e-01
1.382733528412778412e+00 3.641665257693133539e-01 3.693433189269721417e-01
1.387356619285817105e+00 3.642472057540843688e-01 3.695162900788183657e-01
1.392016740972957578e+00 3.641005249729782345e-01 3.697743763144220042e-01
1.394386878155706055e+00 3.639944459294970347e-01 3.698847490071348609e-01
1.399305295665193016e+00 3.637279020723652168e-01 3.701313879492258430e-01
1.404321179039049516e+00 3.632307417392702242e-01 3.703805448787225174e-01
1.406849386024614290e+00 3.630363471025210287e-01 3.703630986267728575e-01
1.412055631661525590e+00 3.626390566200927146e-01 3.704010303675467908e-01
1.417247532683474143e+00 3.622562576468918993e-01 3.705066279465908385e-01
1.419831002494921002e+00 3.621678888433327859e-01 3.705696059630742001e-01
1.424946499612328443e+00 3.618518330535884231e-01 3.705255025180834716e-01
1.427580796774319483e+00 3.616739392108515028e-01 3.705133953848337436e-01
1.432932084273646156e+00 3.614252976620742075e-01 3.707999498708337560e-01
1.435530356295215526e+00 3.612749030025173558e-01 3.708869449364792237e-01
1.440737386865776903e+00 3.611996458614226690e-01 3.711466799250063842e-01
1.445915566104353012e+00 3.612323142965706002e-01 3.716773080513853245e-01
1.448460526108158009e+00 3.612631805446298028e-01 3.719201639180625962e-01
1.453575312417264565e+00 3.614844467275608597e-01 3.723999613488625515e-01
1.458608520435968670e+00 3.616680250582899325e-01 3.728920560890248703e-01
1.461117599853267057e+00 3.617303675102718219e-01 3.730747043182695011e-01
1.466079728570224505e+00 3.618473680657359748e-01 3.734887421573422905e-01
1.468538171405674442e+00 3.618538630191475147e-01 3.736386057244930337e-01
1.473415990301921497e+00 3.619227074531117805e-01 3.738767598549234128e-01
1.475873270712487084e+00 3.620663212367634110e-01 3.740194613497980214e-01
1.480762490740273662e+00 3.621657447851088230e-01 3.742712098821520117e-01
1.485528547484523676e+00 3.622856412311436514e-01 3.742918671232421390e-01
1.487936923451588456e+00 3.622917206023648085e-01 3.743112743068849335e-01
1.492855533732844409e+00 3.620912255699142435e-01 3.743945266191596177e-01
1.495270037693718246e+00 3.620236245258185437e-01 3.743736670853683446e-01
1.500061027453404749e+00 3.620292069477084040e-01 3.742497645991812449e-01
1.504898695889827165e+00 3.619140039405876474e-01 3.741753514266842329e-01
1.507310861221720311e+00 3.619145113014739512e-01 3.741566844272988801e-01
1.512168580638744375e+00 3.618918272519519586e-01 3.738920543496419002e-01
1.514590344889710893e+00 3.617862972354490281e-01 3.736375010637656979e-01
1.519477973687737071e+00 3.618083317402392418e-01 3.733749452310602956e-01
1.521942008001219593e+00 3.618417039929035517e-01 3.732633912885404692e-01
1.526819362982089423e+00 3.617679789707722304e-01 3.729857721451470542e-01
1.529284980155057427e+00 3.618350378431565151e-01 3.727543790443339500e-01
1.536554956244459369e+00 3.618703185176737613e-01 3.721039163591982613e-01
1.539023515201317638e+00 3.618450561592145287e-01 3.719385734321823955e-01
1.544005351300214768e+00 3.618616381385954539e-01 3.715694831811099386e-01
1.546513924428977615e+00 3.618844747648548577e-01 3.713364680266396656e-01
1.551488621264683232e+00 3.619421056366121658e-01 3.707951330119149125e-01
1.553990563089177490e+00 3.620231291068986557e-01 3.705479129426422213e-01
1.558953717770659386e+00 3.620843498940355398e-01 3.700502478304660281e-01
1.564087148315380871e+00 3.623990891010917537e-01 3.698678119786479312e-01
1.566769172548817979e+00 3.627342672803370860e-01 3.698367053302714647e-01
1.569419337133227899e+00 3.629526254198043866e-01 3.697822178918976910e-01
1.577115865829868513e+00 3.630174587497227989e-01 3.684339697289064075e-01
1.579802333196073105e+00 3.631687549594243003e-01 3.681773906046560407e-01
1.582441104205762450e+00 3.632444999260548979e-01 3.679035045965766137e-01
1.587776377536499028e+00 3.633528283572362017e-01 3.672575173575055585e-01
1.592918895233124799e+00 3.633204979924681832e-01 3.668782396357888054e-01
1.595422552660946680e+00 3.632265187113885019e-01 3.668049797406673918e-01
1.600382486570473661e+00 3.631533970680108081e-01 3.669804431504134490e-01
1.605288656686276072e+00 3.629499406332912792e-01 3.682524663214153948e-01
1.607837002710124752e+00 3.628086968400158763e-01 3.683478376850621849e-01
1.612815437366515781e+00 3.627046394241194016e-01 3.681134200722132599e-01
1.617550018833621150e+00 3.626296517986833945e-01 3.689730217673284907e-01
1.619886423851902402e+00 3.624163086064690620e-01 3.694035799678988541e-01
1.622285054401145343e+00 3.620686532391625412e-01 3.697536429478566200e-01
1.627123097029012699e+00 3.619090303320369739e-01 3.709253845427666896e-01
1.631767149288808838e+00 3.617489292895612607e-01 3.710369263197046408e-01
1.634079967678288670e+00 3.615644516218168847e-01 3.704831843885109111e-01
1.638974968570610757e+00 3.615008871249931199e-01 3.702161473408960290e-01
