1.017228402788917553e-02 3.354256934603695728e-02 -1.320615437490633634e-02 9.992982628654711874e-01
1.049507469565749522e-02 3.352623429746399292e-02 -1.317769504263051512e-02 9.992958487726883998e-01
1.049507469565749522e-02 3.352623429746399292e-02 -1.317769504263051512e-02 9.992958487726883998e-01
-3.816197689707494689e-04 3.324939775133949754e-02 -1.062754851780393743e-02 9.993905078236570150e-01
2.356851880239115189e-03 3.468561858148427185e-02 -9.840621033241752150e-03 9.993470444697950539e-01
1.456588614239975052e-03 3.629579754871353758e-02 -1.001912443792751274e-02 9.992898030978846213e-01
1.265185379386465220e-03 3.745526697931917531e-02 -9.643226806661216524e-03 9.992509747096667283e-01
1.291826939284214468e-03 3.811893704588763948e-02 -9.226666584316350200e-03 9.992297766006538184e-01
1.417188197539224993e-03 3.843282331003512742e-02 -9.558105746055532356e-03 9.992144676117232782e-01
2.892755476881228409e-03 3.665843338101897747e-02 -1.054415936851788548e-02 9.992680380813807606e-01
2.976403002150143640e-03 3.544098989274531430e-02 -9.823838408016065046e-03 9.993190528852756715e-01
3.434530201500395237e-03 3.554466289869523399e-02 -1.151026580322989448e-02 9.992958994826567354e-01
-1.312526983050646369e-03 3.657425313561350755e-02 -1.086983458942184476e-02 9.992709582372988342e-01
-5.729552359424220590e-04 3.303904216970920266e-02 -1.006709980968042983e-02 9.994031953702308124e-01
1.867589105453546948e-04 2.877829393125659607e-02 -9.074831182343791325e-03 9.995446074880938170e-01
-1.362787057191122003e-02 2.638568721164633035e-02 -8.723518582362661117e-03 9.995208736577678721e-01
-1.165112582806262197e-02 2.682169392953511616e-02 -9.817157792197554050e-03 9.995241224775779365e-01
-3.569608602416157045e-03 2.657716505562380052e-02 -8.622186326816050350e-03 9.996032063248784238e-01
-2.670534428007436799e-03 2.377678174782569057e-02 -7.493195299086632434e-03 9.996856430497513823e-01
-3.802937707476003720e-03 2.243132561299409494e-02 -6.487997113051711777e-03 9.997201004228624122e-01
-6.520871282324055759e-03 1.938042725159828950e-02 -6.167825187465436447e-03 9.997718915881371737e-01
3.575404360570708182e-03 1.814841905454294205e-02 -8.573149683358498654e-03 9.997921546371455470e-01
-1.329462821288746738e-02 1.216206412818243189e-02 -6.499439779679471244e-03 9.998165303391285397e-01
-1.605861735756849637e-02 1.230598019996941885e-02 -5.665775242062225797e-03 9.997792669638572161e-01
-1.560215497631016295e-02 1.155697361150842019e-02 -5.445361904896414001e-03 9.997966579033773504e-01
-1.456287956758014167e-02 1.112628739881729376e-02 -5.417542027461732558e-03 9.998173725765120423e-01
-1.361763367886438536e-02 8.615068418387992685e-03 -3.944343277575327635e-03 9.998623819332556062e-01
-1.228692575338536340e-02 8.305488839242133881e-03 -4.101594112384165415e-03 9.998816066097072630e-01
-1.350406843679491202e-02 6.627510396290799306e-03 -3.751148666367210699e-03 9.998798153404659939e-01
-1.334296430540545496e-02 5.413179687661848205e-03 -3.735871051501841837e-03 9.998893469062966055e-01
-1.404544107546695092e-02 4.915686190440701243e-03 -4.141855924296690243e-03 9.998806962051898228e-01
-1.320314035376005113e-02 4.474405737913932091e-03 -4.186815499931945649e-03 9.998940580651837218e-01
-1.170873212284825882e-02 3.510419576053412302e-03 -3.623724469209959123e-03 9.999187222806895647e-01
-1.135264019677748558e-02 3.288606015719785624e-03 -3.495063825533831475e-03 9.999240406950377080e-01
-7.275091449554469195e-03 2.546369173442077256e-03 -5.143023587867233230e-03 9.999570682568366120e-01
-1.058637074991936738e-02 2.413385451296470776e-03 -3.919918132619503587e-03 9.999333670634470428e-01
-1.102472700362003288e-02 1.661842210528823071e-03 -3.751653086715677800e-03 9.999308069932039134e-01
-2.132010976175363354e-03 3.137079327220471288e-03 -2.721063232879954163e-03 9.999891044793313144e-01
-1.101416915431088599e-03 1.536793930365357727e-03 -3.835539566650100871e-04 9.999981390140465498e-01
-9.143764321783747623e-03 8.429754706036878941e-04 -4.365001720042380184e-03 9.999483125273864736e-01
-8.857891161516081441e-03 2.291728954272463821e-04 -4.105288215156897846e-03 9.999523147893729647e-01
-8.016421312067187332e-03 3.514363728457485254e-04 -3.886810608751589593e-03 9.999602523026177581e-01
-9.681466909428103687e-03 -6.780158607937928185e-04 -4.216566497265528818e-03 9.999440134627279875e-01
1.273263117005824690e-03 3.987597993896209534e-05 -5.578580925465628044e-04 9.999990330021774065e-01
5.019202549106571362e-03 3.206466733765225927e-03 -4.154456092634142492e-03 9.999736329881057095e-01
-1.791919216105133461e-03 -1.731619069701761287e-03 -2.281945077030323593e-03 9.999942916075000854e-01
-5.924144619608722948e-03 -2.331441414916190016e-03 -3.043900377074310135e-03 9.999751014710062114e-01
-5.992917703323249849e-03 -2.510103264963697324e-03 -3.082453854896691388e-03 9.999741410642741801e-01
-5.701593303203547798e-03 -2.709605742772467143e-03 -2.440032018530144831e-03 9.999770977948806427e-01
-5.442362953570270556e-03 -2.479644973629828702e-03 -3.165111252539848374e-03 9.999771067964733362e-01
-4.635356953717848817e-03 -3.748905727823359599e-03 -1.504315684203855023e-03 9.999810979243947129e-01
-4.125399101876224550e-03 -3.439466687756111574e-03 -2.007489686702109994e-03 9.999835604330262750e-01
-3.748627650714190466e-03 -3.521043063699118639e-03 -1.118060780312968901e-03 9.999861498973731111e-01
1.044964448868548673e-03 -3.222497381762231584e-03 -9.552286944898049888e-04 9.999938055298475126e-01
6.362696264122836599e-03 -2.684124959020242423e-04 -2.991105887591786507e-03 9.999752483619541721e-01
-2.328368664250250655e-03 -3.254909856488927365e-03 -1.489266787971859577e-03 9.999908831312532831e-01
-2.293050379157064288e-03 -3.593791206778323890e-03 -1.456679359006119757e-03 9.999898522834947956e-01
3.800654161434326508e-03 7.460578340381251875e-04 -4.407924763344422958e-03 9.999827841642745518e-01
-1.413490305233869966e-03 -3.683592290329969557e-03 -9.425220908543759969e-04 9.999917723887051801e-01
-1.748006661085645726e-03 -3.813142262638591264e-03 -1.241769071223080157e-03 9.999904311684044700e-01
-7.878589094164251995e-04 -3.306616219361520771e-03 -9.115367371569063799e-04 9.999938073149721163e-01
6.179146701737643632e-05 -3.012685615699971231e-03 -7.985824755392725025e-04 9.999951410748081360e-01
4.392877427790990025e-03 -2.593638950182143577e-03 9.560646729416823718e-05 9.999869831774331752e-01
7.478433875759757724e-03 -1.684942193823076766e-03 3.267980618263437382e-04 9.999705631665345429e-01
1.002661886439797090e-02 3.844667944564383812e-04 -1.661550159590372954e-03 9.999482778376586056e-01
1.047111287700601759e-02 3.202945087912533167e-04 -2.017296858159108464e-03 9.999430902406050148e-01
5.062307644744663306e-03 -2.807174893484860271e-03 2.913602528237508151e-04 9.999832038187593808e-01
4.258293208843209745e-06 -3.403724284302110398e-03 -2.323239297423887006e-04 9.999941803172932575e-01
-1.939509709925670402e-03 -3.395312797145732392e-03 -5.264565699676585896e-04 9.999922164679956316e-01
-3.716739135325292358e-04 -2.861993753213076721e-03 -1.029417304971812615e-04 9.999958301179354692e-01
-1.880187869863132223e-03 -3.530453325677519478e-03 -4.164330162568655527e-04 9.999919136555216470e-01
-1.832852336631918570e-03 -3.309745338458184444e-03 7.533645941850220862e-05 9.999928402556312879e-01
-3.718254992668848426e-03 -4.136623455931447840e-03 3.425006431974403809e-04 9.999844726892027635e-01
-4.544735936060264291e-03 -3.971763454983730929e-03 4.394744626073585894e-04 9.999816884986073573e-01
-4.527523805495193426e-03 -3.781320590942954633e-03 4.913030670244056741e-04 9.999824807285754291e-01
-4.527523805495193426e-03 -3.781320590942954633e-03 4.913030670244056741e-04 9.999824807285754291e-01
-8.854484890256543103e-03 -2.396283980383392877e-03 1.694632612601285624e-05 9.999579269315462815e-01
-9.761707882639898345e-03 -1.755098528626008493e-03 -7.509032343658169722e-07 9.999508131342286221e-01
-1.414209595433901442e-02 5.939821911497289181e-04 -1.244144256547939555e-03 9.998990451101770205e-01
-1.074928745751361006e-02 1.515800122989837805e-03 9.279788494689729036e-04 9.999406452507058063e-01
-1.596811368566457279e-02 4.726467405755721378e-03 -1.247413809063450951e-03 9.998605521821395392e-01
-1.834953082011591546e-02 6.664224854549320905e-03 -2.288730093461738887e-03 9.998068036077415455e-01
-2.044700953829982348e-02 9.028746619998142056e-03 -1.770815155512717306e-03 9.997486012738890926e-01
-2.152348444341475875e-02 1.080304456249112262e-02 -2.021820238194047947e-03 9.997079303919317317e-01
-2.849987722190675671e-02 1.381152912913477873e-02 -2.600675019626751822e-03 9.994949900579259694e-01
-2.427750107830846729e-02 1.599663898768633949e-02 -3.130134662607663744e-03 9.995723649338673633e-01
-2.663831475661137746e-02 1.986194648029969770e-02 -3.687286336251238781e-03 9.994409973522278001e-01
-2.663831475661137746e-02 1.986194648029969770e-02 -3.687286336251238781e-03 9.994409973522278001e-01
-2.670257492900169824e-02 2.295261966936266648e-02 -4.322752273635465867e-03 9.993705336636934389e-01
-2.657241138673847522e-02 2.397419771884807052e-02 -4.464631272048174941e-03 9.993493942883220349e-01
-2.201917284061362043e-02 2.530521873833020338e-02 -4.335381648026324572e-03 9.994278395151831029e-01
-2.020945170010063352e-02 2.528298538448312677e-02 -4.493572744637952358e-03 9.994659356456416788e-01
-1.181924233897609956e-02 2.816166746310566626e-02 -5.924928238748402437e-03 9.995159434554287126e-01
-1.644047603955531636e-02 2.490524471775627802e-02 -4.832598118903328605e-03 9.995429383115879141e-01
-1.713501309085895680e-02 2.431269656402193502e-02 -5.044372962093228094e-03 9.995448156103763360e-01
-1.775554435727468017e-02 2.419340540675637627e-02 -5.179973561912243341e-03 9.995361862650592455e-01
-2.141596589142101548e-02 2.292993282583224990e-02 -5.319937973339841294e-03 9.994935081557559942e-01
-2.222954926112109125e-02 2.224667524543926661e-02 -5.715690030552467507e-03 9.994890011739229196e-01
-2.371828474379415741e-02 2.092007253087927940e-02 -5.577552850952978598e-03 9.994842091990797650e-01
-2.785611334544577100e-02 1.880196249112817478e-02 -6.780678041070872450e-03 9.994120999673113959e-01
-2.830161732472624009e-02 1.865133691353352413e-02 -6.436038649051140786e-03 9.994046845470810903e-01
-2.951570486191157361e-02 1.835478902065254200e-02 -6.624578452854891497e-03 9.993738238751472824e-01
-3.170835253791413899e-02 1.809710774725138346e-02 -7.010041123024988476e-03 9.993087282686813344e-01
-3.246768562600861607e-02 1.802753512882775133e-02 -7.437605596642195629e-03 9.992825123008299837e-01
-3.104928298336839462e-02 1.861455015018297424e-02 -7.392973779030912428e-03 9.993171591079719196e-01
-2.991372752526187673e-02 1.890380771661005765e-02 -7.334875729899014742e-03 9.993467939396137867e-01
-2.945823593258853346e-02 1.936162509719206379e-02 -7.535126756802956738e-03 9.993500696323058818e-01
-2.381159140615671244e-02 2.030394005381969819e-02 -7.629169871283110645e-03 9.994811423434022402e-01
-2.781699859316638657e-02 1.923451446272785373e-02 -7.408487357743940432e-03 9.994005014796225606e-01
-2.298905669714288932e-02 2.020138228639850250e-02 -7.069553884999729004e-03 9.995065926914946663e-01
-1.707481830234287498e-02 2.172815428874218593e-02 -6.911207608766469467e-03 9.995942042151580997e-01
-1.752830911190795399e-02 2.211587704674511032e-02 -6.578491133692185473e-03 9.995800967488971400e-01
-1.185817941365062064e-02 2.340761901695761343e-02 -6.765284767436418982e-03 9.996327815127743488e-01
-5.861212897222563799e-03 2.521999260751897620e-02 -6.711986131702259856e-03 9.996422096922568112e-01
-1.051872670873954356e-02 2.525237916013339107e-02 -6.585105886218568100e-03 9.996040766801859156e-01
-2.718676739973301549e-03 2.721320828221408111e-02 -6.864967202755988679e-03 9.996023821085449068e-01
-1.293396082324839913e-03 2.808722484747131279e-02 -6.624764211251273419e-03 9.995826866378224596e-01
-6.015632254387562154e-03 2.767163036071313212e-02 -5.959296853744738311e-03 9.995812022155924348e-01
-7.117274046965182434e-03 2.854374189805769513e-02 -5.266936937091125023e-03 9.995533295346967773e-01
-2.750385070247353229e-03 2.966198616707372074e-02 -5.228734886433174765e-03 9.995425265040388529e-01
1.324046441747487495e-03 3.136550651901879455e-02 -4.555608731845419389e-03 9.994967225213436945e-01
-1.512123204361644994e-03 3.133900272493177208e-02 -3.053545119734511325e-03 9.995030046247102007e-01
1.462170822258529327e-03 3.311108073257813117e-02 -3.745107498113314608e-03 9.994435914842991764e-01
1.752102324939278132e-03 3.255847549894657494e-02 -2.702385439007083581e-03 9.994646431583092960e-01
4.211328343388484607e-03 3.328652959408850281e-02 -1.321310750730251638e-03 9.994361039101329336e-01
5.001515596555112381e-03 3.350138011462981680e-02 -8.552494529220967291e-04 9.994257906020466153e-01
-4.184180154889899101e-04 3.185349474302703182e-02 -1.153351253308229803e-03 9.994917956541248261e-01
-3.589728788943881074e-03 3.038746163231146116e-02 -2.098471906053495767e-04 9.995317263533576302e-01
-1.485684012072836790e-02 2.624959476716191842e-02 1.500871159869977258e-03 9.995438862110800349e-01
-1.190150432973541630e-02 2.615893065566604267e-02 5.116785116418209271e-04 9.995868160028633653e-01
-1.599239308563610990e-02 2.404994518270673134e-02 4.341804672555670225e-04 9.995827404409427519e-01
-1.628621213051078750e-02 2.310009190736203241e-02 7.227985020523662336e-04 9.996002313978508136e-01
-1.578124591716530481e-02 2.222638027492201268e-02 1.235835319817641352e-03 9.996276371770834723e-01
-1.540660805951508602e-02 2.150475089059270331e-02 1.050201666218163708e-03 9.996494781640684613e-01
-7.607331856720001527e-03 2.200631252529279547e-02 1.247414343233263501e-03 9.997281103722738260e-01
-6.419450275454979295e-03 2.216404736644097401e-02 1.545907059038903334e-03 9.997325421500813381e-01
-2.586754112993334877e-03 2.188951838923446427e-02 1.891376493161910782e-03 9.997552602426292845e-01
-2.115042102760058412e-03 2.162829724563414269e-02 1.472142596219591128e-03 9.997627599342429061e-01
4.319939330366374085e-04 2.145030338178631479e-02 1.988780006014096227e-03 9.997678443619593125e-01
2.123868734412389953e-03 2.147068341296744579e-02 2.237420012328544816e-03 9.997647187649040257e-01
1.300617441114211396e-02 2.473633323424037633e-02 1.227508848201169659e-03 9.996086466549491956e-01
2.116880057528378999e-03 2.090068529741829009e-02 2.316169772795287699e-03 9.997766328188031348e-01
1.927122625446098855e-03 2.148219354333569253e-02 1.842894509132695507e-03 9.997656751953336585e-01
1.861337049600655848e-03 2.172027769891352392e-02 1.379180024701881849e-03 9.997614029474879427e-01
1.200841304654387239e-03 2.182534243834205467e-02 1.698029808320679259e-03 9.997596356636829773e-01
1.394769478285031068e-03 2.176493396958980100e-02 2.110380442375013165e-03 9.997599154606021665e-01
1.493197048080219854e-03 2.265463338892908379e-02 8.731584244701124514e-04 9.997418544519153238e-01
5.961247710292767342e-04 2.227642141348208649e-02 1.014929004326720107e-03 9.997511568402321913e-01
-2.805689595396939750e-03 2.161239791900709459e-02 8.701511136702446553e-04 9.997621093035703455e-01
-5.129728409102322396e-03 2.212851757360282529e-02 2.174288018791153607e-04 9.997419503657730688e-01
9.686544113659498537e-03 2.580447844743462282e-02 -2.305251889483704380e-04 9.996200511260902033e-01
7.183440461152826133e-03 2.435923973644755353e-02 7.053688746556268426e-04 9.996772119426120540e-01
-5.761636044055335436e-03 2.130794144880969118e-02 8.381727505328798612e-04 9.997560065574750965e-01
-5.360036525134317421e-03 2.140627494178980184e-02 2.892907549499968214e-04 9.997564491977157797e-01
-6.097556323931651971e-03 2.175856623546663926e-02 -3.057476558336998866e-04 9.997446129490392686e-01
-4.268975681218134359e-03 2.227782393500845476e-02 4.283091153604143449e-04 9.997426123551279575e-01
-2.742126385582640147e-03 2.362128432818920779e-02 -5.412743290434224004e-04 9.997170713215179916e-01
-4.011304580450325216e-03 2.344854639207837738e-02 7.509686459310079508e-05 9.997169946880578584e-01
-6.249519291662147813e-03 2.360516164924732901e-02 -2.343568967534197754e-04 9.997017980022747663e-01
2.111641591524073252e-03 2.500837549417056146e-02 5.308133192268337571e-04 9.996848705277836533e-01
2.193719325540232582e-03 2.558147869248850181e-02 -3.341316633578147403e-04 9.996702775912956751e-01
9.494261271638601302e-04 2.520558767132157971e-02 -2.458608673408033802e-04 9.996818076231087646e-01
-7.542825841221811791e-04 2.436987062390507178e-02 -1.066246833257192272e-03 9.997021574355273721e-01
-8.136492618687984034e-04 2.295678036036342268e-02 -1.155491734445535448e-03 9.997354595337790695e-01
-2.633164822461601332e-03 2.297842759552830294e-02 -2.092018455380892459e-03 9.997303045156914481e-01
-2.680902598894297634e-03 2.132320759864679907e-02 -1.085335718598704185e-03 9.997684510052006202e-01
-2.818369818208122171e-03 2.167401189395850442e-02 -1.836582315616257536e-03 9.997594315461026948e-01
-4.183075607260389184e-03 2.117608430450942242e-02 -1.570808450650875050e-03 9.997657765160816723e-01
1.812728579416072409e-03 2.271368642713556679e-02 -1.040804493532114473e-03 9.997398257496764584e-01
1.896964059201908248e-03 2.397543164406246499e-02 -2.253339463465794425e-03 9.997082087619874047e-01
1.896964059201908248e-03 2.397543164406246499e-02 -2.253339463465794425e-03 9.997082087619874047e-01
-3.558615770057942541e-03 2.247218297930541828e-02 -2.630639074176412129e-03 9.997376740845606014e-01
-4.505706319024474320e-03 2.318119774443357789e-02 -3.017305796799277674e-03 9.997165731083129669e-01
-2.845785261968545796e-03 2.216864609243481693e-02 -1.478553242696063839e-03 9.997491017835323790e-01
-2.031696131102207151e-03 2.288848745894472153e-02 -2.191280666810792224e-03 9.997335583252728863e-01
-1.478155823934916699e-03 2.325096865087724826e-02 -2.231602010727274602e-03 9.997260762151909397e-01
-2.101664295449462688e-03 2.287348069465118539e-02 -1.637189302446732638e-03 9.997348180889212843e-01
-3.641368810204981173e-05 2.380006121328195889e-02 -1.897337822971183413e-03 9.997149373043662246e-01
-3.866395679373372781e-04 2.384289478444221247e-02 -2.011438906618820757e-03 9.997136194889352234e-01
1.947257039001516407e-03 2.424993080073962332e-02 -1.237947316990651702e-03 9.997032642402563507e-01
2.350800015465708253e-03 2.498713292726265772e-02 -6.420315811635430095e-04 9.996848026867325432e-01
3.735239442576642442e-03 2.618651737442242999e-02 -8.527051161652632154e-04 9.996497322502970739e-01
1.012356434373048834e-02 2.830743298929996529e-02 -5.656179595996508957e-05 9.995479975885589452e-01
4.490743661676919150e-03 2.758727336026079585e-02 -4.095139254397010754e-04 9.996092275825870788e-01
4.399430893084611653e-03 2.821089908295543874e-02 -4.376705979133213277e-05 9.995923110274472778e-01
4.865723110415475991e-03 2.879139799935633709e-02 2.948868694061234372e-04 9.995735556634087748e-01
4.969571274563059672e-03 2.913291415495084663e-02 6.858095482846444718e-04 9.995629576667248717e-01
4.149375427778805719e-03 3.058930080289476439e-02 1.792266348196202327e-04 9.995234090494142798e-01
1.110136445313184526e-02 3.322579016519060929e-02 7.741187384456434638e-04 9.993859151075505931e-01
1.231806727775107413e-02 3.422261676201050068e-02 4.258622764645738864e-04 9.993382292106226528e-01
4.922227262953327021e-03 3.237765109051465862e-02 1.191523053933417299e-03 9.994628755794008335e-01
1.247769375236138130e-02 3.600308811696831951e-02 1.416039579329485222e-03 9.992727753904705468e-01
5.996172022478106316e-03 3.405885467221950874e-02 1.854248868752262367e-03 9.994001211229796011e-01
1.444011892465807759e-02 3.870446127748210924e-02 1.901189256423649852e-03 9.991445506642534502e-01
7.980239746128691899e-03 3.653191949175713799e-02 2.399260052023567159e-03 9.992977425087303800e-01
9.225830175037721265e-03 3.771794229599053500e-02 2.169898952620451238e-03 9.992434800513202431e-01
1.557310344879835572e-02 4.010475663563088655e-02 2.739067440526476386e-03 9.990703601117021382e-01
7.668723702444418290e-03 3.937192331099418491e-02 2.157226977620190899e-03 9.991928686211365429e-01
8.003785903180619943e-03 4.041748014047850251e-02 2.956331142586307321e-03 9.991464491337020970e-01
1.207938250425837079e-02 4.193750632404714962e-02 3.504023562780551968e-03 9.990410681751316080e-01
1.331922780897049075e-02 4.322275994276859185e-02 2.815127522372261066e-03 9.989727054582299148e-01
1.331922780897049075e-02 4.322275994276859185e-02 2.815127522372261066e-03 9.989727054582299148e-01
1.331922780897049075e-02 4.322275994276859185e-02 2.815127522372261066e-03 9.989727054582299148e-01
1.053229548106426709e-03 3.840699831413650622e-02 4.153030511047787685e-03 9.992529937536296369e-01
-5.614327078514926451e-04 3.622313347298320579e-02 2.883835787477896217e-03 9.993394082522033539e-01
3.006487605953577858e-04 3.559271729766508296e-02 3.274111817537876494e-03 9.993609699590522144e-01
-2.036055455312842273e-03 3.406972158936764916e-02 2.767493581312804960e-03 9.994135528039848060e-01
-1.570937349765966738e-03 3.327743531350297462e-02 2.324368208449688767e-03 9.994422153217414895e-01
-1.979443915151994551e-03 3.106926050598227823e-02 2.824572746002351059e-03 9.995112828988979015e-01
1.931965877428351444e-03 3.148826987476126965e-02 3.289030876815905551e-03 9.994968427384021137e-01
4.410075712181840690e-03 3.153692345464761265e-02 3.688098540307319616e-03 9.994860537398135847e-01
7.177133713242411783e-03 3.358788640291068828e-02 3.228520935414013089e-03 9.994047825036745936e-01
7.280146974017619524e-03 3.394023695294678261e-02 2.996211819832342565e-03 9.993928569338211831e-01
1.727224721215483288e-02 3.676914368931048782e-02 3.860601046896895185e-03 9.991670507518518596e-01
8.983817464071541456e-03 3.493963330030411263e-02 2.627634591742580069e-03 9.993455901664172192e-01
1.736582527730032993e-02 3.794639190768560322e-02 3.269805208999931705e-03 9.991235198049948085e-01
1.101458468232769869e-02 3.600271706616903905e-02 2.966173286995136323e-03 9.992865880737922257e-01
1.606622671671610256e-02 3.782263175001709249e-02 2.843073054121022115e-03 9.991512607319267270e-01
1.373741420766153888e-02 3.704272870319527677e-02 3.310307907749203676e-03 9.992137717038653832e-01
1.210326515755871107e-02 3.723664582601182715e-02 2.741120214727545742e-03 9.992294178216144518e-01
5.099446048915871887e-03 3.607163142698448233e-02 1.814210106133564305e-03 9.993345494367142923e-01
1.217700414357540672e-02 3.810354151268259548e-02 2.615176777345154264e-03 9.991961777072118078e-01
1.118868968422945254e-02 3.782275253696557038e-02 2.411186362605090977e-03 9.992189143496045256e-01
4.826121727226947121e-03 3.681661400947894985e-02 1.400310543886275089e-03 9.993094038446409533e-01
4.826121727226947121e-03 3.681661400947894985e-02 1.400310543886275089e-03 9.993094038446409533e-01
4.826121727226947121e-03 3.681661400947894985e-02 1.400310543886275089e-03 9.993094038446409533e-01
4.826121727226947121e-03 3.681661400947894985e-02 1.400310543886275089e-03 9.993094038446409533e-01
4.826121727226947121e-03 3.681661400947894985e-02 1.400310543886275089e-03 9.993094038446409533e-01
4.826121727226947121e-03 3.681661400947894985e-02 1.400310543886275089e-03 9.993094038446409533e-01
4.826121727226947121e-03 3.681661400947894985e-02 1.400310543886275089e-03 9.993094038446409533e-01
4.826121727226947121e-03 3.681661400947894985e-02 1.400310543886275089e-03 9.993094038446409533e-01
4.826121727226947121e-03 3.681661400947894985e-02 1.400310543886275089e-03 9.993094038446409533e-01
4.826121727226947121e-03 3.681661400947894985e-02 1.400310543886275089e-03 9.993094038446409533e-01
4.826121727226947121e-03 3.681661400947894985e-02 1.400310543886275089e-03 9.993094038446409533e-01
4.826121727226947121e-03 3.681661400947894985e-02 1.400310543886275089e-03 9.993094038446409533e-01
4.826121727226947121e-03 3.681661400947894985e-02 1.400310543886275089e-03 9.993094038446409533e-01
4.826121727226947121e-03 3.681661400947894985e-02 1.400310543886275089e-03 9.993094038446409533e-01
4.826121727226947121e-03 3.681661400947894985e-02 1.400310543886275089e-03 9.993094038446409533e-01
4.826121727226947121e-03 3.681661400947894985e-02 1.400310543886275089e-03 9.993094038446409533e-01
4.826121727226947121e-03 3.681661400947894985e-02 1.400310543886275089e-03 9.993094038446409533e-01
4.826121727226947121e-03 3.681661400947894985e-02 1.400310543886275089e-03 9.993094038446409533e-01
4.826121727226947121e-03 3.681661400947894985e-02 1.400310543886275089e-03 9.993094038446409533e-01
4.826121727226947121e-03 3.681661400947894985e-02 1.400310543886275089e-03 9.993094038446409533e-01
4.826121727226947121e-03 3.681661400947894985e-02 1.400310543886275089e-03 9.993094038446409533e-01
4.826121727226947121e-03 3.681661400947894985e-02 1.400310543886275089e-03 9.993094038446409533e-01
4.826121727226947121e-03 3.681661400947894985e-02 1.400310543886275089e-03 9.993094038446409533e-01
4.826121727226947121e-03 3.681661400947894985e-02 1.400310543886275089e-03 9.993094038446409533e-01
4.826121727226947121e-03 3.681661400947894985e-02 1.400310543886275089e-03 9.993094038446409533e-01
4.826121727226947121e-03 3.681661400947894985e-02 1.400310543886275089e-03 9.993094038446409533e-01
4.826121727226947121e-03 3.681661400947894985e-02 1.400310543886275089e-03 9.993094038446409533e-01
4.826121727226947121e-03 3.681661400947894985e-02 1.400310543886275089e-03 9.993094038446409533e-01
4.826121727226947121e-03 3.681661400947894985e-02 1.400310543886275089e-03 9.993094038446409533e-01
4.826121727226947121e-03 3.681661400947894985e-02 1.400310543886275089e-03 9.993094038446409533e-01
4.826121727226947121e-03 3.681661400947894985e-02 1.400310543886275089e-03 9.993094038446409533e-01
4.826121727226947121e-03 3.681661400947894985e-02 1.400310543886275089e-03 9.993094038446409533e-01
4.826121727226947121e-03 3.681661400947894985e-02 1.400310543886275089e-03 9.993094038446409533e-01
4.826121727226947121e-03 3.681661400947894985e-02 1.400310543886275089e-03 9.993094038446409533e-01
4.826121727226947121e-03 3.681661400947894985e-02 1.400310543886275089e-03 9.993094038446409533e-01
4.826121727226947121e-03 3.681661400947894985e-02 1.400310543886275089e-03 9.993094038446409533e-01
4.826121727226947121e-03 3.681661400947894985e-02 1.400310543886275089e-03 9.993094038446409533e-01
4.826121727226947121e-03 3.681661400947894985e-02 1.400310543886275089e-03 9.993094038446409533e-01
4.826121727226947121e-03 3.681661400947894985e-02 1.400310543886275089e-03 9.993094038446409533e-01
4.826121727226947121e-03 3.681661400947894985e-02 1.400310543886275089e-03 9.993094038446409533e-01
4.826121727226947121e-03 3.681661400947894985e-02 1.400310543886275089e-03 9.993094038446409533e-01
4.826121727226947121e-03 3.681661400947894985e-02 1.400310543886275089e-03 9.993094038446409533e-01
4.826121727226947121e-03 3.681661400947894985e-02 1.400310543886275089e-03 9.993094038446409533e-01
4.826121727226947121e-03 3.681661400947894985e-02 1.400310543886275089e-03 9.993094038446409533e-01
4.826121727226947121e-03 3.681661400947894985e-02 1.400310543886275089e-03 9.993094038446409533e-01
4.826121727226947121e-03 3.681661400947894985e-02 1.400310543886275089e-03 9.993094038446409533e-01
4.826121727226947121e-03 3.681661400947894985e-02 1.400310543886275089e-03 9.993094038446409533e-01
4.826121727226947121e-03 3.681661400947894985e-02 1.400310543886275089e-03 9.993094038446409533e-01
4.826121727226947121e-03 3.681661400947894985e-02 1.400310543886275089e-03 9.993094038446409533e-01
4.826121727226947121e-03 3.681661400947894985e-02 1.400310543886275089e-03 9.993094038446409533e-01
4.826121727226947121e-03 3.681661400947894985e-02 1.400310543886275089e-03 9.993094038446409533e-01
4.826121727226947121e-03 3.681661400947894985e-02 1.400310543886275089e-03 9.993094038446409533e-01
4.826121727226947121e-03 3.681661400947894985e-02 1.400310543886275089e-03 9.993094038446409533e-01
4.826121727226947121e-03 3.681661400947894985e-02 1.400310543886275089e-03 9.993094038446409533e-01
4.826121727226947121e-03 3.681661400947894985e-02 1.400310543886275089e-03 9.993094038446409533e-01
4.826121727226947121e-03 3.681661400947894985e-02 1.400310543886275089e-03 9.993094038446409533e-01
4.826121727226947121e-03 3.681661400947894985e-02 1.400310543886275089e-03 9.993094038446409533e-01
4.826121727226947121e-03 3.681661400947894985e-02 1.400310543886275089e-03 9.993094038446409533e-01
4.826121727226947121e-03 3.681661400947894985e-02 1.400310543886275089e-03 9.993094038446409533e-01
4.826121727226947121e-03 3.681661400947894985e-02 1.400310543886275089e-03 9.993094038446409533e-01
4.826121727226947121e-03 3.681661400947894985e-02 1.400310543886275089e-03 9.993094038446409533e-01
4.826121727226947121e-03 3.681661400947894985e-02 1.400310543886275089e-03 9.993094038446409533e-01
4.826121727226947121e-03 3.681661400947894985e-02 1.400310543886275089e-03 9.993094038446409533e-01
4.826121727226947121e-03 3.681661400947894985e-02 1.400310543886275089e-03 9.993094038446409533e-01
4.826121727226947121e-03 3.681661400947894985e-02 1.400310543886275089e-03 9.993094038446409533e-01
4.826121727226947121e-03 3.681661400947894985e-02 1.400310543886275089e-03 9.993094038446409533e-01
4.826121727226947121e-03 3.681661400947894985e-02 1.400310543886275089e-03 9.993094038446409533e-01
4.826121727226947121e-03 3.681661400947894985e-02 1.400310543886275089e-03 9.993094038446409533e-01
4.826121727226947121e-03 3.681661400947894985e-02 1.400310543886275089e-03 9.993094038446409533e-01
4.826121727226947121e-03 3.681661400947894985e-02 1.400310543886275089e-03 9.993094038446409533e-01
4.826121727226947121e-03 3.681661400947894985e-02 1.400310543886275089e-03 9.993094038446409533e-01
4.826121727226947121e-03 3.681661400947894985e-02 1.400310543886275089e-03 9.993094038446409533e-01
4.826121727226947121e-03 3.681661400947894985e-02 1.400310543886275089e-03 9.993094038446409533e-01
4.826121727226947121e-03 3.681661400947894985e-02 1.400310543886275089e-03 9.993094038446409533e-01
4.826121727226947121e-03 3.681661400947894985e-02 1.400310543886275089e-03 9.993094038446409533e-01
4.826121727226947121e-03 3.681661400947894985e-02 1.400310543886275089e-03 9.993094038446409533e-01
6.059046978485045816e-03 3.722942267347294915e-02 1.751979828735058305e-03 9.992868400033055876e-01
3.680944077802806094e-03 3.728477982127843121e-02 2.167198970940428272e-03 9.992955514225985159e-01
1.512359641734173843e-03 3.410656344232970011e-02 2.270600157375061556e-03 9.994144783188773085e-01
1.410309777730475505e-03 3.350912134720826496e-02 2.213830132301804025e-03 9.994349647520914814e-01
4.561270366262464883e-03 3.242439290578573441e-02 3.015994322073152576e-03 9.994592324530232608e-01
7.372402924907520486e-03 3.262930600431953460e-02 2.494924091412012001e-03 9.994372173471265386e-01
1.302928455904765574e-02 3.321085307230687428e-02 3.227896414311622834e-03 9.993582228944871693e-01
8.501723597704850116e-03 3.290453775663738922e-02 2.377759653279093270e-03 9.994195106910418458e-01
1.075308253516003669e-02 3.411509256594640049e-02 2.116470931578246905e-03 9.993578199153718700e-01
1.131577147323964763e-02 3.447714123829167393e-02 2.185289409470850003e-03 9.993390338409668949e-01
1.430743682421131355e-02 3.643351406763895711e-02 2.221619646149790121e-03 9.992311848167831911e-01
1.280967768685435833e-02 3.622085824634620199e-02 2.569152431263917267e-03 9.992584055394490017e-01
1.345275318883640617e-02 3.656143434150736782e-02 2.532887732861943599e-03 9.992376441218898675e-01
6.600899307111679319e-03 3.542212283781011328e-02 1.746676702851458849e-03 9.993491134045681124e-01
8.485471275008170389e-03 3.604108408912934380e-02 2.193736559292678960e-03 9.993118755197647474e-01
7.085051643892240070e-03 3.571525974999900654e-02 2.150728658577101462e-03 9.993345769212784724e-01
8.604059740489219260e-03 3.704246916621402319e-02 1.624550763176678099e-03 9.992753306616101172e-01
5.425988237163640801e-03 3.623838181315604950e-02 1.458176882301954417e-03 9.993273798187428669e-01
3.394210865336780899e-03 3.538089165092322963e-02 1.992520747038202360e-03 9.993661499668977655e-01
3.127652204150699680e-03 3.601833961094103032e-02 1.412327469170288454e-03 9.993452368098227900e-01
2.867809290401389811e-03 3.659414170940054889e-02 1.022866375274292640e-03 9.993255716766206165e-01
3.781739425012057339e-03 3.730383009001468630e-02 7.747948723042720909e-04 9.992965137537719311e-01
3.781739425012057339e-03 3.730383009001468630e-02 7.747948723042720909e-04 9.992965137537719311e-01
3.035057039892478069e-03 3.648993326223256423e-02 1.546377688812102229e-03 9.993282153103283383e-01
3.782059764091782409e-03 3.717638462075405908e-02 1.166668609514141461e-03 9.993008812839235810e-01
4.870448472364020606e-03 3.785975036369360058e-02 1.066986041673593849e-03 9.992706237926058943e-01
7.353951386516773513e-03 3.880926783975529454e-02 5.536860366668947377e-04 9.992194221293537737e-01
4.804369169596231330e-03 3.751531552120506569e-02 1.220687715885130070e-03 9.992837580285827137e-01
5.621305594603559150e-03 3.868124373902776664e-02 6.474022887470391296e-04 9.992355794188328977e-01
6.942785928947032073e-03 3.897275739029304464e-02 1.017217259803923765e-03 9.992156359735312465e-01
5.835158854407143138e-03 3.899957722108571279e-02 7.834514248384499054e-04 9.992218823172286379e-01
6.457079532458702247e-03 3.959149930752288438e-02 8.384500705861674692e-04 9.991947339272625461e-01
7.757015016835708959e-03 3.975024946255394792e-02 1.196637544303990512e-03 9.991788200538885834e-01
7.146960172364974669e-03 4.020453892483629582e-02 9.216699880293068763e-04 9.991654850596918269e-01
7.747328895953867027e-03 4.070932233920752930e-02 1.323962416994809701e-03 9.991401188487922802e-01
7.534908601523119392e-03 4.115383696216987075e-02 9.643411399766297493e-04 9.991239447144801833e-01
8.420788166250012252e-03 4.085610704026677170e-02 1.382606226769703692e-03 9.991285989522045163e-01
9.192810721234253787e-03 4.188598478946867210e-02 9.573955355477696419e-04 9.990796464261738619e-01
7.302050597854957414e-03 4.044762060732128017e-02 1.899982289749305641e-03 9.991531714965284916e-01
7.971339089729688118e-03 4.132826446847138319e-02 1.395698816879138021e-03 9.991128486482161453e-01
7.367270986377299699e-03 4.147897344722378810e-02 8.114443074853135021e-04 9.991118854453256981e-01
7.732378934326891717e-03 4.182322064296185166e-02 7.324972136362814393e-04 9.990948363288132406e-01
7.414685685114165772e-03 4.208434185520323195e-02 2.758762878420899928e-04 9.990865100175655433e-01
6.623375320060707894e-03 4.219938805616476468e-02 4.688968342303936453e-04 9.990871446889975083e-01
6.229477421366719919e-03 4.221180472959928237e-02 9.934511380621386116e-05 9.990892589168773874e-01
4.786623313154048966e-03 4.243834937340498076e-02 1.113614744164477565e-04 9.990876149459270161e-01
4.496510045733061872e-03 4.243048112122325272e-02 2.418282810753189741e-04 9.990892738831264053e-01
1.347924805943694071e-03 4.223441797633172012e-02 -9.745277508580754656e-04 9.991063443560854740e-01
6.863716409887188168e-03 4.340682355414614974e-02 -5.184642173535616372e-04 9.990337673276310504e-01
6.824190834406167368e-03 4.267839125522951416e-02 -5.195873697758572433e-04 9.990654209651570472e-01
7.351391620447769205e-03 4.206088185841407034e-02 -4.975337227041431477e-04 9.990878798778064507e-01
8.707301056501522835e-03 4.112858885175757484e-02 -7.094518744169353922e-04 9.991156683614828005e-01
1.139102446648634220e-02 3.973783751047780394e-02 -5.364758877092062894e-04 9.991450650557288649e-01
1.139102446648634220e-02 3.973783751047780394e-02 -5.364758877092062894e-04 9.991450650557288649e-01
1.101431825430543646e-02 3.899547112000805588e-02 -5.741913119815934916e-04 9.991785167475624174e-01
1.127662514170575322e-02 3.761182625471578417e-02 -1.710902120227116333e-04 9.992287821011451854e-01
1.127662514170575322e-02 3.761182625471578417e-02 -1.710902120227116333e-04 9.992287821011451854e-01
5.613192582845549089e-03 3.406635202175045674e-02 4.033089854515560318e-04 9.994037287657178137e-01
4.437711993259580052e-03 3.423715930770543370e-02 2.877493030164008834e-04 9.994038427158173921e-01
2.321399961995432564e-03 3.608371252768998588e-02 1.668381324949840504e-04 9.993460606604066543e-01
1.568958851081228133e-03 3.633682300224317513e-02 2.017195332701289263e-04 9.993383475937752669e-01
4.616199348043257709e-04 3.751331168170831537e-02 4.232357303889681201e-05 9.992960204876341068e-01
-3.521570221081059781e-05 3.781394100138073255e-02 -1.065053559698731774e-04 9.992847908791605560e-01
1.604760859082132035e-03 3.871203771338641020e-02 1.940897456643493222e-04 9.992491006790215069e-01
3.157902796000526969e-03 3.970770129746705596e-02 9.892191727521383083e-05 9.992063432154824065e-01
3.789446903388273610e-03 3.959178187854856673e-02 1.139474376032572044e-04 9.992087459164022967e-01
6.659137938295037890e-03 4.092805315200424149e-02 2.361737151342511640e-04 9.991398773790793886e-01
5.857066554268105553e-03 4.095931158189530796e-02 4.407870195716061560e-04 9.991435508839155988e-01
5.857066554268105553e-03 4.095931158189530796e-02 4.407870195716061560e-04 9.991435508839155988e-01
5.667077625915908044e-03 4.160909238542604555e-02 5.902218478647482851e-04 9.991177204414969371e-01
6.091586552800899203e-03 4.159627485959038751e-02 1.392702988567912862e-03 9.991149597866407772e-01
7.006958030929500043e-03 4.347285062803342426e-02 1.013831964934012227e-03 9.990295220573676138e-01
7.006958030929500043e-03 4.347285062803342426e-02 1.013831964934012227e-03 9.990295220573676138e-01
8.241855156551330247e-03 4.361290235437281088e-02 1.417145563843282257e-03 9.990135025465157748e-01
8.988631413043575435e-03 4.383317769172748873e-02 1.626951166987746075e-03 9.989971021322665568e-01
8.294682721783009499e-03 4.412233169515456660e-02 1.608563535537761192e-03 9.989904056634777429e-01
1.074980243846067850e-02 4.513503602602998710e-02 2.288175144811346439e-03 9.989204345316846645e-01
1.074980243846067850e-02 4.513503602602998710e-02 2.288175144811346439e-03 9.989204345316846645e-01
9.833519687910781057e-03 4.472265013104081977e-02 2.314217011314775429e-03 9.989483624569532871e-01
9.836547188151190113e-03 4.526353253522279879e-02 2.392201236399310333e-03 9.989237870503898664e-01
1.075334511776600277e-02 4.594238437231729782e-02 2.512806976917992489e-03 9.988830505560004624e-01
1.005668068580787416e-02 4.571359103994090956e-02 2.598938202908039185e-03 9.989005837860113202e-01
1.035377413916424919e-02 4.572345603608736486e-02 2.767361929060646857e-03 9.988966446220273188e-01
1.151040845839250079e-02 4.718025741912793003e-02 2.541368042138989359e-03 9.988168376912056612e-01
1.009808253852013428e-02 4.690883686897420746e-02 2.986754968866179444e-03 9.988436659695055786e-01
9.546983883757681824e-03 4.731241679622640028e-02 3.094274546423255324e-03 9.988297231163352219e-01
9.705239063765760954e-03 4.783974144558141017e-02 3.135188169842385072e-03 9.988029525728659985e-01
1.052862054099545398e-02 4.809645683846966446e-02 3.408769860501660674e-03 9.987813871298999446e-01
1.075355983204413259e-02 4.829060941989141847e-02 3.441497005054046550e-03 9.987695099927502707e-01
1.088327953201658621e-02 4.779498333575459001e-02 3.924444491688789532e-03 9.987901644139246526e-01
1.257851506768339379e-02 4.844101085349708513e-02 3.845908581270526816e-03 9.987394346942389811e-01
1.261261790300150822e-02 4.874307870651088670e-02 3.608079117304247626e-03 9.987251953930706971e-01
9.747400017004918121e-03 4.764643415206452903e-02 3.589832075658397348e-03 9.988102515549037719e-01
9.294886525386772749e-03 4.700870559371611579e-02 3.525718942723292827e-03 9.988450109946089839e-01
4.945791535574296446e-03 4.483692790293075658e-02 3.385471138903392400e-03 9.989763398737138145e-01
2.550598363755259262e-03 4.333498592084274181e-02 3.441284632318819883e-03 9.990514155954670628e-01
-3.111625919711702003e-03 4.113792334756462971e-02 2.881299089227714987e-03 9.991444776219023938e-01
-4.160003879069341416e-03 3.932886907324694564e-02 2.894719569694343807e-03 9.992134681957396403e-01
-5.104392911483963090e-03 3.720023219164139000e-02 2.879732101946323643e-03 9.992906459288579679e-01
-4.648440361819722831e-03 3.641768984453037927e-02 2.872258272420880488e-03 9.993217169665666866e-01
-3.775812011521969495e-03 3.507901464515537221e-02 2.661408121550073048e-03 9.993738654187377390e-01
-3.775812011521969495e-03 3.507901464515537221e-02 2.661408121550073048e-03 9.993738654187377390e-01
-2.736536565288456152e-03 3.367157134445789013e-02 3.044504290702158486e-03 9.994245682613800419e-01
-1.840387079996567282e-03 3.336845374411599729e-02 3.123436157152343923e-03 9.994365429664330280e-01
4.724053235425864326e-03 3.323864294692358001e-02 3.222266321167726634e-03 9.994310846355697331e-01
6.984198536946832105e-03 3.218095919371419950e-02 3.382801687436912900e-03 9.994519315549460492e-01
6.465613496614510194e-03 3.176464532923636841e-02 3.499451168714136189e-03 9.994683371626827961e-01
1.125594980048632426e-02 3.301978216099044766e-02 3.168432480124292860e-03 9.993862909884989598e-01
1.258160061587299851e-02 3.374158289291945972e-02 3.271910844068268674e-03 9.993460379214256228e-01
1.304315322005387447e-02 3.422509034409509238e-02 3.275728472645558862e-03 9.993236657599929851e-01
1.325276909674559349e-02 3.445178779060054791e-02 3.231405581433920669e-03 9.993132624193817870e-01
1.358417464238238954e-02 3.482851106916474287e-02 3.632992353471165784e-03 9.992943742374166272e-01
1.260442118507008186e-02 3.579801935433327836e-02 3.106080256746168375e-03 9.992747283116564239e-01
1.155893743150318391e-02 3.582036115042559754e-02 3.030839811709184258e-03 9.992867990234552966e-01
1.218622691223061882e-02 3.634680252046527255e-02 2.907949978401032885e-03 9.992607015424478378e-01
7.931739223754747520e-03 3.581379296368110421e-02 2.733813286310427058e-03 9.993232640198849159e-01
7.209788632583162028e-03 3.578257968673394240e-02 2.765457277720191273e-03 9.993297644846175221e-01
5.453010594729684225e-03 3.634000779061748176e-02 2.716503585075926829e-03 9.993209139798405749e-01
4.629972065888447036e-03 3.658244697792989442e-02 2.220734747238763736e-03 9.993174451939476066e-01
5.422190193840101431e-03 3.717871345782534226e-02 2.031034010132415010e-03 9.992918582776367797e-01
3.118829003955452765e-03 3.678793154226626255e-02 1.932733007495047615e-03 9.993163590883556990e-01
2.507102380310440460e-03 3.695675566246003213e-02 1.919119995771923848e-03 9.993118780575970250e-01
2.344024640021790014e-03 3.682560813974743857e-02 2.261977839534335365e-03 9.993163981391870454e-01
-1.549905121691235235e-05 3.743096356424533561e-02 1.518070937143754795e-03 9.992980627355690926e-01
4.176792505864094888e-03 3.896315419000005026e-02 1.979632122422736711e-03 9.992299575556115032e-01
3.283722243654781017e-03 3.856409836072036135e-02 2.014818658281933555e-03 9.992487017712985420e-01
3.616621789449493175e-03 3.907446607231496866e-02 1.915620815868778826e-03 9.992279202188484311e-01
3.687261017285546963e-03 3.966974535716578237e-02 1.725497645190395132e-03 9.992045526654512733e-01
4.673092650637560540e-03 3.996458329538934290e-02 1.479472976281225906e-03 9.991890739228571627e-01
4.818569185540883849e-03 4.034268512287810665e-02 1.969635893130093716e-03 9.991723423326573927e-01
4.888293061153148669e-03 4.094427842892685993e-02 1.854063621851235197e-03 9.991477533893418084e-01
4.941944714324633496e-03 4.122303936039923428e-02 1.725392644866896932e-03 9.991362575887998698e-01
5.604519433413910311e-03 4.183981671566272542e-02 1.813829587228950021e-03 9.991069658056381808e-01
6.024772466592385675e-03 4.201695909532467132e-02 1.462639112380786704e-03 9.990976618689159094e-01
5.732319966372835529e-03 4.244099070628456344e-02 1.493360556248475449e-03 9.990814144452498935e-01
6.863420001092624539e-03 4.322265685517540090e-02 1.382363725062030549e-03 9.990409323300022404e-01
5.822726881771738382e-03 4.389612702408726697e-02 1.451568390631840112e-03 9.990180773305120665e-01
5.867817749266377239e-03 4.426217059512323193e-02 1.414489954030464982e-03 9.990017158079557147e-01
6.100456625080069063e-03 4.508054659718743751e-02 1.490942656583934016e-03 9.989636158726998838e-01
5.490834454433656496e-03 4.535668240503096249e-02 1.277307684629777227e-03 9.989549492260809682e-01
5.142653661769010752e-03 4.560908135621279808e-02 1.240141241916507819e-03 9.989453572948110427e-01
5.291447733271945238e-03 4.605804736062926036e-02 1.051619222906710616e-03 9.989241967993478521e-01
4.844523632412064441e-03 4.630334832546226242e-02 8.723739343182350479e-04 9.989152964532802548e-01
6.541547688961713188e-03 4.675906759373407023e-02 8.314563472407210431e-04 9.988844309688384993e-01
5.253161125900711846e-03 4.695176873339156759e-02 4.497532153456372116e-04 9.988832431435802350e-01
6.807824672428705245e-03 4.719421811142765488e-02 5.357361437339992934e-04 9.988623890641116221e-01
8.956994599413134819e-03 4.708994523150669687e-02 4.901682783909574494e-04 9.988503737001346305e-01
1.005311053022257990e-02 4.650914756855096394e-02 4.092990406118602415e-04 9.988671916903714143e-01
1.182203537424344163e-02 4.456243771330906794e-02 9.352233584048332644e-04 9.989362111676237665e-01
1.634952127794278218e-02 4.412270683319569758e-02 5.291633635195833879e-04 9.988921863153343850e-01
1.645662056998221587e-02 4.212194643076616618e-02 6.951448586632726166e-04 9.989766954448561220e-01
1.658382277965902291e-02 4.123921681271881801e-02 7.658210057808579685e-04 9.990113699737723785e-01
1.655429272455766210e-02 3.995101601678047870e-02 5.920271871033637966e-04 9.990643228618597549e-01
1.654704959574151979e-02 3.928560836519059962e-02 5.496591590472201406e-04 9.990908537264575617e-01
1.090719273952799398e-02 3.699849968516262522e-02 2.941387624828362504e-04 9.992557518723513832e-01
1.632484018953105076e-02 3.705101664875335571e-02 7.242346735950498876e-04 9.991797622261059386e-01
1.442126168133031627e-02 3.557855896165265652e-02 7.827317527821923190e-04 9.992625184028138818e-01
8.516996322066688191e-03 3.459823805683246573e-02 1.233538322371396728e-04 9.993650021292744823e-01
9.434672481748567971e-03 3.488155409997645978e-02 7.086632297095190941e-04 9.993466675459320436e-01
6.670826506326624217e-03 3.537885390052609297e-02 7.093813236823118869e-04 9.993514564699175207e-01
4.314388701064851735e-03 3.609865128846735660e-02 7.421066073420579112e-04 9.993386426547675727e-01
3.980625810200997226e-03 3.640959636026036561e-02 8.285488662810925643e-04 9.993286793732171214e-01
4.218944982832388904e-03 3.729289733231186399e-02 9.107990909557892381e-04 9.992950569060218280e-01
3.866512915762090625e-03 3.740052675614841809e-02 8.408612303462729108e-04 9.992925215514355530e-01
6.045510685231357366e-03 3.863718474677500098e-02 1.295510843477205550e-03 9.992341774614461603e-01
6.837957809362180985e-03 3.876196172202610313e-02 1.398047140443838118e-03 9.992240980484061730e-01
8.548026317974270413e-03 3.922859462157986254e-02 1.212073371764613812e-03 9.991929640906327403e-01
8.991205325965751297e-03 3.873662157361821429e-02 1.589582665028342482e-03 9.992077389626241590e-01
1.223295825874267349e-02 4.026441767768470376e-02 1.469332399282948561e-03 9.991130929297330487e-01
1.333229563125566501e-02 4.051181407793893324e-02 1.677742528327121280e-03 9.990886987616885984e-01
1.257180811750162677e-02 4.068200456448575059e-02 1.720572567959624717e-03 9.990915692644545265e-01
1.379763214892737282e-02 4.121414656488592981e-02 2.144122812792953643e-03 9.990527624742222557e-01
1.387760177300837415e-02 4.181931175218260577e-02 2.575009596235079603e-03 9.990254884932530111e-01
1.492790867426861678e-02 4.242551710089359496e-02 2.808639966021082065e-03 9.989841563222491283e-01
1.522719776389804686e-02 4.250371784574925177e-02 2.899871380071225840e-03 9.989760543494159428e-01
1.459331124779265042e-02 4.238876245979258939e-02 3.028181741269955155e-03 9.989900190689064985e-01
1.521559927293737215e-02 4.276931881341049235e-02 3.310156642322876173e-03 9.989636198430880132e-01
1.591368577593584716e-02 4.312727012376541685e-02 3.597596080207108096e-03 9.989363595740923252e-01
1.488734922667349012e-02 4.335944010170472013e-02 3.831824710227114267e-03 9.989412609890833128e-01
1.535466019817577181e-02 4.340416567652651686e-02 3.944020980487590762e-03 9.989318082384947006e-01
1.535466019817577181e-02 4.340416567652651686e-02 3.944020980487590762e-03 9.989318082384947006e-01
1.481522120266938122e-02 4.377222174536691407e-02 4.287074700187811470e-03 9.989224808836296710e-01
1.511615007407918210e-02 4.409274817124447798e-02 4.373917857383474717e-03 9.989034990469409792e-01
1.517834762667606002e-02 4.422066911489927477e-02 4.055912324362792760e-03 9.988982429464832169e-01
1.445272646594655125e-02 4.443689818977858419e-02 5.087579109319472805e-03 9.988946878003598373e-01
1.446137907909648447e-02 4.468588161907182527e-02 4.987959668142851084e-03 9.988839576033874401e-01
1.087916923265694509e-02 4.416133549800408536e-02 4.235612710224839587e-03 9.989561950900595066e-01
1.465871811361239840e-02 4.522968462134760448e-02 4.525879049651571930e-03 9.988588058535335934e-01
1.407088617365409057e-02 4.501119571537740005e-02 4.890272693658356644e-03 9.988754114780991067e-01
1.407088617365409057e-02 4.501119571537740005e-02 4.890272693658356644e-03 9.988754114780991067e-01
1.571141722153423029e-02 4.537670155479069101e-02 4.928097966086523486e-03 9.988342305784955188e-01
1.560477795573127387e-02 4.587055490806846852e-02 5.553903105765029338e-03 9.988100606510078583e-01
1.620172446996663226e-02 4.627305068342633942e-02 6.343748416107337570e-03 9.987772853648012594e-01
1.309700218058267550e-02 4.530742693271837956e-02 5.670503263448450904e-03 9.988711383313452208e-01
1.595811637992412477e-02 4.623515775044483023e-02 5.689993855050982235e-03 9.987869005345063611e-01
1.489857792972721674e-02 4.574561921421786692e-02 5.719525759646044462e-03 9.988256393002056255e-01
1.119816256160990030e-02 4.361836480629411456e-02 5.764096662386464058e-03 9.989688756895960253e-01
9.993513016945539465e-03 4.264935653243953628e-02 5.322014990597949066e-03 9.990259447288588612e-01
7.029563341050953061e-03 3.906334057935579446e-02 5.164289777703786645e-03 9.991986643171153482e-01
7.029563341050953061e-03 3.906334057935579446e-02 5.164289777703786645e-03 9.991986643171153482e-01
7.054875759008988854e-03 3.775091267630383690e-02 5.228292984754464440e-03 9.992485988344425030e-01
6.560330398960875255e-03 3.571516617399816962e-02 5.697356748142428859e-03 9.993242362198090367e-01
7.309980313386138864e-03 3.585715927337006920e-02 5.468638546356712968e-03 9.993152266973177600e-01
8.575861631495930795e-03 3.560138736682352811e-02 6.127960508320781305e-03 9.993104842414309852e-01
1.062647937946053535e-02 3.467653327542887659e-02 6.091350204123349883e-03 9.993235269064202342e-01
1.382741862918443997e-02 3.452433788541677678e-02 6.029235087650853565e-03 9.992900084119148429e-01
1.356608278486070782e-02 3.341306160474462328e-02 6.603208971854436504e-03 9.993277372030389127e-01
1.375596989484698281e-02 3.326028219847527306e-02 6.679077666774901195e-03 9.993297337925310941e-01
1.609840909445813678e-02 3.430274674267035778e-02 7.359524971956955125e-03 9.992547223719900895e-01
1.796939400223681801e-02 3.438611076193979349e-02 7.407539697998340861e-03 9.992196078047520524e-01
1.642905804581080292e-02 3.391813742377619567e-02 6.828876461543373182e-03 9.992662370217970658e-01
1.728245341771264543e-02 3.404561226184586731e-02 6.204459557788489718e-03 9.992515788184557213e-01
1.800235700126922439e-02 3.430837137531060621e-02 6.814931184295955867e-03 9.992259041422645316e-01
1.734723955396443723e-02 3.394905608362045607e-02 7.532176537840991164e-03 9.992446152907161760e-01
1.781565702987251629e-02 3.464246071345385841e-02 6.621364942404127200e-03 9.992190249422847614e-01
1.789138932814328051e-02 3.511325065638529197e-02 6.446529458121430869e-03 9.992023819398131446e-01
1.698598221963591726e-02 3.592633457196472979e-02 5.657662713793192889e-03 9.991940581012651590e-01
1.619697606372985307e-02 3.667920007914136221e-02 5.446473258261141925e-03 9.991809796913632136e-01
1.578185214903231673e-02 3.740643106821851804e-02 5.626538842790245951e-03 9.991596639767517107e-01
1.066161371279409319e-02 3.696665718378764481e-02 4.686991964331995927e-03 9.992486319010007723e-01
1.543541309938761819e-02 3.865411477917288924e-02 5.031704849182322241e-03 9.991207581565907381e-01
1.345323827675304167e-02 3.873842709166373105e-02 5.067175177752434451e-03 9.991459695069838665e-01
1.099806673517490091e-02 3.871568902705820742e-02 4.371870439698925630e-03 9.991801762945996535e-01
1.114171952160857536e-02 3.939408743780779820e-02 4.087522945590355700e-03 9.991532715841016099e-01
9.636524374949736668e-03 3.947395990326806742e-02 3.502670012193508618e-03 9.991679914760640546e-01
9.936777448480661398e-03 3.988307500506524383e-02 2.653518869105547188e-03 9.991514197656384821e-01
9.612840211588090031e-03 4.047432822563725580e-02 2.221261101876125573e-03 9.991318672011554325e-01
9.211504461308068700e-03 4.065780103909857890e-02 2.205690970594887616e-03 9.991282331750848122e-01
9.512781116161737882e-03 4.108804897415323232e-02 1.900202727927904510e-03 9.991084367857807624e-01
1.002819684181499582e-02 4.127613159916092289e-02 2.234146206066814008e-03 9.990949528543523472e-01
1.100429071623415522e-02 4.170536911863442775e-02 2.106234266968643170e-03 9.990671306522518336e-01
1.076076060307618563e-02 4.190693305737826224e-02 1.962983763879556573e-03 9.990616405846590720e-01
1.124173609390484788e-02 4.219488271498784970e-02 1.799698180726967429e-03 9.990445317045290041e-01
1.192240734177810700e-02 4.258944758045059287e-02 1.712502422382556093e-03 9.990200510967846004e-01
1.046886949615583040e-02 4.221570999865432994e-02 1.682109929832072007e-03 9.990522544426623242e-01
1.132201318042767337e-02 4.247395603938301095e-02 1.547918631609252436e-03 9.990322212140191338e-01
1.097432853733679506e-02 4.177032920827840334e-02 1.963721298675339105e-03 9.990650366766159474e-01
1.188664922903048468e-02 4.257112314295281169e-02 1.412036281203728465e-03 9.990217280910331787e-01
1.257344244448380978e-02 4.296644146887119292e-02 1.340128344769250151e-03 9.989964952434102763e-01
1.217875950698976868e-02 4.291767972337393738e-02 1.233126006248654342e-03 9.990036186041998389e-01
1.194058991623850319e-02 4.289129842478422994e-02 1.135846895476654884e-03 9.990077420539434927e-01
1.194058991623850319e-02 4.289129842478422994e-02 1.135846895476654884e-03 9.990077420539434927e-01
1.553096686893390942e-02 4.368065753105889598e-02 7.025718899687608291e-04 9.989245695339111775e-01
1.437940022681902588e-02 4.274650652532521050e-02 8.773394379582599191e-04 9.989820815732922688e-01
1.300388605087483308e-02 4.334884094481426808e-02 2.943415598087176580e-04 9.989753201652998849e-01
1.310315988084572933e-02 4.337367972253629300e-02 -3.071524286722611294e-05 9.989729877053922236e-01
1.246529864184390060e-02 4.310999687484471515e-02 3.140221128233637799e-04 9.989925154320893341e-01
1.208897304531461776e-02 4.411116433106124918e-02 -5.775660036654408410e-04 9.989533163915014224e-01
1.229211914483145998e-02 4.488067115602212276e-02 -4.905559857627740834e-04 9.989166073893952502e-01
1.056421651948839281e-02 4.490293363094700202e-02 -6.477801097014051135e-04 9.989352853221241668e-01
1.065807236577893773e-02 4.501740354126385762e-02 -7.397132029972444721e-04 9.989290724051563819e-01
1.074863011219751203e-02 4.479404604744912505e-02 -7.310154043127227398e-04 9.989381492394255879e-01
1.276141958271738430e-02 4.354909395918273030e-02 -1.190845028786364189e-03 9.989690708293653687e-01
1.311782050259427401e-02 4.309990703774575771e-02 -1.120011633199379615e-03 9.989840170756191240e-01
1.457585976527112082e-02 4.202859309026864276e-02 -7.446824626039838567e-04 9.990098033167571501e-01
1.547694587681219640e-02 4.137888326371515907e-02 -8.005674931364879917e-04 9.990233286855032535e-01
1.592459759946486877e-02 3.953876394487575857e-02 -7.033807298009114124e-04 9.990908860521927615e-01
1.604472098666362076e-02 3.915736777104406041e-02 -4.518537605052562619e-04 9.991041303617368419e-01
1.611883132115924169e-02 3.805266166796911209e-02 -3.898872166557940024e-04 9.991456481438436565e-01
1.434735717446562059e-02 3.767604238416980000e-02 -3.485321411827342077e-04 9.991869433182767324e-01
1.434735717446562059e-02 3.767604238416980000e-02 -3.485321411827342077e-04 9.991869433182767324e-01
1.168473770956526651e-02 3.762207678163534408e-02 -3.662957162723255115e-04 9.992236546793433760e-01
9.606627347341207407e-03 3.859463836610679127e-02 -6.395460594603828578e-04 9.992085656064186860e-01
7.116388507226499051e-03 3.850755631010039509e-02 -7.006432707271407177e-04 9.992327227531361267e-01
8.815447519277399419e-03 3.906849813437529573e-02 -9.017790333692606020e-04 9.991972413558467547e-01
1.102552204457227583e-02 3.994822544545101328e-02 -1.030237235791529784e-03 9.991403884132811219e-01
6.462350703675284226e-03 3.925490068904169405e-02 -1.440309476494690136e-03 9.992072939605115556e-01
1.128636208705817608e-02 4.015425614264359760e-02 -7.429018883585714050e-04 9.991294720111378869e-01
9.816153613821846854e-03 3.999659065375414657e-02 -9.965944308418497790e-04 9.991511010171817420e-01
9.728404021228695409e-03 4.062493248066352536e-02 -2.773978620190486175e-04 9.991270670272962562e-01
1.327231394839573780e-02 4.081636507813745512e-02 -6.762361957762040403e-04 9.990782815820145046e-01
1.229856614944601148e-02 4.170668954179149873e-02 -5.666751513834241251e-04 9.990540406791842409e-01
1.206339899910988459e-02 4.144871498185206948e-02 1.510722279613692972e-04 9.990677932993954347e-01
1.018534685427511209e-02 4.224279100764735673e-02 8.408150775861535043e-04 9.990551027582751376e-01
1.229950102416277162e-02 4.277247644360116646e-02 8.304732778134542098e-05 9.990091244010635974e-01
1.152755051778668778e-02 4.294065004331808211e-02 3.597789438177576146e-04 9.990110543492644046e-01
1.137835103536088618e-02 4.227315043651847654e-02 9.822835810531969046e-04 9.990408144809970192e-01
1.292993953614622084e-02 4.262388196753496422e-02 9.515930075735239829e-04 9.990070649501719968e-01
1.258735115534110292e-02 4.311206696090209844e-02 1.050998952984308473e-03 9.989903921832540279e-01
1.258735115534110292e-02 4.311206696090209844e-02 1.050998952984308473e-03 9.989903921832540279e-01
1.329205568542860157e-02 4.348416290259719125e-02 1.193039465307508791e-03 9.989649771083819463e-01
1.172076648668625085e-02 4.257641787943791667e-02 1.811244921232442375e-03 9.990228183907289283e-01
1.438217968780071583e-02 4.439480820575983366e-02 1.573433526079630546e-03 9.989092942898972760e-01
1.370613294889019840e-02 4.444515279487317588e-02 2.133474590220597444e-03 9.989155212523233018e-01
1.370613294889019840e-02 4.444515279487317588e-02 2.133474590220597444e-03 9.989155212523233018e-01
1.274346698241358121e-02 4.420508230985725068e-02 2.582565765723060253e-03 9.989378584783502601e-01
1.419714090154706662e-02 4.476377192563878171e-02 2.657897782292814939e-03 9.988931782190676456e-01
1.268821426025056563e-02 4.534869926361608655e-02 2.551975114458659728e-03 9.988873770936338436e-01
1.366328486308329704e-02 4.587196327478265667e-02 2.888563101301725063e-03 9.988497053287231919e-01
1.266372966288431198e-02 4.588012682640673495e-02 2.864157842441642041e-03 9.988625733869859191e-01
1.241984169259069751e-02 4.527020656867729309e-02 3.242160006498223408e-03 9.988923086739893709e-01
1.459519018013889086e-02 4.654566617272137830e-02 3.336861750675000019e-03 9.988039581107996945e-01
1.410825625977668932e-02 4.624368086206694095e-02 3.749755939851493955e-03 9.988235171520679634e-01
1.490307869697322062e-02 4.700513039674604487e-02 3.691785281597493532e-03 9.987766450429101939e-01
1.389792227032342863e-02 4.646996157405444000e-02 3.923830956945519900e-03 9.988152952265475504e-01
1.535033911371553109e-02 4.750563687213662373e-02 3.822356431300045435e-03 9.987456989373114657e-01
1.574088847914229330e-02 4.676193693820244329e-02 4.174675519765734880e-03 9.987733064955127693e-01
1.640493891214810443e-02 4.763186146253235026e-02 3.388485210616456241e-03 9.987244874943641548e-01
8.299278491879115774e-03 4.466840307019195877e-02 3.677108796874734714e-03 9.989606271593336473e-01
2.926782279357072365e-03 4.066933782035792033e-02 3.400100425323378164e-03 9.991625884828958526e-01
2.278680481540866151e-03 3.983638456494097840e-02 3.485774386317821993e-03 9.991975377556656657e-01
1.468114521353727732e-03 3.938007847101963887e-02 3.056308519104179982e-03 9.992185511876792159e-01
3.451328079991397221e-03 3.783811864303321393e-02 3.462050592802275954e-03 9.992719246119811105e-01
3.451328079991397221e-03 3.783811864303321393e-02 3.462050592802275954e-03 9.992719246119811105e-01
9.440697872372935673e-03 3.698766750559951549e-02 3.315257243442225419e-03 9.992656277214720939e-01
7.318779583894089412e-03 3.549787704232151841e-02 3.934097724004540463e-03 9.993352085591644673e-01
9.644434282386930152e-03 3.482976704349445563e-02 4.059760069116296818e-03 9.993384764749378979e-01
1.336938441145625080e-02 3.400387912667164614e-02 4.742436545420502213e-03 9.993210220246595554e-01
1.336938441145625080e-02 3.400387912667164614e-02 4.742436545420502213e-03 9.993210220246595554e-01
1.434573161019123480e-02 3.326785860063739830e-02 4.680575069526491522e-03 9.993325481468693372e-01
1.599832418445003290e-02 3.330932954013857833e-02 4.383115730536022228e-03 9.993074254129048484e-01
1.638835670811062545e-02 3.312042407609612493e-02 4.173560910875008002e-03 9.993082810938527238e-01
1.625172102086501480e-02 3.219611598888344473e-02 4.368182734313373963e-03 9.993398874550590838e-01
1.883011483984040405e-02 3.281813339052833817e-02 4.500710577168594816e-03 9.992738065716425533e-01
1.716284711973435628e-02 3.276210842910598497e-02 4.264179979325194610e-03 9.993067085230280533e-01
1.843453733547587362e-02 3.414009475754205963e-02 3.693437131607463144e-03 9.992402014957804113e-01
1.691033698330001236e-02 3.422141720468749315e-02 3.512345468151750055e-03 9.992650291774081150e-01
1.668348628707819192e-02 3.537832908840893992e-02 3.240442249379464189e-03 9.992294704672444183e-01
1.306241521383627764e-02 3.486176064104656858e-02 2.758496270591273818e-03 9.993029678991817155e-01
1.067470771940664392e-02 3.435873556849685512e-02 2.865804307363857464e-03 9.993484452736749457e-01
1.080693442814424643e-02 3.500759164607082641e-02 2.547453868081603432e-03 9.993253670222715934e-01
1.080693442814424643e-02 3.500759164607082641e-02 2.547453868081603432e-03 9.993253670222715934e-01
8.170947066632228833e-03 3.568421423495406891e-02 1.776069260888875519e-03 9.993281333258104970e-01
8.024087821818792765e-03 3.656269509036664395e-02 1.142557869325104515e-03 9.992984928958273949e-01
5.746918305730766389e-03 3.590695034272520236e-02 1.386397132664455526e-03 9.993376515222784917e-01
9.932823963306738543e-03 3.812014457561906100e-02 8.962123139989887745e-04 9.992233936358456692e-01
8.312677393541800797e-03 3.739701347374532053e-02 1.034796705655107851e-03 9.992653761506867793e-01
5.742170039636215750e-03 3.810488033284949866e-02 5.697472194008552362e-04 9.992570845213764041e-01
5.468797986815465348e-03 3.819209948869058818e-02 3.854209292086102092e-04 9.992553763858029736e-01
4.955900641325977629e-03 3.852189603688492558e-02 2.560277253534869982e-04 9.992454338271257175e-01
7.013027416395282640e-03 4.001748109570746337e-02 -1.814561971988827170e-04 9.991743520161334713e-01
5.016159188978079782e-03 3.888078892783949220e-02 -1.012841938736217071e-04 9.992312605902858857e-01
5.719242514729445080e-03 4.018374629431838846e-02 -8.159448171574695992e-04 9.991756057034554273e-01
4.794224422996128283e-03 3.913437888283871624e-02 -5.063190584026848982e-04 9.992223273339360112e-01
5.405077649558604272e-03 3.969053071214342920e-02 -5.808373565090358976e-04 9.991972325498884588e-01
6.901997206400427992e-03 4.079287007045045294e-02 -8.181250851754955132e-04 9.991434505902159202e-01
9.084259026829383243e-03 4.135892712512865416e-02 -1.072262304393027969e-03 9.991024800482393164e-01
7.188449073865291888e-03 4.059115126221440883e-02 -8.590479863290255511e-04 9.991496117577576275e-01
7.224454757485841358e-03 4.078837952467084110e-02 -9.676881167474412184e-04 9.991412207135271784e-01
8.036984874464209866e-03 4.174524387133580344e-02 -1.312844905129095883e-03 9.990950995408321988e-01
8.729895768740931691e-03 4.129875199146056108e-02 -8.247005860731538088e-04 9.991083634284912973e-01
8.729895768740931691e-03 4.129875199146056108e-02 -8.247005860731538088e-04 9.991083634284912973e-01
8.729895768740931691e-03 4.129875199146056108e-02 -8.247005860731538088e-04 9.991083634284912973e-01
8.913477611334215400e-03 4.148780350925206778e-02 -1.005196394709906554e-03 9.990987446979693321e-01
9.584143159739334436e-03 4.267982252723981351e-02 -1.656406731537432434e-03 9.990414572307180219e-01
9.584143159739334436e-03 4.267982252723981351e-02 -1.656406731537432434e-03 9.990414572307180219e-01
9.276498767448893706e-03 4.214034736384957014e-02 -1.360507595274582831e-03 9.990677087734118889e-01
9.276498767448893706e-03 4.214034736384957014e-02 -1.360507595274582831e-03 9.990677087734118889e-01
1.144770390723457570e-02 4.319598188727129251e-02 -1.797017344160856860e-03 9.989994133895733208e-01
8.541342095774843296e-03 4.311056931034482065e-02 -2.107446301664636645e-03 9.990315725536538238e-01
9.177329535066764896e-03 4.454515184534052485e-02 -2.887025666849664558e-03 9.989610458633907397e-01
8.673261998936008382e-03 4.404422887384937951e-02 -2.574651354617221721e-03 9.989886143493368342e-01
1.175282222410880054e-02 4.415625247824259830e-02 -2.277282551242822053e-03 9.989529070587002124e-01
1.061421576553127182e-02 4.299088960094363254e-02 -2.703250059566578156e-03 9.990154224405736194e-01
1.159713434222716354e-02 4.313130821407496623e-02 -3.123076947023506293e-03 9.989972187734927900e-01
1.117484333025101952e-02 4.180297418756610817e-02 -2.842979761745449523e-03 9.990593334190379649e-01
1.177486125282742151e-02 4.061409811272254783e-02 -2.889016610734090797e-03 9.991013468412449638e-01
1.153028455993338960e-02 3.897591480922577012e-02 -2.852542198382214747e-03 9.991695519809224990e-01
1.117262760522606466e-02 3.697488934397968191e-02 -2.756587982812589138e-03 9.992499342872575019e-01
1.117262760522606466e-02 3.697488934397968191e-02 -2.756587982812589138e-03 9.992499342872575019e-01
1.585952393135073996e-02 3.567332573731272355e-02 -1.980681838967083067e-03 9.992356910313818785e-01
9.382908707549205557e-03 3.316925930967518782e-02 -2.654026817633897521e-03 9.994021800069703421e-01
7.822967768671737487e-03 3.261345430982242471e-02 -2.793091241095105402e-03 9.994335207579293501e-01
6.527670024662117140e-03 3.240283924987259062e-02 -2.716442002023064343e-03 9.994498819227733977e-01
4.732323508588314777e-03 3.276303236235873773e-02 -2.608617097574607389e-03 9.994485399166238571e-01
3.776014537298883617e-03 3.297040962959068428e-02 -2.779254331804053950e-03 9.994453309453350531e-01
3.220066114024095448e-03 3.340541493197302786e-02 -2.963298289622884763e-03 9.994323030054065304e-01
2.423258077812425089e-03 3.396555515489872723e-02 -3.033690294448282074e-03 9.994154619608930368e-01
2.727856359789273318e-03 3.423787577815300825e-02 -3.084040202237845960e-03 9.994052308037572052e-01
3.612764637188435775e-03 3.476064899019706833e-02 -3.266732568495708897e-03 9.993837969828121004e-01
6.903235627791665628e-03 3.561599768756607692e-02 -2.943336336278412190e-03 9.993373718708803422e-01
5.490521755658422931e-03 3.502212217487100931e-02 -3.140623396051242956e-03 9.993665201585969493e-01
7.738103900850407807e-03 3.612593514168078307e-02 -3.009422975375950892e-03 9.993127548127833659e-01
1.025821341764745522e-02 3.687406870309264256e-02 -2.866763974925677985e-03 9.992631554195670063e-01
1.108391691899896989e-02 3.717307158417815227e-02 -2.718637526389170844e-03 9.992436732572943514e-01
1.273169893487158602e-02 3.779336828274277443e-02 -2.339740350415939630e-03 9.992017267655063373e-01
1.059788943116879781e-02 3.763500864809068980e-02 -2.416528338972911624e-03 9.992324310461755399e-01
1.132260435589099029e-02 3.862367154870073593e-02 -2.861895271133933598e-03 9.991855784498469006e-01
1.132260435589099029e-02 3.862367154870073593e-02 -2.861895271133933598e-03 9.991855784498469006e-01
1.251073823870646994e-02 3.873645334705372312e-02 -1.682983988587504701e-03 9.991697234082447254e-01
1.251073823870646994e-02 3.873645334705372312e-02 -1.682983988587504701e-03 9.991697234082447254e-01
1.324877979247473907e-02 3.900957131441155912e-02 -1.435753754150292678e-03 9.991499696196932678e-01
1.319814007511610487e-02 3.941904808900324048e-02 -1.302060811433235340e-03 9.991347518648112658e-01
1.373892802787218294e-02 3.971028851228678574e-02 -1.035485538238850676e-03 9.991162407911383658e-01
1.358152986101376393e-02 4.012477338439814079e-02 -8.836597143518690710e-04 9.991019786553294590e-01
1.154744106558910563e-02 3.952684855672821546e-02 -6.660652925985275198e-04 9.991515606778764713e-01
1.305770199392198433e-02 4.068431188409950272e-02 -5.224650333281339329e-04 9.990865879469327249e-01
1.282937765290774641e-02 4.088936709081139598e-02 -3.859779494327223500e-04 9.990812368115891129e-01
1.259770757670919394e-02 4.107095047799734500e-02 -4.069837201688006551e-04 9.990767283621899697e-01
1.427274323117567849e-02 4.201944567420067694e-02 2.183607691805971958e-05 9.990148419863819074e-01
1.175275308436792530e-02 4.210349766721465520e-02 6.166013874849148556e-05 9.990441253904414065e-01
1.183956819843817038e-02 4.267472979464970867e-02 1.868217196699034968e-04 9.990188472493766181e-01
1.319104195881931965e-02 4.342210678659495088e-02 5.052666565179028506e-04 9.989696000178684976e-01
1.109475596097902854e-02 4.313683035130337629e-02 4.274646394571370478e-04 9.990074762139626863e-01
1.120574185178790927e-02 4.352287656118627307e-02 4.820789181311363730e-04 9.989894684956931448e-01
1.178520562081165554e-02 4.382018455440908622e-02 5.988433915508354277e-04 9.989697401526660414e-01
1.389824512236849038e-02 4.462857832906053090e-02 1.031259995099763089e-03 9.989064346982994280e-01
1.204456614248559237e-02 4.457440231524702895e-02 8.160187314502484121e-04 9.989331234863061404e-01
1.154715068121336084e-02 4.446952503473573792e-02 7.845280620564358846e-04 9.989436966966908082e-01
7.829724255533321645e-03 4.277574150614472243e-02 6.427481688038890048e-04 9.990538114793784397e-01
1.069045780724906317e-02 4.345834475193881968e-02 1.246788593036956974e-03 9.989972632102138705e-01
5.422699636599287616e-03 4.124640637305820867e-02 4.201337609024584428e-04 9.991342010849106892e-01
2.415261047210123108e-03 3.900645586311792673e-02 1.004610782814470762e-03 9.992355346324747201e-01
1.795441499064646214e-03 3.828348035312668235e-02 1.007145447260890088e-03 9.992647983292133329e-01
4.000578523630026568e-04 3.642851483649692940e-02 9.919733130179895098e-04 9.993356889701618950e-01
2.554667673483255758e-03 3.557849388703614862e-02 1.180134840114588140e-03 9.993629229301872474e-01
2.220000565794637889e-03 3.450840860347279687e-02 1.085419527394840484e-03 9.994013524093277034e-01
2.220000565794637889e-03 3.450840860347279687e-02 1.085419527394840484e-03 9.994013524093277034e-01
6.376268871016524571e-03 3.424726569571353435e-02 1.533657092628811208e-03 9.993918730325828115e-01
6.640136237667752274e-03 3.359748512159010936e-02 1.493692181904926475e-03 9.994122705209874669e-01
9.689677618808477388e-03 3.355421760029260458e-02 1.834111806651604702e-03 9.993882432081920841e-01
1.036232969073768578e-02 3.331230431389665264e-02 1.757173734574886707e-03 9.993897262055205788e-01
1.172743985425466796e-02 3.340688430649588897e-02 1.723882161142308630e-03 9.993715402520184643e-01
1.196325981682950373e-02 3.323343787708685215e-02 1.841751908026461942e-03 9.993743177465259642e-01
1.225040169748423981e-02 3.327802006149967184e-02 1.860242565520895753e-03 9.993693213905628925e-01
1.273430511214839259e-02 3.349332518573196887e-02 1.690511380503879283e-03 9.993563812837670257e-01
1.455591321771863844e-02 3.386664820026554640e-02 2.121307656803804714e-03 9.993181053017616833e-01
1.308909186092602379e-02 3.377955753385412235e-02 1.506984226759053216e-03 9.993424569013434899e-01
1.245064228068442150e-02 3.452689724419190365e-02 1.221161330540260648e-03 9.993254643200544240e-01
1.120166571094857386e-02 3.432780937354539680e-02 1.191684867122698660e-03 9.993471389242535308e-01
8.757305663243605820e-03 3.394827496516655829e-02 4.453649978788701519e-04 9.993851239009057252e-01
8.065733115726057487e-03 3.434649754387244375e-02 2.025608998524449028e-04 9.993774167074501724e-01
6.525852834389476304e-03 3.448307149820841605e-02 -1.286126610181092351e-04 9.993839674937841089e-01
6.540362312875459133e-03 3.468378457666475290e-02 -3.362293755832985748e-04 9.993768787089597483e-01
5.202158546944838508e-03 3.507769073139383603e-02 -6.645501402217563781e-04 9.993708278374531240e-01
4.767472297341269691e-03 3.513921636491823541e-02 -1.122745653294861213e-03 9.993704248792595335e-01
8.008820508324784870e-03 3.701000912029905887e-02 -5.776835892601760863e-04 9.992826348439421968e-01
2.962935405591143878e-03 3.589985565083468610e-02 -1.800431209198645509e-03 9.993493782584209617e-01
2.560002205564337278e-03 3.597162411010790956e-02 -2.178213130024350252e-03 9.993471589168344549e-01
2.669724710983674334e-03 3.631960951264054382e-02 -2.268993318156060923e-03 9.993340833795968381e-01
6.720881687873095887e-03 3.806966345986811245e-02 -1.618226524271678540e-03 9.992511755391164652e-01
5.430355545401941916e-03 3.856185486067767454e-02 -2.280845875657391744e-03 9.992388564955058117e-01
2.529459930905039212e-03 3.755945457779253510e-02 -3.300759842310872424e-03 9.992857420121334933e-01
2.585439362580350432e-03 3.789659854789950710e-02 -3.462047554496326673e-03 9.992723240180988453e-01
5.560113503215570116e-03 3.937670745208131373e-02 -3.052302842315628498e-03 9.992043051825905131e-01
5.321459492587169576e-03 3.921962702158948016e-02 -3.305513572159298613e-03 9.992109769739223601e-01
5.692564429613141720e-03 3.982538331112811525e-02 -3.531643189624168039e-03 9.991841977587103685e-01
7.098387373507593183e-03 4.000183464695659941e-02 -3.489117580294393613e-03 9.991683002277864656e-01
5.806534730319883042e-03 4.018601613022666774e-02 -3.761936944728217977e-03 9.991682621522917085e-01
-2.876667852130142342e-03 3.822840981033113344e-02 -5.408937023627614568e-03 9.992502473683538833e-01
-1.479704042824653851e-03 3.868767893628134030e-02 -5.666407671665330166e-03 9.992341896665503098e-01
-2.042280152888056432e-03 3.858581527363636604e-02 -5.846069556861168900e-03 9.992361019409689016e-01
-1.370841709558202805e-03 3.903752695094674791e-02 -5.903547678199363297e-03 9.992193655085818138e-01
-8.081988188404281778e-04 3.943487853056524411e-02 -6.054469925400912840e-03 9.992034730543480903e-01
-4.998269996967440957e-04 3.958249215010470334e-02 -6.166637923304445039e-03 9.991971522501853498e-01
4.694363070281327315e-05 3.968925418151378337e-02 -6.377593410190001734e-03 9.991917169397998011e-01
5.889333532225017110e-05 3.963906888196105233e-02 -6.526918681565094769e-03 9.991927442101801171e-01
5.889333532225017110e-05 3.963906888196105233e-02 -6.526918681565094769e-03 9.991927442101801171e-01
5.889333532225017110e-05 3.963906888196105233e-02 -6.526918681565094769e-03 9.991927442101801171e-01
-2.152636507549045416e-04 3.986507583304124691e-02 -6.847591237367589220e-03 9.991815850407935740e-01
-2.152636507549045416e-04 3.986507583304124691e-02 -6.847591237367589220e-03 9.991815850407935740e-01
1.824780274176515324e-02 4.708755130148328805e-02 -6.455076069252181810e-03 9.987032152749224512e-01
1.804598313022930806e-02 4.762268675319278333e-02 -6.538835839572004587e-03 9.986809629832411606e-01
1.763885169578941273e-02 4.773541700724682341e-02 -6.853472239094486607e-03 9.986807451794924573e-01
1.807137833762754997e-02 4.785697282091769950e-02 -6.891906738415747545e-03 9.986669299916290932e-01
1.872842413488400373e-02 4.795165230993895383e-02 -7.109602662346721329e-03 9.986487564304850073e-01
1.924387046511389504e-02 4.790931081978679063e-02 -6.796189834693538469e-03 9.986431711026846347e-01
2.035088138103906957e-02 4.687871363213349379e-02 -6.883160730524851695e-03 9.986695399047520461e-01
2.103421572771911607e-02 4.622206554874646461e-02 -6.967369089926771057e-03 9.986854050165607788e-01
2.147886679921722983e-02 4.561324590691162584e-02 -7.302199685996019207e-03 9.987015409813899680e-01
2.524071721824964337e-02 4.156565843118590481e-02 -8.615895074168664416e-03 9.987797397752725681e-01
2.515187431814489699e-02 4.018149625806083369e-02 -8.601236796194802747e-03 9.988387504008460205e-01
2.500505170433720697e-02 3.770180939570581119e-02 -8.691396174710746408e-03 9.989383267199670735e-01
1.997679033349557612e-02 3.723302420591148576e-02 -6.926293565872317787e-03 9.990829075776909152e-01
1.807554367666606987e-02 3.723152137810951251e-02 -6.658102589300924842e-03 9.991209927764378440e-01
1.732628675257920706e-02 3.712519863200210851e-02 -6.868851268429523003e-03 9.991367965880117996e-01
1.660303928151190406e-02 3.685943899066716767e-02 -6.822146993526990999e-03 9.991592361352161777e-01
1.458362867962646747e-02 3.757726021044857645e-02 -6.766808900166088395e-03 9.991643896711490669e-01
1.310981345823040642e-02 3.790183530580516075e-02 -6.662204596515028908e-03 9.991732575992294807e-01
1.310981345823040642e-02 3.790183530580516075e-02 -6.662204596515028908e-03 9.991732575992294807e-01
1.828796353012095838e-02 3.853012725121786330e-02 -8.483217047035277944e-03 9.990540599549450063e-01
2.056154099114957529e-02 3.895192729305337054e-02 -8.616679625089268893e-03 9.989923539369380823e-01
1.918475113502382534e-02 3.963218662708591772e-02 -8.137348322681276641e-03 9.989970063365147812e-01
2.012677258962125570e-02 3.988798423876838140e-02 -8.388130279328631991e-03 9.989662161499308635e-01
2.094520499078883491e-02 4.095187008523171884e-02 -8.040501621874520874e-03 9.989092016084769599e-01
2.102954545385656362e-02 4.121134929090109617e-02 -8.604387311188175722e-03 9.988920599477336681e-01
2.128160921435053032e-02 4.317062816043201745e-02 -7.711368830397296627e-03 9.988112558257656870e-01
2.252029705500978654e-02 4.410101365017933539e-02 -7.462587227556401366e-03 9.987453362131168966e-01
2.322475972269946037e-02 4.462520152385049399e-02 -7.144691793946163043e-03 9.987082433343325016e-01
2.446389764597213523e-02 4.449394709279662352e-02 -7.113550547984901981e-03 9.986847369328681889e-01
2.607952946781203277e-02 4.507561057804050642e-02 -6.667693307480850387e-03 9.986208436337145056e-01
2.832952879290170575e-02 4.543756944152163579e-02 -6.574037544715329723e-03 9.985437632432440092e-01
2.726369102516007850e-02 4.550387738220985911e-02 -5.998635790912174720e-03 9.985740356445872434e-01
2.681826410273731656e-02 4.557639244663036493e-02 -5.979403111492620146e-03 9.985829058723652008e-01
2.786942243950722015e-02 4.592580556385882085e-02 -5.643647186288798523e-03 9.985400667587834844e-01
2.883483831461568225e-02 4.646866791231845512e-02 -5.597779803256036982e-03 9.984877965519153298e-01
2.668745003121888310e-02 4.700730642087143363e-02 -4.832653026022380553e-03 9.985262833889830825e-01
2.671599444410814941e-02 4.742515847532206841e-02 -5.075633241461647953e-03 9.985045557891316648e-01
2.695357980882783638e-02 4.749835270828625666e-02 -4.907333292637984859e-03 9.984955328420069831e-01
2.649532454193221503e-02 4.752595416380515914e-02 -4.362649222129438668e-03 9.985090128536658893e-01
2.609362991401709825e-02 4.765501197809907108e-02 -4.294956850015982028e-03 9.985137333341660426e-01
2.841074739879971556e-02 4.838063993098070531e-02 -3.972478824462039211e-03 9.984169282038940496e-01
8.330785816261968013e-03 4.180839469130721159e-02 -2.275609391194389000e-03 9.990883232942512349e-01
6.997186482398155133e-03 4.183674582714236312e-02 -2.607164219333410731e-03 9.990965562820538493e-01
6.605328774194560611e-03 4.133927407467523352e-02 -2.361326530716199683e-03 9.991205423710289857e-01
5.269724911496428618e-03 4.006294590993382532e-02 -2.979183392265292128e-03 9.991788202472519087e-01
1.242042635295859641e-02 5.326229028502586782e-02 -5.269366058232473685e-03 9.984894066659639744e-01
2.879799721043316274e-02 4.935690120661468533e-02 -3.437303903936411893e-03 9.983600335559413841e-01
2.729333662156978313e-02 4.948835246652458220e-02 -3.758192141445087023e-03 9.983946377750827494e-01
2.723549992242904269e-02 4.916801995596353086e-02 -2.881159611882134260e-03 9.984149599624778659e-01
2.740004570010411145e-02 4.886828255166284635e-02 -3.025675527743460283e-03 9.984247461595109341e-01
2.557448576474584054e-02 4.849735177924048568e-02 -3.146584823705221665e-03 9.984908870651832968e-01
2.391580841629923140e-02 4.673916014053539764e-02 -2.919480048755800951e-03 9.986165238235331643e-01
2.235140861992657157e-02 4.578840224820462934e-02 -3.223367211975032565e-03 9.986958729543636837e-01
1.912260225908434669e-02 4.334842777735464781e-02 -2.921045886861235209e-03 9.988727183094947559e-01
1.800487361845895182e-02 4.230836694401574061e-02 -3.226356953398221150e-03 9.989371437849946522e-01
1.535412181387997566e-02 3.982957635874401214e-02 -3.205029824719551196e-03 9.990833716833796840e-01
1.509606441416263059e-02 3.903555729507277028e-02 -3.332776928291000893e-03 9.991182245879677293e-01
1.776017999442439099e-02 3.684535278191423263e-02 -3.043129726366714059e-03 9.991585136235443532e-01
1.776017999442439099e-02 3.684535278191423263e-02 -3.043129726366714059e-03 9.991585136235443532e-01
1.810675304334237803e-02 3.653484554441684823e-02 -2.982461667528840416e-03 9.991638781889959908e-01
1.877312898838311150e-02 3.542450527821378731e-02 -2.519557775415025985e-03 9.991928371852931701e-01
2.018677370098333895e-02 3.519534706531136925e-02 -2.376962820229562481e-03 9.991737245145354551e-01
2.280207113088366169e-02 3.491996186905203109e-02 -2.336439467031202824e-03 9.991272205609368351e-01
2.343398223939402447e-02 3.429952079904282497e-02 -1.995531005488422258e-03 9.991348303434156586e-01
2.468698528250224539e-02 3.439184393551260321e-02 -1.723838133361779192e-03 9.991019878923607100e-01
2.720870897367211327e-02 3.443390811563461218e-02 -2.051067445588033219e-03 9.990344264589703371e-01
2.544236270961702101e-02 3.415579751787275326e-02 -1.589122024356567431e-03 9.990913583686239496e-01
2.709833581302969682e-02 3.406429561838932724e-02 -1.714471947985769492e-03 9.990507317179277980e-01
2.423429955359690871e-02 3.419353467786603873e-02 -1.632616942615931202e-03 9.991200305635449253e-01
2.876390359716897438e-02 3.522963013403669630e-02 -1.858703370509289660e-03 9.989634909406109875e-01
2.722966114243718233e-02 3.571649695271128522e-02 -2.113721534219153986e-03 9.989886934198859425e-01
2.360110678100251283e-02 3.537072191397357818e-02 -1.952353316312912916e-03 9.990936333029675209e-01
2.338115452972853656e-02 3.675465807932527113e-02 -2.432643076171286250e-03 9.990477961388999351e-01
2.233475022378436647e-02 3.699735484015403975e-02 -2.687472977873213171e-03 9.990621262745706943e-01
2.124735235650556872e-02 3.728065673769235394e-02 -2.784462610841943568e-03 9.990750469404257039e-01
2.041615262343041137e-02 3.759240267152363923e-02 -3.073989456842433302e-03 9.990798479412233979e-01
2.077912031531375242e-02 3.800457367343060278e-02 -3.781665010503762817e-03 9.990543426403645233e-01
1.979230590462583567e-02 3.866305141874503554e-02 -4.086469561076103672e-03 9.990479136900770607e-01
1.954039125610776764e-02 3.954895342269264258e-02 -4.670966028277975801e-03 9.990156332455917276e-01
1.875879213835860565e-02 3.972684574919435607e-02 -4.536039941973180403e-03 9.990241787794600370e-01
1.356666798050304434e-02 3.959044172269368667e-02 -5.039278002004131569e-03 9.991111790593313335e-01
1.046268286565762637e-02 3.969568156605120246e-02 -4.904026609344810418e-03 9.991450023171182249e-01
1.231290829670808086e-02 4.055751046328176512e-02 -5.213724787766367205e-03 9.990877327382892137e-01
1.513731086010956621e-02 4.081679900068493211e-02 -5.327251759031605659e-03 9.990377726232166911e-01
8.391206445838128580e-03 4.196873864203649884e-02 -5.368925371490944863e-03 9.990692604977571278e-01
1.393327454205292408e-02 4.275512754495755519e-02 -5.614779851606948452e-03 9.989726408547774383e-01
1.393327454205292408e-02 4.275512754495755519e-02 -5.614779851606948452e-03 9.989726408547774383e-01
8.253018147546855796e-03 4.292167097589125180e-02 -5.439566220494449801e-03 9.990295435928941981e-01
9.706906783074849276e-03 4.328375320758667127e-02 -5.692311400381621332e-03 9.989994445743654028e-01
8.156014355046812755e-03 4.421260077595229321e-02 -6.312781654350033307e-03 9.989689054971886417e-01
9.170100118199520089e-03 4.423529124302582466e-02 -5.770861819755060233e-03 9.989623843900851119e-01
1.150089293309520221e-02 4.477050311030771057e-02 -6.124843672050313444e-03 9.989123173747456175e-01
1.132523426251597076e-02 4.493942225213774788e-02 -5.876058319685169805e-03 9.989082336907464388e-01
9.403403446232102766e-03 4.470365328896693663e-02 -6.759365572005835744e-03 9.989331661143858732e-01
1.144211265096161008e-02 4.540224977260105821e-02 -6.252202343827725078e-03 9.988836887944065879e-01
8.733823144587531118e-03 4.585742193787314958e-02 -6.163295319769502602e-03 9.988908003266885327e-01
-3.464534160594303280e-04 4.141894515909529811e-02 -5.446210969737064894e-03 9.991269637728787956e-01
6.827423912441215464e-03 4.780811878536237597e-02 -5.426749882455147826e-03 9.988184622075414465e-01
6.363181037700095521e-03 4.612249438087763498e-02 -7.397770719117441503e-03 9.988881310875381558e-01
7.508043267645907008e-03 4.665180975817587172e-02 -7.070854373962564589e-03 9.988579683573638457e-01
1.615076836714187530e-02 4.716801639830901782e-02 -6.746211028181309938e-03 9.987336078990047827e-01
1.687171789244950454e-02 4.786997483597311975e-02 -7.294549097917085896e-03 9.986844347430368085e-01
1.314353328488646402e-02 4.774920265785076445e-02 -7.122382342958819348e-03 9.987474820234037987e-01
8.780599472426363697e-03 4.808325984469124376e-02 -8.843683196902651922e-03 9.987655833393167537e-01
1.894666611609105780e-02 4.812606163016105998e-02 -7.943358141394329594e-03 9.986299660517368171e-01
1.814266152739247087e-02 4.877705904472957876e-02 -7.514553389113206271e-03 9.986166300593094514e-01
5.318650207837236424e-03 4.120475885926493803e-02 -6.484173223053420546e-03 9.991155265057840573e-01
5.539368776237695025e-03 3.956429909040774795e-02 -7.217345406459397400e-03 9.991756059654025579e-01
5.689856455850256060e-03 3.885956025881132786e-02 -5.935461212331548560e-03 9.992108538292608921e-01
5.920926413482051516e-03 3.676285204078988400e-02 -7.064381945813439506e-03 9.992815068077447460e-01
6.995256088501726824e-03 3.661190663350191721e-02 -5.718637440502003302e-03 9.992887129707510585e-01
2.907344487653128889e-02 4.058358991926683257e-02 -7.245573419090049067e-03 9.987267938220666386e-01
2.931806026966874909e-02 3.919672363494231676e-02 -6.589042518957905110e-03 9.987795816480197209e-01
2.979311426906404089e-02 3.837914240536417082e-02 -6.997963416649527653e-03 9.987944935162581528e-01
2.183917208837974494e-02 3.678390215714007899e-02 -6.195728692713845659e-03 9.990653672560941834e-01
2.355385113162511770e-02 3.620474691631172387e-02 -6.504211460257103457e-03 9.990456083837591095e-01
2.210957221472316381e-02 3.621417430465881382e-02 -7.030837691713111119e-03 9.990747057739308712e-01
2.069699775137997383e-02 3.596092577412473429e-02 -7.289505885540819435e-03 9.991122605620912367e-01
1.675371124993006722e-02 3.699900474384799215e-02 -6.218768066662621122e-03 9.991555002756337123e-01
1.622869460011025847e-02 3.793113716486534032e-02 -7.062405843197024254e-03 9.991236063314000715e-01
1.544879205657639920e-02 3.853059111823795707e-02 -6.202516388769389877e-03 9.991187402719052812e-01
1.511226261195516667e-02 3.821816039259869763e-02 -7.594061432408742533e-03 9.991262792890164279e-01
1.617888115128324200e-02 3.920474292883565498e-02 -6.219010515900824307e-03 9.990808555090923138e-01
1.711016595212917074e-02 3.927857863874772981e-02 -6.581608950127918259e-03 9.990601172626389914e-01
