1.752505856184274197e+09
1.752505856187459946e+09
1.752505856193763494e+09
1.752505856197609186e+09
1.752505856204115868e+09
1.752505856207582712e+09
1.752505856213762522e+09
1.752505856217480659e+09
1.752505856224740982e+09
1.752505856228481293e+09
1.752505856233662128e+09
1.752505856238303661e+09
1.752505856244442940e+09
1.752505856248885155e+09
1.752505856252889395e+09
1.752505856259577513e+09
1.752505856264024258e+09
1.752505856267537594e+09
1.752505856274589539e+09
1.752505856278373718e+09
1.752505856284349442e+09
1.752505856287691355e+09
1.752505856293643236e+09
1.752505856297593594e+09
1.752505856304745674e+09
1.752505856309192896e+09
1.752505856312394857e+09
1.752505856317071915e+09
1.752505856324179411e+09
1.752505856328627110e+09
1.752505856333887577e+09
1.752505856338443756e+09
1.752505856344412088e+09
1.752505856348423719e+09
1.752505856353764296e+09
1.752505856358368874e+09
1.752505856364055634e+09
1.752505856367568731e+09
1.752505856373638391e+09
1.752505856377454996e+09
1.752505856384536266e+09
1.752505856391031504e+09
1.752505856392580509e+09
1.752505856397511482e+09
1.752505856404288530e+09
1.752505856408752441e+09
1.752505856413982868e+09
1.752505856417766571e+09
1.752505856424142122e+09
1.752505856428619862e+09
1.752505856432411432e+09
1.752505856437616348e+09
1.752505856443943262e+09
1.752505856448425531e+09
1.752505856452160835e+09
1.752505856460629463e+09
1.752505856464473248e+09
1.752505856467671156e+09
1.752505856471843481e+09
1.752505856478614807e+09
1.752505856484402180e+09
1.752505856487766027e+09
1.752505856493852139e+09
1.752505856498790026e+09
1.752505856504580975e+09
1.752505856508306265e+09
1.752505856513775826e+09
1.752505856517680645e+09
1.752505856524250984e+09
1.752505856530192614e+09
1.752505856532469988e+09
1.752505856537612438e+09
1.752505856544094801e+09
1.752505856548393726e+09
1.752505856554182291e+09
1.752505856558556557e+09
1.752505856564045668e+09
1.752505856568361521e+09
1.752505856573725462e+09
1.752505856577856064e+09
1.752505856584290266e+09
1.752505856587626934e+09
1.752505856593545914e+09
1.752505856597722054e+09
1.752505856604286671e+09
1.752505856608536720e+09
1.752505856614101171e+09
1.752505856618425608e+09
1.752505856624025345e+09
1.752505856627585649e+09
1.752505856633506775e+09
1.752505856638970613e+09
1.752505856644730568e+09
1.752505856647611380e+09
1.752505856653715372e+09
1.752505856658363581e+09
1.752505856663936615e+09
1.752505856669104338e+09
1.752505856674195528e+09
1.752505856679394484e+09
1.752505856682537794e+09
1.752505856688412666e+09
1.752505856693645239e+09
1.752505856698559046e+09
1.752505856703934431e+09
1.752505856707490921e+09
1.752505856712012529e+09
1.752505856718543053e+09
1.752505856723911285e+09
1.752505856727745056e+09
1.752505856732089043e+09
1.752505856739901066e+09
1.752505856744146585e+09
1.752505856747478724e+09
1.752505856755695581e+09
1.752505856759215355e+09
1.752505856763861656e+09
1.752505856767505169e+09
1.752505856773808241e+09
1.752505856778352499e+09
1.752505856783968687e+09
1.752505856788320065e+09
1.752505856793831348e+09
1.752505856797608137e+09
1.752505856804259777e+09
1.752505856809931517e+09
1.752505856811895370e+09
1.752505856818611860e+09
1.752505856823681831e+09
1.752505856827482700e+09
1.752505856833735943e+09
1.752505856837641001e+09
1.752505856843909025e+09
1.752505856847463608e+09
1.752505856856112242e+09
1.752505856859507084e+09
1.752505856863940716e+09
1.752505856867523432e+09
1.752505856875707150e+09
1.752505856877609491e+09
1.752505856883821487e+09
1.752505856888669729e+09
1.752505856893741608e+09
1.752505856898203373e+09
1.752505856902541876e+09
1.752505856908974171e+09
1.752505856913561583e+09
1.752505856917461395e+09
1.752505856924540520e+09
1.752505856928537607e+09
1.752505856933895350e+09
1.752505856938406706e+09
1.752505856944200993e+09
1.752505856947643757e+09
1.752505856953344822e+09
1.752505856958341360e+09
1.752505856964097500e+09
1.752505856968641281e+09
1.752505856974031448e+09
1.752505856978285789e+09
1.752505856982572317e+09
1.752505856988808155e+09
1.752505856993609428e+09
1.752505856997482538e+09
1.752505857004895687e+09
1.752505857008772850e+09
1.752505857013713121e+09
1.752505857016936779e+09
1.752505857023845673e+09
1.752505857028657198e+09
1.752505857032065630e+09
1.752505857038082361e+09
1.752505857043992519e+09
1.752505857047621727e+09
1.752505857053739309e+09
1.752505857057642460e+09
1.752505857064534426e+09
1.752505857068335056e+09
1.752505857071940184e+09
1.752505857078471661e+09
1.752505857083883047e+09
1.752505857087494373e+09
1.752505857092156649e+09
1.752505857098403931e+09
1.752505857103911400e+09
1.752505857107569933e+09
1.752505857112306833e+09
1.752505857118407488e+09
1.752505857123188972e+09
1.752505857127552509e+09
1.752505857132410765e+09
1.752505857138512135e+09
1.752505857144140720e+09
1.752505857147595406e+09
1.752505857152315378e+09
1.752505857158018351e+09
1.752505857163930893e+09
1.752505857169199944e+09
1.752505857173672438e+09
1.752505857177619934e+09
1.752505857184352875e+09
1.752505857188060522e+09
1.752505857191873074e+09
1.752505857198540211e+09
1.752505857204156399e+09
1.752505857208454847e+09
1.752505857212085247e+09
1.752505857217688799e+09
1.752505857222580194e+09
1.752505857230515957e+09
1.752505857233793736e+09
1.752505857238349199e+09
1.752505857244215488e+09
1.752505857249725342e+09
1.752505857254118204e+09
1.752505857257511377e+09
1.752505857263738632e+09
1.752505857267565966e+09
1.752505857273602724e+09
1.752505857277719498e+09
1.752505857283957958e+09
1.752505857288397312e+09
1.752505857294251919e+09
1.752505857297307968e+09
1.752505857304012060e+09
1.752505857308697939e+09
1.752505857312089205e+09
1.752505857317596912e+09
1.752505857324303865e+09
1.752505857328733206e+09
1.752505857334007978e+09
1.752505857337658405e+09
1.752505857344158411e+09
1.752505857348253727e+09
1.752505857353692532e+09
1.752505857357594013e+09
1.752505857364398956e+09
1.752505857369257450e+09
1.752505857372013330e+09
1.752505857377581596e+09
1.752505857384490252e+09
1.752505857388736010e+09
1.752505857391903400e+09
1.752505857397762537e+09
1.752505857404022217e+09
1.752505857407613754e+09
1.752505857413511276e+09
1.752505857417474031e+09
1.752505857424570560e+09
1.752505857428712606e+09
1.752505857433735609e+09
1.752505857439000130e+09
1.752505857444846153e+09
1.752505857447658539e+09
1.752505857453734159e+09
1.752505857457692146e+09
1.752505857464243174e+09
1.752505857467563152e+09
1.752505857473542929e+09
1.752505857477465391e+09
1.752505857484412909e+09
1.752505857488946199e+09
1.752505857492016077e+09
1.752505857498198986e+09
1.752505857504455566e+09
1.752505857510047197e+09
1.752505857513807774e+09
1.752505857517681360e+09
1.752505857524114370e+09
1.752505857529696941e+09
1.752505857532111645e+09
1.752505857537564993e+09
1.752505857543852329e+09
1.752505857547558546e+09
1.752505857554124355e+09
1.752505857558878183e+09
1.752505857564100504e+09
1.752505857567467928e+09
1.752505857575618982e+09
1.752505857578915358e+09
1.752505857583990574e+09
1.752505857587628603e+09
1.752505857594306707e+09
1.752505857598711967e+09
1.752505857604552031e+09
1.752505857608359098e+09
1.752505857612135649e+09
1.752505857618918180e+09
1.752505857624390602e+09
1.752505857628343582e+09
1.752505857634343863e+09
1.752505857637706995e+09
1.752505857644161701e+09
1.752505857650069237e+09
1.752505857652228355e+09
1.752505857658320904e+09
1.752505857664338827e+09
1.752505857667607069e+09
1.752505857673753262e+09
1.752505857677629471e+09
1.752505857682551622e+09
1.752505857689739227e+09
1.752505857693720341e+09
1.752505857697667122e+09
1.752505857704482794e+09
1.752505857708686829e+09
1.752505857713662863e+09
1.752505857720041752e+09
1.752505857724137545e+09
1.752505857728964806e+09
1.752505857732124329e+09
1.752505857738565683e+09
1.752505857744064569e+09
1.752505857747473478e+09
1.752505857754107475e+09
1.752505857758704662e+09
1.752505857764362335e+09
1.752505857767572403e+09
1.752505857774007559e+09
1.752505857778886080e+09
1.752505857783775330e+09
1.752505857790278673e+09
1.752505857793968439e+09
1.752505857798498392e+09
1.752505857803999662e+09
1.752505857807591677e+09
1.752505857814493895e+09
1.752505857818721771e+09
1.752505857824068308e+09
1.752505857827474833e+09
1.752505857833627462e+09
1.752505857839117050e+09
1.752505857844421148e+09
1.752505857847893476e+09
1.752505857853758097e+09
1.752505857859648228e+09
1.752505857863718748e+09
1.752505857868955374e+09
1.752505857872276783e+09
1.752505857877701998e+09
1.752505857883809328e+09
1.752505857887648821e+09
1.752505857893936157e+09
1.752505857897593498e+09
1.752505857904238939e+09
1.752505857907815695e+09
1.752505857913885355e+09
1.752505857917627096e+09
1.752505857924113989e+09
1.752505857930104733e+09
1.752505857934012413e+09
1.752505857937659025e+09
1.752505857944082260e+09
1.752505857948309898e+09
1.752505857953866720e+09
1.752505857958148241e+09
1.752505857964095831e+09
1.752505857967668056e+09
1.752505857973979712e+09
1.752505857977628231e+09
1.752505857984240055e+09
1.752505857987516642e+09
1.752505857994338512e+09
1.752505857999608517e+09
1.752505858004121780e+09
1.752505858008204699e+09
1.752505858012094259e+09
1.752505858017774820e+09
1.752505858022612810e+09
1.752505858027702570e+09
1.752505858032274485e+09
1.752505858037693977e+09
1.752505858043963432e+09
1.752505858048568010e+09
1.752505858052357674e+09
1.752505858058200836e+09
1.752505858064056158e+09
1.752505858069466829e+09
1.752505858073811769e+09
1.752505858077648640e+09
1.752505858084085703e+09
1.752505858088314533e+09
1.752505858093889713e+09
1.752505858098577976e+09
1.752505858104685783e+09
1.752505858108288050e+09
1.752505858113683224e+09
1.752505858117606640e+09
1.752505858124012947e+09
1.752505858127650261e+09
1.752505858132440567e+09
1.752505858138739347e+09
1.752505858144425154e+09
1.752505858148465395e+09
1.752505858154027462e+09
1.752505858158628464e+09
1.752505858164183140e+09
1.752505858167621851e+09
1.752505858171916246e+09
1.752505858177708387e+09
1.752505858184131145e+09
1.752505858187648773e+09
1.752505858193850040e+09
1.752505858197633028e+09
1.752505858204597712e+09
1.752505858209206581e+09
1.752505858213919401e+09
1.752505858218454361e+09
1.752505858224450588e+09
1.752505858228512526e+09
1.752505858233955860e+09
1.752505858238647223e+09
1.752505858244187117e+09
1.752505858247633457e+09
1.752505858251909733e+09
1.752505858257773876e+09
1.752505858264097691e+09
1.752505858267805815e+09
1.752505858274442196e+09
1.752505858277364254e+09
1.752505858284074783e+09
1.752505858287589073e+09
1.752505858293736935e+09
1.752505858297829151e+09
1.752505858304142237e+09
1.752505858307571650e+09
1.752505858313663721e+09
1.752505858318516731e+09
1.752505858324257135e+09
1.752505858327653408e+09
1.752505858334012508e+09
1.752505858338126183e+09
1.752505858343777418e+09
1.752505858349799633e+09
1.752505858354359388e+09
1.752505858358497143e+09
1.752505858363984585e+09
1.752505858367573023e+09
1.752505858373900175e+09
1.752505858377589941e+09
1.752505858384208202e+09
1.752505858388563633e+09
1.752505858393810511e+09
1.752505858397629023e+09
1.752505858404221773e+09
1.752505858408222914e+09
1.752505858413602114e+09
1.752505858420238495e+09
1.752505858424143076e+09
1.752505858428430080e+09
1.752505858432564497e+09
1.752505858437009573e+09
1.752505858443856955e+09
1.752505858448760986e+09
1.752505858453724623e+09
1.752505858457601070e+09
1.752505858463982344e+09
1.752505858468237877e+09
1.752505858473787069e+09
1.752505858477625132e+09
1.752505858484127522e+09
1.752505858490866423e+09
1.752505858493963242e+09
1.752505858497588873e+09
1.752505858504081011e+09
1.752505858508766413e+09
1.752505858513998270e+09
1.752505858518254995e+09
1.752505858523805618e+09
1.752505858527584314e+09
1.752505858532327652e+09
1.752505858538732529e+09
1.752505858544046164e+09
1.752505858548405409e+09
1.752505858554082870e+09
1.752505858560315847e+09
1.752505858562585354e+09
1.752505858568707466e+09
1.752505858573687792e+09
1.752505858577545166e+09
1.752505858584171057e+09
1.752505858588784456e+09
1.752505858592253447e+09
1.752505858598482847e+09
1.752505858603925705e+09
1.752505858608359098e+09
1.752505858613555431e+09
1.752505858618215561e+09
1.752505858623750448e+09
1.752505858630553961e+09
1.752505858634521008e+09
1.752505858637560844e+09
1.752505858644195318e+09
1.752505858648266792e+09
1.752505858653778076e+09
1.752505858657688856e+09
1.752505858663967133e+09
1.752505858667559385e+09
1.752505858673731565e+09
1.752505858677419424e+09
1.752505858683839321e+09
1.752505858688391685e+09
1.752505858694541931e+09
1.752505858697916985e+09
1.752505858703805447e+09
1.752505858708248138e+09
1.752505858712305546e+09
1.752505858717667818e+09
1.752505858724019289e+09
1.752505858728557587e+09
1.752505858734219313e+09
1.752505858737596273e+09
1.752505858744096279e+09
1.752505858747652292e+09
1.752505858754014969e+09
1.752505858758550882e+09
1.752505858763959646e+09
1.752505858769754648e+09
1.752505858773874760e+09
1.752505858778385401e+09
1.752505858784246683e+09
1.752505858787663221e+09
1.752505858794609070e+09
1.752505858798388481e+09
1.752505858804182053e+09
1.752505858807854652e+09
1.752505858813915730e+09
1.752505858819441080e+09
1.752505858822630405e+09
1.752505858827444315e+09
1.752505858833600998e+09
1.752505858839690208e+09
1.752505858844004393e+09
1.752505858848062277e+09
1.752505858853553772e+09
1.752505858858678341e+09
1.752505858864311218e+09
1.752505858867715359e+09
1.752505858873652220e+09
1.752505858878609657e+09
1.752505858883856297e+09
1.752505858887705088e+09
1.752505858893579960e+09
1.752505858897679567e+09
1.752505858903778553e+09
1.752505858907565355e+09
1.752505858911970615e+09
1.752505858917587042e+09
1.752505858924950838e+09
1.752505858927624941e+09
1.752505858932164907e+09
1.752505858938315153e+09
1.752505858944068432e+09
1.752505858948255539e+09
1.752505858954282522e+09
1.752505858957991838e+09
1.752505858964104891e+09
1.752505858967617273e+09
1.752505858973629951e+09
1.752505858977955341e+09
1.752505858982293844e+09
1.752505858988975763e+09
1.752505858992153406e+09
1.752505858997674227e+09
1.752505859004142284e+09
1.752505859007619619e+09
1.752505859012417078e+09
1.752505859017408609e+09
1.752505859023749352e+09
1.752505859027485371e+09
1.752505859032108307e+09
1.752505859038519621e+09
1.752505859044644833e+09
1.752505859048800468e+09
1.752505859053741217e+09
1.752505859057595730e+09
1.752505859064245462e+09
1.752505859068213701e+09
1.752505859074195385e+09
1.752505859078788280e+09
1.752505859084146738e+09
1.752505859088176966e+09
1.752505859092111111e+09
1.752505859098520517e+09
1.752505859102522612e+09
1.752505859109793425e+09
1.752505859112319946e+09
1.752505859120051622e+09
1.752505859124030828e+09
1.752505859127565145e+09
1.752505859131956816e+09
1.752505859138351440e+09
1.752505859143996000e+09
1.752505859147580385e+09
1.752505859151938915e+09
1.752505859158450603e+09
1.752505859164212227e+09
1.752505859168610811e+09
1.752505859173753500e+09
1.752505859177550316e+09
1.752505859183990717e+09
1.752505859190334558e+09
1.752505859192119837e+09
1.752505859197844744e+09
1.752505859203873873e+09
1.752505859207619905e+09
1.752505859213800430e+09
1.752505859218317270e+09
1.752505859225893021e+09
1.752505859227741241e+09
1.752505859233932257e+09
1.752505859238417625e+09
1.752505859247403145e+09
1.752505859253735781e+09
1.752505859260127783e+09
1.752505859264089823e+09
1.752505859268451214e+09
1.752505859273864746e+09
1.752505859277618408e+09
1.752505859285164118e+09
1.752505859288957119e+09
1.752505859293895721e+09
1.752505859297466278e+09
1.752505859304383993e+09
1.752505859308387756e+09
1.752505859313804150e+09
1.752505859317592144e+09
1.752505859324100494e+09
1.752505859327661276e+09
1.752505859334137440e+09
1.752505859338397741e+09
1.752505859344182253e+09
1.752505859349074602e+09
1.752505859354282856e+09
1.752505859357591629e+09
1.752505859363921165e+09
1.752505859367564917e+09
1.752505859373905182e+09
1.752505859377593279e+09
1.752505859384202003e+09
1.752505859388342381e+09
1.752505859394097090e+09
1.752505859399721384e+09
1.752505859405280590e+09
1.752505859409194231e+09
1.752505859413721085e+09
1.752505859417477846e+09
1.752505859424340487e+09
1.752505859428516150e+09
1.752505859433829308e+09
1.752505859437715054e+09
1.752505859444188356e+09
1.752505859447610140e+09
1.752505859453693390e+09
1.752505859458532095e+09
1.752505859464122057e+09
1.752505859470488787e+09
1.752505859472085953e+09
1.752505859477522135e+09
1.752505859483895540e+09
1.752505859487499714e+09
1.752505859494006157e+09
1.752505859498441696e+09
1.752505859504197598e+09
1.752505859508486032e+09
1.752505859511856318e+09
1.752505859520803690e+09
1.752505859525543690e+09
1.752505859527788401e+09
1.752505859533706903e+09
1.752505859538341999e+09
1.752505859544297218e+09
1.752505859548638582e+09
1.752505859552131653e+09
1.752505859557812929e+09
1.752505859564219952e+09
1.752505859567583323e+09
1.752505859573777437e+09
1.752505859577553511e+09
1.752505859583743572e+09
1.752505859588642597e+09
1.752505859593934298e+09
1.752505859598421097e+09
1.752505859604115248e+09
1.752505859611195087e+09
1.752505859611909866e+09
1.752505859618487358e+09
1.752505859624237776e+09
1.752505859627607346e+09
1.752505859634049177e+09
1.752505859638138533e+09
1.752505859644171000e+09
1.752505859648426056e+09
1.752505859654216766e+09
1.752505859657638550e+09
1.752505859663984060e+09
1.752505859667471647e+09
1.752505859673583269e+09
1.752505859680516720e+09
1.752505859682583094e+09
1.752505859687614441e+09
1.752505859693573952e+09
1.752505859698403358e+09
1.752505859704346180e+09
1.752505859708359480e+09
1.752505859714012146e+09
1.752505859718111753e+09
1.752505859724227428e+09
1.752505859728183985e+09
1.752505859733759165e+09
1.752505859738164902e+09
1.752505859743774891e+09
1.752505859750131130e+09
1.752505859752330065e+09
1.752505859758790970e+09
1.752505859764076471e+09
1.752505859767638445e+09
1.752505859773575783e+09
1.752505859777447939e+09
1.752505859784336090e+09
1.752505859788834095e+09
1.752505859791862488e+09
1.752505859797570467e+09
1.752505859803933620e+09
1.752505859807438374e+09
1.752505859813746214e+09
1.752505859817817688e+09
1.752505859823962927e+09
1.752505859827626705e+09
1.752505859833924770e+09
1.752505859838480949e+09
1.752505859844241619e+09
1.752505859847621202e+09
1.752505859853745699e+09
1.752505859859796762e+09
1.752505859864063978e+09
1.752505859867480993e+09
1.752505859874062300e+09
1.752505859878547907e+09
1.752505859884162664e+09
1.752505859887610435e+09
1.752505859893037081e+09
1.752505859899731398e+09
1.752505859904442549e+09
1.752505859908411503e+09
1.752505859914028645e+09
1.752505859917581797e+09
1.752505859924283028e+09
1.752505859928303957e+09
1.752505859933827639e+09
1.752505859937605619e+09
1.752505859944057226e+09
1.752505859947691679e+09
1.752505859952055216e+09
1.752505859961365700e+09
1.752505859962600946e+09
1.752505859967558384e+09
1.752505859973825932e+09
1.752505859978570700e+09
1.752505859984264851e+09
1.752505859987603426e+09
1.752505859993743658e+09
1.752505859999064207e+09
1.752505860002583742e+09
1.752505860008505583e+09
1.752505860011968613e+09
1.752505860017658472e+09
1.752505860024359465e+09
1.752505860028718710e+09
1.752505860032275677e+09
1.752505860038800478e+09
1.752505860044616461e+09
1.752505860047596693e+09
1.752505860053546190e+09
1.752505860058469057e+09
1.752505860064143896e+09
1.752505860067619324e+09
1.752505860072183609e+09
1.752505860078412771e+09
1.752505860084249496e+09
1.752505860088170052e+09
1.752505860094032526e+09
1.752505860100353241e+09
1.752505860103466988e+09
1.752505860107497931e+09
1.752505860113583326e+09
1.752505860118497133e+09
1.752505860124345541e+09
1.752505860127689362e+09
1.752505860133819342e+09
1.752505860139137983e+09
1.752505860144316196e+09
1.752505860148185253e+09
1.752505860153480053e+09
1.752505860157456160e+09
1.752505860164120913e+09
1.752505860168678284e+09
1.752505860172147989e+09
1.752505860178386927e+09
1.752505860184264421e+09
1.752505860187671900e+09
1.752505860194087267e+09
1.752505860198186636e+09
1.752505860204019308e+09
1.752505860208074570e+09
1.752505860213872910e+09
1.752505860217638493e+09
1.752505860224165201e+09
1.752505860227801085e+09
1.752505860233714104e+09
1.752505860239983082e+09
1.752505860244362354e+09
1.752505860247823715e+09
1.752505860252573013e+09
1.752505860258750439e+09
1.752505860263888836e+09
1.752505860267679453e+09
1.752505860272296429e+09
1.752505860278986454e+09
1.752505860283872843e+09
1.752505860287665844e+09
1.752505860294275522e+09
1.752505860298776865e+09
1.752505860303884029e+09
1.752505860308459520e+09
1.752505860312862158e+09
1.752505860318197250e+09
1.752505860324059248e+09
1.752505860328372717e+09
1.752505860333696365e+09
1.752505860338495493e+09
1.752505860344271421e+09
1.752505860348275661e+09
1.752505860353558064e+09
1.752505860357473850e+09
1.752505860364227295e+09
1.752505860368793964e+09
1.752505860372070312e+09
1.752505860381557703e+09
1.752505860382871866e+09
1.752505860388316631e+09
1.752505860392311811e+09
1.752505860398441553e+09
1.752505860404305458e+09
1.752505860407648325e+09
1.752505860413823843e+09
1.752505860418440104e+09
1.752505860423834324e+09
1.752505860428362131e+09
1.752505860433909655e+09
1.752505860437577009e+09
1.752505860444025278e+09
1.752505860447518110e+09
1.752505860454601765e+09
1.752505860457629442e+09
1.752505860464501143e+09
1.752505860468351603e+09
1.752505860473586082e+09
1.752505860478362799e+09
1.752505860484091282e+09
1.752505860487616301e+09
1.752505860494245052e+09
1.752505860497775316e+09
1.752505860502595186e+09
1.752505860509634495e+09
1.752505860513601780e+09
1.752505860518385649e+09
1.752505860523331642e+09
1.752505860530192852e+09
1.752505860533867121e+09
1.752505860538246870e+09
1.752505860544153690e+09
1.752505860548107147e+09
1.752505860552101851e+09
1.752505860557820082e+09
1.752505860564795494e+09
1.752505860569017649e+09
1.752505860573601723e+09
